0 0 0 0 0 0 0 0 0 0 0 0 0 0 0 0 0 0 0 0 0 0 0 0 0 0 0 0 0 0 0 0 0 0 0 0 0 0 0 0 0 0 0 0 0 0 0 0 0 0 0 0 0 0 0 0 0 0 0 0 0 0 0 0 0 0 0 0 0 0 0 0 0 0 0 0 0 0 0 0 0 0 0 0 0 0 0 0 0 0 0 0 0 0 0 0 0 0 0 0 0 77 0 0 0 0 0 0 0 0 0 0 0 0 0 0 0 0 0 0 0 0 0 0 0 0 0 0 0 0 0 0 0 0 0 0 0 0 0 0 0 0 0 0 0 0 0 0 0 0 0 0 0 0 0 0 0 0 0 0 0 0 0 0 0 0 0 0 0 0 0 0 0 0 0 0 0 0 0 0 0 0 0 0 0 0 0 0 0 0 0 0 0 0 0 0 0 0 0 0 0 0 0 0 0 0 0 0 0 0 0 0 0 0 0 0 0 0 0 0 0 0 0 0 0 0 0 0 0 0 0 0 0 0 0 0 0 0 0 0 0 0 0 0 0 0 0 0 0 0 0 0 0 0 0 0 0 0 0 0 0 0 0 0 0 0 0 0 0 0 0 0 0 0 0 0 0 0 0 0 0 0 0 0 0 0 0 0 0 0 0 0 0 0 0 0 0 0 0 0 0 0 0 0 0 0 0 0 0 0 0 0 0 0 0 0 0 0 0 0 0 0 0 0 0 0 0 0 0 0 0 0 0 0 0 0 0 0 0 0 0 0 0 0 0 0 0 0 0 0 0 0 0 0 0 0 0 0 0 0 0 0 0 0 0 0 0 0 0 0 0 0 0 0 0 0 0 0 0 0 0 0 0 0 0 0 0 0 0 0 0 0 0 0 0 0 0 0 0 0 0 0 0 0 0 0 0 0 0 0 0 0 0 0 0 0 0 0 0 0 0 0 0 0 0 0 0 0 0 0 0 0 0 0 0 0 0 0 0 0 0 0 0 0 0 0 0 0 0 0 0 0 0 0 0 0 0 0 0 0 0 0 0 0 0 0 0 0 0 0 0 0 0 0 0 0 0 0 0 0 0 0 0 0 0 0 0 0 0 0 0 0 0 0 0 0 0 0 0 0 0 0 0 
0 0 0 0 0 0 0 0 0 0 0 0 0 0 0 0 0 0 0 0 0 0 0 0 0 0 0 0 0 0 0 0 0 0 0 0 0 0 0 0 0 0 0 0 0 0 0 0 0 0 0 0 0 0 0 0 0 0 0 0 0 0 0 0 0 0 0 0 0 0 0 0 0 0 0 0 0 0 0 0 0 0 0 0 0 0 0 0 0 0 0 0 0 0 0 0 0 0 0 0 77 77 77 77 77 77 77 0 0 0 0 0 0 0 0 0 0 0 0 0 0 0 0 0 0 0 0 0 0 0 0 0 0 0 0 0 0 0 0 0 0 0 0 0 0 0 0 0 0 0 0 0 0 0 0 0 0 0 0 0 0 0 0 0 0 0 0 0 0 0 0 0 0 0 0 0 0 0 0 0 0 0 0 0 0 0 0 0 0 0 0 0 0 0 0 0 0 0 0 0 0 0 0 0 0 0 0 0 0 0 0 0 0 0 0 0 0 0 0 0 0 0 0 0 0 0 0 0 0 0 0 0 0 0 0 0 0 0 0 0 0 0 0 0 0 0 0 0 0 0 0 0 0 0 0 0 0 0 0 0 0 0 0 0 0 0 0 0 0 0 0 0 0 0 0 0 0 0 0 0 0 0 0 0 0 0 0 0 0 0 0 0 0 0 0 0 0 0 0 0 0 0 0 0 0 0 0 0 0 0 0 0 0 0 0 0 0 0 0 0 0 0 0 0 0 0 0 0 0 0 0 0 0 0 0 0 0 0 0 0 0 0 0 0 0 0 0 0 0 0 0 0 0 0 0 0 0 0 0 0 0 0 0 0 0 0 0 0 0 0 0 0 0 0 0 0 0 0 0 0 0 0 0 0 0 0 0 0 0 0 0 0 0 0 0 0 0 0 0 0 0 0 0 0 0 0 0 0 0 0 0 0 0 0 0 0 0 0 0 0 0 0 0 0 0 0 0 0 0 0 0 0 0 0 0 0 0 0 0 0 0 0 0 0 0 0 0 0 0 0 0 0 0 0 0 0 0 0 0 0 0 0 0 0 0 0 0 0 0 0 0 0 0 0 0 0 0 0 0 0 0 0 0 0 0 0 0 0 0 0 0 0 0 0 0 0 0 0 0 0 0 0 0 
0 0 0 0 0 0 0 0 0 0 0 0 0 0 0 0 0 0 0 0 0 0 0 0 0 0 0 0 0 0 0 0 0 0 0 0 0 0 0 0 0 0 0 0 0 0 0 0 0 0 0 0 0 0 0 0 0 0 0 0 0 0 0 0 0 0 0 0 0 0 0 0 0 0 0 0 0 0 0 0 0 0 0 0 0 0 0 0 0 0 75 75 76 76 76 76 76 0 76 76 76 77 77 77 77 77 77 77 0 0 0 0 0 0 0 0 0 0 0 0 0 0 0 0 0 0 0 0 0 0 0 0 0 81 81 81 81 81 82 82 82 82 82 82 82 0 0 0 0 0 0 0 0 84 0 0 0 0 0 0 0 0 0 0 0 0 0 0 0 0 0 0 0 0 0 0 0 0 0 0 0 0 0 0 0 0 0 0 0 0 0 0 0 0 0 0 0 0 0 0 0 0 0 0 0 0 0 0 0 0 0 0 0 0 0 0 0 0 0 0 0 0 0 0 0 0 0 0 0 0 0 0 0 0 0 0 0 0 0 0 0 0 0 0 0 0 0 0 0 0 0 0 0 0 0 0 0 0 0 0 0 0 0 0 0 0 0 0 0 0 0 0 0 0 0 0 0 0 0 0 0 0 0 0 0 0 0 0 0 0 0 0 0 0 0 0 0 0 0 0 0 0 0 0 0 0 0 0 0 0 0 0 0 0 0 0 0 0 0 0 0 0 0 0 0 0 0 0 0 0 0 0 0 0 0 0 0 0 0 0 0 0 0 0 0 0 0 0 0 0 0 0 0 0 0 0 0 0 0 0 0 0 0 0 0 0 0 0 0 0 0 0 0 0 0 0 0 0 0 0 0 0 0 0 0 0 0 0 0 0 0 0 0 0 0 0 0 0 0 0 0 0 0 0 0 0 0 0 0 0 0 0 0 0 0 0 0 0 0 0 0 0 0 0 0 0 0 0 0 0 0 0 0 0 0 0 0 0 0 0 0 0 0 0 0 0 0 0 0 0 0 0 0 0 0 0 0 0 0 0 0 0 0 0 0 0 0 0 0 0 0 0 0 0 0 0 0 0 0 0 0 0 0 0 0 0 0 0 0 0 0 0 0 0 0 0 0 0 0 0 0 0 0 
0 0 0 0 0 0 0 0 0 0 0 0 0 0 0 0 0 0 0 0 0 0 0 0 0 0 0 0 0 0 0 0 0 0 0 0 0 0 0 0 0 0 0 0 0 0 0 0 0 0 0 0 0 0 0 0 0 0 0 0 0 0 0 0 0 0 0 0 0 0 0 0 0 0 0 0 0 0 0 0 0 0 0 0 0 0 0 0 74 74 75 75 75 76 76 76 76 76 76 76 76 76 77 77 77 77 77 77 77 77 78 0 0 0 0 0 0 0 0 0 0 0 0 0 0 0 0 0 0 0 0 80 81 81 81 81 81 81 81 82 82 82 82 82 82 0 0 0 0 0 0 0 83 84 84 0 0 0 0 0 0 0 0 0 0 0 0 0 0 0 0 0 0 0 0 0 0 0 0 0 0 0 0 0 0 0 0 0 0 0 0 0 0 0 0 0 0 0 0 0 0 0 0 0 0 0 0 0 0 0 0 0 0 0 0 0 0 0 0 0 0 0 0 0 0 0 0 0 0 0 0 0 0 0 0 0 0 0 0 0 0 0 0 0 0 0 0 0 0 0 0 0 0 0 0 0 0 0 0 0 0 0 0 0 0 0 0 0 0 0 0 0 0 0 0 0 0 0 0 0 0 0 0 0 0 0 0 0 0 0 0 0 0 0 0 0 0 0 0 0 0 0 0 0 0 0 0 0 0 0 0 0 0 0 0 0 0 0 0 0 0 0 0 0 0 0 0 0 0 0 0 0 0 0 0 0 0 0 0 0 0 0 0 0 0 0 0 0 0 0 0 0 0 0 0 0 0 0 0 0 0 0 0 0 0 0 0 0 0 0 0 0 0 0 0 0 0 0 0 0 0 0 0 0 0 0 0 0 0 0 0 0 0 0 0 0 0 0 0 0 0 0 0 0 0 0 0 0 0 0 0 0 0 0 0 0 0 0 0 0 0 0 0 0 0 0 0 0 0 0 0 0 0 0 0 0 0 0 0 0 0 0 0 0 0 0 0 0 0 0 0 0 0 0 0 0 0 0 0 0 0 0 0 0 0 0 0 0 0 0 0 0 0 0 0 0 0 0 0 0 0 0 0 0 0 0 0 0 0 0 0 0 0 0 0 0 0 0 0 0 0 0 0 
0 0 0 0 0 0 0 0 0 0 0 0 0 0 0 0 0 0 0 0 0 0 0 0 0 0 0 0 0 0 0 0 0 0 0 0 0 0 0 0 0 0 0 0 0 0 0 0 0 0 0 0 0 0 0 0 0 0 0 0 0 0 0 0 0 0 0 0 0 0 0 0 0 0 0 0 0 0 0 0 0 0 0 0 0 0 0 74 74 74 75 75 75 75 75 76 76 76 76 76 76 76 76 77 77 77 77 77 77 77 77 78 0 0 0 0 0 0 0 0 0 0 0 0 0 0 0 0 80 80 80 80 80 81 81 81 81 81 81 81 82 82 82 82 82 0 0 0 0 0 0 83 83 84 84 84 84 0 0 0 0 0 0 85 85 0 0 0 0 0 0 0 0 0 0 0 0 0 0 0 0 0 0 0 0 0 0 0 0 0 0 0 0 0 0 0 0 0 0 0 0 0 0 0 0 0 0 0 0 0 0 0 0 0 0 0 0 0 0 0 0 0 0 0 0 0 0 0 0 0 0 0 0 0 0 0 0 0 0 0 0 0 0 0 0 0 0 0 0 0 0 0 0 0 0 0 0 0 0 0 0 0 0 0 0 0 0 0 0 0 0 0 0 0 0 0 0 0 0 0 0 0 0 0 0 0 0 0 0 0 0 0 0 0 0 0 0 0 0 0 0 0 0 0 0 0 0 0 0 0 0 0 0 0 0 0 0 0 0 0 0 0 0 0 0 0 0 0 0 0 0 0 0 0 0 0 0 0 0 0 0 0 0 0 0 0 0 0 0 0 0 0 0 0 0 0 0 0 0 0 0 0 0 0 0 0 0 0 0 0 0 0 0 0 0 0 0 0 0 0 0 0 0 0 0 0 0 0 0 0 0 0 0 0 0 0 0 0 0 0 0 0 0 0 0 0 0 0 0 0 0 0 0 0 0 0 0 0 0 0 0 0 0 0 0 0 0 0 0 0 0 0 0 0 0 0 0 0 0 0 0 0 0 0 0 0 0 0 0 0 0 0 0 0 0 0 0 0 0 0 0 0 0 0 0 0 0 0 0 0 0 0 0 0 0 0 0 0 0 0 0 0 0 0 0 0 0 0 0 0 0 0 0 0 0 0 0 0 0 0 0 0 0 
0 0 0 0 0 0 0 0 0 0 0 0 0 0 0 0 0 0 0 0 0 0 0 0 0 0 0 0 0 0 0 0 0 0 0 0 0 0 0 0 0 0 0 0 0 0 0 0 0 0 0 0 0 0 0 0 0 0 0 0 0 0 0 0 0 0 0 0 0 0 0 0 0 0 0 0 0 0 0 0 0 0 0 74 74 74 74 74 74 74 74 74 75 75 75 75 76 76 76 76 76 76 76 76 77 77 77 77 77 77 77 77 78 78 0 0 0 0 0 0 0 0 0 0 79 79 79 80 80 80 80 80 80 80 81 81 81 81 81 81 82 82 82 82 82 82 0 0 83 83 83 83 83 83 84 84 84 84 0 0 84 85 85 85 85 85 86 0 0 0 0 0 0 0 0 0 0 0 0 0 0 0 0 0 0 0 0 0 0 0 0 0 0 0 0 0 0 0 0 0 0 0 0 0 0 0 0 0 0 0 0 0 0 0 0 0 0 0 0 0 0 0 0 0 0 0 0 0 0 0 0 0 0 0 0 0 0 0 0 0 0 0 0 0 0 0 0 0 0 0 0 0 0 0 0 0 0 0 0 0 0 0 0 0 0 0 0 0 0 0 0 0 0 0 0 0 0 0 0 0 0 0 0 0 0 0 0 0 0 0 0 0 0 0 0 0 0 0 0 0 0 0 0 0 0 0 0 0 0 0 0 0 0 0 0 0 0 0 0 0 0 0 0 0 0 0 0 0 0 0 0 0 0 0 0 0 0 0 0 0 0 0 0 0 0 0 0 0 0 0 0 0 0 0 0 0 0 0 0 0 0 0 0 0 0 0 0 0 0 0 0 0 0 0 0 0 0 0 0 0 0 0 0 0 0 0 0 0 0 0 0 0 0 0 0 0 0 0 0 0 0 0 0 0 0 0 0 0 0 0 0 0 0 0 0 0 0 0 0 0 0 0 0 0 0 0 0 0 0 0 0 0 0 0 0 0 0 0 0 0 0 0 0 0 0 0 0 0 0 0 0 0 0 0 0 0 0 0 0 0 0 0 0 0 0 0 0 0 0 0 0 0 0 0 0 0 0 0 0 0 0 0 0 0 0 0 0 0 0 0 0 0 0 0 0 0 0 0 0 0 0 0 0 
0 0 0 0 0 0 0 0 0 0 0 0 0 0 0 0 0 0 0 0 0 0 0 0 0 0 0 0 0 0 0 0 0 0 0 0 0 0 0 0 0 0 0 0 0 0 0 0 0 0 0 0 0 0 0 0 0 0 0 0 0 0 0 0 0 0 0 0 0 0 0 0 0 0 0 0 0 0 0 0 0 0 0 73 74 74 74 74 74 74 74 74 75 75 75 75 75 76 76 76 76 76 76 76 76 77 77 77 77 77 77 77 77 78 78 78 78 78 0 0 0 0 79 79 79 79 79 79 80 80 80 80 80 80 80 81 81 81 81 81 81 82 81 82 82 82 82 82 82 83 83 83 83 83 83 84 84 84 84 84 84 85 85 85 85 85 85 0 0 0 0 0 0 0 0 0 0 0 0 0 0 0 0 0 0 0 0 0 0 0 0 0 0 0 0 0 0 0 0 0 0 0 0 0 0 0 0 0 0 0 0 0 0 0 0 0 0 0 0 0 0 0 0 0 0 0 0 0 0 0 0 0 0 0 0 0 0 0 0 0 0 0 0 0 0 0 0 0 0 0 0 0 0 0 0 0 0 0 0 0 0 0 0 0 0 0 0 0 0 0 0 0 0 0 0 0 0 0 0 0 0 0 0 0 0 0 0 0 0 0 0 0 0 0 0 0 0 0 0 0 0 0 0 0 0 0 0 0 0 0 0 0 0 0 0 0 0 0 0 0 0 0 0 0 0 0 0 0 0 0 0 0 0 0 0 0 0 0 0 0 0 0 0 0 0 0 0 0 0 0 0 0 0 0 0 0 0 0 0 0 0 0 0 0 0 0 0 0 0 0 0 0 0 0 0 0 0 0 0 0 0 0 0 0 0 0 0 0 0 0 0 0 0 0 0 0 0 0 0 0 0 0 0 0 0 0 0 0 0 0 0 0 0 0 0 0 0 0 0 0 0 0 0 0 0 0 0 0 0 0 0 0 0 0 0 0 0 0 0 0 0 0 0 0 0 0 0 0 0 0 0 0 0 0 0 0 0 0 0 0 0 0 0 0 0 0 0 0 0 0 0 0 0 0 0 0 0 0 0 0 0 0 0 0 0 0 0 0 0 0 0 0 0 0 0 0 0 0 0 0 0 0 0 
0 0 0 0 0 0 0 0 0 0 0 0 0 0 0 0 0 0 0 0 0 0 0 0 0 0 0 0 0 0 0 0 0 0 0 0 0 0 0 0 0 0 0 0 0 0 0 0 0 0 0 0 0 0 0 0 0 0 0 0 0 0 0 0 0 0 0 0 0 0 0 0 0 0 0 0 0 0 0 0 0 0 0 0 73 74 74 74 74 74 74 74 75 75 75 75 75 75 76 76 76 76 76 76 76 76 77 77 77 77 77 77 77 77 78 78 78 78 78 78 78 78 79 79 79 79 79 79 79 80 80 80 80 80 80 81 81 81 81 81 81 81 81 81 82 82 82 82 82 82 83 83 83 83 83 83 84 84 84 84 84 84 85 85 85 85 85 85 86 86 0 0 0 0 0 0 0 0 0 0 0 0 0 0 0 0 0 0 0 0 0 0 0 0 0 0 0 0 0 0 0 0 0 0 0 0 0 0 0 0 0 0 0 0 0 0 0 0 0 0 0 0 0 0 0 0 0 0 0 0 0 0 0 0 0 0 0 0 0 0 0 0 0 0 0 0 0 0 0 0 0 0 0 0 0 0 0 0 0 0 0 0 0 0 0 0 0 0 0 0 0 0 0 0 0 0 0 0 0 0 0 0 0 0 0 0 0 0 0 0 0 0 0 0 0 0 0 0 0 0 0 0 0 0 0 0 0 0 0 0 0 0 0 0 0 0 0 0 0 0 0 0 0 0 0 0 0 0 0 0 0 0 0 0 0 0 0 0 0 0 0 0 0 0 0 0 0 0 0 0 0 0 0 0 0 0 0 0 0 0 0 0 0 0 0 0 0 0 0 0 0 0 0 0 0 0 0 0 0 0 0 0 0 0 0 0 0 0 0 0 0 0 0 0 0 0 0 0 0 0 0 0 0 0 0 0 0 0 0 0 0 0 0 0 0 0 0 0 0 0 0 0 0 0 0 0 0 0 0 0 0 0 0 0 0 0 0 0 0 0 0 0 0 0 0 0 0 0 0 0 0 0 0 0 0 0 0 0 0 0 0 0 0 0 0 0 0 0 0 0 0 0 0 0 0 0 0 0 0 0 0 0 0 0 0 0 0 0 0 0 0 0 0 0 0 0 0 0 0 0 0 0 0 
0 0 0 0 0 0 0 0 0 0 0 0 0 0 0 0 0 0 0 0 0 0 0 0 0 0 0 0 0 0 0 0 0 0 0 0 0 0 0 0 0 0 0 0 0 0 0 0 0 0 0 0 0 0 0 0 0 0 0 0 0 0 0 0 0 0 0 0 0 0 0 0 0 0 0 0 0 0 0 0 0 0 0 0 0 73 74 74 74 74 74 74 75 75 75 75 75 75 75 76 76 76 76 76 76 76 76 77 77 77 77 77 77 77 77 78 78 78 78 78 78 78 79 79 79 79 79 79 79 79 80 80 80 80 80 80 81 81 81 81 81 81 81 81 82 82 82 82 82 82 82 83 83 83 83 83 83 84 84 84 84 84 84 85 85 85 85 85 85 86 86 86 0 0 0 0 0 0 0 0 0 0 0 0 0 0 0 0 0 0 0 0 0 0 0 0 0 0 0 0 0 0 0 0 0 0 0 0 0 0 0 0 0 0 0 0 0 0 0 0 0 0 0 0 0 0 0 0 0 0 0 0 0 0 0 0 0 0 0 0 0 0 0 0 0 0 0 0 0 0 0 0 0 0 0 0 0 0 0 0 0 0 0 0 0 0 0 0 0 0 0 0 0 0 0 0 0 0 0 0 0 0 0 0 0 0 0 0 0 0 0 0 0 0 0 0 0 0 0 0 0 0 0 0 0 0 0 0 0 0 0 0 0 0 0 0 0 0 0 0 0 0 0 0 0 0 0 0 0 0 0 0 0 0 0 0 0 0 0 0 0 0 0 0 0 0 0 0 0 0 0 0 0 0 0 0 0 0 0 0 0 0 0 0 0 0 0 0 0 0 0 0 0 0 0 0 0 0 0 0 0 0 0 0 0 0 0 0 0 0 0 0 0 0 0 0 0 0 0 0 0 0 0 0 0 0 0 0 0 0 0 0 0 0 0 0 0 0 0 0 0 0 0 0 0 0 0 0 0 0 0 0 0 0 0 0 0 0 0 0 0 0 0 0 0 0 0 0 0 0 0 0 0 0 0 0 0 0 0 0 0 0 0 0 0 0 0 0 0 0 0 0 0 0 0 0 0 0 0 0 0 0 0 0 0 0 0 0 0 0 0 0 0 0 0 0 0 0 0 0 0 0 0 
0 0 0 0 0 0 0 0 0 0 0 0 0 0 0 0 0 0 0 0 0 0 0 0 0 0 0 0 0 0 0 0 0 0 0 0 0 0 0 0 0 0 0 0 0 0 0 0 0 0 0 0 0 0 0 0 0 0 0 0 0 0 0 0 0 0 0 0 0 0 0 0 0 0 0 0 0 0 0 0 0 0 0 73 73 73 73 74 74 74 74 74 75 75 75 75 75 75 75 75 76 76 76 76 76 76 76 76 77 77 77 77 77 77 77 77 78 78 78 78 78 78 78 79 79 79 79 79 79 79 79 80 80 80 80 80 80 81 81 81 81 81 81 81 81 82 82 82 82 82 82 83 83 83 83 83 83 83 84 84 84 84 84 84 85 85 85 85 85 85 86 86 86 86 86 0 0 0 0 0 0 0 0 0 0 0 0 0 0 0 0 0 0 0 0 0 0 0 0 0 0 0 0 0 0 0 0 0 0 0 0 0 0 0 0 0 0 0 0 0 0 0 0 0 0 0 0 0 0 0 0 0 0 0 0 0 0 0 0 0 0 0 0 0 0 0 0 0 0 0 0 0 0 0 0 0 0 0 0 0 0 0 0 0 0 0 0 0 0 0 0 0 0 0 0 0 0 0 0 0 0 0 0 0 0 0 0 0 0 0 0 0 0 0 0 0 0 0 0 0 0 0 0 0 0 0 0 0 0 0 0 0 0 0 0 0 0 0 0 0 0 0 0 0 0 0 0 0 0 0 0 0 0 0 0 0 0 0 0 0 0 0 0 0 0 0 0 0 0 0 0 0 0 0 0 0 0 0 0 0 0 0 0 0 0 0 0 0 0 0 0 0 0 0 0 0 0 0 0 0 0 0 0 0 0 0 0 0 0 0 0 0 0 0 0 0 0 0 0 0 0 0 0 0 0 0 0 0 0 0 0 0 0 0 0 0 0 0 0 0 0 0 0 0 0 0 0 0 0 0 0 0 0 0 0 0 0 0 0 0 0 0 0 0 0 0 0 0 0 0 0 0 0 0 0 0 0 0 0 0 0 0 0 0 0 0 0 0 0 0 0 0 0 0 0 0 0 0 0 0 0 0 0 0 0 0 0 0 0 0 0 0 0 0 0 0 0 0 0 0 0 0 0 
0 0 0 0 0 0 0 0 0 0 0 0 0 0 0 0 0 0 0 0 0 0 0 0 0 0 0 0 0 0 0 0 0 0 0 0 0 0 0 0 0 0 0 0 0 0 0 0 0 0 0 0 0 0 0 0 0 0 0 0 0 0 0 0 0 0 0 0 0 0 0 0 0 0 0 0 0 0 0 0 0 73 73 73 73 73 73 73 74 74 74 74 74 75 75 75 75 75 75 75 75 75 76 76 76 76 76 76 76 77 77 77 77 77 77 77 77 78 78 78 78 78 78 78 79 79 79 79 79 79 79 80 80 80 80 80 80 80 81 81 81 81 81 81 81 81 82 82 82 82 82 82 83 83 83 83 83 83 83 84 84 84 84 84 84 85 85 85 85 85 85 86 86 86 0 0 0 0 0 0 0 0 0 0 0 0 0 0 0 0 0 0 0 0 0 0 0 0 0 0 0 0 0 0 0 0 0 0 0 0 0 0 0 0 0 0 0 0 0 0 0 0 0 0 0 0 0 0 0 0 0 0 0 0 0 0 0 0 0 0 0 0 0 0 0 0 0 0 0 0 0 0 0 0 0 0 0 0 0 0 0 0 0 0 0 0 0 0 0 0 0 0 0 0 0 0 0 0 0 0 0 0 0 0 0 0 0 0 0 0 0 0 0 0 0 0 0 0 0 0 0 0 0 0 0 0 0 0 0 0 0 0 0 0 0 0 0 0 0 0 0 0 0 0 0 0 0 0 0 0 0 0 0 0 0 0 0 0 0 0 0 0 0 0 0 0 0 0 0 0 0 0 0 0 0 0 0 0 0 0 0 0 0 0 0 0 0 0 0 0 0 0 0 0 0 0 0 0 0 0 0 0 0 0 0 0 0 0 0 0 0 0 0 0 0 0 0 0 0 0 0 0 0 0 0 0 0 0 0 0 0 0 0 0 0 0 0 0 0 0 0 0 0 0 0 0 0 0 0 0 0 0 0 0 0 0 0 0 0 0 0 0 0 0 0 0 0 0 0 0 0 0 0 0 0 0 0 0 0 0 0 0 0 0 0 0 0 0 0 0 0 0 0 0 0 0 0 0 0 0 0 0 0 0 0 0 0 0 0 0 0 0 0 0 0 0 0 0 0 0 0 0 0 
0 0 0 0 0 0 0 0 0 0 0 0 0 0 0 0 0 0 0 0 0 0 0 0 0 0 0 0 0 0 0 0 0 0 0 0 0 0 0 0 0 0 0 0 0 0 0 0 0 0 0 0 0 0 0 0 0 0 0 0 0 0 0 0 0 0 0 0 0 0 0 0 0 0 0 0 0 0 72 72 72 73 73 73 73 73 73 73 73 74 74 74 74 74 75 75 75 75 75 75 75 75 76 76 76 76 76 76 76 76 77 77 77 77 77 77 77 77 78 78 78 78 78 78 78 79 79 79 79 79 79 79 80 80 80 80 80 80 80 81 81 81 81 81 81 81 81 82 82 82 82 82 82 83 83 83 83 83 83 84 84 84 84 84 84 85 85 85 85 85 85 86 86 86 86 86 0 0 0 0 0 0 0 0 0 0 0 0 0 0 0 0 0 0 0 0 0 0 0 0 0 0 0 0 0 0 0 0 0 0 0 0 0 0 0 0 0 0 0 0 0 0 0 0 0 0 0 0 0 0 0 0 0 0 0 0 0 0 0 0 0 0 0 0 0 0 0 0 0 0 0 0 0 0 0 0 0 0 0 0 0 0 0 0 0 0 0 0 0 0 0 0 0 0 0 0 0 0 0 0 0 0 0 0 0 0 0 0 0 0 0 0 0 0 0 0 0 0 0 0 0 0 0 0 0 0 0 0 0 0 0 0 0 0 0 0 0 0 0 0 0 0 0 0 0 0 0 0 0 0 0 0 0 0 0 0 0 0 0 0 0 0 0 0 0 0 0 0 0 0 0 0 0 0 0 0 0 0 0 0 0 0 0 0 0 0 0 0 0 0 0 0 0 0 0 0 0 0 0 0 0 0 0 0 0 0 0 0 0 0 0 0 0 0 0 0 0 0 0 0 0 0 0 0 0 0 0 0 0 0 0 0 0 0 0 0 0 0 0 0 0 0 0 0 0 0 0 0 0 0 0 0 0 0 0 0 0 0 0 0 0 0 0 0 0 0 0 0 0 0 0 0 0 0 0 0 0 0 0 0 0 0 0 0 0 0 0 0 0 0 0 0 0 0 0 0 0 0 0 0 0 0 0 0 0 0 0 0 0 0 0 0 0 0 0 0 0 0 0 0 0 0 0 
0 0 0 0 0 0 0 0 0 0 0 0 0 0 0 0 0 0 0 0 0 0 0 0 0 0 0 0 0 0 0 0 0 0 0 0 0 0 0 0 0 0 0 0 0 0 0 0 0 0 0 0 0 0 0 0 0 0 0 0 0 0 0 0 0 0 0 0 0 0 0 0 0 0 0 0 0 0 72 72 72 72 73 73 73 73 73 73 73 73 74 74 74 74 74 75 75 75 75 75 75 75 75 75 76 76 76 76 76 76 76 76 77 77 77 77 77 77 77 78 78 78 78 78 78 78 79 79 79 79 79 79 79 80 80 80 80 80 80 80 81 81 81 81 81 81 81 81 82 82 82 82 82 82 83 83 83 83 83 83 84 84 84 84 84 84 85 85 85 85 85 85 86 86 86 86 86 86 0 0 0 0 0 0 0 0 0 0 0 0 0 0 0 0 0 0 0 0 0 0 0 0 0 0 0 0 0 0 0 0 0 0 0 0 0 0 0 0 0 0 0 0 0 0 0 0 0 0 0 0 0 0 0 0 0 0 0 0 0 0 0 0 0 0 0 0 0 0 0 0 0 0 0 0 0 0 0 0 0 0 0 0 0 0 0 0 0 0 0 0 0 0 0 0 0 0 0 0 0 0 0 0 0 0 0 0 0 0 0 0 0 0 0 0 0 0 0 0 0 0 0 0 0 0 0 0 0 0 0 0 0 0 0 0 0 0 0 0 0 0 0 0 0 0 0 0 0 0 0 0 0 0 0 0 0 0 0 0 0 0 0 0 0 0 0 0 0 0 0 0 0 0 0 0 0 0 0 0 0 0 0 0 0 0 0 0 0 0 0 0 0 0 0 0 0 0 0 0 0 0 0 0 0 0 0 0 0 0 0 0 0 0 0 0 0 0 0 0 0 0 0 0 0 0 0 0 0 0 0 0 0 0 0 0 0 0 0 0 0 0 0 0 0 0 0 0 0 0 0 0 0 0 0 0 0 0 0 0 0 0 0 0 0 0 0 0 0 0 0 0 0 0 0 0 0 0 0 0 0 0 0 0 0 0 0 0 0 0 0 0 0 0 0 0 0 0 0 0 0 0 0 0 0 0 0 0 0 0 0 0 0 0 0 0 0 0 0 0 0 0 0 0 0 
0 0 0 0 0 0 0 0 0 0 0 0 0 0 0 0 0 0 0 0 0 0 0 0 0 0 0 0 0 0 0 0 0 0 0 0 0 0 0 0 0 0 0 0 0 0 0 0 0 0 0 0 0 0 0 0 0 0 0 0 0 0 0 0 0 0 0 0 0 0 0 0 0 0 0 0 0 72 72 72 72 72 72 73 73 73 73 73 73 73 73 74 74 74 74 74 75 75 75 75 75 75 75 75 75 76 76 76 76 76 76 76 77 77 77 77 77 77 77 77 78 78 78 78 78 78 78 79 79 79 79 79 79 79 80 80 80 80 80 80 80 81 81 81 81 81 81 81 81 82 82 82 82 82 82 83 83 83 83 83 83 84 84 84 84 84 84 85 85 85 85 85 85 86 86 86 86 86 87 0 0 0 0 0 0 0 0 0 0 0 0 0 0 0 0 0 0 0 0 0 0 0 0 0 0 0 0 0 0 0 0 0 0 0 0 0 0 0 0 0 0 0 0 0 0 0 0 0 0 0 0 0 0 0 0 0 0 0 0 0 0 0 0 0 0 0 0 0 0 0 0 0 0 0 0 0 0 0 0 0 0 0 0 0 0 0 0 0 0 0 0 0 0 0 0 0 0 0 0 0 0 0 0 0 0 0 0 0 0 0 0 0 0 0 0 0 0 0 0 0 0 0 0 0 0 0 0 0 0 0 0 0 0 0 0 0 0 0 0 0 0 0 0 0 0 0 0 0 0 0 0 0 0 0 0 0 0 0 0 0 0 0 0 0 0 0 0 0 0 0 0 0 0 0 0 0 0 0 0 0 0 0 0 0 0 0 0 0 0 0 0 0 0 0 0 0 0 0 0 0 0 0 0 0 0 0 0 0 0 0 0 0 0 0 0 0 0 0 0 0 0 0 0 0 0 0 0 0 0 0 0 0 0 0 0 0 0 0 0 0 0 0 0 0 0 0 0 0 0 0 0 0 0 0 0 0 0 0 0 0 0 0 0 0 0 0 0 0 0 0 0 0 0 0 0 0 0 0 0 0 0 0 0 0 0 0 0 0 0 0 0 0 0 0 0 0 0 0 0 0 0 0 0 0 0 0 0 0 0 0 0 0 0 0 0 0 0 0 0 0 0 0 0 
0 0 0 0 0 0 0 0 0 0 0 0 0 0 0 0 0 0 0 0 0 0 0 0 0 0 0 0 0 0 0 0 0 0 0 0 0 0 0 0 0 0 0 0 0 0 0 0 0 0 0 0 0 0 0 0 0 0 0 0 0 0 0 0 0 0 0 0 0 0 0 0 0 0 0 0 72 72 72 72 72 72 72 72 73 73 73 73 73 73 73 73 74 74 74 74 74 74 75 75 75 75 75 75 75 75 76 76 76 76 76 76 76 77 77 77 77 77 77 77 77 78 78 78 78 78 78 78 79 79 79 79 79 79 79 80 80 80 80 80 80 80 80 81 81 81 81 81 81 81 82 82 82 82 82 82 83 83 83 83 83 83 84 84 84 84 84 84 85 85 85 85 85 85 86 86 86 86 86 0 0 0 0 0 0 0 0 0 0 0 0 0 0 0 0 0 0 0 0 0 0 0 0 0 0 0 0 0 0 0 0 0 0 0 0 0 0 0 0 0 0 0 0 0 0 0 0 0 0 0 0 0 0 0 0 0 0 0 0 0 0 0 0 0 0 0 0 0 0 0 0 0 0 0 0 0 0 0 0 0 0 0 0 0 0 0 0 0 0 0 0 0 0 0 0 0 0 0 0 0 0 0 0 0 0 0 0 0 0 0 0 0 0 0 0 0 0 0 0 0 0 0 0 0 0 0 0 0 0 0 0 0 0 0 0 0 0 0 0 0 0 0 0 0 0 0 0 0 0 0 0 0 0 0 0 0 0 0 0 0 0 0 0 0 0 0 0 0 0 0 0 0 0 0 0 0 0 0 0 0 0 0 0 0 0 0 0 0 0 0 0 0 0 0 0 0 0 0 0 0 0 0 0 0 0 0 0 0 0 0 0 0 0 0 0 0 0 0 0 0 0 0 0 0 0 0 0 0 0 0 0 0 0 0 0 0 0 0 0 0 0 0 0 0 0 0 0 0 0 0 0 0 0 0 0 0 0 0 0 0 0 0 0 0 0 0 0 0 0 0 0 0 0 0 0 0 0 0 0 0 0 0 0 0 0 0 0 0 0 0 0 0 0 0 0 0 0 0 0 0 0 0 0 0 0 0 0 0 0 0 0 0 0 0 0 0 0 0 0 0 0 0 0 
0 0 0 0 0 0 0 0 0 0 0 0 0 0 0 0 0 0 0 0 0 0 0 0 0 0 0 0 0 0 0 0 0 0 0 0 0 0 0 0 0 0 0 0 0 0 0 0 0 0 0 0 0 0 0 0 0 0 0 0 0 0 0 0 0 0 0 0 0 0 0 0 0 0 71 71 72 72 72 72 72 72 72 72 72 73 73 73 73 73 73 73 74 74 74 74 74 74 74 75 75 75 75 75 75 75 75 76 76 76 76 76 76 76 77 77 77 77 77 77 77 77 78 78 78 78 78 78 78 79 79 79 79 79 79 79 80 80 80 80 80 80 80 80 81 81 81 81 81 81 82 82 82 82 82 82 83 83 83 83 83 83 83 84 84 84 84 84 84 85 85 85 85 85 86 86 86 86 86 86 87 0 0 0 0 0 0 0 0 0 0 0 0 0 0 0 0 0 0 0 0 0 0 0 0 0 0 0 0 0 0 0 0 0 0 0 0 0 0 0 0 0 0 0 0 0 0 0 0 0 0 0 0 0 0 0 0 0 0 0 0 0 0 0 0 0 0 0 0 0 0 0 0 0 0 0 0 0 0 0 0 0 0 0 0 0 0 0 0 0 0 0 0 0 0 0 0 0 0 0 0 0 0 0 0 0 0 0 0 0 0 0 0 0 0 0 0 0 0 0 0 0 0 0 0 0 0 0 0 0 0 0 0 0 0 0 0 0 0 0 0 0 0 0 0 0 0 0 0 0 0 0 0 0 0 0 0 0 0 0 0 0 0 0 0 0 0 0 0 0 0 0 0 0 0 0 0 0 0 0 0 0 0 0 0 0 0 0 0 0 0 0 0 0 0 0 0 0 0 0 0 0 0 0 0 0 0 0 0 0 0 0 0 0 0 0 0 0 0 0 0 0 0 0 0 0 0 0 0 0 0 0 0 0 0 0 0 0 0 0 0 0 0 0 0 0 0 0 0 0 0 0 0 0 0 0 0 0 0 0 0 0 0 0 0 0 0 0 0 0 0 0 0 0 0 0 0 0 0 0 0 0 0 0 0 0 0 0 0 0 0 0 0 0 0 0 0 0 0 0 0 0 0 0 0 0 0 0 0 0 0 0 0 0 0 0 0 0 0 0 0 0 0 
0 0 0 0 0 0 0 0 0 0 0 0 0 0 0 0 0 0 0 0 0 0 0 0 0 0 0 0 0 0 0 0 0 0 0 0 0 0 0 0 0 0 0 0 0 0 0 0 0 0 0 0 0 0 0 0 0 0 0 0 0 0 0 0 0 0 0 0 0 0 0 0 0 71 71 71 71 72 72 72 72 72 72 72 72 72 73 73 73 73 73 73 74 74 74 74 74 74 74 74 75 75 75 75 75 75 75 75 76 76 76 76 76 76 76 77 77 77 77 77 77 77 77 78 78 78 78 78 78 78 79 79 79 79 79 79 79 80 80 80 80 80 80 80 80 81 81 81 81 81 81 82 82 82 82 82 82 83 83 83 83 83 83 84 84 84 84 84 84 85 85 85 85 85 85 86 86 86 86 86 86 87 0 0 0 0 0 0 0 0 0 0 0 0 0 0 0 0 0 0 0 0 0 0 0 0 0 0 0 0 0 0 0 0 0 0 0 0 0 0 0 0 0 0 0 0 0 0 0 0 0 0 0 0 0 0 0 0 0 0 0 0 0 0 0 0 0 0 0 0 0 0 0 0 0 0 0 0 0 0 0 0 0 0 0 0 0 0 0 0 0 0 0 0 0 0 0 0 0 0 0 0 0 0 0 0 0 0 0 0 0 0 0 0 0 0 0 0 0 0 0 0 0 0 0 0 0 0 0 0 0 0 0 0 0 0 0 0 0 0 0 0 0 0 0 0 0 0 0 0 0 0 0 0 0 0 0 0 0 0 0 0 0 0 0 0 0 0 0 0 0 0 0 0 0 0 0 0 0 0 0 0 0 0 0 0 0 0 0 0 0 0 0 0 0 0 0 0 0 0 0 0 0 0 0 0 0 0 0 0 0 0 0 0 0 0 0 0 0 0 0 0 0 0 0 0 0 0 0 0 0 0 0 0 0 0 0 0 0 0 0 0 0 0 0 0 0 0 0 0 0 0 0 0 0 0 0 0 0 0 0 0 0 0 0 0 0 0 0 0 0 0 0 0 0 0 0 0 0 0 0 0 0 0 0 0 0 0 0 0 0 0 0 0 0 0 0 0 0 0 0 0 0 0 0 0 0 0 0 0 0 0 0 0 0 0 0 0 0 0 0 0 0 
0 0 0 0 0 0 0 0 0 0 0 0 0 0 0 0 0 0 0 0 0 0 0 0 0 0 0 0 0 0 0 0 0 0 0 0 0 0 0 0 0 0 0 0 0 0 0 0 0 0 0 0 0 0 0 0 0 0 0 0 0 0 0 0 70 70 70 0 0 0 0 0 71 71 71 71 71 71 71 72 72 72 72 72 72 72 72 73 73 73 73 73 73 74 74 74 74 74 74 74 74 75 75 75 75 75 75 75 75 76 76 76 76 76 76 76 77 77 77 77 77 77 77 77 78 78 78 78 78 78 78 79 79 79 79 79 79 79 80 80 80 80 80 80 80 80 81 81 81 81 81 81 82 82 82 82 82 82 83 83 83 83 83 83 84 84 84 84 84 84 85 85 85 85 85 85 86 86 86 86 86 87 87 0 0 0 0 0 0 0 0 0 0 0 0 0 0 0 0 0 0 0 0 0 0 0 0 0 0 0 0 0 0 0 0 0 0 0 0 0 0 0 0 0 0 0 0 0 0 0 0 0 0 0 0 0 0 0 0 0 0 0 0 0 0 0 0 0 0 0 0 0 0 0 0 0 0 0 0 0 0 0 0 0 0 0 0 0 0 0 0 0 0 0 0 0 0 0 0 0 0 0 0 0 0 0 0 0 0 0 0 0 0 0 0 0 0 0 0 0 0 0 0 0 0 0 0 0 0 0 0 0 0 0 0 0 0 0 0 0 0 0 0 0 0 0 0 0 0 0 0 0 0 0 0 0 0 0 0 0 0 0 0 0 0 0 0 0 0 0 0 0 0 0 0 0 0 0 0 0 0 0 0 0 0 0 0 0 0 0 0 0 0 0 0 0 0 0 0 0 0 0 0 0 0 0 0 0 0 0 0 0 0 0 0 0 0 0 0 0 0 0 0 0 0 0 0 0 0 0 0 0 0 0 0 0 0 0 0 0 0 0 0 0 0 0 0 0 0 0 0 0 0 0 0 0 0 0 0 0 0 0 0 0 0 0 0 0 0 0 0 0 0 0 0 0 0 0 0 0 0 0 0 0 0 0 0 0 0 0 0 0 0 0 0 0 0 0 0 0 0 0 0 0 0 0 0 0 0 0 0 0 0 0 0 0 0 0 0 0 0 0 0 
0 0 0 0 0 0 0 0 0 0 0 0 0 0 0 0 0 0 0 0 0 0 0 0 0 0 0 0 0 0 0 0 0 0 66 66 66 0 0 0 0 0 0 0 0 0 0 0 0 0 0 0 0 0 0 0 0 0 0 0 0 0 70 70 70 70 70 0 70 70 71 71 71 71 71 71 71 71 71 71 72 72 72 72 72 72 72 72 72 73 73 73 73 73 74 74 74 74 74 74 74 74 75 75 75 75 75 75 75 75 76 76 76 76 76 76 76 77 77 77 77 77 77 77 77 78 78 78 78 78 78 78 79 79 79 79 79 79 79 80 80 80 80 80 80 80 80 81 81 81 81 81 81 82 82 82 82 82 82 83 83 83 83 83 83 84 84 84 84 84 84 85 85 85 85 85 86 86 86 86 86 86 87 0 0 0 0 0 0 0 0 0 0 0 0 0 0 0 0 0 0 0 0 0 0 0 0 0 0 0 0 0 0 0 0 0 0 0 0 0 0 0 0 0 0 0 0 0 0 0 0 0 0 0 0 0 0 0 0 0 0 0 0 0 0 0 0 0 0 0 0 0 0 0 0 0 0 0 0 0 0 0 0 0 0 0 0 0 0 0 0 0 0 0 0 0 0 0 0 0 0 0 0 0 0 0 0 0 0 0 0 0 0 0 0 0 0 0 0 0 0 0 0 0 0 0 0 0 0 0 0 0 0 0 0 0 0 0 0 0 0 0 0 0 0 0 0 0 0 0 0 0 0 0 0 0 0 0 0 0 0 0 0 0 0 0 0 0 0 0 0 0 0 0 0 0 0 0 0 0 0 0 0 0 0 0 0 0 0 0 0 0 0 0 0 0 0 0 0 0 0 0 0 0 0 0 0 0 0 0 0 0 0 0 0 0 0 0 0 0 0 0 0 0 0 0 0 0 0 0 0 0 0 0 0 0 0 0 0 0 0 0 0 0 0 0 0 0 0 0 0 0 0 0 0 0 0 0 0 0 0 0 0 0 0 0 0 0 0 0 0 0 0 0 0 0 0 0 0 0 0 0 0 0 0 0 0 0 0 0 0 0 0 0 0 0 0 0 0 0 0 0 0 0 0 0 0 0 0 0 0 0 0 0 0 0 0 0 0 0 0 0 0 
0 0 0 0 0 0 0 0 0 0 0 0 0 0 0 0 0 0 0 0 0 0 0 0 0 0 0 0 0 0 0 0 0 66 66 66 66 66 66 0 0 0 0 0 0 0 0 0 0 0 0 0 0 0 0 0 0 0 0 0 69 69 70 70 70 70 70 70 70 70 70 70 71 71 71 71 71 71 71 71 71 72 72 72 72 72 72 72 72 72 73 73 73 73 73 74 74 74 74 74 74 74 74 75 75 75 75 75 75 75 75 76 76 76 76 76 76 76 77 77 77 77 77 77 77 77 78 78 78 78 78 78 78 78 79 79 79 79 79 79 80 80 80 80 80 80 80 80 81 81 81 81 81 82 82 82 82 82 82 82 83 83 83 83 83 83 84 84 84 84 84 84 85 85 85 85 85 86 86 86 86 86 86 0 0 0 0 0 0 0 0 0 0 0 0 0 0 0 0 0 0 0 0 0 0 0 0 0 0 0 0 0 0 0 0 0 0 0 0 0 0 0 0 0 0 0 0 0 0 0 0 0 0 0 0 0 0 0 0 0 0 0 0 0 0 0 0 0 0 0 0 0 0 0 0 0 0 0 0 0 0 0 0 0 0 0 0 0 0 0 0 0 0 0 0 0 0 0 0 0 0 0 0 0 0 0 0 0 0 0 0 0 0 0 0 0 0 0 0 0 0 0 0 0 0 0 0 0 0 0 0 0 0 0 0 0 0 0 0 0 0 0 0 0 0 0 0 0 0 0 0 0 0 0 0 0 0 0 0 0 0 0 0 0 0 0 0 0 0 0 0 0 0 0 0 0 0 0 0 0 0 0 0 0 0 0 0 0 0 0 0 0 0 0 0 0 0 0 0 0 0 0 0 0 0 0 0 0 0 0 0 0 0 0 0 0 0 0 0 0 0 0 0 0 0 0 0 0 0 0 0 0 0 0 0 0 0 0 0 0 0 0 0 0 0 0 0 0 0 0 0 0 0 0 0 0 0 0 0 0 0 0 0 0 0 0 0 0 0 0 0 0 0 0 0 0 0 0 0 0 0 0 0 0 0 0 0 0 0 0 0 0 0 0 0 0 0 0 0 0 0 0 0 0 0 0 0 0 0 0 0 0 0 0 0 0 0 0 0 0 0 0 0 
0 0 0 0 0 0 0 0 0 0 0 0 0 0 0 0 0 0 0 0 0 0 0 0 0 0 0 0 0 0 0 0 65 66 66 66 66 66 66 0 0 0 0 0 0 0 0 0 0 0 0 0 0 0 0 0 0 69 69 69 69 69 69 70 70 70 70 70 70 70 70 70 70 71 71 71 71 71 71 71 71 71 72 72 72 72 72 72 72 72 72 73 73 73 73 73 74 74 74 74 74 74 74 74 75 75 75 75 75 75 75 75 76 76 76 76 76 76 76 76 77 77 77 77 77 77 77 78 78 78 78 78 78 78 78 79 79 79 79 79 79 80 80 80 80 80 80 80 81 81 81 81 81 81 82 82 82 82 82 82 82 83 83 83 83 83 83 84 84 84 84 84 85 85 85 85 85 85 86 86 86 86 86 86 0 0 0 0 0 0 0 0 0 0 0 0 0 0 0 0 0 0 0 0 0 0 0 0 0 0 0 0 0 0 0 0 0 0 0 0 0 0 0 0 0 0 0 0 0 0 0 0 0 0 0 0 0 0 0 0 0 0 0 0 0 0 0 0 0 0 0 0 0 0 0 0 0 0 0 0 0 0 0 0 0 0 0 0 0 0 0 0 0 0 0 0 0 0 0 0 0 0 0 0 0 0 0 0 0 0 0 0 0 0 0 0 0 0 0 0 0 0 0 0 0 0 0 0 0 0 0 0 0 0 0 0 0 0 0 0 0 0 0 0 0 0 0 0 0 0 0 0 0 0 0 0 0 0 0 0 0 0 0 0 0 0 0 0 0 0 0 0 0 0 0 0 0 0 0 0 0 0 0 0 0 0 0 0 0 0 0 0 0 0 0 0 0 0 0 0 0 0 0 0 0 0 0 0 0 0 0 0 0 0 0 0 0 0 0 0 0 0 0 0 0 0 0 0 0 0 0 0 0 0 0 0 0 0 0 0 0 0 0 0 0 0 0 0 0 0 0 0 0 0 0 0 0 0 0 0 0 0 0 0 0 0 0 0 0 0 0 0 0 0 0 0 0 0 0 0 0 0 0 0 0 0 0 0 0 0 0 0 0 0 0 0 0 0 0 0 0 0 0 0 0 0 0 0 0 0 0 0 0 0 0 0 0 0 0 0 0 0 0 
0 0 0 0 0 0 0 0 0 0 0 0 0 0 0 0 0 0 0 0 0 0 0 0 0 0 0 0 0 0 0 65 65 65 66 66 66 66 66 0 0 0 0 0 0 0 0 0 0 0 0 0 0 0 0 0 69 69 69 69 69 69 69 69 70 70 70 70 70 70 70 70 70 70 71 71 71 71 71 71 71 71 71 72 72 72 72 72 72 72 72 72 73 73 73 73 73 73 74 74 74 74 74 74 74 75 75 75 75 75 75 75 75 76 76 76 76 76 76 76 76 77 77 77 77 77 77 77 78 78 78 78 78 78 78 78 79 79 79 79 79 79 79 80 80 80 80 80 80 81 81 81 81 81 81 82 82 82 82 82 82 83 83 83 83 83 83 84 84 84 84 84 84 85 85 85 85 85 85 86 86 86 86 86 87 0 0 0 0 0 0 0 0 0 0 0 0 0 0 0 0 0 0 0 0 0 0 0 0 0 0 0 0 0 0 0 0 0 0 0 0 0 0 0 0 0 0 0 0 0 0 0 0 0 0 0 0 0 0 0 0 0 0 0 0 0 0 0 0 0 0 0 0 0 0 0 0 0 0 0 0 0 0 0 0 0 0 0 0 0 0 0 0 0 0 0 0 0 0 0 0 0 0 0 0 0 0 0 0 0 0 0 0 0 0 0 0 0 0 0 0 0 0 0 0 0 0 0 0 0 0 0 0 0 0 0 0 0 0 0 0 0 0 0 0 0 0 0 0 0 0 0 0 0 0 0 0 0 0 0 0 0 0 0 0 0 0 0 0 0 0 0 0 0 0 0 0 0 0 0 0 0 0 0 0 0 0 0 0 0 0 0 0 0 0 0 0 0 0 0 0 0 0 0 0 0 0 0 0 0 0 0 0 0 0 0 0 0 0 0 0 0 0 0 0 0 0 0 0 0 0 0 0 0 0 0 0 0 0 0 0 0 0 0 0 0 0 0 0 0 0 0 0 0 0 0 0 0 0 0 0 0 0 0 0 0 0 0 0 0 0 0 0 0 0 0 0 0 0 0 0 0 0 0 0 0 0 0 0 0 0 0 0 0 0 0 0 0 0 0 0 0 0 0 0 0 0 0 0 0 0 0 0 0 0 0 0 0 0 0 0 0 0 
0 0 0 0 0 0 0 0 0 0 0 0 0 0 0 0 0 0 0 0 0 0 0 0 0 0 0 0 0 0 65 65 65 65 65 66 66 66 66 66 0 0 0 0 0 0 0 0 0 0 0 0 0 0 0 0 0 69 69 69 69 69 69 69 69 70 70 70 70 70 70 70 70 70 70 71 71 71 71 71 71 71 71 71 72 72 72 72 72 72 72 72 73 73 73 73 73 73 73 74 74 74 74 74 74 74 74 75 75 75 75 75 75 75 76 76 76 76 76 76 76 76 77 77 77 77 77 77 77 78 78 78 78 78 78 78 78 79 79 79 79 79 79 80 80 80 80 80 80 80 81 81 81 81 81 81 82 82 82 82 82 82 83 83 83 83 83 83 84 84 84 84 84 84 85 85 85 85 85 86 86 86 86 86 0 0 0 0 0 0 0 0 0 0 0 0 0 0 0 0 0 0 0 0 0 0 0 0 0 0 0 0 0 0 0 0 0 0 0 0 0 0 0 0 0 0 0 0 0 0 0 0 0 0 0 0 0 0 0 0 0 0 0 0 0 0 0 0 0 0 0 0 0 0 0 0 0 0 0 0 0 0 0 0 0 0 0 0 0 0 0 0 0 0 0 0 0 0 0 0 0 0 0 0 0 0 0 0 0 0 0 0 0 0 0 0 0 0 0 0 0 0 0 0 0 0 0 0 0 0 0 0 0 0 0 0 0 0 0 0 0 0 0 0 0 0 0 0 0 0 0 0 0 0 0 0 0 0 0 0 0 0 0 0 0 0 0 0 0 0 0 0 0 0 0 0 0 0 0 0 0 0 0 0 0 0 0 0 0 0 0 0 0 0 0 0 0 0 0 0 0 0 0 0 0 0 0 0 0 0 0 0 0 0 0 0 0 0 0 0 0 0 0 0 0 0 0 0 0 0 0 0 0 0 0 0 0 0 0 0 0 0 0 0 0 0 0 0 0 0 0 0 0 0 0 0 0 0 0 0 0 0 0 0 0 0 0 0 0 0 0 0 0 0 0 0 0 0 0 0 0 0 0 0 0 0 0 0 0 0 0 0 0 0 0 0 0 0 0 0 0 0 0 0 0 0 0 0 0 0 0 0 0 0 0 0 0 0 0 0 0 0 0 
0 0 0 0 0 0 0 0 0 0 0 0 0 0 0 0 0 0 0 0 0 0 0 0 0 0 0 0 0 0 65 65 65 65 65 65 66 66 66 66 66 66 0 0 0 0 68 68 68 68 0 0 68 68 68 68 0 0 69 69 69 69 69 69 69 69 69 70 70 70 70 70 70 70 70 70 70 71 71 71 71 71 71 71 71 71 72 72 72 72 72 72 73 73 73 73 73 73 73 73 74 74 74 74 74 74 74 74 75 75 75 75 75 75 75 76 76 76 76 76 76 76 76 77 77 77 77 77 77 77 78 78 78 78 78 78 78 78 79 79 79 79 79 79 80 80 80 80 80 80 80 81 81 81 81 81 81 82 82 82 82 82 82 83 83 83 83 83 83 84 84 84 84 84 84 85 85 85 85 85 86 86 86 86 86 0 0 0 0 0 0 0 0 0 0 0 0 0 0 0 0 0 0 0 0 0 0 0 0 0 0 0 0 0 0 0 0 0 0 0 0 0 0 0 0 0 0 0 0 0 0 0 0 0 0 0 0 0 0 0 0 0 0 0 0 0 0 0 0 0 0 0 0 0 0 0 0 0 0 0 0 0 0 0 0 0 0 0 0 0 0 0 0 0 0 0 0 0 0 0 0 0 0 0 0 0 0 0 0 0 0 0 0 0 0 0 0 0 0 0 0 0 0 0 0 0 0 0 0 0 0 0 0 0 0 0 0 0 0 0 0 0 0 0 0 0 0 0 0 0 0 0 0 0 0 0 0 0 0 0 0 0 0 0 0 0 0 0 0 0 0 0 0 0 0 0 0 0 0 0 0 0 0 0 0 0 0 0 0 0 0 0 0 0 0 0 0 0 0 0 0 0 0 0 0 0 0 0 0 0 0 0 0 0 0 0 0 0 0 0 0 0 0 0 0 0 0 0 0 0 0 0 0 0 0 0 0 0 0 0 0 0 0 0 0 0 0 0 0 0 0 0 0 0 0 0 0 0 0 0 0 0 0 0 0 0 0 0 0 0 0 0 0 0 0 0 0 0 0 0 0 0 0 0 0 0 0 0 0 0 0 0 0 0 0 0 0 0 0 0 0 0 0 0 0 0 0 0 0 0 0 0 0 0 0 0 0 0 0 0 0 0 0 
0 0 0 0 0 0 0 0 0 0 0 0 0 0 0 0 0 0 0 0 0 0 0 0 0 0 0 0 0 0 0 65 65 65 65 65 65 65 66 66 66 66 67 67 67 67 67 68 68 68 68 68 68 68 68 68 68 69 69 69 69 69 69 69 69 69 69 69 70 70 70 70 70 70 70 70 70 70 71 71 71 71 71 71 71 71 71 72 72 72 72 72 72 73 73 73 73 73 73 73 73 74 74 74 74 74 74 74 74 75 75 75 75 75 75 75 76 76 76 76 76 76 76 76 77 77 77 77 77 77 77 78 78 78 78 78 78 78 78 79 79 79 79 79 79 79 80 80 80 80 80 80 81 81 81 81 81 81 82 82 82 82 82 82 83 83 83 83 83 83 84 84 84 84 84 84 85 85 85 85 85 86 86 86 86 86 0 0 0 0 0 0 0 0 0 0 0 0 0 0 0 0 0 0 0 0 0 0 0 0 0 0 0 0 0 0 0 0 0 0 0 0 0 0 0 0 0 0 0 0 0 0 0 0 0 0 0 0 0 0 0 0 0 0 0 0 0 0 0 0 0 0 0 0 0 0 0 0 0 0 0 0 0 0 0 0 0 0 0 0 0 0 0 0 0 0 0 0 0 0 0 0 0 0 0 0 0 0 0 0 0 0 0 0 0 0 0 0 0 0 0 0 0 0 0 0 0 0 0 0 0 0 0 0 0 0 0 0 0 0 0 0 0 0 0 0 0 0 0 0 0 0 0 0 0 0 0 0 0 0 0 0 0 0 0 0 0 0 0 0 0 0 0 0 0 0 0 0 0 0 0 0 0 0 0 0 0 0 0 0 0 0 0 0 0 0 0 0 0 0 0 0 0 0 0 0 0 0 0 0 0 0 0 0 0 0 0 0 0 0 0 0 0 0 0 0 0 0 0 0 0 0 0 0 0 0 0 0 0 0 0 0 0 0 0 0 0 0 0 0 0 0 0 0 0 0 0 0 0 0 0 0 0 0 0 0 0 0 0 0 0 0 0 0 0 0 0 0 0 0 0 0 0 0 0 0 0 0 0 0 0 0 0 0 0 0 0 0 0 0 0 0 0 0 0 0 0 0 0 0 0 0 0 0 0 0 0 0 0 0 0 0 0 
0 0 0 0 0 0 0 0 0 0 0 0 0 0 0 0 0 0 0 0 0 0 0 0 0 0 0 0 0 0 0 65 65 65 65 65 65 65 65 66 66 66 67 67 67 67 67 67 68 68 68 68 68 68 68 68 68 68 69 69 69 69 69 69 69 69 69 69 69 70 70 70 70 70 70 70 70 70 70 71 71 71 71 71 71 71 71 71 72 72 72 72 72 72 73 73 73 73 73 73 73 73 74 74 74 74 74 74 74 74 75 75 75 75 75 75 75 76 76 76 76 76 76 76 76 77 77 77 77 77 77 77 78 78 78 78 78 78 78 79 79 79 79 79 79 79 79 80 80 80 80 80 80 81 81 81 81 81 81 82 82 82 82 82 83 83 83 83 83 83 83 84 84 84 84 84 85 85 85 85 85 85 86 86 86 86 86 87 0 0 0 0 0 0 0 0 0 0 0 0 0 0 0 0 0 0 0 0 0 0 0 0 0 0 0 0 0 0 0 0 0 0 0 0 0 0 0 0 0 0 0 0 0 0 0 0 0 0 0 0 0 0 0 0 0 0 0 0 0 0 0 0 0 0 0 0 0 0 0 0 0 0 0 0 0 0 0 0 0 0 0 0 0 0 0 0 0 0 0 0 0 0 0 0 0 0 0 0 0 0 0 0 0 0 0 0 0 0 0 0 0 0 0 0 0 0 0 0 0 0 0 0 0 0 0 0 0 0 0 0 0 0 0 0 0 0 0 0 0 0 0 0 0 0 0 0 0 0 0 0 0 0 0 0 0 0 0 0 0 0 0 0 0 0 0 0 0 0 0 0 0 0 0 0 0 0 0 0 0 0 0 0 0 0 0 0 0 0 0 0 0 0 0 0 0 0 0 0 0 0 0 0 0 0 0 0 0 0 0 0 0 0 0 0 0 0 0 0 0 0 0 0 0 0 0 0 0 0 0 0 0 0 0 0 0 0 0 0 0 0 0 0 0 0 0 0 0 0 0 0 0 0 0 0 0 0 0 0 0 0 0 0 0 0 0 0 0 0 0 0 0 0 0 0 0 0 0 0 0 0 0 0 0 0 0 0 0 0 0 0 0 0 0 0 0 0 0 0 0 0 0 0 0 0 0 0 0 0 0 0 0 0 0 
0 0 0 0 0 0 0 0 0 0 0 0 0 0 0 0 0 0 0 0 0 0 0 0 0 0 0 0 0 0 0 65 65 65 65 65 65 65 65 65 65 66 67 67 67 67 67 67 67 67 68 68 68 68 68 68 68 68 68 68 69 69 69 69 69 69 69 69 69 69 70 70 70 70 70 70 70 70 70 70 71 71 71 71 71 71 71 71 71 72 72 72 72 72 72 73 73 73 73 73 73 73 73 74 74 74 74 74 74 74 74 75 75 75 75 75 75 75 76 76 76 76 76 76 76 76 77 77 77 77 77 77 77 78 78 78 78 78 78 78 79 79 79 79 79 79 79 79 80 80 80 80 80 81 81 81 81 81 81 81 82 82 82 82 82 83 83 83 83 83 83 84 84 84 84 84 84 85 85 85 85 85 86 86 86 86 86 86 87 87 0 0 0 0 0 0 0 0 0 0 0 0 0 0 0 0 0 0 0 0 0 0 0 0 0 0 0 0 0 0 0 0 0 0 0 0 0 0 0 0 0 0 0 0 0 0 0 0 0 0 0 0 0 0 0 0 0 0 0 0 0 0 0 0 0 0 0 0 0 0 0 0 0 0 0 0 0 0 0 0 0 0 0 0 0 0 0 0 0 0 0 0 0 0 0 0 0 0 0 0 0 0 0 0 0 0 0 0 0 0 0 0 0 0 0 0 0 0 0 0 0 0 0 0 0 0 0 0 0 0 0 0 0 0 0 0 0 0 0 0 0 0 0 0 0 0 0 0 0 0 0 0 0 0 0 0 0 0 0 0 0 0 0 0 0 0 0 0 0 0 0 0 0 0 0 0 0 0 0 0 0 0 0 0 0 0 0 0 0 0 0 0 0 0 0 0 0 0 0 0 0 0 0 0 0 0 0 0 0 0 0 0 0 0 0 0 0 0 0 0 0 0 0 0 0 0 0 0 0 0 0 0 0 0 0 0 0 0 0 0 0 0 0 0 0 0 0 0 0 0 0 0 0 0 0 0 0 0 0 0 0 0 0 0 0 0 0 0 0 0 0 0 0 0 0 0 0 0 0 0 0 0 0 0 0 0 0 0 0 0 0 0 0 0 0 0 0 0 0 0 0 0 0 0 0 0 0 0 0 0 0 0 0 
0 0 0 0 0 0 0 0 0 0 0 0 0 0 0 0 0 0 0 0 0 0 0 0 64 64 64 64 65 65 65 65 65 65 65 65 65 65 65 65 65 65 67 67 67 67 67 67 67 67 67 68 68 68 68 68 68 68 68 68 68 69 69 69 69 69 69 69 69 69 69 70 70 70 70 70 70 70 70 70 70 70 71 71 71 71 71 71 71 71 72 72 72 72 72 72 73 73 73 73 73 73 73 73 74 74 74 74 74 74 74 74 75 75 75 75 75 75 75 75 76 76 76 76 76 76 76 77 77 77 77 77 77 77 78 78 78 78 78 78 78 79 79 79 79 79 79 79 80 80 80 80 80 80 81 81 81 81 81 81 82 82 82 82 82 82 83 83 83 83 83 83 84 84 84 84 84 84 85 85 85 85 85 86 86 86 86 86 87 87 87 87 87 87 88 88 88 88 0 0 0 0 0 0 0 0 0 0 0 0 0 0 0 0 0 0 0 0 0 0 0 0 0 0 0 0 0 0 0 0 0 0 0 0 0 0 0 0 0 0 0 0 0 0 0 0 0 0 0 0 0 0 0 0 0 0 0 0 0 0 0 0 0 0 0 0 0 0 0 0 0 0 0 0 0 0 0 0 0 0 0 0 0 0 0 0 0 0 0 0 0 0 0 0 0 0 0 0 0 0 0 0 0 0 0 0 0 0 0 0 0 0 0 0 0 0 0 0 0 0 0 0 0 0 0 0 0 0 0 0 0 0 0 0 0 0 0 0 0 0 0 0 0 0 0 0 0 0 0 0 0 0 0 0 0 0 0 0 0 0 0 0 0 0 0 0 0 0 0 0 0 0 0 0 0 0 0 0 0 0 0 0 0 0 0 0 0 0 0 0 0 0 0 0 0 0 0 0 0 0 0 0 0 0 0 0 0 0 0 0 0 0 0 0 0 0 0 0 0 0 0 0 0 0 0 0 0 0 0 0 0 0 0 0 0 0 0 0 0 0 0 0 0 0 0 0 0 0 0 0 0 0 0 0 0 0 0 0 0 0 0 0 0 0 0 0 0 0 0 0 0 0 0 0 0 0 0 0 0 0 0 0 0 0 0 0 0 0 0 0 0 0 0 0 0 0 0 0 0 0 0 0 0 
0 0 0 0 0 0 0 0 0 0 0 0 0 0 0 0 0 0 0 0 0 0 64 64 64 64 64 64 64 65 65 65 65 65 65 65 65 65 65 65 65 65 67 67 67 67 67 67 67 67 67 67 68 68 68 68 68 68 68 68 68 68 69 69 69 69 69 69 69 69 69 69 69 70 70 70 70 70 70 70 70 70 70 71 71 71 71 71 71 71 71 71 72 72 72 72 72 73 73 73 73 73 73 73 73 74 74 74 74 74 74 74 74 75 75 75 75 75 75 75 76 76 76 76 76 76 76 76 77 77 77 77 77 77 77 78 78 78 78 78 78 78 78 78 79 79 79 79 79 80 80 80 80 80 80 81 81 81 81 81 81 82 82 82 82 82 82 83 83 83 83 83 83 84 84 84 84 84 85 85 85 85 85 85 86 86 86 86 86 87 87 87 87 87 87 88 88 88 88 88 0 0 0 0 0 0 0 0 0 0 0 0 0 0 0 0 0 0 0 0 0 0 0 0 0 0 0 0 0 0 0 0 0 0 0 0 0 0 0 0 0 0 0 0 0 0 0 0 0 0 0 0 0 0 0 0 0 0 0 0 0 0 0 0 0 0 0 0 0 0 0 0 0 0 0 0 0 0 0 0 0 0 0 0 0 0 0 0 0 0 0 0 0 0 0 0 0 0 0 0 0 0 0 0 0 0 0 0 0 0 0 0 0 0 0 0 0 0 0 0 0 0 0 0 0 0 0 0 0 0 0 0 0 0 0 0 0 0 0 0 0 0 0 0 0 0 0 0 0 0 0 0 0 0 0 0 0 0 0 0 0 0 0 0 0 0 0 0 0 0 0 0 0 0 0 0 0 0 0 0 0 0 0 0 0 0 0 0 0 0 0 0 0 0 0 0 0 0 0 0 0 0 0 0 0 0 0 0 0 0 0 0 0 0 0 0 0 0 0 0 0 0 0 0 0 0 0 0 0 0 0 0 0 0 0 0 0 0 0 0 0 0 0 0 0 0 0 0 0 0 0 0 0 0 0 0 0 0 0 0 0 0 0 0 0 0 0 0 0 0 0 0 0 0 0 0 0 0 0 0 0 0 0 0 0 0 0 0 0 0 0 0 0 0 0 0 0 0 0 0 0 0 0 
0 0 0 0 0 0 0 0 0 0 0 0 0 0 0 0 0 0 0 0 0 0 64 64 64 64 64 64 64 64 64 65 65 65 65 65 65 65 65 65 65 65 66 67 67 67 67 67 67 67 67 67 67 68 68 68 68 68 68 68 68 68 68 68 69 69 69 69 69 69 69 69 69 69 70 70 70 70 70 70 70 70 70 70 70 71 71 71 71 71 71 71 72 72 72 72 72 72 73 73 73 73 73 73 73 73 73 74 74 74 74 74 74 74 75 75 75 75 75 75 75 76 76 76 76 76 76 76 76 77 77 77 77 77 77 77 78 78 78 78 78 78 78 78 78 79 79 79 79 79 80 80 80 80 80 80 81 81 81 81 81 81 82 82 82 82 82 82 83 83 83 83 83 83 84 84 84 84 84 85 85 85 85 85 86 86 86 86 86 86 87 87 87 87 87 88 88 88 88 88 0 0 0 0 0 0 0 0 0 0 0 0 0 0 0 0 0 0 0 0 0 0 0 0 0 0 0 0 0 0 0 0 0 0 0 0 0 0 0 0 0 0 0 0 0 0 0 0 0 0 0 0 0 0 0 0 0 0 0 0 0 0 0 0 0 0 0 0 0 0 0 0 0 0 0 0 0 0 0 0 0 0 0 0 0 0 0 0 0 0 0 0 0 0 0 0 0 0 0 0 0 0 0 0 0 0 0 0 0 0 0 0 0 0 0 0 0 0 0 0 0 0 0 0 0 0 0 0 0 0 0 0 0 0 0 0 0 0 0 0 0 0 0 0 0 0 0 0 0 0 0 0 0 0 0 0 0 0 0 0 0 0 0 0 0 0 0 0 0 0 0 0 0 0 0 0 0 0 0 0 0 0 0 0 0 0 0 0 0 0 0 0 0 0 0 0 0 0 0 0 0 0 0 0 0 0 0 0 0 0 0 0 0 0 0 0 0 0 0 0 0 0 0 0 0 0 0 0 0 0 0 0 0 0 0 0 0 0 0 0 0 0 0 0 0 0 0 0 0 0 0 0 0 0 0 0 0 0 0 0 0 0 0 0 0 0 0 0 0 0 0 0 0 0 0 0 0 0 0 0 0 0 0 0 0 0 0 0 0 0 0 0 0 0 0 0 0 0 0 0 0 0 0 
0 0 0 0 0 0 0 0 0 0 0 0 0 0 0 0 0 0 0 0 0 0 64 64 64 64 64 64 64 64 64 64 65 65 65 65 65 65 65 65 65 65 66 66 67 67 67 67 67 67 67 67 67 67 67 68 68 68 68 68 68 68 68 68 68 69 69 69 69 69 69 69 69 69 69 70 70 70 70 70 70 70 70 70 70 70 71 71 71 71 71 71 72 72 72 72 72 72 72 72 73 73 73 73 73 73 73 73 74 74 74 74 74 74 74 75 75 75 75 75 75 75 75 76 76 76 76 76 76 76 77 77 77 77 77 77 77 78 78 78 78 78 78 78 78 79 79 79 79 79 79 80 80 80 80 80 80 81 81 81 81 81 81 82 82 82 82 82 83 83 83 83 83 83 84 84 84 84 84 84 85 85 85 85 85 86 86 86 86 86 87 87 87 87 87 87 88 88 88 88 88 0 0 0 0 0 0 0 0 0 0 0 0 0 0 0 0 0 0 0 0 0 0 0 0 0 0 0 0 0 0 0 0 0 0 0 0 0 0 0 0 0 0 0 0 0 0 0 0 0 0 0 0 0 0 0 0 0 0 0 0 0 0 0 0 0 0 0 0 0 0 0 0 0 0 0 0 0 0 0 0 0 0 0 0 0 0 0 0 0 0 0 0 0 0 0 0 0 0 0 0 0 0 0 0 0 0 0 0 0 0 0 0 0 0 0 0 0 0 0 0 0 0 0 0 0 0 0 0 0 0 0 0 0 0 0 0 0 0 0 0 0 0 0 0 0 0 0 0 0 0 0 0 0 0 0 0 0 0 0 0 0 0 0 0 0 0 0 0 0 0 0 0 0 0 0 0 0 0 0 0 0 0 0 0 0 0 0 0 0 0 0 0 0 0 0 0 0 0 0 0 0 0 0 0 0 0 0 0 0 0 0 0 0 0 0 0 0 0 0 0 0 0 0 0 0 0 0 0 0 0 0 0 0 0 0 0 0 0 0 0 0 0 0 0 0 0 0 0 0 0 0 0 0 0 0 0 0 0 0 0 0 0 0 0 0 0 0 0 0 0 0 0 0 0 0 0 0 0 0 0 0 0 0 0 0 0 0 0 0 0 0 0 0 0 0 0 0 0 0 0 0 0 
0 0 0 0 0 0 0 0 0 0 63 63 63 63 63 0 0 0 0 64 64 0 0 64 64 64 64 64 64 64 64 64 64 64 65 65 65 65 65 65 65 65 66 66 66 67 67 67 67 67 67 67 67 67 67 68 68 68 68 68 68 68 68 68 68 68 69 69 69 69 69 69 69 69 69 69 69 70 70 70 70 70 70 70 70 70 70 71 71 71 71 71 71 72 72 72 72 72 72 72 72 73 73 73 73 73 73 73 73 74 74 74 74 74 74 74 74 75 75 75 75 75 75 75 76 76 76 76 76 76 76 77 77 77 77 77 77 77 78 78 78 78 78 78 78 78 79 79 79 79 79 79 80 80 80 80 80 80 81 81 81 81 81 81 82 82 82 82 82 83 83 83 83 83 83 84 84 84 84 84 84 85 85 85 85 85 86 86 86 86 86 87 87 87 87 87 87 88 88 88 88 0 0 0 0 0 0 0 0 0 0 0 0 0 0 0 0 0 0 0 0 0 0 0 0 0 0 0 0 0 0 0 0 0 0 0 0 0 0 0 0 0 0 0 0 0 0 0 0 0 0 0 0 0 0 0 0 0 0 0 0 0 0 0 0 0 0 0 0 0 0 0 0 0 0 0 0 0 0 0 0 0 0 0 0 0 0 0 0 0 0 0 0 0 0 0 0 0 0 0 0 0 0 0 0 0 0 0 0 0 0 0 0 0 0 0 0 0 0 0 0 0 0 0 0 0 0 0 0 0 0 0 0 0 0 0 0 0 0 0 0 0 0 0 0 0 0 0 0 0 0 0 0 0 0 0 0 0 0 0 0 0 0 0 0 0 0 0 0 0 0 0 0 0 0 0 0 0 0 0 0 0 0 0 0 0 0 0 0 0 0 0 0 0 0 0 0 0 0 0 0 0 0 0 0 0 0 0 0 0 0 0 0 0 0 0 0 0 0 0 0 0 0 0 0 0 0 0 0 0 0 0 0 0 0 0 0 0 0 0 0 0 0 0 0 0 0 0 0 0 0 0 0 0 0 0 0 0 0 0 0 0 0 0 0 0 0 0 0 0 0 0 0 0 0 0 0 0 0 0 0 0 0 0 0 0 0 0 0 0 0 0 0 0 0 0 0 0 0 0 0 0 0 
0 0 0 0 0 0 0 0 63 63 63 63 63 63 63 63 63 63 63 63 64 64 64 64 64 64 64 64 64 64 64 64 64 64 64 65 65 65 65 65 65 65 66 66 66 66 66 67 67 67 67 67 67 67 67 67 67 68 68 68 68 68 68 68 68 68 68 68 69 69 69 69 69 69 69 69 69 69 70 70 70 70 70 70 70 70 70 70 71 71 71 71 71 71 72 72 72 72 72 72 72 72 73 73 73 73 73 73 73 73 74 74 74 74 74 74 74 74 75 75 75 75 75 75 75 76 76 76 76 76 76 76 77 77 77 77 77 77 77 78 78 78 78 78 78 78 78 79 79 79 79 79 80 80 80 80 80 80 80 81 81 81 81 81 81 82 82 82 82 82 83 83 83 83 83 83 84 84 84 84 84 85 85 85 85 85 85 86 86 86 86 86 87 87 87 87 87 88 88 88 88 88 0 0 0 0 0 0 0 0 0 0 0 0 0 0 0 0 0 0 0 0 0 0 0 0 0 0 0 0 0 0 0 0 0 0 0 0 0 0 0 0 0 0 0 0 0 0 0 0 0 0 0 0 0 0 0 0 0 0 0 0 0 0 0 0 0 0 0 0 0 0 0 0 0 0 0 0 0 0 0 0 0 0 0 0 0 0 0 0 0 0 0 0 0 0 0 0 0 0 0 0 0 0 0 0 0 0 0 0 0 0 0 0 0 0 0 0 0 0 0 0 0 0 0 0 0 0 0 0 0 0 0 0 0 0 0 0 0 0 0 0 0 0 0 0 0 0 0 0 0 0 0 0 0 0 0 0 0 0 0 0 0 0 0 0 0 0 0 0 0 0 0 0 0 0 0 0 0 0 0 0 0 0 0 0 0 0 0 0 0 0 0 0 0 0 0 0 0 0 0 0 0 0 0 0 0 0 0 0 0 0 0 0 0 0 0 0 0 0 0 0 0 0 0 0 0 0 0 0 0 0 0 0 0 0 0 0 0 0 0 0 0 0 0 0 0 0 0 0 0 0 0 0 0 0 0 0 0 0 0 0 0 0 0 0 0 0 0 0 0 0 0 0 0 0 0 0 0 0 0 0 0 0 0 0 0 0 0 0 0 0 0 0 0 0 0 0 0 0 0 0 0 
62 0 0 0 0 0 62 63 63 63 63 63 63 63 63 63 63 63 63 63 63 63 64 64 64 64 64 64 64 64 64 64 64 64 64 64 65 65 65 65 65 65 66 66 66 66 66 66 67 67 67 67 67 67 67 67 67 67 68 68 68 68 68 68 68 68 68 68 68 69 69 69 69 69 69 69 69 69 69 70 70 70 70 70 70 70 70 70 70 71 71 71 71 71 71 72 72 72 72 72 72 72 72 73 73 73 73 73 73 73 73 74 74 74 74 74 74 74 74 75 75 75 75 75 75 75 76 76 76 76 76 76 76 77 77 77 77 77 77 77 78 78 78 78 78 78 78 79 79 79 79 79 79 80 80 80 80 80 80 80 81 81 81 81 81 82 82 82 82 82 82 83 83 83 83 83 84 84 84 84 84 84 85 85 85 85 85 86 86 86 86 86 86 87 87 87 87 87 88 88 88 88 0 0 0 0 0 0 0 0 0 0 0 0 0 0 0 0 0 0 0 0 0 0 0 0 0 0 0 0 0 0 0 0 0 0 0 0 0 0 0 0 0 0 0 0 0 0 0 0 0 0 0 0 0 0 0 0 0 0 0 0 0 0 0 0 0 0 0 0 0 0 0 0 0 0 0 0 0 0 0 0 0 0 0 0 0 0 0 0 0 0 0 0 0 0 0 0 0 0 0 0 0 0 0 0 0 0 0 0 0 0 0 0 0 0 0 0 0 0 0 0 0 0 0 0 0 0 0 0 0 0 0 0 0 0 0 0 0 0 0 0 0 0 0 0 0 0 0 0 0 0 0 0 0 0 0 0 0 0 0 0 0 0 0 0 0 0 0 0 0 0 0 0 0 0 0 0 0 0 0 0 0 0 0 0 0 0 0 0 0 0 0 0 0 0 0 0 0 0 0 0 0 0 0 0 0 0 0 0 0 0 0 0 0 0 0 0 0 0 0 0 0 0 0 0 0 0 0 0 0 0 0 0 0 0 0 0 0 0 0 0 0 0 0 0 0 0 0 0 0 0 0 0 0 0 0 0 0 0 0 0 0 0 0 0 0 0 0 0 0 0 0 0 0 0 0 0 0 0 0 0 0 0 0 0 0 0 0 0 0 0 0 0 0 0 0 0 0 0 0 0 0 
0 62 62 62 62 62 62 62 62 63 63 63 63 63 63 63 63 63 63 63 63 63 63 64 64 64 64 64 64 64 64 64 64 64 64 64 64 64 65 65 65 65 66 66 66 66 66 66 66 67 67 67 67 67 67 67 67 67 67 67 68 68 68 68 68 68 68 68 68 68 68 69 69 69 69 69 69 69 69 69 69 70 70 70 70 70 70 70 70 70 71 71 71 71 71 71 71 72 72 72 72 72 72 72 72 73 73 73 73 73 73 73 74 74 74 74 74 74 74 74 75 75 75 75 75 75 75 76 76 76 76 76 76 76 77 77 77 77 77 77 77 78 78 78 78 78 78 78 79 79 79 79 79 79 80 80 80 80 80 80 81 81 81 81 81 81 82 82 82 82 82 82 83 83 83 83 83 84 84 84 84 84 84 85 85 85 85 85 86 86 86 86 86 86 87 87 87 87 87 88 88 88 88 0 0 0 0 0 89 90 90 0 0 0 0 0 0 0 0 0 0 0 0 0 0 0 0 0 0 0 0 0 0 0 0 0 0 0 0 0 0 0 0 0 0 0 0 0 0 0 0 0 0 0 0 0 0 0 0 0 0 0 0 0 0 0 0 0 0 0 0 0 0 0 0 0 0 0 0 0 0 0 0 0 0 0 0 0 0 0 0 0 0 0 0 0 0 0 0 0 0 0 0 0 0 0 0 0 0 0 0 0 0 0 0 0 0 0 0 0 0 0 0 0 0 0 0 0 0 0 0 0 0 0 0 0 0 0 0 0 0 0 0 0 0 0 0 0 0 0 0 0 0 0 0 0 0 0 0 0 0 0 0 0 0 0 0 0 0 0 0 0 0 0 0 0 0 0 0 0 0 0 0 0 0 0 0 0 0 0 0 0 0 0 0 0 0 0 0 0 0 0 0 0 0 0 0 0 0 0 0 0 0 0 0 0 0 0 0 0 0 0 0 0 0 0 0 0 0 0 0 0 0 0 0 0 0 0 0 0 0 0 0 0 0 0 0 0 0 0 0 0 0 0 0 0 0 0 0 0 0 0 0 0 0 0 0 0 0 0 0 0 0 0 0 0 0 0 0 0 0 0 0 0 0 0 0 0 0 0 0 0 0 0 0 0 0 0 0 0 0 0 0 
0 62 62 62 62 62 62 62 62 62 63 63 63 63 63 63 63 63 63 63 63 63 63 63 64 64 64 64 64 64 64 64 64 64 64 64 64 64 64 65 65 65 66 66 66 66 66 66 66 66 66 67 67 67 67 67 67 67 67 67 67 67 68 68 68 68 68 68 68 68 68 68 69 69 69 69 69 69 69 69 69 69 70 70 70 70 70 70 70 70 70 70 71 71 71 71 71 71 72 72 72 72 72 72 72 72 73 73 73 73 73 73 73 73 74 74 74 74 74 74 74 75 75 75 75 75 75 75 76 76 76 76 76 76 76 77 77 77 77 77 77 77 77 78 78 78 78 78 78 79 79 79 79 79 79 80 80 80 80 80 80 80 81 81 81 81 81 82 82 82 82 82 83 83 83 83 83 83 84 84 84 84 84 85 85 85 85 85 85 86 86 86 86 86 87 87 87 87 87 88 88 88 88 88 0 0 89 89 89 90 90 0 0 0 0 0 0 0 0 0 0 0 0 0 0 0 0 0 0 0 0 0 0 0 0 0 0 0 0 0 0 0 0 0 0 0 0 0 0 0 0 0 0 0 0 0 0 0 0 0 0 0 0 0 0 0 0 0 0 0 0 0 0 0 0 0 0 0 0 0 0 0 0 0 0 0 0 0 0 0 0 0 0 0 0 0 0 0 0 0 0 0 0 0 0 0 0 0 0 0 0 0 0 0 0 0 0 0 0 0 0 0 0 0 0 0 0 0 0 0 0 0 0 0 0 0 0 0 0 0 0 0 0 0 0 0 0 0 0 0 0 0 0 0 0 0 0 0 0 0 0 0 0 0 0 0 0 0 0 0 0 0 0 0 0 0 0 0 0 0 0 0 0 0 0 0 0 0 0 0 0 0 0 0 0 0 0 0 0 0 0 0 0 0 0 0 0 0 0 0 0 0 0 0 0 0 0 0 0 0 0 0 0 0 0 0 0 0 0 0 0 0 0 0 0 0 0 0 0 0 0 0 0 0 0 0 0 0 0 0 0 0 0 0 0 0 0 0 0 0 0 0 0 0 0 0 0 0 0 0 0 0 0 0 0 0 0 0 0 0 0 0 0 0 0 0 0 0 0 0 0 0 0 0 0 0 0 0 0 0 0 0 0 
0 62 62 62 62 62 62 62 62 62 62 63 63 63 63 63 63 63 63 63 63 63 63 63 63 64 64 64 64 64 64 64 64 64 64 64 64 64 64 64 65 65 66 66 66 66 66 66 66 66 66 66 67 67 67 67 67 67 67 67 67 67 67 68 68 68 68 68 68 68 68 68 68 69 69 69 69 69 69 69 69 69 69 70 70 70 70 70 70 70 70 70 71 71 71 71 71 71 71 72 72 72 72 72 72 72 72 73 73 73 73 73 73 73 73 74 74 74 74 74 74 74 75 75 75 75 75 75 75 76 76 76 76 76 76 76 77 77 77 77 77 77 77 77 78 78 78 78 78 78 79 79 79 79 79 79 80 80 80 80 80 80 81 81 81 81 81 81 82 82 82 82 82 83 83 83 83 83 83 84 84 84 84 84 85 85 85 85 85 86 86 86 86 86 86 87 87 87 87 87 88 88 88 88 88 89 89 89 89 89 90 0 0 0 0 0 0 0 0 0 0 0 0 0 0 0 0 0 0 0 0 0 0 0 0 0 0 0 0 0 0 0 0 0 0 0 0 0 0 0 0 0 0 0 0 0 0 0 0 0 0 0 0 0 0 0 0 0 0 0 0 0 0 0 0 0 0 0 0 0 0 0 0 0 0 0 0 0 0 0 0 0 0 0 0 0 0 0 0 0 0 0 0 0 0 0 0 0 0 0 0 0 0 0 0 0 0 0 0 0 0 0 0 0 0 0 0 0 0 0 0 0 0 0 0 0 0 0 0 0 0 0 0 0 0 0 0 0 0 0 0 0 0 0 0 0 0 0 0 0 0 0 0 0 0 0 0 0 0 0 0 0 0 0 0 0 0 0 0 0 0 0 0 0 0 0 0 0 0 0 0 0 0 0 0 0 0 0 0 0 0 0 0 0 0 0 0 0 0 0 0 0 0 0 0 0 0 0 0 0 0 0 0 0 0 0 0 0 0 0 0 0 0 0 0 0 0 0 0 0 0 0 0 0 0 0 0 0 0 0 0 0 0 0 0 0 0 0 0 0 0 0 0 0 0 0 0 0 0 0 0 0 0 0 0 0 0 0 0 0 0 0 0 0 0 0 0 0 0 0 0 0 0 0 0 0 0 0 0 0 0 0 0 
0 0 62 62 62 62 62 62 62 62 62 62 63 63 63 63 63 63 63 63 63 63 63 63 63 63 63 64 64 64 64 64 64 64 64 64 64 64 64 64 64 64 66 66 66 66 66 66 66 66 66 66 66 67 67 67 67 67 67 67 67 67 67 67 68 68 68 68 68 68 68 68 68 68 68 69 69 69 69 69 69 69 69 69 69 70 70 70 70 70 70 70 71 71 71 71 71 71 71 71 72 72 72 72 72 72 72 72 73 73 73 73 73 73 73 73 74 74 74 74 74 74 74 75 75 75 75 75 75 75 76 76 76 76 76 76 76 77 77 77 77 77 77 77 77 78 78 78 78 78 79 79 79 79 79 79 79 80 80 80 80 80 80 81 81 81 81 81 81 82 82 82 82 82 83 83 83 83 83 84 84 84 84 84 84 85 85 85 85 85 86 86 86 86 86 86 87 87 87 87 87 88 88 88 88 89 89 89 89 89 90 0 0 0 0 0 0 0 0 0 0 0 0 0 0 0 0 0 0 0 0 0 0 0 0 0 0 0 0 0 0 0 0 0 0 0 0 0 0 0 0 0 0 0 0 0 0 0 0 0 0 0 0 0 0 0 0 0 0 0 0 0 0 0 0 0 0 0 0 0 0 0 0 0 0 0 0 0 0 0 0 0 0 0 0 0 0 0 0 0 0 0 0 0 0 0 0 0 0 0 0 0 0 0 0 0 0 0 0 0 0 0 0 0 0 0 0 0 0 0 0 0 0 0 0 0 0 0 0 0 0 0 0 0 0 0 0 0 0 0 0 0 0 0 0 0 0 0 0 0 0 0 0 0 0 0 0 0 0 0 0 0 0 0 0 0 0 0 0 0 0 0 0 0 0 0 0 0 0 0 0 0 0 0 0 0 0 0 0 0 0 0 0 0 0 0 0 0 0 0 0 0 0 0 0 0 0 0 0 0 0 0 0 0 0 0 0 0 0 0 0 0 0 0 0 0 0 0 0 0 0 0 0 0 0 0 0 0 0 0 0 0 0 0 0 0 0 0 0 0 0 0 0 0 0 0 0 0 0 0 0 0 0 0 0 0 0 0 0 0 0 0 0 0 0 0 0 0 0 0 0 0 0 0 0 0 0 0 0 0 0 0 0 
0 0 62 62 62 62 62 62 62 62 62 62 62 62 63 63 63 63 63 63 63 63 63 63 63 63 63 63 64 64 64 64 64 64 64 64 64 64 64 64 64 64 65 65 66 66 66 66 66 66 66 66 66 66 66 67 67 67 67 67 67 67 67 67 67 67 68 68 68 68 68 68 68 68 68 68 69 69 69 69 69 69 69 69 69 69 70 70 70 70 70 70 70 71 71 71 71 71 71 71 71 72 72 72 72 72 72 72 72 73 73 73 73 73 73 73 73 73 74 74 74 74 74 74 75 75 75 75 75 75 75 76 76 76 76 76 76 76 77 77 77 77 77 77 77 77 78 78 78 78 78 79 79 79 79 79 79 79 80 80 80 80 80 80 81 81 81 81 81 82 82 82 82 82 82 83 83 83 83 83 84 84 84 84 84 85 85 85 85 85 85 86 86 86 86 86 87 87 87 87 87 88 88 88 88 88 89 89 89 89 89 90 0 0 0 0 0 0 0 0 0 0 0 0 0 0 0 0 0 0 0 0 0 0 0 0 0 0 0 0 0 0 0 0 0 0 0 0 0 0 0 0 0 0 0 0 0 0 0 0 0 0 0 0 0 0 0 0 0 0 0 0 0 0 0 0 0 0 0 0 0 0 0 0 0 0 0 0 0 0 0 0 0 0 0 0 0 0 0 0 0 0 0 0 0 0 0 0 0 0 0 0 0 0 0 0 0 0 0 0 0 0 0 0 0 0 0 0 0 0 0 0 0 0 0 0 0 0 0 0 0 0 0 0 0 0 0 0 0 0 0 0 0 0 0 0 0 0 0 0 0 0 0 0 0 0 0 0 0 0 0 0 0 0 0 0 0 0 0 0 0 0 0 0 0 0 0 0 0 0 0 0 0 0 0 0 0 0 0 0 0 0 0 0 0 0 0 0 0 0 0 0 0 0 0 0 0 0 0 0 0 0 0 0 0 0 0 0 0 0 0 0 0 0 0 0 0 0 0 0 0 0 0 0 0 0 0 0 0 0 0 0 0 0 0 0 0 0 0 0 0 0 0 0 0 0 0 0 0 0 0 0 0 0 0 0 0 0 0 0 0 0 0 0 0 0 0 0 0 0 0 0 0 0 0 0 0 0 0 0 0 0 0 
0 0 0 0 62 62 62 62 62 62 62 62 62 62 62 63 63 63 63 63 63 63 63 63 63 63 63 63 63 63 64 64 64 64 64 64 64 64 64 64 64 64 65 65 65 66 66 66 66 66 66 66 66 66 66 66 67 67 67 67 67 67 67 67 67 67 67 68 68 68 68 68 68 68 68 68 68 68 69 69 69 69 69 69 69 69 69 70 70 70 70 70 70 70 71 71 71 71 71 71 71 71 72 72 72 72 72 72 72 72 73 73 73 73 73 73 73 73 73 74 74 74 74 74 74 75 75 75 75 75 75 75 76 76 76 76 76 76 76 77 77 77 77 77 77 77 77 78 78 78 78 78 78 79 79 79 79 79 79 80 80 80 80 80 81 81 81 81 81 81 82 82 82 82 82 82 83 83 83 83 83 84 84 84 84 84 85 85 85 85 85 86 86 86 86 86 86 87 87 87 87 87 88 88 88 88 88 89 89 89 89 90 90 90 90 90 0 0 0 0 0 0 0 0 0 0 0 0 0 0 0 0 0 0 0 0 0 0 0 0 0 0 0 0 0 0 0 0 0 0 0 0 0 0 0 0 0 0 0 0 0 0 0 0 0 0 0 0 0 0 0 0 0 0 0 0 0 0 0 0 0 0 0 0 0 0 0 0 0 0 0 0 0 0 0 0 0 0 0 0 0 0 0 0 0 0 0 0 0 0 0 0 0 0 0 0 0 0 0 0 0 0 0 0 0 0 0 0 0 0 0 0 0 0 0 0 0 0 0 0 0 0 0 0 0 0 0 0 0 0 0 0 0 0 0 0 0 0 0 0 0 0 0 0 0 0 0 0 0 0 0 0 0 0 0 0 0 0 0 0 0 0 0 0 0 0 0 0 0 0 0 0 0 0 0 0 0 0 0 0 0 0 0 0 0 0 0 0 0 0 0 0 0 0 0 0 0 0 0 0 0 0 0 0 0 0 0 0 0 0 0 0 0 0 0 0 0 0 0 0 0 0 0 0 0 0 0 0 0 0 0 0 0 0 0 0 0 0 0 0 0 0 0 0 0 0 0 0 0 0 0 0 0 0 0 0 0 0 0 0 0 0 0 0 0 0 0 0 0 0 0 0 0 0 0 0 0 0 0 0 0 0 0 
0 0 0 0 0 62 62 62 62 62 62 62 62 62 62 62 62 63 63 63 63 63 63 63 63 63 63 63 63 63 63 64 64 64 64 64 64 64 64 64 64 64 65 65 65 65 65 66 66 66 66 66 66 66 66 66 66 66 67 67 67 67 67 67 67 67 67 67 68 68 68 68 68 68 68 68 68 68 68 68 69 69 69 69 69 69 69 69 69 70 70 70 70 70 70 70 71 71 71 71 71 71 71 71 72 72 72 72 72 72 72 72 73 73 73 73 73 73 73 73 74 74 74 74 74 74 74 75 75 75 75 75 75 75 76 76 76 76 76 76 77 77 77 77 77 77 77 78 78 78 78 78 78 78 79 79 79 79 79 79 80 80 80 80 80 81 81 81 81 81 81 82 82 82 82 82 83 83 83 83 83 83 84 84 84 84 84 85 85 85 85 85 86 86 86 86 86 87 87 87 87 87 88 88 88 88 88 89 89 89 89 89 90 90 90 90 90 0 0 0 0 0 0 0 0 0 0 0 0 0 0 0 0 0 0 0 0 0 0 0 0 0 0 0 0 0 0 0 0 0 0 0 0 0 0 0 0 0 0 0 0 0 0 0 0 0 0 0 0 0 0 0 0 0 0 0 0 0 0 0 0 0 0 0 0 0 0 0 0 0 0 0 0 0 0 0 0 0 0 0 0 0 0 0 0 0 0 0 0 0 0 0 0 0 0 0 0 0 0 0 0 0 0 0 0 0 0 0 0 0 0 0 0 0 0 0 0 0 0 0 0 0 0 0 0 0 0 0 0 0 0 0 0 0 0 0 0 0 0 0 0 0 0 0 0 0 0 0 0 0 0 0 0 0 0 0 0 0 0 0 0 0 0 0 0 0 0 0 0 0 0 0 0 0 0 0 0 0 0 0 0 0 0 0 0 0 0 0 0 0 0 0 0 0 0 0 0 0 0 0 0 0 0 0 0 0 0 0 0 0 0 0 0 0 0 0 0 0 0 0 0 0 0 0 0 0 0 0 0 0 0 0 0 0 0 0 0 0 0 0 0 0 0 0 0 0 0 0 0 0 0 0 0 0 0 0 0 0 0 0 0 0 0 0 0 0 0 0 0 0 0 0 0 0 0 0 0 0 0 0 0 0 0 
0 0 0 0 0 61 62 62 62 62 62 62 62 62 62 62 62 62 63 63 63 63 63 63 63 63 63 63 63 63 63 63 63 64 64 64 64 64 64 64 64 64 65 65 65 65 65 65 65 66 66 66 66 66 66 66 66 66 66 67 67 67 67 67 67 67 67 67 67 67 68 68 68 68 68 68 68 68 68 68 68 69 69 69 69 69 69 69 69 69 70 70 70 70 70 70 70 70 71 71 71 71 71 71 71 72 72 72 72 72 72 72 72 73 73 73 73 73 73 73 73 74 74 74 74 74 74 74 75 75 75 75 75 75 75 76 76 76 76 76 76 77 77 77 77 77 77 77 78 78 78 78 78 78 78 79 79 79 79 79 80 80 80 80 80 80 81 81 81 81 81 81 82 82 82 82 82 83 83 83 83 83 83 84 84 84 84 84 85 85 85 85 85 86 86 86 86 86 87 87 87 87 87 88 88 88 88 88 89 89 89 89 89 90 90 90 90 91 0 0 0 0 0 0 0 0 0 0 0 0 0 0 0 0 0 0 0 0 0 0 0 0 0 0 0 0 0 0 0 0 0 0 0 0 0 0 0 0 0 0 0 0 0 0 0 0 0 0 0 0 0 0 0 0 0 0 0 0 0 0 0 0 0 0 0 0 0 0 0 0 0 0 0 0 0 0 0 0 0 0 0 0 0 0 0 0 0 0 0 0 0 0 0 0 0 0 0 0 0 0 0 0 0 0 0 0 0 0 0 0 0 0 0 0 0 0 0 0 0 0 0 0 0 0 0 0 0 0 0 0 0 0 0 0 0 0 0 0 0 0 0 0 0 0 0 0 0 0 0 0 0 0 0 0 0 0 0 0 0 0 0 0 0 0 0 0 0 0 0 0 0 0 0 0 0 0 0 0 0 0 0 0 0 0 0 0 0 0 0 0 0 0 0 0 0 0 0 0 0 0 0 0 0 0 0 0 0 0 0 0 0 0 0 0 0 0 0 0 0 0 0 0 0 0 0 0 0 0 0 0 0 0 0 0 0 0 0 0 0 0 0 0 0 0 0 0 0 0 0 0 0 0 0 0 0 0 0 0 0 0 0 0 0 0 0 0 0 0 0 0 0 0 0 0 0 0 0 0 0 0 0 0 0 
0 0 0 0 0 61 62 62 62 62 62 62 62 62 62 62 62 62 62 62 63 63 63 63 63 63 63 63 63 63 63 63 63 63 64 64 64 64 64 64 64 64 65 65 65 65 65 65 65 65 66 66 66 66 66 66 66 66 66 66 66 67 67 67 67 67 67 67 67 67 67 68 68 68 68 68 68 68 68 68 68 68 69 69 69 69 69 69 69 69 69 70 70 70 70 70 70 70 70 71 71 71 71 71 71 71 72 72 72 72 72 72 72 72 73 73 73 73 73 73 73 73 74 74 74 74 74 74 74 75 75 75 75 75 75 75 76 76 76 76 76 76 76 77 77 77 77 77 77 78 78 78 78 78 78 79 79 79 79 79 79 80 80 80 80 80 80 81 81 81 81 81 82 82 82 82 82 82 83 83 83 83 83 84 84 84 84 84 85 85 85 85 85 85 86 86 86 86 86 87 87 87 87 87 88 88 88 88 89 89 89 89 89 90 90 90 90 90 91 91 0 0 0 0 0 0 0 0 0 0 0 0 0 0 0 0 0 0 0 0 0 0 0 0 0 0 0 0 0 0 0 0 0 0 0 0 0 0 0 0 0 0 0 0 0 0 0 0 0 0 0 0 0 0 0 0 0 0 0 0 0 0 0 0 0 0 0 0 0 0 0 0 0 0 0 0 0 0 0 0 0 0 0 0 0 0 0 0 0 0 0 0 0 0 0 0 0 0 0 0 0 0 0 0 0 0 0 0 0 0 0 0 0 0 0 0 0 0 0 0 0 0 0 0 0 0 0 0 0 0 0 0 0 0 0 0 0 0 0 0 0 0 0 0 0 0 0 0 0 0 0 0 0 0 0 0 0 0 0 0 0 0 0 0 0 0 0 0 0 0 0 0 0 0 0 0 0 0 0 0 0 0 0 0 0 0 0 0 0 0 0 0 0 0 0 0 0 0 0 0 0 0 0 0 0 0 0 0 0 0 0 0 0 0 0 0 0 0 0 0 0 0 0 0 0 0 0 0 0 0 0 0 0 0 0 0 0 0 0 0 0 0 0 0 0 0 0 0 0 0 0 0 0 0 0 0 0 0 0 0 0 0 0 0 0 0 0 0 0 0 0 0 0 0 0 0 0 0 0 0 0 0 0 
0 0 0 0 0 61 61 61 61 61 62 62 62 62 62 62 62 62 62 62 62 62 62 62 62 62 63 63 63 63 63 63 63 63 63 63 63 63 63 63 64 64 65 65 65 65 65 65 65 65 65 65 65 65 66 66 66 66 66 66 66 66 66 66 66 67 67 67 67 67 67 67 67 67 67 67 68 68 68 68 68 68 68 68 68 68 69 69 69 69 69 69 70 70 70 70 70 70 70 70 71 71 71 71 71 71 71 71 72 72 72 72 72 72 72 72 72 73 73 73 73 73 73 73 74 74 74 74 74 74 74 75 75 75 75 75 75 75 76 76 76 76 76 76 76 76 76 76 77 77 77 77 77 77 78 78 78 78 78 78 79 79 79 79 79 79 80 80 80 80 80 80 81 81 81 81 81 82 82 82 82 82 83 83 83 83 83 83 84 84 84 84 87 87 87 88 88 88 88 88 89 89 89 89 89 90 90 90 90 91 91 91 91 91 92 92 92 92 92 93 93 0 0 0 0 0 0 0 0 0 0 0 0 0 0 0 0 0 0 0 0 0 0 0 0 0 0 0 0 0 0 0 0 0 0 0 0 0 0 0 0 0 0 0 0 0 0 0 0 0 0 0 0 0 0 0 0 0 0 0 0 0 0 0 0 0 0 0 0 0 0 0 0 0 0 0 0 0 0 0 0 0 0 0 0 0 0 0 0 0 0 0 0 0 0 0 0 0 0 0 0 0 0 0 0 0 0 0 0 0 0 0 0 0 0 0 0 0 0 0 0 0 0 0 0 0 0 0 0 0 0 0 0 0 0 0 0 0 0 0 0 0 0 0 0 0 0 0 0 0 0 0 0 0 0 0 0 0 0 0 0 0 0 0 0 0 0 0 0 0 0 0 0 0 0 0 0 0 0 0 0 0 0 0 0 0 0 0 0 0 0 0 0 0 0 0 0 0 0 0 0 0 0 0 0 0 0 0 0 0 0 0 0 0 0 0 0 0 0 0 0 0 0 0 0 0 0 0 0 0 0 0 0 0 0 0 0 0 0 0 0 0 0 0 0 0 0 0 0 0 0 0 0 0 0 0 0 0 0 0 0 0 0 0 0 0 0 0 0 0 0 0 0 0 0 0 0 0 0 0 0 0 0 
0 0 0 0 61 61 61 61 61 61 61 62 62 62 62 62 62 62 62 62 62 62 62 62 62 62 62 63 63 63 63 63 63 63 63 63 63 63 63 63 63 63 65 65 65 65 65 65 65 65 65 65 65 65 65 66 66 66 66 66 66 66 66 66 66 66 67 67 67 67 67 67 67 67 67 67 67 68 68 68 68 68 68 68 68 68 68 69 69 69 69 69 70 70 70 70 70 70 70 70 70 71 71 71 71 71 71 71 71 72 72 72 72 72 72 72 72 72 73 73 73 73 73 73 73 74 74 74 74 74 74 74 75 75 75 75 75 75 75 76 76 76 76 76 76 76 76 76 77 77 77 77 77 77 77 78 78 78 78 78 78 79 79 79 79 79 79 80 80 80 80 80 81 81 81 81 81 81 82 82 82 82 82 83 83 83 83 83 84 84 84 84 87 87 87 87 88 88 88 88 88 89 89 89 89 90 90 90 90 90 91 91 91 91 91 92 92 92 92 93 93 0 0 0 0 0 0 0 0 0 0 0 0 0 0 0 0 0 0 0 0 0 0 0 0 0 0 0 0 0 0 0 0 0 0 0 0 0 0 0 0 0 0 0 0 0 0 0 0 0 0 0 0 0 0 0 0 0 0 0 0 0 0 0 0 0 0 0 0 0 0 0 0 0 0 0 0 0 0 0 0 0 0 0 0 0 0 0 0 0 0 0 0 0 0 0 0 0 0 0 0 0 0 0 0 0 0 0 0 0 0 0 0 0 0 0 0 0 0 0 0 0 0 0 0 0 0 0 0 0 0 0 0 0 0 0 0 0 0 0 0 0 0 0 0 0 0 0 0 0 0 0 0 0 0 0 0 0 0 0 0 0 0 0 0 0 0 0 0 0 0 0 0 0 0 0 0 0 0 0 0 0 0 0 0 0 0 0 0 0 0 0 0 0 0 0 0 0 0 0 0 0 0 0 0 0 0 0 0 0 0 0 0 0 0 0 0 0 0 0 0 0 0 0 0 0 0 0 0 0 0 0 0 0 0 0 0 0 0 0 0 0 0 0 0 0 0 0 0 0 0 0 0 0 0 0 0 0 0 0 0 0 0 0 0 0 0 0 0 0 0 0 0 0 0 0 0 0 0 0 0 0 0 
0 0 0 0 61 61 61 61 61 61 61 61 61 62 62 62 62 62 62 62 62 62 62 62 62 62 62 62 63 63 63 63 63 63 63 63 63 63 63 63 63 63 64 64 65 65 65 65 65 65 65 65 65 65 65 65 65 66 66 66 66 66 66 66 66 66 66 67 67 67 67 67 67 67 67 67 67 67 68 68 68 68 68 68 68 68 68 68 68 69 69 69 69 69 70 70 70 70 70 70 70 70 71 71 71 71 71 71 71 71 71 72 72 72 72 72 72 72 72 73 73 73 73 73 73 73 74 74 74 74 74 74 74 75 75 75 75 75 75 75 76 76 75 76 76 76 76 76 76 77 77 77 77 77 77 77 78 78 78 78 78 78 79 79 79 79 79 80 80 80 80 80 80 81 81 81 81 81 81 82 82 82 82 82 83 83 83 83 83 84 84 84 87 87 87 87 87 88 88 88 88 89 89 89 89 89 90 90 90 90 90 91 91 91 91 92 92 92 92 92 0 0 0 0 0 0 0 0 0 0 0 0 0 0 0 0 0 0 0 0 0 0 0 0 0 0 0 0 0 0 0 0 0 0 0 0 0 0 0 0 0 0 0 0 0 0 0 0 0 0 0 0 0 0 0 0 0 0 0 0 0 0 0 0 0 0 0 0 0 0 0 0 0 0 0 0 0 0 0 0 0 0 0 0 0 0 0 0 0 0 0 0 0 0 0 0 0 0 0 0 0 0 0 0 0 0 0 0 0 0 0 0 0 0 0 0 0 0 0 0 0 0 0 0 0 0 0 0 0 0 0 0 0 0 0 0 0 0 0 0 0 0 0 0 0 0 0 0 0 0 0 0 0 0 0 0 0 0 0 0 0 0 0 0 0 0 0 0 0 0 0 0 0 0 0 0 0 0 0 0 0 0 0 0 0 0 0 0 0 0 0 0 0 0 0 0 0 0 0 0 0 0 0 0 0 0 0 0 0 0 0 0 0 0 0 0 0 0 0 0 0 0 0 0 0 0 0 0 0 0 0 0 0 0 0 0 0 0 0 0 0 0 0 0 0 0 0 0 0 0 0 0 0 0 0 0 0 0 0 0 0 0 0 0 0 0 0 0 0 0 0 0 0 0 0 0 0 0 0 0 0 0 0 
0 0 0 0 61 61 61 61 61 61 61 61 61 61 61 62 62 62 62 62 62 62 62 62 62 62 62 62 62 62 63 63 63 63 63 63 63 63 63 63 63 63 64 64 64 65 65 65 65 65 65 65 65 65 65 65 65 65 66 66 66 66 66 66 66 66 66 66 66 67 67 67 67 67 67 67 67 67 67 67 68 68 68 68 68 68 68 68 68 68 69 69 69 69 69 70 70 70 70 70 70 70 70 71 71 71 71 71 71 71 71 71 72 72 72 72 72 72 72 72 73 73 73 73 73 73 73 74 74 74 74 74 74 74 74 75 75 75 75 75 75 76 75 75 76 76 76 76 76 76 77 77 77 77 77 77 77 78 78 78 78 78 78 79 79 79 79 79 80 80 80 80 80 80 81 81 81 81 81 82 82 82 82 82 82 83 83 83 83 83 84 84 87 87 87 87 87 88 88 88 88 88 89 89 89 89 89 90 90 90 90 91 91 91 91 91 92 92 92 92 93 0 0 0 0 0 0 0 0 0 0 0 0 0 0 0 0 0 0 0 0 0 0 0 0 0 0 0 0 0 0 0 0 0 0 0 0 0 0 0 0 0 0 0 0 0 0 0 0 0 0 0 0 0 0 0 0 0 0 0 0 0 0 0 0 0 0 0 0 0 0 0 0 0 0 0 0 0 0 0 0 0 0 0 0 0 0 0 0 0 0 0 0 0 0 0 0 0 0 0 0 0 0 0 0 0 0 0 0 0 0 0 0 0 0 0 0 0 0 0 0 0 0 0 0 0 0 0 0 0 0 0 0 0 0 0 0 0 0 0 0 0 0 0 0 0 0 0 0 0 0 0 0 0 0 0 0 0 0 0 0 0 0 0 0 0 0 0 0 0 0 0 0 0 0 0 0 0 0 0 0 0 0 0 0 0 0 0 0 0 0 0 0 0 0 0 0 0 0 0 0 0 0 0 0 0 0 0 0 0 0 0 0 0 0 0 0 0 0 0 0 0 0 0 0 0 0 0 0 0 0 0 0 0 0 0 0 0 0 0 0 0 0 0 0 0 0 0 0 0 0 0 0 0 0 0 0 0 0 0 0 0 0 0 0 0 0 0 0 0 0 0 0 0 0 0 0 0 0 0 0 0 0 
0 0 0 0 61 61 61 61 61 61 61 61 61 61 61 61 62 62 62 62 62 62 62 62 62 62 62 62 62 62 62 63 63 63 63 63 63 63 63 63 63 63 64 64 64 64 64 65 65 65 65 65 65 65 65 65 65 65 65 65 66 66 66 66 66 66 66 66 66 66 67 67 67 67 67 67 67 67 67 67 67 68 68 68 68 68 68 68 68 68 68 68 69 69 69 69 69 70 70 70 70 70 70 70 70 71 71 71 71 71 71 71 71 72 72 72 72 72 72 72 72 72 73 73 73 73 73 73 74 74 74 74 74 74 74 74 75 75 75 75 75 75 75 75 75 76 76 76 76 76 76 77 77 77 77 77 77 78 78 78 78 78 78 78 79 79 79 79 79 80 80 80 80 80 80 81 81 81 81 81 82 82 82 82 82 83 83 83 83 83 84 84 86 87 87 87 87 87 88 88 88 88 88 89 89 89 89 90 90 90 90 90 91 91 91 91 92 92 92 92 92 0 0 93 0 0 0 0 0 0 0 0 0 0 0 0 0 0 0 0 0 0 0 0 0 0 0 0 0 0 0 0 0 0 0 0 0 0 0 0 0 0 0 0 0 0 0 0 0 0 0 0 0 0 0 0 0 0 0 0 0 0 0 0 0 0 0 0 0 0 0 0 0 0 0 0 0 0 0 0 0 0 0 0 0 0 0 0 0 0 0 0 0 0 0 0 0 0 0 0 0 0 0 0 0 0 0 0 0 0 0 0 0 0 0 0 0 0 0 0 0 0 0 0 0 0 0 0 0 0 0 0 0 0 0 0 0 0 0 0 0 0 0 0 0 0 0 0 0 0 0 0 0 0 0 0 0 0 0 0 0 0 0 0 0 0 0 0 0 0 0 0 0 0 0 0 0 0 0 0 0 0 0 0 0 0 0 0 0 0 0 0 0 0 0 0 0 0 0 0 0 0 0 0 0 0 0 0 0 0 0 0 0 0 0 0 0 0 0 0 0 0 0 0 0 0 0 0 0 0 0 0 0 0 0 0 0 0 0 0 0 0 0 0 0 0 0 0 0 0 0 0 0 0 0 0 0 0 0 0 0 0 0 0 0 0 0 0 0 0 0 0 0 0 0 0 0 0 0 0 0 0 0 
0 0 0 0 0 61 61 61 61 61 61 61 61 61 61 61 61 62 62 62 62 62 62 62 62 62 62 62 62 62 62 62 62 63 63 63 63 63 63 63 63 63 64 64 64 64 64 64 64 65 65 65 65 65 65 65 65 65 65 65 65 66 66 66 66 66 66 66 66 66 66 66 67 67 67 67 67 67 67 67 67 67 68 68 68 68 68 68 68 68 68 68 69 69 69 69 69 69 70 70 70 70 70 70 70 70 71 71 71 71 71 71 71 71 71 72 72 72 72 72 72 72 72 73 73 73 73 73 73 73 74 74 74 74 74 74 74 75 75 75 75 75 75 75 75 75 76 76 76 76 76 76 77 77 77 77 77 77 78 78 78 78 78 78 79 79 79 79 79 79 80 80 80 80 80 81 81 81 81 81 81 82 82 82 82 82 83 83 83 83 83 84 86 86 87 87 87 87 88 88 88 88 88 89 89 89 89 89 90 90 90 90 91 91 91 91 91 92 92 92 92 93 93 93 0 0 0 0 0 0 0 0 0 0 0 0 0 0 0 0 0 0 0 0 0 0 0 0 0 0 0 0 0 0 0 0 0 0 0 0 0 0 0 0 0 0 0 0 0 0 0 0 0 0 0 0 0 0 0 0 0 0 0 0 0 0 0 0 0 0 0 0 0 0 0 0 0 0 0 0 0 0 0 0 0 0 0 0 0 0 0 0 0 0 0 0 0 0 0 0 0 0 0 0 0 0 0 0 0 0 0 0 0 0 0 0 0 0 0 0 0 0 0 0 0 0 0 0 0 0 0 0 0 0 0 0 0 0 0 0 0 0 0 0 0 0 0 0 0 0 0 0 0 0 0 0 0 0 0 0 0 0 0 0 0 0 0 0 0 0 0 0 0 0 0 0 0 0 0 0 0 0 0 0 0 0 0 0 0 0 0 0 0 0 0 0 0 0 0 0 0 0 0 0 0 0 0 0 0 0 0 0 0 0 0 0 0 0 0 0 0 0 0 0 0 0 0 0 0 0 0 0 0 0 0 0 0 0 0 0 0 0 0 0 0 0 0 0 0 0 0 0 0 0 0 0 0 0 0 0 0 0 0 0 0 0 0 0 0 0 0 0 0 0 0 0 0 0 0 0 0 0 0 
0 0 0 0 0 0 0 0 61 61 61 61 61 61 61 61 61 61 61 62 62 62 62 62 62 62 62 62 62 62 62 62 62 62 62 63 63 63 63 63 63 63 64 64 64 64 64 64 64 64 65 65 65 65 65 65 65 65 65 65 65 65 65 66 66 66 66 66 66 66 66 66 66 67 67 67 67 67 67 67 67 67 67 67 68 68 68 68 68 68 68 68 69 69 69 69 69 69 69 70 70 70 70 70 70 70 70 71 71 71 71 71 71 71 71 71 72 72 72 72 72 72 72 72 73 73 73 73 73 73 73 74 74 74 74 74 74 74 75 75 75 75 75 75 75 75 75 76 76 76 76 76 76 77 77 77 77 77 77 78 78 78 78 78 78 79 79 79 79 79 79 80 80 80 80 80 81 81 81 81 81 82 82 82 82 82 82 83 83 83 83 83 86 86 87 87 87 87 87 88 88 88 88 88 89 89 89 89 90 90 90 90 90 91 91 91 91 92 92 92 92 92 93 93 93 0 0 0 0 0 0 0 0 0 0 0 96 96 96 0 0 0 0 0 0 0 0 0 0 0 0 0 0 0 0 0 0 0 0 0 0 0 0 0 0 0 0 0 0 0 0 0 0 0 0 0 0 0 0 0 0 0 0 0 0 0 0 0 0 0 0 0 0 0 0 0 0 0 0 0 0 0 0 0 0 0 0 0 0 0 0 0 0 0 0 0 0 0 0 0 0 0 0 0 0 0 0 0 0 0 0 0 0 0 0 0 0 0 0 0 0 0 0 0 0 0 0 0 0 0 0 0 0 0 0 0 0 0 0 0 0 0 0 0 0 0 0 0 0 0 0 0 0 0 0 0 0 0 0 0 0 0 0 0 0 0 0 0 0 0 0 0 0 0 0 0 0 0 0 0 0 0 0 0 0 0 0 0 0 0 0 0 0 0 0 0 0 0 0 0 0 0 0 0 0 0 0 0 0 0 0 0 0 0 0 0 0 0 0 0 0 0 0 0 0 0 0 0 0 0 0 0 0 0 0 0 0 0 0 0 0 0 0 0 0 0 0 0 0 0 0 0 0 0 0 0 0 0 0 0 0 0 0 0 0 0 0 0 0 0 0 0 0 0 0 0 0 0 0 0 0 0 0 
0 0 0 0 0 0 0 0 0 61 61 61 61 61 61 61 61 61 61 61 61 62 62 62 62 62 62 62 62 62 62 62 62 62 62 62 63 63 63 63 63 63 64 64 64 64 64 64 64 64 64 64 65 65 65 65 65 65 65 65 65 65 65 65 66 66 66 66 66 66 66 66 66 66 67 67 67 67 67 67 67 67 67 67 67 68 68 68 68 68 68 68 68 69 69 69 69 69 69 69 70 70 70 70 70 70 70 70 70 71 71 71 71 71 71 71 71 72 72 72 72 72 72 72 72 73 73 73 73 73 73 73 74 74 74 74 74 74 74 75 75 75 75 75 75 75 75 75 76 76 76 76 76 76 77 77 77 77 77 77 78 78 78 78 78 78 79 79 79 79 79 80 80 80 80 80 80 81 81 81 81 81 82 82 82 82 82 83 83 83 83 83 86 86 86 87 87 87 87 87 88 88 88 88 89 89 89 89 89 90 90 90 90 91 91 91 91 91 92 92 92 92 93 93 93 0 0 0 0 0 0 0 0 0 0 96 96 96 96 97 97 0 0 0 0 0 0 0 0 0 0 0 0 0 0 0 0 0 0 0 0 0 0 0 0 0 0 0 0 0 0 0 0 0 0 0 0 0 0 0 0 0 0 0 0 0 0 0 0 0 0 0 0 0 0 0 0 0 0 0 0 0 0 0 0 0 0 0 0 0 0 0 0 0 0 0 0 0 0 0 0 0 0 0 0 0 0 0 0 0 0 0 0 0 0 0 0 0 0 0 0 0 0 0 0 0 0 0 0 0 0 0 0 0 0 0 0 0 0 0 0 0 0 0 0 0 0 0 0 0 0 0 0 0 0 0 0 0 0 0 0 0 0 0 0 0 0 0 0 0 0 0 0 0 0 0 0 0 0 0 0 0 0 0 0 0 0 0 0 0 0 0 0 0 0 0 0 0 0 0 0 0 0 0 0 0 0 0 0 0 0 0 0 0 0 0 0 0 0 0 0 0 0 0 0 0 0 0 0 0 0 0 0 0 0 0 0 0 0 0 0 0 0 0 0 0 0 0 0 0 0 0 0 0 0 0 0 0 0 0 0 0 0 0 0 0 0 0 0 0 0 0 0 0 0 0 0 0 0 0 0 0 0 
0 0 0 0 0 0 0 0 0 61 61 61 61 61 61 61 61 61 61 61 61 61 61 62 62 62 62 62 62 62 62 62 62 62 62 62 62 62 63 63 63 63 64 64 64 64 64 64 64 64 64 64 64 64 65 65 65 65 65 65 65 65 65 65 65 66 66 66 66 66 66 66 66 66 66 66 67 67 67 67 67 67 67 67 67 67 67 68 68 68 68 68 68 68 69 69 69 69 69 69 69 70 70 70 70 70 70 70 70 70 71 71 71 71 71 71 71 71 71 72 72 72 72 72 72 72 73 73 73 73 73 73 73 74 74 74 74 74 74 74 75 75 75 75 75 75 75 75 76 76 76 76 76 76 76 77 77 77 77 77 77 78 78 78 78 78 79 79 79 79 79 79 80 80 80 80 80 81 81 81 81 81 81 82 82 82 82 82 83 83 83 83 86 86 86 86 87 87 87 87 88 88 88 88 88 89 89 89 89 89 90 90 90 90 91 91 91 91 92 92 92 92 92 93 93 0 0 0 0 0 0 0 0 0 0 96 96 96 96 96 0 0 0 0 0 0 0 0 0 0 0 0 0 0 0 0 0 0 0 0 0 0 0 0 0 0 0 0 0 0 0 0 0 0 0 0 0 0 0 0 0 0 0 0 0 0 0 0 0 0 0 0 0 0 0 0 0 0 0 0 0 0 0 0 0 0 0 0 0 0 0 0 0 0 0 0 0 0 0 0 0 0 0 0 0 0 0 0 0 0 0 0 0 0 0 0 0 0 0 0 0 0 0 0 0 0 0 0 0 0 0 0 0 0 0 0 0 0 0 0 0 0 0 0 0 0 0 0 0 0 0 0 0 0 0 0 0 0 0 0 0 0 0 0 0 0 0 0 0 0 0 0 0 0 0 0 0 0 0 0 0 0 0 0 0 0 0 0 0 0 0 0 0 0 0 0 0 0 0 0 0 0 0 0 0 0 0 0 0 0 0 0 0 0 0 0 0 0 0 0 0 0 0 0 0 0 0 0 0 0 0 0 0 0 0 0 0 0 0 0 0 0 0 0 0 0 0 0 0 0 0 0 0 0 0 0 0 0 0 0 0 0 0 0 0 0 0 0 0 0 0 0 0 0 0 0 0 0 0 0 0 0 0 
0 0 0 0 0 0 0 0 0 61 61 61 61 61 61 61 61 61 61 61 61 61 61 61 62 62 62 62 62 62 62 62 62 62 62 62 62 62 62 63 63 63 64 64 64 64 64 64 64 64 64 64 64 64 64 65 65 65 65 65 65 65 65 65 65 65 65 66 66 66 66 66 66 66 66 66 66 67 67 67 67 67 67 67 67 67 67 67 68 68 68 68 68 68 68 69 69 69 69 69 69 69 70 70 70 70 70 70 70 70 70 71 71 71 71 71 71 71 71 72 72 72 72 72 72 72 72 73 73 73 73 73 73 73 74 74 74 74 74 74 74 75 74 75 75 75 75 75 75 76 76 76 76 76 76 76 77 77 77 77 77 77 78 78 78 78 78 79 79 79 79 79 79 80 80 80 80 80 81 81 81 81 81 82 82 82 82 82 82 83 83 83 86 86 86 86 87 87 87 87 87 88 88 88 88 89 89 89 89 89 90 90 90 90 90 91 91 91 91 92 92 92 92 93 93 93 0 0 0 94 94 94 95 95 95 95 96 96 96 96 0 0 0 0 0 0 0 0 0 0 0 0 0 0 0 0 0 0 0 0 0 0 0 0 0 0 0 0 0 0 0 0 0 0 0 0 0 0 0 0 0 0 0 0 0 0 0 0 0 0 0 0 0 0 0 0 0 0 0 0 0 0 0 0 0 0 0 0 0 0 0 0 0 0 0 0 0 0 0 0 0 0 0 0 0 0 0 0 0 0 0 0 0 0 0 0 0 0 0 0 0 0 0 0 0 0 0 0 0 0 0 0 0 0 0 0 0 0 0 0 0 0 0 0 0 0 0 0 0 0 0 0 0 0 0 0 0 0 0 0 0 0 0 0 0 0 0 0 0 0 0 0 0 0 0 0 0 0 0 0 0 0 0 0 0 0 0 0 0 0 0 0 0 0 0 0 0 0 0 0 0 0 0 0 0 0 0 0 0 0 0 0 0 0 0 0 0 0 0 0 0 0 0 0 0 0 0 0 0 0 0 0 0 0 0 0 0 0 0 0 0 0 0 0 0 0 0 0 0 0 0 0 0 0 0 0 0 0 0 0 0 0 0 0 0 0 0 0 0 0 0 0 0 0 0 0 0 0 0 0 0 0 0 
0 0 0 0 0 0 0 0 0 0 61 61 61 61 61 61 61 61 61 61 61 61 61 61 61 61 62 62 62 62 62 62 62 62 62 62 62 62 62 62 62 63 63 64 64 64 64 64 64 64 64 64 64 64 64 64 65 65 65 65 65 65 65 65 65 65 65 65 66 66 66 66 66 66 66 66 66 66 66 67 67 67 67 67 67 67 67 67 67 67 68 68 68 68 68 68 69 69 69 69 69 69 69 69 70 70 70 70 70 70 70 70 71 71 71 71 71 71 71 71 71 72 72 72 72 72 72 72 73 73 73 73 73 73 73 74 74 74 74 74 74 74 74 74 75 75 75 75 75 75 75 76 76 76 76 76 76 77 77 77 77 77 77 78 78 78 78 78 79 79 79 79 79 79 80 80 80 80 80 81 81 81 81 81 82 82 82 82 82 83 83 83 86 86 86 86 86 87 87 87 87 87 88 88 88 88 89 89 89 89 89 90 90 90 90 91 91 91 91 91 92 92 92 92 93 93 93 93 94 94 94 94 95 95 95 95 96 96 96 0 0 0 0 0 0 0 0 0 0 0 0 0 0 0 0 0 0 0 0 0 0 0 0 0 0 0 0 0 0 0 0 0 0 0 0 0 0 0 0 0 0 0 0 0 0 0 0 0 0 0 0 0 0 0 0 0 0 0 0 0 0 0 0 0 0 0 0 0 0 0 0 0 0 0 0 0 0 0 0 0 0 0 0 0 0 0 0 0 0 0 0 0 0 0 0 0 0 0 0 0 0 0 0 0 0 0 0 0 0 0 0 0 0 0 0 0 0 0 0 0 0 0 0 0 0 0 0 0 0 0 0 0 0 0 0 0 0 0 0 0 0 0 0 0 0 0 0 0 0 0 0 0 0 0 0 0 0 0 0 0 0 0 0 0 0 0 0 0 0 0 0 0 0 0 0 0 0 0 0 0 0 0 0 0 0 0 0 0 0 0 0 0 0 0 0 0 0 0 0 0 0 0 0 0 0 0 0 0 0 0 0 0 0 0 0 0 0 0 0 0 0 0 0 0 0 0 0 0 0 0 0 0 0 0 0 0 0 0 0 0 0 0 0 0 0 0 0 0 0 0 0 0 0 0 0 0 0 0 0 0 0 0 0 
0 0 0 0 0 0 0 0 0 0 60 61 61 61 61 61 61 61 61 61 61 61 61 61 61 61 61 62 62 62 62 62 62 62 62 62 62 62 62 62 62 62 63 63 63 64 64 64 64 64 64 64 64 64 64 64 64 64 65 65 65 65 65 65 65 65 65 65 65 65 66 66 66 66 66 66 66 66 66 66 67 67 67 67 67 67 67 67 67 67 67 68 68 68 68 68 68 69 69 69 69 69 69 69 69 70 70 70 70 70 70 70 70 70 71 71 71 71 71 71 71 71 72 72 72 72 72 72 72 73 73 73 73 73 73 73 74 74 74 74 74 74 74 74 74 75 75 75 75 75 75 76 76 76 76 76 76 76 77 77 77 77 77 77 78 78 78 78 78 79 79 79 79 79 80 80 80 80 80 80 81 81 81 81 81 82 82 82 82 82 83 83 85 86 86 86 86 86 87 87 87 87 88 88 88 88 88 89 89 89 89 90 90 90 90 90 91 91 91 91 92 92 92 92 93 93 93 93 94 94 94 94 94 95 95 95 95 96 0 0 0 0 0 0 0 0 0 0 0 0 0 0 0 0 0 0 0 0 0 0 0 0 0 0 0 0 0 0 0 0 0 0 0 0 0 0 0 0 0 0 0 0 0 0 0 0 0 0 0 0 0 0 0 0 0 0 0 0 0 0 0 0 0 0 0 0 0 0 0 0 0 0 0 0 0 0 0 0 0 0 0 0 0 0 0 0 0 0 0 0 0 0 0 0 0 0 0 0 0 0 0 0 0 0 0 0 0 0 0 0 0 0 0 0 0 0 0 0 0 0 0 0 0 0 0 0 0 0 0 0 0 0 0 0 0 0 0 0 0 0 0 0 0 0 0 0 0 0 0 0 0 0 0 0 0 0 0 0 0 0 0 0 0 0 0 0 0 0 0 0 0 0 0 0 0 0 0 0 0 0 0 0 0 0 0 0 0 0 0 0 0 0 0 0 0 0 0 0 0 0 0 0 0 0 0 0 0 0 0 0 0 0 0 0 0 0 0 0 0 0 0 0 0 0 0 0 0 0 0 0 0 0 0 0 0 0 0 0 0 0 0 0 0 0 0 0 0 0 0 0 0 0 0 0 0 0 0 0 0 0 0 0 0 
0 0 0 0 0 0 0 0 0 0 60 60 60 61 61 61 61 61 61 61 61 61 61 61 61 61 61 61 62 62 62 62 62 62 62 62 62 62 62 62 62 62 63 63 63 63 64 64 64 64 64 64 64 64 64 64 64 64 64 65 65 65 65 65 65 65 65 65 65 65 65 66 66 66 66 66 66 66 66 66 66 67 67 67 67 67 67 67 67 67 67 67 68 68 68 68 68 68 68 69 69 69 69 69 69 69 69 70 70 70 70 70 70 70 70 71 71 71 71 71 71 71 71 72 72 72 72 72 72 72 73 73 73 73 73 73 73 74 74 74 74 74 74 74 74 74 75 75 75 75 75 75 76 76 76 76 76 76 76 77 77 77 77 77 78 78 78 78 78 78 79 79 79 79 79 80 80 80 80 80 81 81 81 81 81 82 82 82 82 82 83 83 85 86 86 86 86 86 87 87 87 87 87 88 88 88 88 89 89 89 89 89 90 90 90 90 91 91 91 91 91 92 92 92 92 93 93 93 93 94 94 94 94 95 95 95 95 96 0 0 0 0 0 0 0 0 0 0 0 0 0 0 0 0 0 0 0 0 0 0 0 0 0 0 0 0 0 0 0 0 0 0 0 0 0 0 0 0 0 0 0 0 0 0 0 0 0 0 0 0 0 0 0 0 0 0 0 0 0 0 0 0 0 0 0 0 0 0 0 0 0 0 0 0 0 0 0 0 0 0 0 0 0 0 0 0 0 0 0 0 0 0 0 0 0 0 0 0 0 0 0 0 0 0 0 0 0 0 0 0 0 0 0 0 0 0 0 0 0 0 0 0 0 0 0 0 0 0 0 0 0 0 0 0 0 0 0 0 0 0 0 0 0 0 0 0 0 0 0 0 0 0 0 0 0 0 0 0 0 0 0 0 0 0 0 0 0 0 0 0 0 0 0 0 0 0 0 0 0 0 0 0 0 0 0 0 0 0 0 0 0 0 0 0 0 0 0 0 0 0 0 0 0 0 0 0 0 0 0 0 0 0 0 0 0 0 0 0 0 0 0 0 0 0 0 0 0 0 0 0 0 0 0 0 0 0 0 0 0 0 0 0 0 0 0 0 0 0 0 0 0 0 0 0 0 0 0 0 0 0 0 0 0 
0 0 0 0 0 0 0 0 0 0 60 60 60 60 61 61 61 61 61 61 61 61 61 61 61 61 61 61 61 61 62 62 62 62 62 62 62 62 62 62 62 62 63 63 63 63 63 63 64 64 64 64 64 64 64 64 64 64 64 64 64 65 65 65 65 65 65 65 65 65 65 65 66 66 66 66 66 66 66 66 66 66 67 67 67 67 67 67 67 67 67 67 68 68 68 68 68 68 68 68 69 69 69 69 69 69 69 69 70 70 70 70 70 70 70 70 71 71 71 71 71 71 71 71 72 72 72 72 72 72 72 73 73 73 73 73 73 73 73 74 74 74 74 74 74 74 74 75 75 75 75 75 75 76 76 76 76 76 76 77 77 77 77 77 77 78 78 78 78 78 79 79 79 79 79 79 80 80 80 80 80 81 81 81 81 81 82 82 82 82 82 83 85 85 86 86 86 86 86 87 87 87 87 88 88 88 88 88 89 89 89 89 90 90 90 90 90 91 91 91 91 92 92 92 92 93 93 93 93 94 94 94 94 95 95 95 95 96 0 0 0 0 0 0 0 0 0 0 0 0 0 0 0 0 0 0 0 0 0 0 0 0 0 0 0 0 0 0 0 0 0 0 0 0 0 0 0 0 0 0 0 0 0 0 0 0 0 0 0 0 0 0 0 0 0 0 0 0 0 0 0 0 0 0 0 0 0 0 0 0 0 0 0 0 0 0 0 0 0 0 0 0 0 0 0 0 0 0 0 0 0 0 0 0 0 0 0 0 0 0 0 0 0 0 0 0 0 0 0 0 0 0 0 0 0 0 0 0 0 0 0 0 0 0 0 0 0 0 0 0 0 0 0 0 0 0 0 0 0 0 0 0 0 0 0 0 0 0 0 0 0 0 0 0 0 0 0 0 0 0 0 0 0 0 0 0 0 0 0 0 0 0 0 0 0 0 0 0 0 0 0 0 0 0 0 0 0 0 0 0 0 0 0 0 0 0 0 0 0 0 0 0 0 0 0 0 0 0 0 0 0 0 0 0 0 0 0 0 0 0 0 0 0 0 0 0 0 0 0 0 0 0 0 0 0 0 0 0 0 0 0 0 0 0 0 0 0 0 0 0 0 0 0 0 0 0 0 0 0 0 0 0 0 
0 0 0 0 0 0 0 0 0 0 0 60 60 60 60 60 61 61 61 61 61 61 61 61 61 61 61 61 61 61 61 61 62 62 62 62 62 62 62 62 62 62 63 63 63 63 63 63 63 63 64 64 64 64 64 64 64 64 64 64 64 64 65 65 65 65 65 65 65 65 65 65 65 65 66 66 66 66 66 66 66 66 66 66 67 67 67 67 67 67 67 67 68 68 68 68 68 68 68 68 68 68 69 69 69 69 69 69 69 70 70 70 70 70 70 70 70 70 71 71 71 71 71 71 71 72 72 72 72 72 72 72 72 73 73 73 73 73 73 74 74 74 74 74 74 74 74 74 75 75 75 75 75 75 76 76 76 76 76 76 77 77 77 77 77 77 78 78 78 78 78 79 79 79 79 79 79 80 80 80 80 80 81 81 81 81 81 82 82 82 82 82 85 85 85 86 86 86 86 87 87 87 87 87 88 88 88 88 88 89 89 89 89 90 90 90 90 91 91 91 91 91 92 92 92 92 93 93 93 93 94 94 94 94 95 95 95 95 0 0 0 0 0 0 0 0 0 0 0 0 0 0 0 0 0 0 0 0 0 0 0 0 0 0 0 0 0 0 0 0 0 0 0 0 0 0 0 0 0 0 0 0 0 0 0 0 0 0 0 0 0 0 0 0 0 0 0 0 0 0 0 0 0 0 0 0 0 0 0 0 0 0 0 0 0 0 0 0 0 0 0 0 0 0 0 0 0 0 0 0 0 0 0 0 0 0 0 0 0 0 0 0 0 0 0 0 0 0 0 0 0 0 0 0 0 0 0 0 0 0 0 0 0 0 0 0 0 0 0 0 0 0 0 0 0 0 0 0 0 0 0 0 0 0 0 0 0 0 0 0 0 0 0 0 0 0 0 0 0 0 0 0 0 0 0 0 0 0 0 0 0 0 0 0 0 0 0 0 0 0 0 0 0 0 0 0 0 0 0 0 0 0 0 0 0 0 0 0 0 0 0 0 0 0 0 0 0 0 0 0 0 0 0 0 0 0 0 0 0 0 0 0 0 0 0 0 0 0 0 0 0 0 0 0 0 0 0 0 0 0 0 0 0 0 0 0 0 0 0 0 0 0 0 0 0 0 0 0 0 0 0 0 0 
0 0 0 0 0 0 0 0 0 0 0 60 60 60 60 60 60 61 61 61 61 61 61 61 61 61 61 61 61 61 61 61 61 62 62 62 62 62 62 62 62 62 63 63 63 63 63 63 63 63 63 64 64 64 64 64 64 64 64 64 64 64 64 64 65 65 65 65 65 65 65 65 65 65 65 66 66 66 66 66 66 66 66 66 66 67 67 67 67 67 67 67 68 68 68 68 68 68 68 68 68 68 68 69 69 69 69 69 69 69 69 70 70 70 70 70 70 70 70 71 71 71 71 71 71 71 71 72 72 72 72 72 72 72 73 73 73 73 73 73 74 74 74 74 74 74 74 74 74 75 75 75 75 75 75 76 76 76 76 76 76 77 77 77 77 77 78 78 78 78 78 78 79 79 79 79 79 80 80 80 80 80 81 81 81 81 81 82 82 82 82 82 85 85 85 86 86 86 86 86 87 87 87 87 87 88 88 88 88 89 89 89 89 89 90 90 90 90 91 91 91 91 92 92 92 92 93 93 93 93 94 94 94 94 95 95 95 95 0 0 0 0 0 0 0 0 0 0 0 0 0 0 0 0 0 0 0 0 0 0 0 0 0 0 0 0 0 0 0 0 0 0 0 0 0 0 0 0 0 0 0 0 0 0 0 0 0 0 0 0 0 0 0 0 0 0 0 0 0 0 0 0 0 0 0 0 0 0 0 0 0 0 0 0 0 0 0 0 0 0 0 0 0 0 0 0 0 0 0 0 0 0 0 0 0 0 0 0 0 0 0 0 0 0 0 0 0 0 0 0 0 0 0 0 0 0 0 0 0 0 0 0 0 0 0 0 0 0 0 0 0 0 0 0 0 0 0 0 0 0 0 0 0 0 0 0 0 0 0 0 0 0 0 0 0 0 0 0 0 0 0 0 0 0 0 0 0 0 0 0 0 0 0 0 0 0 0 0 0 0 0 0 0 0 0 0 0 0 0 0 0 0 0 0 0 0 0 0 0 0 0 0 0 0 0 0 0 0 0 0 0 0 0 0 0 0 0 0 0 0 0 0 0 0 0 0 0 0 0 0 0 0 0 0 0 0 0 0 0 0 0 0 0 0 0 0 0 0 0 0 0 0 0 0 0 0 0 0 0 0 0 0 0 
0 0 0 0 0 0 0 0 0 0 0 0 60 60 60 60 60 60 60 61 61 61 61 61 61 61 61 61 61 61 61 61 61 61 61 62 62 62 62 62 62 62 63 63 63 63 63 63 63 63 63 63 63 64 64 64 64 64 64 64 64 64 64 64 64 65 65 65 65 65 65 65 65 65 65 65 65 66 66 66 66 66 66 66 66 66 66 67 67 67 67 67 67 68 68 68 68 68 68 68 68 68 68 68 69 69 69 69 69 69 69 69 70 70 70 70 70 70 70 70 71 71 71 71 71 71 71 71 72 72 72 72 72 72 72 73 73 73 73 73 73 74 73 74 74 74 74 74 74 74 75 75 75 75 75 75 76 76 76 76 76 76 77 77 77 77 77 78 78 78 78 78 78 79 79 79 79 79 80 80 80 80 80 81 81 81 81 81 82 82 82 82 85 85 85 85 86 86 86 86 86 87 87 87 87 88 88 88 88 88 89 89 89 89 90 90 90 90 91 91 91 91 91 92 92 92 92 93 93 93 93 94 94 94 94 95 95 95 0 0 0 0 0 0 0 0 0 0 0 0 0 0 0 0 0 0 0 0 0 0 0 0 0 0 0 0 0 0 0 0 0 0 0 0 0 0 0 0 0 0 0 0 0 0 0 0 0 0 0 0 0 0 0 0 0 0 0 0 0 0 0 0 0 0 0 0 0 0 0 0 0 0 0 0 0 0 0 0 0 0 0 0 0 0 0 0 0 0 0 0 0 0 0 0 0 0 0 0 0 0 0 0 0 0 0 0 0 0 0 0 0 0 0 0 0 0 0 0 0 0 0 0 0 0 0 0 0 0 0 0 0 0 0 0 0 0 0 0 0 0 0 0 0 0 0 0 0 0 0 0 0 0 0 0 0 0 0 0 0 0 0 0 0 0 0 0 0 0 0 0 0 0 0 0 0 0 0 0 0 0 0 0 0 0 0 0 0 0 0 0 0 0 0 0 0 0 0 0 0 0 0 0 0 0 0 0 0 0 0 0 0 0 0 0 0 0 0 0 0 0 0 0 0 0 0 0 0 0 0 0 0 0 0 0 0 0 0 0 0 0 0 0 0 0 0 0 0 0 0 0 0 0 0 0 0 0 0 0 0 0 0 0 0 
0 0 0 0 0 0 0 0 0 0 0 0 0 0 60 60 60 60 60 60 60 61 61 61 61 61 61 61 61 61 61 61 61 61 61 61 61 62 62 62 62 62 63 63 63 63 63 63 63 63 63 63 63 63 64 64 64 64 64 64 64 64 64 64 64 64 64 65 65 65 65 65 65 65 65 65 65 65 65 66 66 66 66 66 66 66 66 66 67 67 67 67 67 67 67 68 68 68 68 68 68 68 68 68 68 68 69 69 69 69 69 69 69 70 70 70 70 70 70 70 70 71 71 71 71 71 71 71 71 72 72 72 72 72 72 72 73 73 73 73 73 73 73 73 74 74 74 74 74 74 74 75 75 75 75 75 75 76 76 76 76 76 76 77 77 77 77 77 78 78 78 78 78 79 79 79 79 79 79 80 80 80 80 80 81 81 81 81 81 82 82 82 85 85 85 85 85 86 86 86 86 87 87 87 87 87 88 88 88 88 89 89 89 89 89 90 90 90 90 91 91 91 91 92 92 92 92 93 93 93 93 94 94 94 94 95 95 95 0 0 0 0 0 0 0 0 0 0 0 0 0 0 0 0 0 0 0 0 0 0 0 0 0 0 0 0 0 0 0 0 0 0 0 0 0 0 0 0 0 0 0 0 0 0 0 0 0 0 0 0 0 0 0 0 0 0 0 0 0 0 0 0 0 0 0 0 0 0 0 0 0 0 0 0 0 0 0 0 0 0 0 0 0 0 0 0 0 0 0 0 0 0 0 0 0 0 0 0 0 0 0 0 0 0 0 0 0 0 0 0 0 0 0 0 0 0 0 0 0 0 0 0 0 0 0 0 0 0 0 0 0 0 0 0 0 0 0 0 0 0 0 0 0 0 0 0 0 0 0 0 0 0 0 0 0 0 0 0 0 0 0 0 0 0 0 0 0 0 0 0 0 0 0 0 0 0 0 0 0 0 0 0 0 0 0 0 0 0 0 0 0 0 0 0 0 0 0 0 0 0 0 0 0 0 0 0 0 0 0 0 0 0 0 0 0 0 0 0 0 0 0 0 0 0 0 0 0 0 0 0 0 0 0 0 0 0 0 0 0 0 0 0 0 0 0 0 0 0 0 0 0 0 0 0 0 0 0 0 0 0 0 0 0 
0 0 0 0 0 0 0 0 0 0 0 0 0 0 0 0 0 60 60 60 60 60 60 61 61 61 61 61 61 61 61 61 61 61 61 61 61 61 62 62 62 62 63 63 63 63 63 63 63 63 63 63 63 63 63 63 64 64 64 64 64 64 64 64 64 64 64 64 64 64 65 65 65 65 65 65 65 65 65 65 66 66 66 66 66 66 66 66 66 66 67 67 67 67 67 67 67 68 68 68 68 68 68 68 68 68 68 69 69 69 69 69 69 69 69 70 70 70 70 70 70 70 71 71 71 71 71 71 71 71 72 72 72 72 72 72 72 73 73 73 73 73 73 73 73 74 74 74 74 74 74 74 75 75 75 75 75 76 76 76 76 76 76 77 77 77 77 77 77 78 78 78 78 78 79 79 79 79 79 80 80 80 80 80 81 81 81 81 81 82 82 82 84 85 85 85 85 86 86 86 86 86 87 87 87 87 88 88 88 88 88 89 89 89 89 90 90 90 90 91 91 91 91 91 92 92 92 92 93 93 93 93 94 94 94 94 95 95 0 0 0 0 0 0 0 0 0 0 0 0 0 0 0 0 0 0 0 0 0 0 0 0 0 0 0 0 0 0 0 0 0 0 0 0 0 0 0 0 0 0 0 0 0 0 0 0 0 0 0 0 0 0 0 0 0 0 0 0 0 0 0 0 0 0 0 0 0 0 0 0 0 0 0 0 0 0 0 0 0 0 0 0 0 0 0 0 0 0 0 0 0 0 0 0 0 0 0 0 0 0 0 0 0 0 0 0 0 0 0 0 0 0 0 0 0 0 0 0 0 0 0 0 0 0 0 0 0 0 0 0 0 0 0 0 0 0 0 0 0 0 0 0 0 0 0 0 0 0 0 0 0 0 0 0 0 0 0 0 0 0 0 0 0 0 0 0 0 0 0 0 0 0 0 0 0 0 0 0 0 0 0 0 0 0 0 0 0 0 0 0 0 0 0 0 0 0 0 0 0 0 0 0 0 0 0 0 0 0 0 0 0 0 0 0 0 0 0 0 0 0 0 0 0 0 0 0 0 0 0 0 0 0 0 0 0 0 0 0 0 0 0 0 0 0 0 0 0 0 0 0 0 0 0 0 0 0 0 0 0 0 0 0 0 
0 0 0 0 0 0 0 0 0 0 0 0 0 0 0 0 0 0 60 60 60 60 60 60 61 61 61 61 61 61 61 61 61 61 61 61 61 61 61 61 62 62 62 62 63 63 63 63 63 63 63 63 63 63 63 63 63 63 64 64 64 64 64 64 64 64 64 64 64 64 65 65 65 65 65 65 65 65 65 65 65 66 66 66 66 66 66 66 66 66 66 67 67 67 67 67 67 67 68 68 68 68 68 68 68 68 68 68 69 69 69 69 69 69 69 69 70 70 70 70 70 70 70 71 71 71 71 71 71 71 71 72 72 72 72 72 72 72 73 73 73 73 73 73 73 73 74 74 74 74 74 74 74 75 75 75 75 75 76 76 76 76 76 76 77 77 77 77 77 77 78 78 78 78 78 79 79 79 79 79 80 80 80 80 80 81 81 81 81 81 82 82 84 85 85 85 85 85 86 86 86 86 86 87 87 87 87 88 88 88 88 89 89 89 89 89 90 90 90 90 91 91 91 91 92 92 92 92 93 93 93 93 94 94 94 94 95 95 0 0 0 0 0 0 0 0 0 0 0 0 0 0 0 0 0 0 0 0 0 0 0 0 0 0 0 0 0 0 0 0 0 0 0 0 0 0 0 0 0 0 0 0 0 0 0 0 0 0 0 0 0 0 0 0 0 0 0 0 0 0 0 0 0 0 0 0 0 0 0 0 0 0 0 0 0 0 0 0 0 0 0 0 0 0 0 0 0 0 0 0 0 0 0 0 0 0 0 0 0 0 0 0 0 0 0 0 0 0 0 0 0 0 0 0 0 0 0 0 0 0 0 0 0 0 0 0 0 0 0 0 0 0 0 0 0 0 0 0 0 0 0 0 0 0 0 0 0 0 0 0 0 0 0 0 0 0 0 0 0 0 0 0 0 0 0 0 0 0 0 0 0 0 0 0 0 0 0 0 0 0 0 0 0 0 0 0 0 0 0 0 0 0 0 0 0 0 0 0 0 0 0 0 0 0 0 0 0 0 0 0 0 0 0 0 0 0 0 0 0 0 0 0 0 0 0 0 0 0 0 0 0 0 0 0 0 0 0 0 0 0 0 0 0 0 0 0 0 0 0 0 0 0 0 0 0 0 0 0 0 0 0 0 0 
0 0 0 0 0 0 0 0 0 0 0 0 0 0 0 0 0 0 60 60 60 60 60 60 60 61 61 61 61 61 61 61 61 61 61 61 61 61 61 61 61 61 62 62 62 62 63 63 63 63 63 63 63 63 63 63 63 63 63 64 64 64 64 64 64 64 64 64 64 64 64 64 65 65 65 65 65 65 65 65 65 65 65 66 66 66 66 66 66 66 66 66 67 67 67 67 67 67 67 67 68 68 68 68 68 68 68 68 68 69 69 69 69 69 69 69 69 70 70 70 70 70 70 70 70 71 71 71 71 71 71 71 72 72 72 72 72 72 72 73 73 73 73 73 73 73 73 74 74 74 74 74 74 74 75 75 75 75 75 76 76 76 76 76 76 77 77 77 77 77 78 78 78 78 78 78 79 79 79 79 79 80 80 80 80 80 81 81 81 81 81 82 84 84 85 85 85 85 85 86 86 86 86 87 87 87 87 87 88 88 88 88 89 89 89 89 90 90 90 90 91 91 91 91 91 92 92 92 92 93 93 93 94 94 94 94 95 95 0 0 0 0 0 0 0 0 0 0 0 0 0 0 0 0 0 0 0 0 0 0 0 0 0 0 0 0 0 0 0 0 0 0 0 0 0 0 0 0 0 0 0 0 0 0 0 0 0 0 0 0 0 0 0 0 0 0 0 0 0 0 0 0 0 0 0 0 0 0 0 0 0 0 0 0 0 0 0 0 0 0 0 0 0 0 0 0 0 0 0 0 0 0 0 0 0 0 0 0 0 0 0 0 0 0 0 0 0 0 0 0 0 0 0 0 0 0 0 0 0 0 0 0 0 0 0 0 0 0 0 0 0 0 0 0 0 0 0 0 0 0 0 0 0 0 0 0 0 0 0 0 0 0 0 0 0 0 0 0 0 0 0 0 0 0 0 0 0 0 0 0 0 0 0 0 0 0 0 0 0 0 0 0 0 0 0 0 0 0 0 0 0 0 0 0 0 0 0 0 0 0 0 0 0 0 0 0 0 0 0 0 0 0 0 0 0 0 0 0 0 0 0 0 0 0 0 0 0 0 0 0 0 0 0 0 0 0 0 0 0 0 0 0 0 0 0 0 0 0 0 0 0 0 0 0 0 0 0 0 0 0 0 0 0 
0 0 0 0 0 0 0 0 0 0 0 0 0 0 0 0 0 60 60 60 60 60 60 60 60 60 60 61 61 61 61 61 61 61 61 61 61 61 61 61 61 61 62 62 62 62 62 63 63 63 63 63 63 63 63 63 63 63 63 63 63 64 64 64 64 64 64 64 64 64 64 64 64 65 65 65 65 65 65 65 65 65 65 65 66 66 66 66 66 66 66 66 67 67 67 67 67 67 67 67 67 68 68 68 68 68 68 68 68 68 69 69 69 69 69 69 69 69 70 70 70 70 70 70 70 70 71 71 71 71 71 71 71 72 72 72 72 72 72 72 73 73 73 73 73 73 73 73 74 74 74 74 74 74 75 75 75 75 75 75 76 76 76 76 76 76 77 77 77 77 77 78 78 78 78 78 79 79 79 79 79 79 80 80 80 80 80 81 81 81 81 82 84 84 84 85 85 85 85 86 86 86 86 86 87 87 87 87 88 88 88 88 88 89 89 89 89 90 90 90 90 91 91 91 91 92 92 92 92 93 93 93 93 94 94 94 94 95 0 0 0 0 0 0 0 0 0 0 0 0 0 0 0 0 0 0 0 0 0 0 0 0 0 0 0 0 0 0 0 0 0 0 0 0 0 0 0 0 0 0 0 0 0 0 0 0 0 0 0 0 0 0 0 0 0 0 0 0 0 0 0 0 0 0 0 0 0 0 0 0 0 0 0 0 0 0 0 0 0 0 0 0 0 0 0 0 0 0 0 0 0 0 0 0 0 0 0 0 0 0 0 0 0 0 0 0 0 0 0 0 0 0 0 0 0 0 0 0 0 0 0 0 0 0 0 0 0 0 0 0 0 0 0 0 0 0 0 0 0 0 0 0 0 0 0 0 0 0 0 0 0 0 0 0 0 0 0 0 0 0 0 0 0 0 0 0 0 0 0 0 0 0 0 0 0 0 0 0 0 0 0 0 0 0 0 0 0 0 0 0 0 0 0 0 0 0 0 0 0 0 0 0 0 0 0 0 0 0 0 0 0 0 0 0 0 0 0 0 0 0 0 0 0 0 0 0 0 0 0 0 0 0 0 0 0 0 0 0 0 0 0 0 0 0 0 0 0 0 0 0 0 0 0 0 0 0 0 0 0 0 0 0 0 
0 0 0 0 0 0 0 0 0 0 0 0 0 0 0 60 60 60 60 60 60 60 60 60 60 60 60 60 60 61 61 61 61 61 61 61 61 61 61 61 61 61 62 62 62 62 62 62 62 63 63 63 63 63 63 63 63 63 63 63 63 63 64 64 64 64 64 64 64 64 64 64 64 64 65 65 65 65 65 65 65 65 65 65 65 66 66 66 66 66 66 66 66 67 67 67 67 67 67 67 67 67 67 68 68 68 68 68 68 68 68 69 69 69 69 69 69 69 69 70 70 70 70 70 70 70 70 71 71 71 71 71 71 71 72 72 72 72 72 72 72 73 72 73 73 73 73 73 73 74 74 74 74 74 74 75 75 75 75 75 75 76 76 76 76 76 77 77 77 77 77 77 78 78 78 78 78 79 79 79 79 79 80 80 80 80 80 81 81 81 81 81 84 84 84 85 85 85 85 85 86 86 86 86 87 87 87 87 87 88 88 88 88 89 89 89 89 90 90 90 90 91 91 91 91 91 92 92 92 93 93 93 93 94 94 94 94 0 0 0 0 0 0 0 0 0 0 0 0 0 0 0 0 0 0 0 0 0 0 0 0 0 0 0 0 0 0 0 0 0 0 0 0 0 0 0 0 0 0 0 0 0 0 0 0 0 0 0 0 0 0 0 0 0 0 0 0 0 0 0 0 0 0 0 0 0 0 0 0 0 0 0 0 0 0 0 0 0 0 0 0 0 0 0 0 0 0 0 0 0 0 0 0 0 0 0 0 0 0 0 0 0 0 0 0 0 0 0 0 0 0 0 0 0 0 0 0 0 0 0 0 0 0 0 0 0 0 0 0 0 0 0 0 0 0 0 0 0 0 0 0 0 0 0 0 0 0 0 0 0 0 0 0 0 0 0 0 0 0 0 0 0 0 0 0 0 0 0 0 0 0 0 0 0 0 0 0 0 0 0 0 0 0 0 0 0 0 0 0 0 0 0 0 0 0 0 0 0 0 0 0 0 0 0 0 0 0 0 0 0 0 0 0 0 0 0 0 0 0 0 0 0 0 0 0 0 0 0 0 0 0 0 0 0 0 0 0 0 0 0 0 0 0 0 0 0 0 0 0 0 0 0 0 0 0 0 0 0 0 0 0 0 0 
0 0 0 0 0 0 0 0 0 0 0 0 0 0 60 60 60 60 60 60 60 60 60 60 60 60 60 60 60 60 61 61 61 61 61 61 61 61 61 61 61 61 62 62 62 62 62 62 62 62 62 63 63 63 63 63 63 63 63 63 63 63 63 63 64 64 64 64 64 64 64 64 64 64 64 64 65 65 65 65 65 65 65 65 65 65 65 66 66 66 66 66 66 66 67 67 67 67 67 67 67 67 67 67 68 68 68 68 68 68 68 68 68 69 69 69 69 69 69 69 69 70 70 70 70 70 70 70 70 71 71 71 71 71 71 72 72 72 72 72 72 72 72 72 73 73 73 73 73 73 74 74 74 74 74 74 75 75 75 75 75 75 76 76 76 76 76 77 77 77 77 77 77 78 78 78 78 78 79 79 79 79 79 80 80 80 80 80 81 81 81 81 84 84 84 84 85 85 85 85 85 86 86 86 86 87 87 87 87 88 88 88 88 88 89 89 89 89 90 90 90 90 91 91 91 91 92 92 92 92 93 93 93 93 94 94 0 0 0 0 0 0 0 0 0 0 0 0 0 0 0 0 0 0 0 0 0 0 0 0 0 0 0 0 0 0 0 0 0 0 0 0 0 0 0 0 0 0 0 0 0 0 0 0 0 0 0 0 0 0 0 0 0 0 0 0 0 0 0 0 0 0 0 0 0 0 0 0 0 0 0 0 0 0 0 0 0 0 0 0 0 0 0 0 0 0 0 0 0 0 0 0 0 0 0 0 0 0 0 0 0 0 0 0 0 0 0 0 0 0 0 0 0 0 0 0 0 0 0 0 0 0 0 0 0 0 0 0 0 0 0 0 0 0 0 0 0 0 0 0 0 0 0 0 0 0 0 0 0 0 0 0 0 0 0 0 0 0 0 0 0 0 0 0 0 0 0 0 0 0 0 0 0 0 0 0 0 0 0 0 0 0 0 0 0 0 0 0 0 0 0 0 0 0 0 0 0 0 0 0 0 0 0 0 0 0 0 0 0 0 0 0 0 0 0 0 0 0 0 0 0 0 0 0 0 0 0 0 0 0 0 0 0 0 0 0 0 0 0 0 0 0 0 0 0 0 0 0 0 0 0 0 0 0 0 0 0 0 0 0 0 0 0 
0 0 0 0 0 0 0 0 0 0 0 0 0 0 59 60 60 60 60 60 60 60 60 60 60 60 60 60 60 60 60 60 60 61 61 61 61 61 61 61 61 61 62 62 62 62 62 62 62 62 62 62 63 63 63 63 63 63 63 63 63 63 63 63 63 64 64 64 64 64 64 64 64 64 64 64 64 65 65 65 65 65 65 65 65 65 65 65 66 66 66 66 66 66 66 66 67 67 67 67 67 67 67 67 67 68 68 68 68 68 68 68 68 68 69 69 69 69 69 69 69 69 70 70 70 70 70 70 70 71 71 71 71 71 71 71 72 72 72 72 72 72 72 72 72 73 73 73 73 73 73 74 74 74 74 74 74 75 75 75 75 75 75 76 76 76 76 76 77 77 77 77 77 78 78 78 78 78 78 79 79 79 79 79 80 80 80 80 81 81 81 81 84 84 84 84 84 85 85 85 85 86 86 86 86 86 87 87 87 87 88 88 88 88 89 89 89 89 90 90 90 90 91 91 91 91 92 92 92 92 93 93 93 93 94 94 0 0 0 0 0 0 0 0 0 0 0 0 0 0 0 0 0 0 0 0 0 0 0 0 0 0 0 0 0 0 0 0 0 0 0 0 0 0 0 0 0 0 0 0 0 0 0 0 0 0 0 0 0 0 0 0 0 0 0 0 0 0 0 0 0 0 0 0 0 0 0 0 0 0 0 0 0 0 0 0 0 0 0 0 0 0 0 0 0 0 0 0 0 0 0 0 0 0 0 0 0 0 0 0 0 0 0 0 0 0 0 0 0 0 0 0 0 0 0 0 0 0 0 0 0 0 0 0 0 0 0 0 0 0 0 0 0 0 0 0 0 0 0 0 0 0 0 0 0 0 0 0 0 0 0 0 0 0 0 0 0 0 0 0 0 0 0 0 0 0 0 0 0 0 0 0 0 0 0 0 0 0 0 0 0 0 0 0 0 0 0 0 0 0 0 0 0 0 0 0 0 0 0 0 0 0 0 0 0 0 0 0 0 0 0 0 0 0 0 0 0 0 0 0 0 0 0 0 0 0 0 0 0 0 0 0 0 0 0 0 0 0 0 0 0 0 0 0 0 0 0 0 0 0 0 0 0 0 0 0 0 0 0 0 0 0 0 
0 0 0 0 0 0 0 0 0 0 0 59 59 59 59 59 59 60 60 60 60 60 60 60 60 60 60 60 60 60 60 60 60 60 61 61 61 61 61 61 61 61 62 62 62 62 62 62 62 62 62 62 62 62 63 63 63 63 63 63 63 63 63 63 63 63 63 64 64 64 64 64 64 64 64 64 64 64 64 65 65 65 65 65 65 65 65 65 65 65 66 66 66 66 66 66 66 67 67 67 67 67 67 67 67 67 67 68 68 68 68 68 68 68 68 69 69 69 69 69 69 69 69 70 70 70 70 70 70 70 70 71 71 71 71 71 71 72 72 72 72 72 72 72 72 72 73 73 73 73 73 73 74 74 74 74 74 74 75 75 75 75 75 75 76 76 76 76 76 77 77 77 77 77 78 78 78 78 78 79 79 79 79 79 80 80 80 80 80 81 81 81 83 84 84 84 84 85 85 85 85 85 86 86 86 86 87 87 87 87 87 88 88 88 88 89 89 89 89 90 90 90 90 91 91 91 91 92 92 92 92 93 93 93 93 0 0 0 0 0 0 0 0 0 0 0 0 0 0 0 0 0 0 0 0 0 0 0 0 0 0 0 0 0 0 0 0 0 0 0 0 0 0 0 0 0 0 0 0 0 0 0 0 0 0 0 0 0 0 0 0 0 0 0 0 0 0 0 0 0 0 0 0 0 0 0 0 0 0 0 0 0 0 0 0 0 0 0 0 0 0 0 0 0 0 0 0 0 0 0 0 0 0 0 0 0 0 0 0 0 0 0 0 0 0 0 0 0 0 0 0 0 0 0 0 0 0 0 0 0 0 0 0 0 0 0 0 0 0 0 0 0 0 0 0 0 0 0 0 0 0 0 0 0 0 0 0 0 0 0 0 0 0 0 0 0 0 0 0 0 0 0 0 0 0 0 0 0 0 0 0 0 0 0 0 0 0 0 0 0 0 0 0 0 0 0 0 0 0 0 0 0 0 0 0 0 0 0 0 0 0 0 0 0 0 0 0 0 0 0 0 0 0 0 0 0 0 0 0 0 0 0 0 0 0 0 0 0 0 0 0 0 0 0 0 0 0 0 0 0 0 0 0 0 0 0 0 0 0 0 0 0 0 0 0 0 0 0 0 0 0 0 0 
0 0 0 0 0 0 0 0 0 0 0 59 59 59 59 59 59 59 59 60 60 60 60 60 60 60 60 60 60 60 60 60 60 60 60 61 61 61 61 61 61 61 62 62 62 62 62 62 62 62 62 62 62 62 62 62 63 63 63 63 63 63 63 63 63 63 63 63 64 64 64 64 64 64 64 64 64 64 64 64 65 65 65 65 65 65 65 65 65 65 65 65 66 66 66 66 66 66 66 67 67 67 67 67 67 67 67 67 68 68 68 68 68 68 68 68 68 69 69 69 69 69 69 69 70 70 70 70 70 70 70 70 71 71 71 71 71 71 71 72 72 72 72 72 72 72 72 73 73 73 73 73 73 74 74 74 74 74 74 75 75 75 75 75 76 76 76 76 76 76 77 77 77 77 77 78 78 78 78 78 79 79 79 79 79 80 80 80 80 80 81 81 83 83 84 84 84 84 85 85 85 85 86 86 86 86 86 87 87 87 87 88 88 88 88 89 89 89 89 90 90 90 90 91 91 91 91 92 92 92 92 93 93 93 0 0 0 0 0 0 0 0 0 0 0 0 0 0 0 0 0 0 0 0 0 0 0 0 0 0 0 0 0 0 0 0 0 0 0 0 0 0 0 0 0 0 0 0 0 0 0 0 0 0 0 0 0 0 0 0 0 0 0 0 0 0 0 0 0 0 0 0 0 0 0 0 0 0 0 0 0 0 0 0 0 0 0 0 0 0 0 0 0 0 0 0 0 0 0 0 0 0 0 0 0 0 0 0 0 0 0 0 0 0 0 0 0 0 0 0 0 0 0 0 0 0 0 0 0 0 0 0 0 0 0 0 0 0 0 0 0 0 0 0 0 0 0 0 0 0 0 0 0 0 0 0 0 0 0 0 0 0 0 0 0 0 0 0 0 0 0 0 0 0 0 0 0 0 0 0 0 0 0 0 0 0 0 0 0 0 0 0 0 0 0 0 0 0 0 0 0 0 0 0 0 0 0 0 0 0 0 0 0 0 0 0 0 0 0 0 0 0 0 0 0 0 0 0 0 0 0 0 0 0 0 0 0 0 0 0 0 0 0 0 0 0 0 0 0 0 0 0 0 0 0 0 0 0 0 0 0 0 0 0 0 0 0 0 0 0 0 0 0 
0 0 0 0 0 0 0 0 0 0 0 59 59 59 59 59 59 59 59 59 59 60 60 60 60 60 60 60 60 60 60 60 60 60 60 60 60 61 61 61 61 61 61 61 62 62 62 62 62 62 62 62 62 62 62 62 62 63 63 63 63 63 63 63 63 63 63 63 63 63 64 64 64 64 64 64 64 64 64 64 64 64 65 65 65 65 65 65 65 65 65 65 66 66 66 66 66 66 66 66 66 67 67 67 67 67 67 67 67 67 68 68 68 68 68 68 68 68 69 69 69 69 69 69 69 69 70 70 70 70 70 70 70 71 71 71 71 71 71 71 72 72 72 72 72 72 72 72 73 73 73 73 73 73 74 74 74 74 74 74 75 75 75 75 75 76 76 76 76 76 77 77 77 77 77 77 78 78 78 78 78 79 79 79 79 79 80 80 80 80 81 81 83 83 84 84 84 84 84 85 85 85 85 86 86 86 86 87 87 87 87 87 88 88 88 88 89 89 89 89 90 90 90 90 91 91 91 91 92 92 92 92 93 93 0 0 0 0 0 0 0 0 0 0 0 0 0 0 0 0 0 0 0 0 0 0 0 0 0 0 0 0 0 0 0 0 0 0 0 0 0 0 0 0 0 0 0 0 0 0 0 0 0 0 0 0 0 0 0 0 0 0 0 0 0 0 0 0 0 0 0 0 0 0 0 0 0 0 0 0 0 0 0 0 0 0 0 0 0 0 0 0 0 0 0 0 0 0 0 0 0 0 0 0 0 0 0 0 0 0 0 0 0 0 0 0 0 0 0 0 0 0 0 0 0 0 0 0 0 0 0 0 0 0 0 0 0 0 0 0 0 0 0 0 0 0 0 0 0 0 0 0 0 0 0 0 0 0 0 0 0 0 0 0 0 0 0 0 0 0 0 0 0 0 0 0 0 0 0 0 0 0 0 0 0 0 0 0 0 0 0 0 0 0 0 0 0 0 0 0 0 0 0 0 0 0 0 0 0 0 0 0 0 0 0 0 0 0 0 0 0 0 0 0 0 0 0 0 0 0 0 0 0 0 0 0 0 0 0 0 0 0 0 0 0 0 0 0 0 0 0 0 0 0 0 0 0 0 0 0 0 0 0 0 0 0 0 0 0 0 0 0 0 
0 0 0 0 0 0 0 0 0 0 0 0 59 59 59 59 59 59 59 59 59 59 60 60 60 60 60 60 60 60 60 60 60 60 60 60 60 60 60 60 61 61 61 61 61 62 62 62 62 62 62 62 62 62 62 62 62 62 62 63 63 63 63 63 63 63 63 63 63 63 63 63 64 64 64 64 64 64 64 64 64 64 64 65 65 65 65 65 65 65 65 65 65 66 66 66 66 66 66 66 66 66 67 67 67 67 67 67 67 67 67 68 68 68 68 68 68 68 68 69 69 69 69 69 69 69 69 70 70 70 70 70 70 70 71 71 71 71 71 71 71 72 72 72 72 72 72 72 72 73 73 73 73 73 73 74 74 74 74 74 74 75 75 75 75 75 76 76 76 76 76 77 77 77 77 77 78 78 78 78 78 79 79 79 79 79 80 80 80 80 80 81 83 83 83 84 84 84 84 85 85 85 85 85 86 86 86 86 87 87 87 87 88 88 88 88 89 89 89 89 90 90 90 90 91 91 91 91 92 92 92 92 93 93 0 0 0 0 0 0 0 0 0 0 0 0 0 0 0 0 0 0 0 0 0 0 0 0 0 0 0 0 0 0 0 0 0 0 0 0 0 0 0 0 0 0 0 0 0 0 0 0 0 0 0 0 0 0 0 0 0 0 0 0 0 0 0 0 0 0 0 0 0 0 0 0 0 0 0 0 0 0 0 0 0 0 0 0 0 0 0 0 0 0 0 0 0 0 0 0 0 0 0 0 0 0 0 0 0 0 0 0 0 0 0 0 0 0 0 0 0 0 0 0 0 0 0 0 0 0 0 0 0 0 0 0 0 0 0 0 0 0 0 0 0 0 0 0 0 0 0 0 0 0 0 0 0 0 0 0 0 0 0 0 0 0 0 0 0 0 0 0 0 0 0 0 0 0 0 0 0 0 0 0 0 0 0 0 0 0 0 0 0 0 0 0 0 0 0 0 0 0 0 0 0 0 0 0 0 0 0 0 0 0 0 0 0 0 0 0 0 0 0 0 0 0 0 0 0 0 0 0 0 0 0 0 0 0 0 0 0 0 0 0 0 0 0 0 0 0 0 0 0 0 0 0 0 0 0 0 0 0 0 0 0 0 0 0 0 0 0 0 0 
0 0 0 0 0 0 0 0 0 0 59 59 59 59 59 59 59 59 59 59 59 59 59 59 60 60 60 60 60 60 60 60 60 60 60 60 60 60 60 60 60 61 61 61 61 61 61 62 62 62 62 62 62 62 62 62 62 62 62 62 63 63 63 63 63 63 63 63 63 63 63 63 63 64 64 64 64 64 64 64 64 64 64 64 64 65 65 65 65 65 65 65 65 65 66 66 66 66 66 66 66 66 66 66 67 67 67 67 67 67 67 67 68 68 68 68 68 68 68 68 69 69 69 69 69 69 69 69 70 70 70 70 70 70 70 71 71 71 71 71 71 71 71 72 72 72 72 72 72 72 73 73 73 73 73 73 74 74 74 74 74 75 75 75 75 75 75 76 76 76 76 76 77 77 77 77 77 78 78 78 78 78 79 79 79 79 79 80 80 80 80 80 83 83 83 83 84 84 84 84 85 85 85 85 86 86 86 86 86 87 87 87 87 88 88 88 88 89 89 89 89 90 90 90 90 91 91 91 91 92 92 92 92 93 93 0 0 0 0 0 0 0 0 0 0 0 0 0 0 0 0 0 0 0 0 0 0 0 0 0 0 0 0 0 0 0 0 0 0 0 0 0 0 0 0 0 0 0 0 0 0 0 0 0 0 0 0 0 0 0 0 0 0 0 0 0 0 0 0 0 0 0 0 0 0 0 0 0 0 0 0 0 0 0 0 0 0 0 0 0 0 0 0 0 0 0 0 0 0 0 0 0 0 0 0 0 0 0 0 0 0 0 0 0 0 0 0 0 0 0 0 0 0 0 0 0 0 0 0 0 0 0 0 0 0 0 0 0 0 0 0 0 0 0 0 0 0 0 0 0 0 0 0 0 0 0 0 0 0 0 0 0 0 0 0 0 0 0 0 0 0 0 0 0 0 0 0 0 0 0 0 0 0 0 0 0 0 0 0 0 0 0 0 0 0 0 0 0 0 0 0 0 0 0 0 0 0 0 0 0 0 0 0 0 0 0 0 0 0 0 0 0 0 0 0 0 0 0 0 0 0 0 0 0 0 0 0 0 0 0 0 0 0 0 0 0 0 0 0 0 0 0 0 0 0 0 0 0 0 0 0 0 0 0 0 0 0 0 0 0 0 0 0 
0 0 0 0 0 0 0 0 0 59 59 59 59 59 59 59 59 59 59 59 59 59 59 59 59 59 60 60 60 60 60 60 60 60 60 60 60 60 60 60 60 60 61 61 61 61 61 61 62 62 62 62 62 62 62 62 62 62 62 62 62 62 63 63 63 63 63 63 63 63 63 63 63 63 63 64 64 64 64 64 64 64 64 64 64 64 65 65 65 65 65 65 65 65 65 66 66 66 66 66 66 66 66 66 67 67 67 67 67 67 67 67 67 68 68 68 68 68 68 68 68 68 69 69 69 69 69 69 69 70 70 70 70 70 70 70 71 71 71 71 71 71 71 71 72 72 72 72 72 72 72 73 73 73 73 73 74 74 74 74 74 74 75 75 75 75 75 76 76 76 76 76 76 77 77 77 77 77 78 78 78 78 78 79 79 79 79 79 80 80 80 80 83 83 83 83 84 84 84 84 84 85 85 85 85 86 86 86 86 87 87 87 87 88 88 88 88 89 89 89 89 90 90 90 90 91 91 91 91 92 92 92 92 93 93 93 93 94 0 0 0 0 0 0 0 0 0 0 0 0 0 0 0 0 0 0 0 0 0 0 0 0 0 0 0 0 0 0 0 0 0 0 0 0 0 0 0 0 0 0 0 0 0 0 0 0 0 0 0 0 0 0 0 0 0 0 0 0 0 0 0 0 0 0 0 0 0 0 0 0 0 0 0 0 0 0 0 0 0 0 0 0 0 0 0 0 0 0 0 0 0 0 0 0 0 0 0 0 0 0 0 0 0 0 0 0 0 0 0 0 0 0 0 0 0 0 0 0 0 0 0 0 0 0 0 0 0 0 0 0 0 0 0 0 0 0 0 0 0 0 0 0 0 0 0 0 0 0 0 0 0 0 0 0 0 0 0 0 0 0 0 0 0 0 0 0 0 0 0 0 0 0 0 0 0 0 0 0 0 0 0 0 0 0 0 0 0 0 0 0 0 0 0 0 0 0 0 0 0 0 0 0 0 0 0 0 0 0 0 0 0 0 0 0 0 0 0 0 0 0 0 0 0 0 0 0 0 0 0 0 0 0 0 0 0 0 0 0 0 0 0 0 0 0 0 0 0 0 0 0 0 0 0 0 0 0 0 0 0 0 0 0 0 
0 0 0 0 0 0 0 0 0 59 59 59 59 59 59 59 59 59 59 59 59 59 59 59 59 59 59 59 60 60 60 60 60 60 60 60 60 60 60 60 60 60 61 61 61 61 61 61 61 61 62 62 62 62 62 62 62 62 62 62 62 62 62 62 63 63 63 63 63 63 63 63 63 63 63 63 64 64 64 64 64 64 64 64 64 64 64 64 65 65 65 65 65 65 65 65 66 66 66 66 66 66 66 66 66 66 67 67 67 67 67 67 67 67 67 68 68 68 68 68 68 68 68 69 69 69 69 69 69 69 70 70 70 70 70 70 70 71 71 71 71 71 71 71 71 71 72 72 72 72 72 72 73 73 73 73 73 74 74 74 74 74 74 75 75 75 75 75 76 76 76 76 76 77 77 77 77 77 78 78 78 78 78 79 79 79 79 79 80 80 80 80 83 83 83 83 83 84 84 84 84 85 85 85 85 85 86 86 86 86 87 87 87 87 88 88 88 88 89 89 89 89 90 90 90 90 91 91 91 91 92 92 92 92 93 93 93 94 94 0 0 0 0 0 0 0 0 0 0 0 0 0 0 0 0 0 0 0 0 0 0 0 0 0 0 0 0 0 0 0 0 0 0 0 0 0 0 0 0 0 0 0 0 0 0 0 0 0 0 0 0 0 0 0 0 0 0 0 0 0 0 0 0 0 0 0 0 0 0 0 0 0 0 0 0 0 0 0 0 0 0 0 0 0 0 0 0 0 0 0 0 0 0 0 0 0 0 0 0 0 0 0 0 0 0 0 0 0 0 0 0 0 0 0 0 0 0 0 0 0 0 0 0 0 0 0 0 0 0 0 0 0 0 0 0 0 0 0 0 0 0 0 0 0 0 0 0 0 0 0 0 0 0 0 0 0 0 0 0 0 0 0 0 0 0 0 0 0 0 0 0 0 0 0 0 0 0 0 0 0 0 0 0 0 0 0 0 0 0 0 0 0 0 0 0 0 0 0 0 0 0 0 0 0 0 0 0 0 0 0 0 0 0 0 0 0 0 0 0 0 0 0 0 0 0 0 0 0 0 0 0 0 0 0 0 0 0 0 0 0 0 0 0 0 0 0 0 0 0 0 0 0 0 0 0 0 0 0 0 0 0 0 0 
0 0 0 0 0 0 0 0 0 58 59 59 59 59 59 59 59 59 59 59 59 59 59 59 59 59 59 59 59 59 60 60 60 60 60 60 60 60 60 60 60 60 61 61 61 61 61 61 61 61 61 61 62 62 62 62 62 62 62 62 62 62 62 62 62 63 63 63 63 63 63 63 63 63 63 63 63 63 64 64 64 64 64 64 64 64 64 64 64 65 65 65 65 65 65 65 65 65 66 66 66 66 66 66 66 66 66 66 67 67 67 67 67 67 67 67 68 68 68 68 68 68 68 68 69 69 69 69 69 69 69 70 70 70 70 70 70 70 71 71 71 71 71 71 71 71 72 72 72 72 72 72 72 73 73 73 73 73 74 74 74 74 74 74 75 75 75 75 75 76 76 76 76 76 77 77 77 77 77 78 78 78 78 78 79 79 79 79 79 80 80 80 82 83 83 83 83 83 84 84 84 84 85 85 85 85 86 86 86 86 87 87 87 87 88 88 88 88 89 89 89 89 90 90 90 90 91 91 91 91 92 92 92 92 93 93 93 93 94 94 0 0 0 0 0 0 0 0 0 0 0 0 0 0 0 0 0 0 0 0 0 0 0 0 0 0 0 0 0 0 0 0 0 0 0 0 0 0 0 0 0 0 0 0 0 0 0 0 0 0 0 0 0 0 0 0 0 0 0 0 0 0 0 0 0 0 0 0 0 0 0 0 0 0 0 0 0 0 0 0 0 0 0 0 0 0 0 0 0 0 0 0 0 0 0 0 0 0 0 0 0 0 0 0 0 0 0 0 0 0 0 0 0 0 0 0 0 0 0 0 0 0 0 0 0 0 0 0 0 0 0 0 0 0 0 0 0 0 0 0 0 0 0 0 0 0 0 0 0 0 0 0 0 0 0 0 0 0 0 0 0 0 0 0 0 0 0 0 0 0 0 0 0 0 0 0 0 0 0 0 0 0 0 0 0 0 0 0 0 0 0 0 0 0 0 0 0 0 0 0 0 0 0 0 0 0 0 0 0 0 0 0 0 0 0 0 0 0 0 0 0 0 0 0 0 0 0 0 0 0 0 0 0 0 0 0 0 0 0 0 0 0 0 0 0 0 0 0 0 0 0 0 0 0 0 0 0 0 0 0 0 0 0 
0 0 0 0 0 0 0 0 0 0 0 0 59 59 59 59 59 59 59 59 59 59 59 0 0 59 59 59 59 59 59 60 60 60 60 60 60 60 60 60 60 60 61 61 61 61 61 61 61 61 61 61 61 62 62 62 62 62 62 62 62 62 62 62 62 62 62 63 63 63 63 63 63 63 63 63 63 63 63 64 64 64 64 64 64 64 64 64 64 64 64 65 65 65 65 65 65 65 65 66 66 66 66 66 66 66 66 66 66 67 67 67 67 67 67 67 67 68 68 68 68 68 68 68 68 69 69 69 69 69 69 69 69 70 70 70 70 70 70 71 71 71 71 71 71 71 71 72 72 72 72 72 72 73 73 73 73 73 73 74 74 74 74 74 75 75 75 75 75 75 76 76 76 76 76 77 77 77 77 77 78 78 78 78 78 79 79 79 79 79 80 80 82 82 83 83 83 83 84 84 84 84 85 85 85 85 85 86 86 86 86 87 87 87 87 88 88 88 88 89 89 89 89 90 90 90 90 91 91 91 91 92 92 92 93 93 93 93 94 94 94 0 0 0 0 0 0 0 0 0 0 0 0 0 0 0 0 0 0 0 0 0 0 0 0 0 0 0 0 0 0 0 0 0 0 0 0 0 0 0 0 0 0 0 0 0 0 0 0 0 0 0 0 0 0 0 0 0 0 0 0 0 0 0 0 0 0 0 0 0 0 0 0 0 0 0 0 0 0 0 0 0 0 0 0 0 0 0 0 0 0 0 0 0 0 0 0 0 0 0 0 0 0 0 0 0 0 0 0 0 0 0 0 0 0 0 0 0 0 0 0 0 0 0 0 0 0 0 0 0 0 0 0 0 0 0 0 0 0 0 0 0 0 0 0 0 0 0 0 0 0 0 0 0 0 0 0 0 0 0 0 0 0 0 0 0 0 0 0 0 0 0 0 0 0 0 0 0 0 0 0 0 0 0 0 0 0 0 0 0 0 0 0 0 0 0 0 0 0 0 0 0 0 0 0 0 0 0 0 0 0 0 0 0 0 0 0 0 0 0 0 0 0 0 0 0 0 0 0 0 0 0 0 0 0 0 0 0 0 0 0 0 0 0 0 0 0 0 0 0 0 0 0 0 0 0 0 0 0 0 0 0 0 
0 0 0 0 0 0 0 0 0 0 0 0 0 58 58 59 59 59 59 59 59 59 0 0 0 0 59 59 59 59 59 59 59 60 60 60 60 60 60 60 60 60 61 61 61 61 61 61 61 61 61 61 61 61 61 62 62 62 62 62 62 62 62 62 62 62 62 62 62 63 63 63 63 63 63 63 63 63 63 63 63 64 64 64 64 64 64 64 64 64 64 64 65 65 65 65 65 65 65 65 65 66 66 66 66 66 66 66 66 66 67 67 67 67 67 67 67 67 67 68 68 68 68 68 68 68 68 69 69 69 69 69 69 69 70 70 70 70 70 70 71 71 71 71 71 71 71 71 72 72 72 72 72 72 73 73 73 73 73 73 74 74 74 74 74 75 75 75 75 75 75 76 76 76 76 76 77 77 77 77 77 78 78 78 78 79 79 79 79 79 80 80 82 82 83 83 83 83 83 84 84 84 84 85 85 85 85 86 86 86 86 87 87 87 87 87 88 88 88 88 89 89 89 90 90 90 90 91 91 91 91 92 92 92 92 93 93 93 93 94 94 0 0 0 0 0 0 0 0 0 0 0 0 0 0 0 0 0 0 0 0 0 0 0 0 0 0 0 0 0 0 0 0 0 0 0 0 0 0 0 0 0 0 0 0 0 0 0 0 0 0 0 0 0 0 0 0 0 0 0 0 0 0 0 0 0 0 0 0 0 0 0 0 0 0 0 0 0 0 0 0 0 0 0 0 0 0 0 0 0 0 0 0 0 0 0 0 0 0 0 0 0 0 0 0 0 0 0 0 0 0 0 0 0 0 0 0 0 0 0 0 0 0 0 0 0 0 0 0 0 0 0 0 0 0 0 0 0 0 0 0 0 0 0 0 0 0 0 0 0 0 0 0 0 0 0 0 0 0 0 0 0 0 0 0 0 0 0 0 0 0 0 0 0 0 0 0 0 0 0 0 0 0 0 0 0 0 0 0 0 0 0 0 0 0 0 0 0 0 0 0 0 0 0 0 0 0 0 0 0 0 0 0 0 0 0 0 0 0 0 0 0 0 0 0 0 0 0 0 0 0 0 0 0 0 0 0 0 0 0 0 0 0 0 0 0 0 0 0 0 0 0 0 0 0 0 0 0 0 0 0 0 0 
0 0 0 0 0 0 0 0 0 0 0 0 0 0 0 58 58 58 58 58 0 0 0 0 0 0 59 59 59 59 59 59 59 59 59 60 60 60 60 60 60 60 61 61 61 61 61 61 61 61 61 61 61 61 61 61 61 62 62 62 62 62 62 62 62 62 62 62 62 62 63 63 63 63 63 63 63 63 63 63 63 63 64 64 64 64 64 64 64 64 64 64 65 65 65 65 65 65 65 65 65 65 66 66 66 66 66 66 66 66 66 66 67 67 67 67 67 67 67 67 68 68 68 68 68 68 68 68 69 69 69 69 69 69 69 70 70 70 70 70 70 71 70 71 71 71 71 71 71 72 72 72 72 72 72 73 73 73 73 73 73 74 74 74 74 74 75 75 75 75 75 76 76 76 76 76 77 77 77 77 77 78 78 78 78 78 79 79 79 79 79 80 82 82 82 83 83 83 83 84 84 84 84 84 85 85 85 85 86 86 86 86 87 87 87 87 88 88 88 88 89 89 89 89 90 90 90 90 91 91 91 91 92 92 92 93 93 93 93 94 94 94 0 0 0 0 0 0 0 0 0 0 0 0 0 0 0 0 0 0 0 0 0 0 0 0 0 0 0 0 0 0 0 0 0 0 0 0 0 0 0 0 0 0 0 0 0 0 0 0 0 0 0 0 0 0 0 0 0 0 0 0 0 0 0 0 0 0 0 0 0 0 0 0 0 0 0 0 0 0 0 0 0 0 0 0 0 0 0 0 0 0 0 0 0 0 0 0 0 0 0 0 0 0 0 0 0 0 0 0 0 0 0 0 0 0 0 0 0 0 0 0 0 0 0 0 0 0 0 0 0 0 0 0 0 0 0 0 0 0 0 0 0 0 0 0 0 0 0 0 0 0 0 0 0 0 0 0 0 0 0 0 0 0 0 0 0 0 0 0 0 0 0 0 0 0 0 0 0 0 0 0 0 0 0 0 0 0 0 0 0 0 0 0 0 0 0 0 0 0 0 0 0 0 0 0 0 0 0 0 0 0 0 0 0 0 0 0 0 0 0 0 0 0 0 0 0 0 0 0 0 0 0 0 0 0 0 0 0 0 0 0 0 0 0 0 0 0 0 0 0 0 0 0 0 0 0 0 0 0 0 0 0 
0 0 0 0 0 0 0 0 0 0 0 0 0 0 0 0 0 0 0 0 0 0 0 0 0 0 0 0 0 0 0 59 59 59 59 59 59 60 60 60 60 60 60 60 61 61 61 61 61 61 61 61 61 61 61 61 61 61 62 62 62 62 62 62 62 62 62 62 62 62 62 62 63 63 63 63 63 63 63 63 63 63 63 63 64 64 64 64 64 64 64 64 64 65 65 65 65 65 65 65 65 65 65 65 66 66 66 66 66 66 66 66 66 67 67 67 67 67 67 67 67 68 68 68 68 68 68 68 68 69 69 69 69 69 69 69 70 70 70 70 70 70 70 70 71 71 71 71 71 71 72 72 72 72 72 72 73 73 73 73 73 73 74 74 74 74 74 75 75 75 75 75 76 76 76 76 76 77 77 77 77 77 78 78 78 78 78 79 79 79 79 80 82 82 82 82 83 83 83 83 84 84 84 84 85 85 85 85 86 86 86 86 86 87 87 87 87 88 88 88 88 89 89 89 90 90 90 90 91 91 91 91 92 92 92 92 93 93 93 94 94 0 0 0 0 0 0 0 0 0 0 0 0 0 0 0 0 0 0 0 0 0 0 0 0 0 0 0 0 0 0 0 0 0 0 0 0 0 0 0 0 0 0 0 0 0 0 0 0 0 0 0 0 0 0 0 0 0 0 0 0 0 0 0 0 0 0 0 0 0 0 0 0 0 0 0 0 0 0 0 0 0 0 0 0 0 0 0 0 0 0 0 0 0 0 0 0 0 0 0 0 0 0 0 0 0 0 0 0 0 0 0 0 0 0 0 0 0 0 0 0 0 0 0 0 0 0 0 0 0 0 0 0 0 0 0 0 0 0 0 0 0 0 0 0 0 0 0 0 0 0 0 0 0 0 0 0 0 0 0 0 0 0 0 0 0 0 0 0 0 0 0 0 0 0 0 0 0 0 0 0 0 0 0 0 0 0 0 0 0 0 0 0 0 0 0 0 0 0 0 0 0 0 0 0 0 0 0 0 0 0 0 0 0 0 0 0 0 0 0 0 0 0 0 0 0 0 0 0 0 0 0 0 0 0 0 0 0 0 0 0 0 0 0 0 0 0 0 0 0 0 0 0 0 0 0 0 0 0 0 0 0 0 
0 0 0 0 0 0 0 0 0 0 0 0 0 0 0 0 0 0 0 0 0 0 0 0 0 0 0 0 0 0 0 0 0 59 59 59 59 59 60 60 60 60 60 60 60 60 61 61 61 61 61 61 61 61 61 61 61 61 61 61 62 62 62 62 62 62 62 62 62 62 62 62 62 63 63 63 63 63 63 63 63 63 63 63 63 64 64 64 64 64 64 64 64 64 64 65 65 65 65 65 65 65 65 65 65 66 66 66 66 66 66 66 66 66 67 67 67 67 67 67 67 67 67 68 68 68 68 68 68 68 69 69 69 69 69 69 69 70 70 70 70 70 70 70 70 71 71 71 71 71 71 72 72 72 72 72 72 73 73 73 73 73 74 74 74 74 74 75 75 75 75 75 75 76 76 76 76 76 77 77 77 77 77 78 78 78 78 79 79 79 79 79 82 82 82 82 83 83 83 83 83 84 84 84 84 85 85 85 85 86 86 86 86 87 87 87 87 88 88 88 88 89 89 89 89 90 90 90 90 91 91 91 92 92 92 92 93 93 93 93 0 0 0 0 0 0 0 0 0 0 0 0 0 0 0 0 0 0 0 0 0 0 0 0 0 0 0 0 0 0 0 0 0 0 0 0 0 0 0 0 0 0 0 0 0 0 0 0 0 0 0 0 0 0 0 0 0 0 0 0 0 0 0 0 0 0 0 0 0 0 0 0 0 0 0 0 0 0 0 0 0 0 0 0 0 0 0 0 0 0 0 0 0 0 0 0 0 0 0 0 0 0 0 0 0 0 0 0 0 0 0 0 0 0 0 0 0 0 0 0 0 0 0 0 0 0 0 0 0 0 0 0 0 0 0 0 0 0 0 0 0 0 0 0 0 0 0 0 0 0 0 0 0 0 0 0 0 0 0 0 0 0 0 0 0 0 0 0 0 0 0 0 0 0 0 0 0 0 0 0 0 0 0 0 0 0 0 0 0 0 0 0 0 0 0 0 0 0 0 0 0 0 0 0 0 0 0 0 0 0 0 0 0 0 0 0 0 0 0 0 0 0 0 0 0 0 0 0 0 0 0 0 0 0 0 0 0 0 0 0 0 0 0 0 0 0 0 0 0 0 0 0 0 0 0 0 0 0 0 0 0 0 0 
0 0 0 0 0 0 0 0 0 0 0 0 0 0 0 0 0 0 0 0 0 0 0 0 0 0 0 0 0 0 0 0 0 0 59 59 59 59 59 59 60 60 60 60 60 60 60 61 61 61 61 61 61 61 61 61 61 61 61 61 61 61 62 62 62 62 62 62 62 62 62 62 62 62 62 63 63 63 63 63 63 63 63 63 63 63 63 64 64 64 64 64 64 64 64 64 64 65 65 65 65 65 65 65 65 65 65 66 66 66 66 66 66 66 66 66 67 67 67 67 67 67 67 67 68 68 68 68 68 68 68 69 69 69 69 69 69 69 70 70 70 70 70 70 70 70 71 71 71 71 71 71 72 72 72 72 72 72 73 73 73 73 73 74 74 74 74 74 75 75 75 75 75 76 76 76 76 76 77 77 77 77 77 78 78 78 78 78 79 79 79 79 81 82 82 82 82 83 83 83 83 84 84 84 84 84 85 85 85 85 86 86 86 86 87 87 87 87 88 88 88 88 89 89 89 90 90 90 90 91 91 91 91 92 92 92 92 93 0 0 0 0 0 0 0 0 0 0 0 0 0 0 0 0 0 0 0 0 0 0 0 0 0 0 0 0 0 0 0 0 0 0 0 0 0 0 0 0 0 0 0 0 0 0 0 0 0 0 0 0 0 0 0 0 0 0 0 0 0 0 0 0 0 0 0 0 0 0 0 0 0 0 0 0 0 0 0 0 0 0 0 0 0 0 0 0 0 0 0 0 0 0 0 0 0 0 0 0 0 0 0 0 0 0 0 0 0 0 0 0 0 0 0 0 0 0 0 0 0 0 0 0 0 0 0 0 0 0 0 0 0 0 0 0 0 0 0 0 0 0 0 0 0 0 0 0 0 0 0 0 0 0 0 0 0 0 0 0 0 0 0 0 0 0 0 0 0 0 0 0 0 0 0 0 0 0 0 0 0 0 0 0 0 0 0 0 0 0 0 0 0 0 0 0 0 0 0 0 0 0 0 0 0 0 0 0 0 0 0 0 0 0 0 0 0 0 0 0 0 0 0 0 0 0 0 0 0 0 0 0 0 0 0 0 0 0 0 0 0 0 0 0 0 0 0 0 0 0 0 0 0 0 0 0 0 0 0 0 0 0 0 0 0 
0 0 0 0 0 0 0 0 0 0 0 0 0 0 0 0 0 0 0 0 0 0 0 0 0 0 0 0 0 0 0 0 0 0 59 59 59 59 59 59 59 59 60 60 60 60 60 60 60 61 61 61 61 61 61 61 61 61 61 61 61 61 61 62 62 62 62 62 62 62 62 62 62 62 62 62 63 63 63 63 63 63 63 63 63 63 63 63 64 64 64 64 64 64 64 64 64 64 65 65 65 65 65 65 65 65 65 65 66 66 66 66 66 66 66 66 66 67 67 67 67 67 67 67 67 68 68 68 68 68 68 68 69 69 69 69 69 69 69 70 70 70 70 70 70 70 70 71 71 71 71 71 71 72 72 72 72 72 72 73 73 73 73 73 74 74 74 74 74 75 75 75 75 75 76 76 76 76 76 77 77 77 77 77 78 78 78 78 78 79 79 79 81 82 82 82 82 82 83 83 83 83 84 84 84 84 85 85 85 85 86 86 86 86 87 87 87 87 88 88 88 88 89 89 89 89 90 90 90 90 91 91 91 92 92 92 0 0 0 0 0 0 0 0 0 0 0 0 0 0 0 0 0 0 0 0 0 0 0 0 0 0 0 0 0 0 0 0 0 0 0 0 0 0 0 0 0 0 0 0 0 0 0 0 0 0 0 0 0 0 0 0 0 0 0 0 0 0 0 0 0 0 0 0 0 0 0 0 0 0 0 0 0 0 0 0 0 0 0 0 0 0 0 0 0 0 0 0 0 0 0 0 0 0 0 0 0 0 0 0 0 0 0 0 0 0 0 0 0 0 0 0 0 0 0 0 0 0 0 0 0 0 0 0 0 0 0 0 0 0 0 0 0 0 0 0 0 0 0 0 0 0 0 0 0 0 0 0 0 0 0 0 0 0 0 0 0 0 0 0 0 0 0 0 0 0 0 0 0 0 0 0 0 0 0 0 0 0 0 0 0 0 0 0 0 0 0 0 0 0 0 0 0 0 0 0 0 0 0 0 0 0 0 0 0 0 0 0 0 0 0 0 0 0 0 0 0 0 0 0 0 0 0 0 0 0 0 0 0 0 0 0 0 0 0 0 0 0 0 0 0 0 0 0 0 0 0 0 0 0 0 0 0 0 0 0 0 0 0 0 0 0 0 
0 0 0 0 0 0 0 0 0 0 0 0 0 0 0 0 0 0 0 0 0 0 0 0 0 0 0 0 0 0 0 0 0 0 59 59 59 59 59 59 59 59 60 60 60 60 60 60 60 60 61 61 61 61 61 61 61 61 61 61 61 61 61 61 61 62 62 62 62 62 62 62 62 62 62 62 62 62 63 63 63 63 63 63 63 63 63 63 63 63 64 64 64 64 64 64 64 64 64 64 65 65 65 65 65 65 65 65 65 65 66 66 66 66 66 66 66 66 67 67 67 67 67 67 67 67 68 68 68 68 68 68 68 69 69 69 69 69 69 69 70 70 70 70 70 70 70 70 71 71 71 71 71 71 72 72 72 72 72 73 73 73 73 73 73 74 74 74 74 74 75 75 75 75 75 76 76 76 76 76 77 77 77 77 77 78 78 78 78 79 79 79 81 81 82 82 82 82 83 83 83 83 83 84 84 84 84 85 85 85 85 86 86 86 86 87 87 87 87 88 88 88 88 89 89 89 90 90 90 90 91 91 91 91 92 0 0 0 0 0 0 0 0 0 0 0 0 0 0 0 0 0 0 0 0 0 0 0 0 0 0 0 0 0 0 0 0 0 0 0 0 0 0 0 0 0 0 0 0 0 0 0 0 0 0 0 0 0 0 0 0 0 0 0 0 0 0 0 0 0 0 0 0 0 0 0 0 0 0 0 0 0 0 0 0 0 0 0 0 0 0 0 0 0 0 0 0 0 0 0 0 0 0 0 0 0 0 0 0 0 0 0 0 0 0 0 0 0 0 0 0 0 0 0 0 0 0 0 0 0 0 0 0 0 0 0 0 0 0 0 0 0 0 0 0 0 0 0 0 0 0 0 0 0 0 0 0 0 0 0 0 0 0 0 0 0 0 0 0 0 0 0 0 0 0 0 0 0 0 0 0 0 0 0 0 0 0 0 0 0 0 0 0 0 0 0 0 0 0 0 0 0 0 0 0 0 0 0 0 0 0 0 0 0 0 0 0 0 0 0 0 0 0 0 0 0 0 0 0 0 0 0 0 0 0 0 0 0 0 0 0 0 0 0 0 0 0 0 0 0 0 0 0 0 0 0 0 0 0 0 0 0 0 0 0 0 0 0 0 0 0 0 0 
0 0 0 0 0 0 0 0 0 0 0 0 0 0 0 0 0 0 0 0 0 58 58 58 58 58 0 0 0 0 0 59 59 59 59 59 59 59 59 59 59 59 60 60 60 60 60 60 60 60 60 60 61 61 61 61 61 61 61 61 61 61 61 61 61 61 62 62 62 62 62 62 62 62 62 62 62 62 62 62 63 63 63 63 63 63 63 63 63 63 63 64 64 64 64 64 64 64 64 64 64 65 65 65 65 65 65 65 65 65 65 66 66 66 66 66 66 66 66 66 67 67 67 67 67 67 67 68 68 68 68 68 68 68 68 69 69 69 69 69 69 70 69 70 70 70 70 70 70 71 71 71 71 71 71 72 72 72 72 72 73 73 73 73 73 74 74 74 74 74 74 75 75 75 75 75 76 76 76 76 77 77 77 77 77 78 78 78 78 78 79 79 81 81 81 82 82 82 82 83 83 83 83 84 84 84 84 85 85 85 85 86 86 86 86 87 87 87 87 88 88 88 88 89 89 89 89 90 90 90 90 91 91 91 92 0 0 0 0 0 0 0 0 0 0 0 0 0 0 0 0 0 0 0 0 0 0 0 0 0 0 0 0 0 0 0 0 0 0 0 0 0 0 0 0 0 0 0 0 0 0 0 0 0 0 0 0 0 0 0 0 0 0 0 0 0 0 0 0 0 0 0 0 0 0 0 0 0 0 0 0 0 0 0 0 0 0 0 0 0 0 0 0 0 0 0 0 0 0 0 0 0 0 0 0 0 0 0 0 0 0 0 0 0 0 0 0 0 0 0 0 0 0 0 0 0 0 0 0 0 0 0 0 0 0 0 0 0 0 0 0 0 0 0 0 0 0 0 0 0 0 0 0 0 0 0 0 0 0 0 0 0 0 0 0 0 0 0 0 0 0 0 0 0 0 0 0 0 0 0 0 0 0 0 0 0 0 0 0 0 0 0 0 0 0 0 0 0 0 0 0 0 0 0 0 0 0 0 0 0 0 0 0 0 0 0 0 0 0 0 0 0 0 0 0 0 0 0 0 0 0 0 0 0 0 0 0 0 0 0 0 0 0 0 0 0 0 0 0 0 0 0 0 0 0 0 0 0 0 0 0 0 0 0 0 0 0 0 0 0 0 0 0 
0 0 0 0 0 0 0 0 0 0 0 0 0 0 0 0 0 0 0 0 0 58 58 58 58 58 58 58 58 59 59 59 59 59 59 59 59 59 59 59 59 59 60 60 60 60 60 60 60 60 60 60 60 60 61 61 61 61 61 61 61 61 61 61 61 61 61 61 62 62 62 62 62 62 62 62 62 62 62 62 62 63 63 63 63 63 63 63 63 63 63 63 64 64 64 64 64 64 64 64 64 64 64 65 65 65 65 65 65 65 65 65 65 66 66 66 66 66 66 66 66 67 67 67 67 67 67 67 67 68 68 68 68 68 68 68 69 69 69 69 69 69 69 69 70 70 70 70 70 70 71 71 71 71 71 71 72 72 72 72 72 73 73 73 73 73 74 74 74 74 74 75 75 75 75 75 76 76 76 76 76 77 77 77 77 77 78 78 78 78 78 79 81 81 81 82 82 82 82 82 83 83 83 83 84 84 84 84 85 85 85 85 86 86 86 86 87 87 87 87 88 88 88 88 89 89 89 90 90 90 90 91 91 91 91 92 92 92 93 93 93 93 0 0 0 0 0 0 0 0 0 0 0 0 0 0 0 0 0 0 0 0 0 0 0 0 0 0 0 0 0 0 0 0 0 0 0 0 0 0 0 0 0 0 0 0 0 0 0 0 0 0 0 0 0 0 0 0 0 0 0 0 0 0 0 0 0 0 0 0 0 0 0 0 0 0 0 0 0 0 0 0 0 0 0 0 0 0 0 0 0 0 0 0 0 0 0 0 0 0 0 0 0 0 0 0 0 0 0 0 0 0 0 0 0 0 0 0 0 0 0 0 0 0 0 0 0 0 0 0 0 0 0 0 0 0 0 0 0 0 0 0 0 0 0 0 0 0 0 0 0 0 0 0 0 0 0 0 0 0 0 0 0 0 0 0 0 0 0 0 0 0 0 0 0 0 0 0 0 0 0 0 0 0 0 0 0 0 0 0 0 0 0 0 0 0 0 0 0 0 0 0 0 0 0 0 0 0 0 0 0 0 0 0 0 0 0 0 0 0 0 0 0 0 0 0 0 0 0 0 0 0 0 0 0 0 0 0 0 0 0 0 0 0 0 0 0 0 0 0 0 0 0 0 0 0 0 0 0 0 0 0 0 
0 0 0 0 0 0 0 0 0 0 0 0 0 0 0 0 0 0 0 0 0 58 58 58 58 58 58 58 58 58 58 58 59 59 59 59 59 59 59 59 59 59 60 60 60 60 60 60 60 60 60 60 60 60 60 61 61 61 61 61 61 61 61 61 61 61 61 61 61 61 62 62 62 62 62 62 62 62 62 62 62 62 62 63 63 63 63 63 63 63 63 63 63 64 64 64 64 64 64 64 64 64 64 64 65 65 65 65 65 65 65 65 65 65 66 66 66 66 66 66 66 66 67 67 67 67 67 67 67 67 68 68 68 68 68 68 68 69 69 69 69 69 69 69 70 70 70 70 70 70 70 71 71 71 71 71 72 72 72 72 72 72 73 73 73 73 73 74 74 74 74 74 75 75 75 75 75 76 76 76 76 76 77 77 77 77 77 78 78 78 78 79 81 81 81 81 82 82 82 82 83 83 83 83 84 84 84 84 84 85 85 85 85 86 86 86 86 87 87 87 88 88 88 88 89 89 89 89 90 90 90 90 91 91 91 92 92 92 92 93 93 93 93 94 0 0 0 0 0 0 0 0 0 0 0 0 0 0 0 0 0 0 0 0 0 0 0 0 0 0 0 0 0 0 0 0 0 0 0 0 0 0 0 0 0 0 0 0 0 0 0 0 0 0 0 0 0 0 0 0 0 0 0 0 0 0 0 0 0 0 0 0 0 0 0 0 0 0 0 0 0 0 0 0 0 0 0 0 0 0 0 0 0 0 0 0 0 0 0 0 0 0 0 0 0 0 0 0 0 0 0 0 0 0 0 0 0 0 0 0 0 0 0 0 0 0 0 0 0 0 0 0 0 0 0 0 0 0 0 0 0 0 0 0 0 0 0 0 0 0 0 0 0 0 0 0 0 0 0 0 0 0 0 0 0 0 0 0 0 0 0 0 0 0 0 0 0 0 0 0 0 0 0 0 0 0 0 0 0 0 0 0 0 0 0 0 0 0 0 0 0 0 0 0 0 0 0 0 0 0 0 0 0 0 0 0 0 0 0 0 0 0 0 0 0 0 0 0 0 0 0 0 0 0 0 0 0 0 0 0 0 0 0 0 0 0 0 0 0 0 0 0 0 0 0 0 0 0 0 0 0 0 0 
0 0 0 0 0 0 0 0 0 0 0 0 0 0 0 0 0 0 0 0 0 58 58 58 58 58 58 58 58 58 58 58 58 59 59 59 59 59 59 59 59 59 59 60 60 60 60 60 60 60 60 60 60 60 60 60 60 61 61 61 61 61 61 61 61 61 61 61 61 61 61 62 62 62 62 62 62 62 62 62 62 62 62 62 63 63 63 63 63 63 63 63 63 63 63 64 64 64 64 64 64 64 64 64 64 64 65 65 65 65 65 65 65 65 65 66 66 66 66 66 66 66 66 66 67 67 67 67 67 67 67 68 68 68 68 68 68 68 69 69 69 69 69 69 69 70 70 70 70 70 70 70 71 71 71 71 71 72 72 72 72 72 72 73 73 73 73 73 74 74 74 74 74 75 75 75 75 75 76 76 76 76 76 77 77 77 77 78 78 78 78 78 81 81 81 81 81 82 82 82 82 83 83 83 83 84 84 84 84 85 85 85 85 86 86 86 86 87 87 87 87 88 88 88 88 89 89 89 90 90 90 90 91 91 91 91 92 92 92 93 93 93 93 94 94 94 0 0 0 0 0 0 0 0 0 0 0 0 0 0 0 0 0 0 0 0 0 0 0 0 0 0 0 0 0 0 0 0 0 0 0 0 0 0 0 0 0 0 0 0 0 0 0 0 0 0 0 0 0 0 0 0 0 0 0 0 0 0 0 0 0 0 0 0 0 0 0 0 0 0 0 0 0 0 0 0 0 0 0 0 0 0 0 0 0 0 0 0 0 0 0 0 0 0 0 0 0 0 0 0 0 0 0 0 0 0 0 0 0 0 0 0 0 0 0 0 0 0 0 0 0 0 0 0 0 0 0 0 0 0 0 0 0 0 0 0 0 0 0 0 0 0 0 0 0 0 0 0 0 0 0 0 0 0 0 0 0 0 0 0 0 0 0 0 0 0 0 0 0 0 0 0 0 0 0 0 0 0 0 0 0 0 0 0 0 0 0 0 0 0 0 0 0 0 0 0 0 0 0 0 0 0 0 0 0 0 0 0 0 0 0 0 0 0 0 0 0 0 0 0 0 0 0 0 0 0 0 0 0 0 0 0 0 0 0 0 0 0 0 0 0 0 0 0 0 0 0 0 0 0 0 0 0 
0 0 0 0 0 0 0 0 0 0 0 0 0 0 0 0 0 0 0 0 58 58 58 58 58 58 58 58 58 58 58 58 58 58 59 59 59 59 59 59 59 59 59 59 60 60 60 60 60 60 60 60 60 60 60 60 60 60 60 61 61 61 61 61 61 61 61 61 61 61 61 61 61 62 62 62 62 62 62 62 62 62 62 62 62 62 63 63 63 63 63 63 63 63 63 63 64 64 64 64 64 64 64 64 64 64 64 65 65 65 65 65 65 65 65 65 65 66 66 66 66 66 66 66 66 67 67 67 67 67 67 67 68 68 68 68 68 68 68 69 69 69 69 69 69 69 70 70 70 70 70 70 70 71 71 71 71 71 72 72 72 72 72 73 73 73 73 73 73 74 74 74 74 75 75 75 75 75 75 76 76 76 76 77 77 77 77 77 78 78 78 78 80 81 81 81 81 82 82 82 82 83 83 83 83 83 84 84 84 84 85 85 85 85 86 86 86 86 87 87 87 88 88 88 88 89 89 89 89 90 90 90 90 91 91 91 92 92 92 92 93 93 93 93 94 94 94 0 0 0 0 0 0 0 0 0 0 0 0 0 0 0 0 0 0 0 0 0 0 0 0 0 0 0 0 0 0 0 0 0 0 0 0 0 0 0 0 0 0 0 0 0 0 0 0 0 0 0 0 0 0 0 0 0 0 0 0 0 0 0 0 0 0 0 0 0 0 0 0 0 0 0 0 0 0 0 0 0 0 0 0 0 0 0 0 0 0 0 0 0 0 0 0 0 0 0 0 0 0 0 0 0 0 0 0 0 0 0 0 0 0 0 0 0 0 0 0 0 0 0 0 0 0 0 0 0 0 0 0 0 0 0 0 0 0 0 0 0 0 0 0 0 0 0 0 0 0 0 0 0 0 0 0 0 0 0 0 0 0 0 0 0 0 0 0 0 0 0 0 0 0 0 0 0 0 0 0 0 0 0 0 0 0 0 0 0 0 0 0 0 0 0 0 0 0 0 0 0 0 0 0 0 0 0 0 0 0 0 0 0 0 0 0 0 0 0 0 0 0 0 0 0 0 0 0 0 0 0 0 0 0 0 0 0 0 0 0 0 0 0 0 0 0 0 0 0 0 0 0 0 0 0 0 
0 0 0 0 0 0 0 0 0 0 0 0 0 0 0 0 0 0 0 0 0 58 58 58 58 58 58 58 58 58 58 58 58 58 58 59 59 59 59 59 59 59 59 59 59 59 60 60 60 60 60 60 60 60 60 60 60 60 60 60 61 61 61 61 61 61 61 61 61 61 61 61 61 61 62 62 62 62 62 62 62 62 62 62 62 62 62 63 63 63 63 63 63 63 63 63 63 63 64 64 64 64 64 64 64 64 64 64 64 65 65 65 65 65 65 65 65 65 66 66 66 66 66 66 66 66 67 67 67 67 67 67 67 68 68 68 68 68 68 68 69 69 69 69 69 69 69 70 70 70 70 70 70 71 71 71 71 71 71 72 72 72 72 72 73 73 73 73 73 74 74 74 74 74 75 75 75 75 75 76 76 76 76 76 77 77 77 77 77 78 78 78 80 80 81 81 81 81 82 82 82 82 83 83 83 83 84 84 84 84 85 85 85 85 86 86 86 86 87 87 87 87 88 88 88 88 89 89 89 90 90 90 90 91 91 91 91 92 92 92 93 93 93 93 94 94 94 94 0 0 0 0 0 0 0 0 0 0 0 0 0 0 0 0 0 0 0 0 0 0 0 0 0 0 0 0 0 0 0 0 0 0 0 0 0 0 0 0 0 0 0 0 0 0 0 0 0 0 0 0 0 0 0 0 0 0 0 0 0 0 0 0 0 0 0 0 0 0 0 0 0 0 0 0 0 0 0 0 0 0 0 0 0 0 0 0 0 0 0 0 0 0 0 0 0 0 0 0 0 0 0 0 0 0 0 0 0 0 0 0 0 0 0 0 0 0 0 0 0 0 0 0 0 0 0 0 0 0 0 0 0 0 0 0 0 0 0 0 0 0 0 0 0 0 0 0 0 0 0 0 0 0 0 0 0 0 0 0 0 0 0 0 0 0 0 0 0 0 0 0 0 0 0 0 0 0 0 0 0 0 0 0 0 0 0 0 0 0 0 0 0 0 0 0 0 0 0 0 0 0 0 0 0 0 0 0 0 0 0 0 0 0 0 0 0 0 0 0 0 0 0 0 0 0 0 0 0 0 0 0 0 0 0 0 0 0 0 0 0 0 0 0 0 0 0 0 0 0 0 0 0 0 0 
0 0 0 0 0 0 0 0 0 0 0 0 0 0 0 0 0 0 0 0 0 0 58 58 58 58 58 58 58 58 58 58 58 58 58 58 58 58 59 59 59 59 59 59 59 59 59 60 60 60 60 60 60 60 60 60 60 60 60 60 60 60 61 61 61 61 61 61 61 61 61 61 61 61 61 61 62 62 62 62 62 62 62 62 62 62 62 62 62 63 63 63 63 63 63 63 63 63 63 63 64 64 64 64 64 64 64 64 64 64 65 65 65 65 65 65 65 65 65 65 66 66 66 66 66 66 66 67 67 67 67 67 67 67 68 68 68 68 68 68 68 69 69 69 69 69 69 69 70 70 70 70 70 70 71 71 71 71 71 72 72 72 72 72 72 73 73 73 73 73 74 74 74 74 74 75 75 75 75 75 76 76 76 76 76 77 77 77 77 78 78 78 80 80 81 81 81 81 81 82 82 82 82 83 83 83 83 84 84 84 84 85 85 85 85 86 86 86 86 87 87 87 88 88 88 88 89 89 89 89 90 90 90 90 91 91 91 92 92 92 92 93 93 93 93 94 94 0 0 0 0 0 0 0 0 0 0 0 0 0 0 0 0 0 0 0 0 0 0 0 0 0 0 0 0 0 0 0 0 0 0 0 0 0 0 0 0 0 0 0 0 0 0 0 0 0 0 0 0 0 0 0 0 0 0 0 0 0 0 0 0 0 0 0 0 0 0 0 0 0 0 0 0 0 0 0 0 0 0 0 0 0 0 0 0 0 0 0 0 0 0 0 0 0 0 0 0 0 0 0 0 0 0 0 0 0 0 0 0 0 0 0 0 0 0 0 0 0 0 0 0 0 0 0 0 0 0 0 0 0 0 0 0 0 0 0 0 0 0 0 0 0 0 0 0 0 0 0 0 0 0 0 0 0 0 0 0 0 0 0 0 0 0 0 0 0 0 0 0 0 0 0 0 0 0 0 0 0 0 0 0 0 0 0 0 0 0 0 0 0 0 0 0 0 0 0 0 0 0 0 0 0 0 0 0 0 0 0 0 0 0 0 0 0 0 0 0 0 0 0 0 0 0 0 0 0 0 0 0 0 0 0 0 0 0 0 0 0 0 0 0 0 0 0 0 0 0 0 0 0 0 0 0 
0 0 0 0 0 0 0 0 0 0 0 0 0 0 0 0 0 0 0 0 0 0 0 0 58 58 58 58 58 58 58 58 58 58 58 58 58 58 58 59 59 59 59 59 59 59 59 59 59 60 60 60 60 60 60 60 60 60 60 60 60 60 60 61 61 61 61 61 61 61 61 61 61 61 61 61 61 62 62 62 62 62 62 62 62 62 62 62 62 62 63 63 63 63 63 63 63 63 63 63 63 64 64 64 64 64 64 64 64 64 64 64 65 65 65 65 65 65 65 65 65 66 66 66 66 66 66 66 66 67 67 67 67 67 67 68 68 68 68 68 68 68 68 69 69 69 69 69 69 70 70 70 70 70 70 71 71 71 71 71 72 72 72 72 72 72 73 73 73 73 73 74 74 74 74 74 75 75 75 75 76 76 76 76 76 77 77 77 77 77 78 78 80 80 80 81 81 81 81 82 82 82 82 83 83 83 83 84 84 84 84 85 85 85 85 86 86 86 86 87 87 87 87 88 88 88 88 89 89 89 90 90 90 90 91 91 91 91 92 92 92 93 93 93 93 94 0 0 0 0 0 0 0 0 0 0 0 0 0 0 0 0 0 0 0 0 0 0 0 0 0 0 0 0 0 0 0 0 0 0 0 0 0 0 0 0 0 0 0 0 0 0 0 0 0 0 0 0 0 0 0 0 0 0 0 0 0 0 0 0 0 0 0 0 0 0 0 0 0 0 0 0 0 0 0 0 0 0 0 0 0 0 0 0 0 0 0 0 0 0 0 0 0 0 0 0 0 0 0 0 0 0 0 0 0 0 0 0 0 0 0 0 0 0 0 0 0 0 0 0 0 0 0 0 0 0 0 0 0 0 0 0 0 0 0 0 0 0 0 0 0 0 0 0 0 0 0 0 0 0 0 0 0 0 0 0 0 0 0 0 0 0 0 0 0 0 0 0 0 0 0 0 0 0 0 0 0 0 0 0 0 0 0 0 0 0 0 0 0 0 0 0 0 0 0 0 0 0 0 0 0 0 0 0 0 0 0 0 0 0 0 0 0 0 0 0 0 0 0 0 0 0 0 0 0 0 0 0 0 0 0 0 0 0 0 0 0 0 0 0 0 0 0 0 0 0 0 0 0 0 0 0 0 
0 0 0 0 0 0 0 0 0 0 0 0 0 0 0 0 0 0 0 0 0 0 0 0 0 58 58 58 58 58 58 58 58 58 58 58 58 58 58 58 59 59 59 59 59 59 59 59 59 59 59 60 60 60 60 60 60 60 60 60 60 60 60 60 60 61 61 61 61 61 61 61 61 61 61 61 61 61 61 62 62 62 62 62 62 62 62 62 62 62 62 62 63 63 63 63 63 63 63 63 63 63 63 64 64 64 64 64 64 64 64 64 64 65 65 65 65 65 65 65 65 65 66 66 66 66 66 66 66 66 67 67 67 67 67 67 68 68 68 68 68 68 68 68 69 69 69 69 69 69 70 70 70 70 70 70 71 71 71 71 71 72 72 72 72 72 72 73 73 73 73 73 74 74 74 74 75 75 75 75 75 76 76 76 76 76 77 77 77 77 78 78 80 80 80 80 81 81 81 81 82 82 82 82 83 83 83 83 84 84 84 84 85 85 85 85 86 86 86 86 87 87 87 87 88 88 88 89 89 89 89 90 90 90 90 91 91 91 92 92 92 93 93 93 93 93 94 94 94 0 0 0 0 0 0 0 0 0 0 0 0 0 0 0 0 0 0 0 0 0 0 0 0 0 0 0 0 0 0 0 0 0 0 0 0 0 0 0 0 0 0 0 0 0 0 0 0 0 0 0 0 0 0 0 0 0 0 0 0 0 0 0 0 0 0 0 0 0 0 0 0 0 0 0 0 0 0 0 0 0 0 0 0 0 0 0 0 0 0 0 0 0 0 0 0 0 0 0 0 0 0 0 0 0 0 0 0 0 0 0 0 0 0 0 0 0 0 0 0 0 0 0 0 0 0 0 0 0 0 0 0 0 0 0 0 0 0 0 0 0 0 0 0 0 0 0 0 0 0 0 0 0 0 0 0 0 0 0 0 0 0 0 0 0 0 0 0 0 0 0 0 0 0 0 0 0 0 0 0 0 0 0 0 0 0 0 0 0 0 0 0 0 0 0 0 0 0 0 0 0 0 0 0 0 0 0 0 0 0 0 0 0 0 0 0 0 0 0 0 0 0 0 0 0 0 0 0 0 0 0 0 0 0 0 0 0 0 0 0 0 0 0 0 0 0 0 0 0 0 0 0 0 0 
0 0 0 0 0 0 0 0 0 0 0 0 0 0 0 0 0 0 0 0 0 0 0 0 0 0 57 57 58 58 58 58 58 58 58 58 58 58 58 58 58 58 59 59 59 59 59 59 59 59 59 59 59 59 59 60 60 60 60 60 60 60 60 60 60 60 60 60 60 61 61 61 61 61 61 61 61 61 61 61 61 61 61 62 62 62 62 62 62 62 62 62 62 63 63 63 63 63 63 63 63 63 63 63 64 64 64 64 64 64 64 64 64 64 64 65 65 65 65 65 65 65 65 66 66 66 66 66 66 66 66 67 67 67 67 67 67 68 68 68 68 68 69 69 69 69 69 69 70 70 70 70 70 70 71 71 71 71 71 72 72 72 72 72 73 73 73 73 73 73 74 74 74 74 74 75 75 75 75 76 76 76 76 76 77 77 77 77 77 78 78 78 80 80 80 80 81 81 81 81 82 82 82 82 83 83 83 83 84 84 84 84 85 85 85 85 86 86 86 86 87 87 87 87 88 88 88 88 89 89 89 90 90 90 90 91 91 91 92 92 92 92 92 93 93 93 93 94 94 94 95 95 95 0 0 0 0 0 0 0 0 0 0 0 0 0 0 0 0 0 0 0 0 0 0 0 0 0 0 0 0 0 0 0 0 0 0 0 0 0 0 0 0 0 0 0 0 0 0 0 0 0 0 0 0 0 0 0 0 0 0 0 0 0 0 0 0 0 0 0 0 0 0 0 0 0 0 0 0 0 0 0 0 0 0 0 0 0 0 0 0 0 0 0 0 0 0 0 0 0 0 0 0 0 0 0 0 0 0 0 0 0 0 0 0 0 0 0 0 0 0 0 0 0 0 0 0 0 0 0 0 0 0 0 0 0 0 0 0 0 0 0 0 0 0 0 0 0 0 0 0 0 0 0 0 0 0 0 0 0 0 0 0 0 0 0 0 0 0 0 0 0 0 0 0 0 0 0 0 0 0 0 0 0 0 0 0 0 0 0 0 0 0 0 0 0 0 0 0 0 0 0 0 0 0 0 0 0 0 0 0 0 0 0 0 0 0 0 0 0 0 0 0 0 0 0 0 0 0 0 0 0 0 0 0 0 0 0 0 0 0 0 0 0 0 0 0 0 0 0 0 0 0 
0 0 0 0 0 0 0 0 0 0 0 0 0 0 0 0 0 0 0 0 0 0 0 0 0 57 57 57 57 58 58 58 58 58 58 58 58 58 58 58 58 58 59 59 59 59 59 59 59 59 59 59 59 59 59 59 60 60 60 60 60 60 60 60 60 60 60 60 60 60 60 61 61 61 61 61 61 61 61 61 61 61 61 61 62 62 62 62 62 62 62 62 62 62 63 63 63 63 63 63 63 63 63 63 63 63 64 64 64 64 64 64 64 64 64 64 65 65 65 65 65 65 65 65 65 66 66 66 66 66 66 66 67 67 67 67 67 67 68 68 68 68 68 69 69 69 69 69 69 70 70 70 70 70 71 71 71 71 71 71 72 72 72 72 72 73 73 73 73 73 74 74 74 74 74 75 75 75 75 75 76 76 76 76 76 77 77 77 77 78 78 78 80 80 80 80 80 81 81 81 81 82 82 82 82 83 83 83 83 84 84 84 84 85 85 85 85 86 86 86 86 87 87 87 88 88 88 88 89 89 89 89 90 90 90 91 91 91 91 92 92 92 92 92 93 93 93 94 94 94 95 95 95 0 0 0 0 0 0 0 0 0 0 0 0 0 0 0 0 0 0 0 0 0 0 0 0 0 0 0 0 0 0 0 0 0 0 0 0 0 0 0 0 0 0 0 0 0 0 0 0 0 0 0 0 0 0 0 0 0 0 0 0 0 0 0 0 0 0 0 0 0 0 0 0 0 0 0 0 0 0 0 0 0 0 0 0 0 0 0 0 0 0 0 0 0 0 0 0 0 0 0 0 0 0 0 0 0 0 0 0 0 0 0 0 0 0 0 0 0 0 0 0 0 0 0 0 0 0 0 0 0 0 0 0 0 0 0 0 0 0 0 0 0 0 0 0 0 0 0 0 0 0 0 0 0 0 0 0 0 0 0 0 0 0 0 0 0 0 0 0 0 0 0 0 0 0 0 0 0 0 0 0 0 0 0 0 0 0 0 0 0 0 0 0 0 0 0 0 0 0 0 0 0 0 0 0 0 0 0 0 0 0 0 0 0 0 0 0 0 0 0 0 0 0 0 0 0 0 0 0 0 0 0 0 0 0 0 0 0 0 0 0 0 0 0 0 0 0 0 0 0 0 
0 0 0 0 0 0 0 0 0 0 0 0 0 0 0 0 0 0 0 57 57 57 57 57 57 57 57 57 57 57 58 58 58 58 58 58 58 58 58 58 58 58 59 59 59 59 59 59 59 59 59 59 59 59 59 59 59 60 60 60 60 60 60 60 60 60 60 60 60 60 60 60 61 61 61 61 61 61 61 61 61 61 61 61 61 61 62 62 62 62 62 62 62 62 62 62 63 63 63 63 63 63 63 63 63 63 63 64 64 64 64 64 64 64 64 64 64 65 65 65 65 65 65 65 65 65 66 66 66 66 66 66 66 67 67 67 67 67 67 68 68 68 68 68 69 69 69 69 69 69 70 70 70 70 70 71 71 71 71 71 71 72 72 72 72 72 73 73 73 73 73 74 74 74 74 74 75 75 75 75 75 76 76 76 76 77 77 77 77 77 78 78 79 80 80 80 80 81 81 81 81 82 82 82 82 83 83 83 83 83 84 84 84 85 85 85 85 86 86 86 86 87 87 87 87 88 88 88 88 89 89 89 90 90 90 90 91 91 91 92 92 92 92 92 93 93 93 93 94 94 94 95 95 95 0 0 0 0 0 0 0 0 0 0 0 0 0 0 0 0 0 0 0 0 0 0 0 0 0 0 0 0 0 0 0 0 0 0 0 0 0 0 0 0 0 0 0 0 0 0 0 0 0 0 0 0 0 0 0 0 0 0 0 0 0 0 0 0 0 0 0 0 0 0 0 0 0 0 0 0 0 0 0 0 0 0 0 0 0 0 0 0 0 0 0 0 0 0 0 0 0 0 0 0 0 0 0 0 0 0 0 0 0 0 0 0 0 0 0 0 0 0 0 0 0 0 0 0 0 0 0 0 0 0 0 0 0 0 0 0 0 0 0 0 0 0 0 0 0 0 0 0 0 0 0 0 0 0 0 0 0 0 0 0 0 0 0 0 0 0 0 0 0 0 0 0 0 0 0 0 0 0 0 0 0 0 0 0 0 0 0 0 0 0 0 0 0 0 0 0 0 0 0 0 0 0 0 0 0 0 0 0 0 0 0 0 0 0 0 0 0 0 0 0 0 0 0 0 0 0 0 0 0 0 0 0 0 0 0 0 0 0 0 0 0 0 0 0 0 0 0 0 0 
0 0 0 0 0 0 0 0 0 0 0 0 0 0 0 0 0 0 57 57 57 57 57 57 57 57 57 57 57 57 57 57 57 58 58 58 58 58 58 58 58 58 58 59 59 59 59 59 59 59 59 59 59 59 59 59 59 59 59 60 60 60 60 60 60 60 60 60 60 60 60 60 60 61 61 61 61 61 61 61 61 61 61 61 61 61 61 62 62 62 62 62 62 62 62 62 62 63 63 63 63 63 63 63 63 63 63 63 64 64 64 64 64 64 64 64 64 64 64 65 65 65 65 65 65 65 65 66 66 66 66 66 66 66 67 67 67 67 67 67 68 68 68 68 68 69 69 69 69 69 69 70 70 70 70 70 71 71 71 71 71 72 72 72 72 72 72 73 73 73 73 73 74 74 74 74 74 75 75 75 75 76 76 76 76 76 77 77 77 77 78 78 79 80 80 80 80 80 81 81 81 81 82 82 82 82 83 83 83 83 84 84 84 84 85 85 85 85 86 86 86 86 87 87 87 88 88 88 88 89 89 89 89 90 90 90 91 91 91 91 92 92 92 92 92 93 93 93 94 94 94 95 95 95 0 0 0 0 0 0 0 0 0 0 0 0 0 0 0 0 0 0 0 0 0 0 0 0 0 0 0 0 0 0 0 0 0 0 0 0 0 0 0 0 0 0 0 0 0 0 0 0 0 0 0 0 0 0 0 0 0 0 0 0 0 0 0 0 0 0 0 0 0 0 0 0 0 0 0 0 0 0 0 0 0 0 0 0 0 0 0 0 0 0 0 0 0 0 0 0 0 0 0 0 0 0 0 0 0 0 0 0 0 0 0 0 0 0 0 0 0 0 0 0 0 0 0 0 0 0 0 0 0 0 0 0 0 0 0 0 0 0 0 0 0 0 0 0 0 0 0 0 0 0 0 0 0 0 0 0 0 0 0 0 0 0 0 0 0 0 0 0 0 0 0 0 0 0 0 0 0 0 0 0 0 0 0 0 0 0 0 0 0 0 0 0 0 0 0 0 0 0 0 0 0 0 0 0 0 0 0 0 0 0 0 0 0 0 0 0 0 0 0 0 0 0 0 0 0 0 0 0 0 0 0 0 0 0 0 0 0 0 0 0 0 0 0 0 0 0 0 0 0 
0 0 0 0 0 0 0 0 0 0 0 0 0 0 0 0 0 0 57 57 57 57 57 57 57 57 57 57 57 57 57 57 57 57 58 58 58 58 58 58 58 58 58 58 59 59 59 59 59 59 59 59 59 59 59 59 59 59 59 59 60 60 60 60 60 60 60 60 60 60 60 60 60 60 60 61 61 61 61 61 61 61 61 61 61 61 61 61 61 62 62 62 62 62 62 62 62 62 63 63 63 63 63 63 63 63 63 63 63 63 64 64 64 64 64 64 64 64 64 64 65 65 65 65 65 65 65 65 66 66 66 66 66 66 67 67 67 67 67 67 67 68 68 68 68 68 69 69 69 69 69 70 70 70 70 70 70 71 71 71 71 71 72 72 72 72 72 72 73 73 73 73 73 74 74 74 74 75 75 75 75 75 76 76 76 76 76 77 77 77 77 78 79 79 80 80 80 80 81 81 81 81 81 82 82 82 82 83 83 83 83 84 84 84 84 85 85 85 86 86 86 86 87 87 87 87 88 88 88 88 89 89 89 90 90 90 90 91 91 91 92 92 92 92 92 93 93 93 94 94 94 94 95 95 95 96 0 0 0 0 0 0 0 0 0 0 0 0 0 0 0 0 0 0 0 0 0 0 0 0 0 0 0 0 0 0 0 0 0 0 0 0 0 0 0 0 0 0 0 0 0 0 0 0 0 0 0 0 0 0 0 0 0 0 0 0 0 0 0 0 0 0 0 0 0 0 0 0 0 0 0 0 0 0 0 0 0 0 0 0 0 0 0 0 0 0 0 0 0 0 0 0 0 0 0 0 0 0 0 0 0 0 0 0 0 0 0 0 0 0 0 0 0 0 0 0 0 0 0 0 0 0 0 0 0 0 0 0 0 0 0 0 0 0 0 0 0 0 0 0 0 0 0 0 0 0 0 0 0 0 0 0 0 0 0 0 0 0 0 0 0 0 0 0 0 0 0 0 0 0 0 0 0 0 0 0 0 0 0 0 0 0 0 0 0 0 0 0 0 0 0 0 0 0 0 0 0 0 0 0 0 0 0 0 0 0 0 0 0 0 0 0 0 0 0 0 0 0 0 0 0 0 0 0 0 0 0 0 0 0 0 0 0 0 0 0 0 0 0 0 0 0 0 
0 0 0 0 0 0 0 0 0 0 0 0 0 0 0 0 0 0 0 57 57 57 57 57 57 57 57 57 57 57 57 57 57 57 57 57 58 58 58 58 58 58 58 58 58 59 59 59 59 59 59 59 59 59 59 59 59 59 59 59 59 60 60 60 60 60 60 60 60 60 60 60 60 60 60 60 61 61 61 61 61 61 61 61 61 61 61 61 61 61 62 62 62 62 62 62 62 62 62 62 63 63 63 63 63 63 63 63 63 63 63 64 64 64 64 64 64 64 64 64 64 65 65 65 65 65 65 65 65 66 66 66 66 66 66 67 67 67 67 67 67 68 68 68 68 68 69 69 69 69 69 69 70 70 70 70 70 70 71 71 71 71 71 72 72 72 72 72 73 73 73 73 73 74 74 74 74 74 75 75 75 75 75 76 76 76 76 77 77 77 77 77 79 79 79 80 80 80 80 81 81 81 81 82 82 82 82 83 83 83 83 84 84 84 84 85 85 85 85 86 86 86 86 87 87 87 87 88 88 88 89 89 89 89 90 90 90 91 91 91 91 92 92 92 92 93 93 93 93 94 94 94 95 95 95 96 96 0 0 0 0 0 0 0 0 0 0 0 0 0 0 0 0 0 0 0 0 0 0 0 0 0 0 0 0 0 0 0 0 0 0 0 0 0 0 0 0 0 0 0 0 0 0 0 0 0 0 0 0 0 0 0 0 0 0 0 0 0 0 0 0 0 0 0 0 0 0 0 0 0 0 0 0 0 0 0 0 0 0 0 0 0 0 0 0 0 0 0 0 0 0 0 0 0 0 0 0 0 0 0 0 0 0 0 0 0 0 0 0 0 0 0 0 0 0 0 0 0 0 0 0 0 0 0 0 0 0 0 0 0 0 0 0 0 0 0 0 0 0 0 0 0 0 0 0 0 0 0 0 0 0 0 0 0 0 0 0 0 0 0 0 0 0 0 0 0 0 0 0 0 0 0 0 0 0 0 0 0 0 0 0 0 0 0 0 0 0 0 0 0 0 0 0 0 0 0 0 0 0 0 0 0 0 0 0 0 0 0 0 0 0 0 0 0 0 0 0 0 0 0 0 0 0 0 0 0 0 0 0 0 0 0 0 0 0 0 0 0 0 0 0 0 0 
0 0 0 0 0 0 0 0 0 0 0 0 0 0 0 0 0 0 0 0 0 57 57 57 57 57 57 57 57 57 57 57 57 57 57 57 57 58 58 58 58 58 58 58 58 58 58 58 59 59 59 59 59 59 59 59 59 59 59 59 59 59 59 60 60 60 60 60 60 60 60 60 60 60 60 60 60 61 61 61 61 61 61 61 61 61 61 61 61 61 61 62 62 62 62 62 62 62 62 62 62 63 63 63 63 63 63 63 63 63 63 63 63 64 64 64 64 64 64 64 64 64 64 65 65 65 65 65 65 65 66 66 66 66 66 66 67 67 67 67 67 67 68 68 68 68 68 69 69 69 69 69 69 70 70 70 70 70 71 71 71 71 71 71 72 72 72 72 72 73 73 73 73 73 74 74 74 74 74 75 75 75 75 75 76 76 76 76 77 77 77 77 79 79 79 80 80 80 80 80 81 81 81 81 82 82 82 82 83 83 83 83 84 84 84 84 85 85 85 85 86 86 86 86 87 87 87 88 88 88 88 89 89 89 90 90 90 90 91 91 91 92 92 92 92 92 93 93 93 94 94 94 95 95 95 95 96 96 96 0 0 0 0 0 0 0 0 0 0 0 0 0 0 0 0 0 0 0 0 0 0 0 0 0 0 0 0 0 0 0 0 0 0 0 0 0 0 0 0 0 0 0 0 0 0 0 0 0 0 0 0 0 0 0 0 0 0 0 0 0 0 0 0 0 0 0 0 0 0 0 0 0 0 0 0 0 0 0 0 0 0 0 0 0 0 0 0 0 0 0 0 0 0 0 0 0 0 0 0 0 0 0 0 0 0 0 0 0 0 0 0 0 0 0 0 0 0 0 0 0 0 0 0 0 0 0 0 0 0 0 0 0 0 0 0 0 0 0 0 0 0 0 0 0 0 0 0 0 0 0 0 0 0 0 0 0 0 0 0 0 0 0 0 0 0 0 0 0 0 0 0 0 0 0 0 0 0 0 0 0 0 0 0 0 0 0 0 0 0 0 0 0 0 0 0 0 0 0 0 0 0 0 0 0 0 0 0 0 0 0 0 0 0 0 0 0 0 0 0 0 0 0 0 0 0 0 0 0 0 0 0 0 0 0 0 0 0 0 0 0 0 0 0 
0 0 0 0 0 0 0 0 0 0 0 0 0 0 0 0 0 0 0 0 0 0 0 57 57 57 57 57 57 57 57 57 57 57 57 57 57 57 58 58 58 58 58 58 58 58 58 58 58 58 59 59 59 59 59 59 59 59 59 59 59 59 59 59 60 60 60 60 60 60 60 60 60 60 60 60 60 60 60 61 61 61 61 61 61 61 61 61 61 61 61 61 62 62 62 62 62 62 62 62 62 62 63 63 63 63 63 63 63 63 63 63 63 63 64 64 64 64 64 64 64 64 64 64 65 65 65 65 65 65 65 66 66 66 66 66 66 67 67 67 67 67 68 68 68 68 68 68 69 69 69 69 69 69 70 70 70 70 70 71 71 71 71 71 72 72 72 72 72 72 73 73 73 73 74 74 74 74 74 75 75 75 75 75 76 76 76 76 76 77 77 77 79 79 79 79 80 80 80 80 81 81 81 81 82 82 82 82 83 83 83 83 84 84 84 84 85 85 85 85 86 86 86 86 87 87 87 87 88 88 88 89 89 89 89 90 90 90 91 91 91 91 91 92 92 92 93 93 93 94 94 94 94 95 95 95 96 96 96 97 0 0 0 0 0 0 0 0 0 0 0 0 0 0 0 0 0 0 0 0 0 0 0 0 0 0 0 0 0 0 0 0 0 0 0 0 0 0 0 0 0 0 0 0 0 0 0 0 0 0 0 0 0 0 0 0 0 0 0 0 0 0 0 0 0 0 0 0 0 0 0 0 0 0 0 0 0 0 0 0 0 0 0 0 0 0 0 0 0 0 0 0 0 0 0 0 0 0 0 0 0 0 0 0 0 0 0 0 0 0 0 0 0 0 0 0 0 0 0 0 0 0 0 0 0 0 0 0 0 0 0 0 0 0 0 0 0 0 0 0 0 0 0 0 0 0 0 0 0 0 0 0 0 0 0 0 0 0 0 0 0 0 0 0 0 0 0 0 0 0 0 0 0 0 0 0 0 0 0 0 0 0 0 0 0 0 0 0 0 0 0 0 0 0 0 0 0 0 0 0 0 0 0 0 0 0 0 0 0 0 0 0 0 0 0 0 0 0 0 0 0 0 0 0 0 0 0 0 0 0 0 0 0 0 0 0 0 0 0 0 0 0 0 
0 0 0 0 0 0 0 0 0 0 0 0 0 0 0 0 0 0 0 0 0 0 0 0 57 57 57 57 57 57 57 57 57 57 57 57 57 57 57 58 58 58 58 58 58 58 58 58 58 58 59 59 59 59 59 59 59 59 59 59 59 59 59 59 59 60 60 60 60 60 60 60 60 60 60 60 60 60 60 60 61 61 61 61 61 61 61 61 61 61 61 61 62 62 62 62 62 62 62 62 62 62 62 62 63 63 63 63 63 63 63 63 63 63 63 64 64 64 64 64 64 64 64 64 64 65 65 65 65 65 65 66 66 66 66 66 66 66 67 67 67 67 67 68 68 68 68 68 68 69 69 69 69 69 70 70 70 70 70 70 71 71 71 71 71 72 72 72 72 72 73 73 73 73 73 74 74 74 74 74 75 75 75 75 75 76 76 76 76 77 77 77 78 79 79 79 79 80 80 80 80 81 81 81 81 82 82 82 82 83 83 83 83 84 84 84 84 85 85 85 85 86 86 86 87 87 87 87 88 88 88 88 89 89 89 90 90 90 90 91 91 91 91 92 92 92 93 93 93 93 94 94 94 95 95 95 96 96 96 96 97 0 0 0 0 0 0 0 0 0 0 0 0 0 0 0 0 0 0 0 0 0 0 0 0 0 0 0 0 0 0 0 0 0 0 0 0 0 0 0 0 0 0 0 0 0 0 0 0 0 0 0 0 0 0 0 0 0 0 0 0 0 0 0 0 0 0 0 0 0 0 0 0 0 0 0 0 0 0 0 0 0 0 0 0 0 0 0 0 0 0 0 0 0 0 0 0 0 0 0 0 0 0 0 0 0 0 0 0 0 0 0 0 0 0 0 0 0 0 0 0 0 0 0 0 0 0 0 0 0 0 0 0 0 0 0 0 0 0 0 0 0 0 0 0 0 0 0 0 0 0 0 0 0 0 0 0 0 0 0 0 0 0 0 0 0 0 0 0 0 0 0 0 0 0 0 0 0 0 0 0 0 0 0 0 0 0 0 0 0 0 0 0 0 0 0 0 0 0 0 0 0 0 0 0 0 0 0 0 0 0 0 0 0 0 0 0 0 0 0 0 0 0 0 0 0 0 0 0 0 0 0 0 0 0 0 0 0 0 0 0 0 0 
0 0 0 0 0 0 0 0 0 0 0 0 0 0 0 0 0 0 0 0 0 0 0 0 0 0 0 0 0 0 0 0 0 57 57 57 57 57 57 57 57 58 58 58 58 58 58 58 58 58 58 58 59 59 59 59 59 59 59 59 59 59 59 59 59 59 59 60 60 60 60 60 60 60 60 60 60 60 60 60 60 61 61 61 61 61 61 61 61 61 61 61 62 62 62 62 62 62 62 62 62 62 62 62 62 63 63 63 63 63 63 63 63 63 63 63 64 64 64 64 64 64 64 64 64 64 65 65 65 65 65 65 66 66 66 66 66 66 67 67 67 67 67 67 68 68 68 68 68 68 69 69 69 69 69 70 70 70 70 70 70 71 71 71 71 71 72 72 72 72 72 73 73 73 73 73 74 74 74 74 74 75 75 75 75 76 76 76 76 76 77 77 78 79 79 79 79 80 80 80 80 80 81 81 81 81 82 82 82 82 83 83 83 83 84 84 84 85 85 85 85 86 86 86 86 87 87 87 88 88 88 88 89 89 89 89 90 90 90 91 91 91 91 91 92 92 92 93 93 93 94 94 94 95 95 95 95 96 96 96 97 97 97 0 0 0 0 0 0 0 0 0 0 0 0 0 0 0 0 0 0 0 0 0 0 0 0 0 0 0 0 0 0 0 0 0 0 0 0 0 0 0 0 0 0 0 0 0 0 0 0 0 0 0 0 0 0 0 0 0 0 0 0 0 0 0 0 0 0 0 0 0 0 0 0 0 0 0 0 0 0 0 0 0 0 0 0 0 0 0 0 0 0 0 0 0 0 0 0 0 0 0 0 0 0 0 0 0 0 0 0 0 0 0 0 0 0 0 0 0 0 0 0 0 0 0 0 0 0 0 0 0 0 0 0 0 0 0 0 0 0 0 0 0 0 0 0 0 0 0 0 0 0 0 0 0 0 0 0 0 0 0 0 0 0 0 0 0 0 0 0 0 0 0 0 0 0 0 0 0 0 0 0 0 0 0 0 0 0 0 0 0 0 0 0 0 0 0 0 0 0 0 0 0 0 0 0 0 0 0 0 0 0 0 0 0 0 0 0 0 0 0 0 0 0 0 0 0 0 0 0 0 0 0 0 0 0 0 0 0 0 0 0 
0 0 0 0 0 0 0 0 0 0 0 0 0 0 0 0 0 0 0 0 0 0 0 0 0 0 0 0 0 0 0 0 0 0 57 57 57 57 57 57 57 57 58 58 58 58 58 58 58 58 58 58 58 59 59 59 59 59 59 59 59 59 59 59 59 59 59 59 60 60 60 60 60 60 60 60 60 60 60 60 60 60 60 61 61 61 61 61 61 61 61 61 61 61 62 62 62 62 62 62 62 62 62 62 62 62 63 63 63 63 63 63 63 63 63 63 63 63 64 64 64 64 64 64 64 64 64 65 65 65 65 65 65 66 66 66 66 66 66 67 67 67 67 67 68 68 68 68 68 68 69 69 69 69 69 69 70 70 70 70 70 71 71 71 71 71 72 72 72 72 72 72 73 73 73 73 73 74 74 74 74 75 75 75 75 75 76 76 76 76 76 77 78 78 79 79 79 79 80 80 80 80 81 81 81 81 82 82 82 82 83 83 83 83 84 84 84 84 85 85 85 85 86 86 86 87 87 87 87 88 88 88 88 89 89 89 90 90 90 91 91 91 91 91 92 92 92 93 93 93 93 94 94 94 95 95 95 96 96 96 97 97 97 98 0 0 0 0 99 99 0 0 0 0 0 0 0 0 0 0 0 0 0 0 0 0 0 0 0 0 0 0 0 0 0 0 0 0 0 0 0 0 0 0 0 0 0 0 0 0 0 0 0 0 0 0 0 0 0 0 0 0 0 0 0 0 0 0 0 0 0 0 0 0 0 0 0 0 0 0 0 0 0 0 0 0 0 0 0 0 0 0 0 0 0 0 0 0 0 0 0 0 0 0 0 0 0 0 0 0 0 0 0 0 0 0 0 0 0 0 0 0 0 0 0 0 0 0 0 0 0 0 0 0 0 0 0 0 0 0 0 0 0 0 0 0 0 0 0 0 0 0 0 0 0 0 0 0 0 0 0 0 0 0 0 0 0 0 0 0 0 0 0 0 0 0 0 0 0 0 0 0 0 0 0 0 0 0 0 0 0 0 0 0 0 0 0 0 0 0 0 0 0 0 0 0 0 0 0 0 0 0 0 0 0 0 0 0 0 0 0 0 0 0 0 0 0 0 0 0 0 0 0 0 0 0 0 0 0 0 0 0 0 
0 0 0 0 0 0 0 0 0 0 0 0 0 0 0 0 0 0 0 0 0 0 0 0 0 0 0 0 0 0 0 0 0 0 57 57 57 57 57 57 57 57 58 58 58 58 58 58 58 58 58 58 58 58 59 59 59 59 59 59 59 59 59 59 59 59 59 59 59 60 60 60 60 60 60 60 60 60 60 60 60 60 60 60 61 61 61 61 61 61 61 61 61 61 61 62 62 62 62 62 62 62 62 62 62 62 62 63 63 63 63 63 63 63 63 63 63 63 63 64 64 64 64 64 64 64 64 64 65 65 65 65 65 65 66 66 66 66 66 66 67 67 67 67 67 68 68 68 68 68 68 69 69 69 69 69 69 70 70 70 70 70 71 71 71 71 71 72 72 72 72 72 73 73 73 73 73 74 74 74 74 74 75 75 75 75 75 76 76 76 76 77 78 78 78 79 79 79 79 80 80 80 80 81 81 81 81 82 82 82 82 83 83 83 83 84 84 84 84 85 85 85 86 86 86 86 87 87 87 88 88 88 88 89 89 89 90 90 90 90 91 91 91 91 92 92 92 92 93 93 93 94 94 94 95 95 95 96 96 96 96 97 97 97 98 98 98 99 99 0 0 0 0 0 0 0 0 0 0 0 0 103 104 104 0 0 0 0 0 0 0 0 0 0 0 0 0 0 0 0 0 0 0 0 0 0 0 0 0 0 0 0 0 0 0 0 0 0 0 0 0 0 0 0 0 0 0 0 0 0 0 0 0 0 0 0 0 0 0 0 0 0 0 0 0 0 0 0 0 0 0 0 0 0 0 0 0 0 0 0 0 0 0 0 0 0 0 0 0 0 0 0 0 0 0 0 0 0 0 0 0 0 0 0 0 0 0 0 0 0 0 0 0 0 0 0 0 0 0 0 0 0 0 0 0 0 0 0 0 0 0 0 0 0 0 0 0 0 0 0 0 0 0 0 0 0 0 0 0 0 0 0 0 0 0 0 0 0 0 0 0 0 0 0 0 0 0 0 0 0 0 0 0 0 0 0 0 0 0 0 0 0 0 0 0 0 0 0 0 0 0 0 0 0 0 0 0 0 0 0 0 0 0 0 0 0 0 0 0 0 0 0 0 0 0 0 0 0 0 0 0 0 0 
0 0 0 0 0 0 0 0 0 0 0 0 0 0 0 0 0 0 0 0 0 0 0 0 0 0 0 0 0 0 0 0 0 0 57 57 57 57 57 57 57 57 58 58 58 58 58 58 58 58 58 58 58 58 58 59 59 59 59 59 59 59 59 59 59 59 59 59 59 59 59 60 60 60 60 60 60 60 60 60 60 60 60 60 60 61 61 61 61 61 61 61 61 61 61 61 62 62 62 62 62 62 62 62 62 62 62 62 63 63 63 63 63 63 63 63 63 63 63 63 64 64 64 64 64 64 64 64 65 65 65 65 65 65 66 66 66 66 66 66 67 67 67 67 67 67 68 68 68 68 68 68 69 69 69 69 69 70 70 70 70 70 70 70 71 71 71 71 72 72 72 72 72 73 73 73 73 73 74 74 74 74 74 75 75 75 75 76 76 76 76 76 78 78 78 79 79 79 79 80 80 80 80 81 81 81 81 82 82 82 82 83 83 83 83 84 84 84 84 85 85 85 85 86 86 86 87 87 87 87 88 88 88 89 89 89 89 90 90 90 91 91 91 91 91 92 92 92 93 93 93 94 94 94 94 95 95 95 96 96 96 97 97 97 98 98 98 99 99 99 100 100 0 0 0 0 0 0 0 0 103 103 104 104 0 0 0 0 0 0 0 0 0 0 0 0 0 0 0 0 0 0 0 0 0 0 0 0 0 0 0 0 0 0 0 0 0 0 0 0 0 0 0 0 0 0 0 0 0 0 0 0 0 0 0 0 0 0 0 0 0 0 0 0 0 0 0 0 0 0 0 0 0 0 0 0 0 0 0 0 0 0 0 0 0 0 0 0 0 0 0 0 0 0 0 0 0 0 0 0 0 0 0 0 0 0 0 0 0 0 0 0 0 0 0 0 0 0 0 0 0 0 0 0 0 0 0 0 0 0 0 0 0 0 0 0 0 0 0 0 0 0 0 0 0 0 0 0 0 0 0 0 0 0 0 0 0 0 0 0 0 0 0 0 0 0 0 0 0 0 0 0 0 0 0 0 0 0 0 0 0 0 0 0 0 0 0 0 0 0 0 0 0 0 0 0 0 0 0 0 0 0 0 0 0 0 0 0 0 0 0 0 0 0 0 0 0 0 0 0 0 0 0 
0 0 0 0 0 0 0 0 0 0 0 0 0 0 0 0 0 0 0 0 0 0 0 0 0 0 0 0 0 0 0 0 0 0 57 57 57 57 57 57 57 57 58 58 58 58 58 58 58 58 58 58 58 58 58 58 59 59 59 59 59 59 59 59 59 59 59 59 59 59 59 59 60 60 60 60 60 60 60 60 60 60 60 60 60 60 61 61 61 61 61 61 61 61 61 61 61 62 62 62 62 62 62 62 62 62 62 62 62 63 63 63 63 63 63 63 63 63 63 63 63 64 64 64 64 64 64 64 64 65 65 65 65 65 65 66 66 66 66 66 66 67 67 67 67 67 67 68 68 68 68 68 68 69 69 69 69 69 69 70 70 70 70 70 70 71 71 71 71 71 72 72 72 72 73 73 73 73 73 74 74 74 74 75 75 75 75 75 76 76 76 76 78 78 78 78 79 79 79 79 80 80 80 80 81 81 81 81 82 82 82 82 83 83 83 83 84 84 84 84 85 85 85 86 86 86 86 87 87 87 88 88 88 88 89 89 89 90 90 90 90 91 91 91 91 92 92 92 93 93 93 93 94 94 94 95 95 95 96 96 96 97 97 97 98 98 98 98 99 99 99 100 100 0 0 0 0 102 102 102 103 103 103 104 0 0 0 0 0 0 0 0 0 0 0 0 0 0 0 0 0 0 0 0 0 0 0 0 0 0 0 0 0 0 0 0 0 0 0 0 0 0 0 0 0 0 0 0 0 0 0 0 0 0 0 0 0 0 0 0 0 0 0 0 0 0 0 0 0 0 0 0 0 0 0 0 0 0 0 0 0 0 0 0 0 0 0 0 0 0 0 0 0 0 0 0 0 0 0 0 0 0 0 0 0 0 0 0 0 0 0 0 0 0 0 0 0 0 0 0 0 0 0 0 0 0 0 0 0 0 0 0 0 0 0 0 0 0 0 0 0 0 0 0 0 0 0 0 0 0 0 0 0 0 0 0 0 0 0 0 0 0 0 0 0 0 0 0 0 0 0 0 0 0 0 0 0 0 0 0 0 0 0 0 0 0 0 0 0 0 0 0 0 0 0 0 0 0 0 0 0 0 0 0 0 0 0 0 0 0 0 0 0 0 0 0 0 0 0 0 0 0 0 
0 0 0 0 0 0 0 0 0 0 0 0 0 0 0 0 0 0 0 0 0 0 0 0 0 0 0 0 0 0 0 0 0 0 0 57 57 57 57 57 57 57 58 58 58 58 58 58 58 58 58 58 58 58 58 58 58 58 59 59 59 59 59 59 59 59 59 59 59 59 59 59 59 60 60 60 60 60 60 60 60 60 60 60 60 60 60 61 61 61 61 61 61 61 61 61 61 61 62 62 62 62 62 62 62 62 62 62 62 62 63 63 63 63 63 63 63 63 63 63 63 64 64 64 64 64 64 64 64 65 65 65 65 65 65 65 66 66 66 66 66 66 67 67 67 67 67 68 68 68 68 68 68 69 69 69 69 69 69 69 70 70 70 70 70 71 71 71 71 71 71 72 72 72 72 73 73 73 73 74 74 74 74 74 75 75 75 75 75 76 76 76 77 78 78 78 78 79 79 79 79 80 80 80 80 81 81 81 81 82 82 82 83 83 83 83 84 84 84 84 85 85 85 85 86 86 86 87 87 87 87 88 88 88 89 89 89 89 90 90 90 91 91 91 91 91 92 92 92 93 93 93 94 94 94 95 95 95 96 96 96 96 97 97 97 98 98 98 99 99 99 100 100 100 101 101 101 102 102 102 103 103 103 104 104 0 0 0 0 0 0 0 0 0 0 0 0 0 0 0 0 0 0 0 0 0 0 0 0 0 0 0 0 0 0 0 0 0 0 0 0 0 0 0 0 0 0 0 0 0 0 0 0 0 0 0 0 0 0 0 0 0 0 0 0 0 0 0 0 0 0 0 0 0 0 0 0 0 0 0 0 0 0 0 0 0 0 0 0 0 0 0 0 0 0 0 0 0 0 0 0 0 0 0 0 0 0 0 0 0 0 0 0 0 0 0 0 0 0 0 0 0 0 0 0 0 0 0 0 0 0 0 0 0 0 0 0 0 0 0 0 0 0 0 0 0 0 0 0 0 0 0 0 0 0 0 0 0 0 0 0 0 0 0 0 0 0 0 0 0 0 0 0 0 0 0 0 0 0 0 0 0 0 0 0 0 0 0 0 0 0 0 0 0 0 0 0 0 0 0 0 0 0 0 0 0 0 0 0 0 0 0 0 0 0 0 0 0 0 0 0 0 0 
0 0 0 0 0 0 0 0 0 0 0 0 0 0 0 0 0 0 0 0 0 0 0 0 0 0 0 0 0 0 0 0 0 0 0 0 0 57 57 57 57 57 57 58 58 58 58 58 58 58 58 58 58 58 58 58 58 58 58 58 59 59 59 59 59 59 59 59 59 59 59 59 59 59 60 60 60 60 60 60 60 60 60 60 60 60 60 60 60 61 61 61 61 61 61 61 61 61 61 62 62 62 62 62 62 62 62 62 62 62 62 63 63 63 63 63 63 63 63 63 63 63 64 64 64 64 64 64 64 65 65 65 65 65 65 65 66 66 66 66 66 66 67 67 67 67 67 67 68 68 68 68 68 68 69 69 69 69 69 69 70 70 70 70 70 71 71 71 71 71 71 71 72 72 72 72 73 73 73 73 74 74 74 74 74 75 75 75 75 76 76 76 77 78 78 78 78 79 79 79 79 80 80 80 80 81 81 81 81 82 82 82 82 83 83 83 83 84 84 84 84 85 85 85 86 86 86 86 87 87 87 88 88 88 88 89 89 89 90 90 90 90 90 91 91 91 92 92 92 93 93 93 94 94 94 94 95 95 95 96 96 96 97 97 97 98 98 98 99 99 99 100 100 100 101 101 101 102 102 102 103 103 103 104 104 0 0 0 0 0 0 0 0 0 0 0 0 0 0 0 0 0 0 0 0 0 0 0 0 0 0 0 0 0 0 0 0 0 0 0 0 0 0 0 0 0 0 0 0 0 0 0 0 0 0 0 0 0 0 0 0 0 0 0 0 0 0 0 0 0 0 0 0 0 0 0 0 0 0 0 0 0 0 0 0 0 0 0 0 0 0 0 0 0 0 0 0 0 0 0 0 0 0 0 0 0 0 0 0 0 0 0 0 0 0 0 0 0 0 0 0 0 0 0 0 0 0 0 0 0 0 0 0 0 0 0 0 0 0 0 0 0 0 0 0 0 0 0 0 0 0 0 0 0 0 0 0 0 0 0 0 0 0 0 0 0 0 0 0 0 0 0 0 0 0 0 0 0 0 0 0 0 0 0 0 0 0 0 0 0 0 0 0 0 0 0 0 0 0 0 0 0 0 0 0 0 0 0 0 0 0 0 0 0 0 0 0 0 0 0 0 0 0 
0 0 0 0 0 0 0 0 0 0 0 0 0 0 0 0 0 0 0 0 0 0 0 0 0 0 0 0 0 0 0 0 0 0 0 0 0 0 0 0 57 57 57 57 57 58 58 58 58 58 58 58 58 58 58 58 58 58 58 58 58 59 59 59 59 59 59 59 59 59 59 59 59 59 59 60 60 60 60 60 60 60 60 60 60 60 60 60 60 60 61 61 61 61 61 61 61 61 61 61 61 62 62 62 62 62 62 62 62 62 62 62 63 63 63 63 63 63 63 63 63 63 63 64 64 64 64 64 64 64 65 65 65 65 65 65 65 66 66 66 66 66 66 67 67 67 67 67 67 68 68 68 68 68 68 69 69 69 69 69 69 70 70 70 70 70 71 71 71 71 71 71 72 72 72 72 73 73 73 73 73 74 74 74 74 74 75 75 75 75 76 76 77 77 78 78 78 78 79 79 79 79 80 80 80 80 81 81 81 81 82 82 82 82 83 83 83 83 84 84 84 85 85 85 85 86 86 86 87 87 87 87 88 88 88 89 89 89 89 90 90 90 90 91 91 91 92 92 92 92 93 93 93 94 94 94 95 95 95 96 96 96 97 97 97 98 98 98 98 99 99 99 100 100 100 101 101 101 102 102 102 103 103 103 104 104 0 0 0 0 0 0 0 0 0 0 0 0 0 0 0 0 0 0 0 0 0 0 0 0 0 0 0 0 0 0 0 0 0 0 0 0 0 0 0 0 0 0 0 0 0 0 0 0 0 0 0 0 0 0 0 0 0 0 0 0 0 0 0 0 0 0 0 0 0 0 0 0 0 0 0 0 0 0 0 0 0 0 0 0 0 0 0 0 0 0 0 0 0 0 0 0 0 0 0 0 0 0 0 0 0 0 0 0 0 0 0 0 0 0 0 0 0 0 0 0 0 0 0 0 0 0 0 0 0 0 0 0 0 0 0 0 0 0 0 0 0 0 0 0 0 0 0 0 0 0 0 0 0 0 0 0 0 0 0 0 0 0 0 0 0 0 0 0 0 0 0 0 0 0 0 0 0 0 0 0 0 0 0 0 0 0 0 0 0 0 0 0 0 0 0 0 0 0 0 0 0 0 0 0 0 0 0 0 0 0 0 0 0 0 0 0 0 
0 0 0 0 0 0 0 0 0 0 0 0 0 0 0 0 0 0 0 0 0 0 0 0 0 0 0 0 0 0 0 0 0 0 0 0 0 0 0 0 0 0 0 57 57 57 57 58 58 58 58 58 58 58 58 58 58 58 58 58 58 58 59 59 59 59 59 59 59 59 59 59 59 59 59 59 59 60 60 60 60 60 60 60 60 60 60 60 60 60 60 61 61 61 61 61 61 61 61 61 61 61 62 62 62 62 62 62 62 62 62 62 62 63 63 63 63 63 63 63 63 63 63 64 64 64 64 64 64 64 64 65 65 65 65 65 65 65 66 66 66 66 66 66 67 67 67 67 67 67 68 68 68 68 68 68 69 69 69 69 69 70 70 70 70 70 71 71 71 71 71 71 72 72 72 72 72 73 73 73 73 74 74 74 74 74 75 75 75 75 75 76 77 77 77 78 78 78 79 79 79 79 79 80 80 80 81 81 81 81 82 82 82 82 82 83 83 83 84 84 84 84 85 85 85 86 86 86 86 87 87 87 88 88 88 88 89 89 89 90 90 90 90 91 91 91 91 92 92 92 93 93 93 94 94 94 95 95 95 95 96 96 96 97 97 97 98 98 98 99 99 99 100 100 100 101 101 101 102 102 102 103 103 103 104 104 104 0 0 0 0 0 0 0 0 0 0 0 0 0 0 0 0 0 0 0 0 0 0 0 0 0 0 0 0 0 0 0 0 0 0 0 0 0 0 0 0 0 0 0 0 0 0 0 0 0 0 0 0 0 0 0 0 0 0 0 0 0 0 0 0 0 0 0 0 0 0 0 0 0 0 0 0 0 0 0 0 0 0 0 0 0 0 0 0 0 0 0 0 0 0 0 0 0 0 0 0 0 0 0 0 0 0 0 0 0 0 0 0 0 0 0 0 0 0 0 0 0 0 0 0 0 0 0 0 0 0 0 0 0 0 0 0 0 0 0 0 0 0 0 0 0 0 0 0 0 0 0 0 0 0 0 0 0 0 0 0 0 0 0 0 0 0 0 0 0 0 0 0 0 0 0 0 0 0 0 0 0 0 0 0 0 0 0 0 0 0 0 0 0 0 0 0 0 0 0 0 0 0 0 0 0 0 0 0 0 0 0 0 0 0 0 0 
0 0 0 0 0 0 0 0 0 0 0 0 0 0 0 0 0 0 0 0 0 0 0 0 0 0 0 0 0 0 0 0 0 0 0 0 0 0 0 0 0 0 0 0 0 0 57 57 57 58 58 58 58 58 58 58 58 58 58 58 58 58 58 58 59 59 59 59 59 59 59 59 59 59 59 59 59 59 60 60 60 60 60 60 60 60 60 60 60 60 60 60 61 61 61 61 61 61 61 61 61 61 61 62 62 62 62 62 62 62 62 62 62 62 63 63 63 63 63 63 63 63 63 63 64 64 64 64 64 64 64 65 65 65 65 65 65 65 66 66 66 66 66 66 67 67 67 67 67 67 68 68 68 68 68 68 68 69 69 69 69 69 70 70 70 70 70 71 71 71 71 71 72 72 72 72 72 72 73 73 73 73 74 74 74 74 74 75 75 75 75 75 77 77 77 78 78 78 78 79 79 79 79 80 80 80 80 81 81 81 81 82 82 82 82 83 83 83 83 84 84 84 85 85 85 85 86 86 86 87 87 87 87 88 88 88 89 89 89 89 90 90 90 90 91 91 91 92 92 92 93 93 93 93 94 94 94 95 95 95 96 96 96 97 97 97 98 98 98 99 99 99 100 100 100 101 101 101 102 102 102 103 103 103 104 104 104 0 0 0 0 0 0 0 0 0 0 0 0 0 0 0 0 0 0 0 0 0 0 0 0 0 0 0 0 0 0 0 0 0 0 0 0 0 0 0 0 0 0 0 0 0 0 0 0 0 0 0 0 0 0 0 0 0 0 0 0 0 0 0 0 0 0 0 0 0 0 0 0 0 0 0 0 0 0 0 0 0 0 0 0 0 0 0 0 0 0 0 0 0 0 0 0 0 0 0 0 0 0 0 0 0 0 0 0 0 0 0 0 0 0 0 0 0 0 0 0 0 0 0 0 0 0 0 0 0 0 0 0 0 0 0 0 0 0 0 0 0 0 0 0 0 0 0 0 0 0 0 0 0 0 0 0 0 0 0 0 0 0 0 0 0 0 0 0 0 0 0 0 0 0 0 0 0 0 0 0 0 0 0 0 0 0 0 0 0 0 0 0 0 0 0 0 0 0 0 0 0 0 0 0 0 0 0 0 0 0 0 0 0 0 0 0 
0 0 0 0 0 0 0 0 0 0 0 0 0 0 0 0 0 0 0 0 0 0 0 0 0 0 0 0 0 0 0 0 0 0 0 0 0 0 0 0 0 0 0 0 0 0 0 0 0 57 57 57 58 58 58 58 58 58 58 58 58 58 58 58 58 59 59 59 59 59 59 59 59 59 59 59 59 59 59 60 60 60 60 60 60 60 60 60 60 60 60 60 61 61 61 61 61 61 61 61 61 61 61 62 62 62 62 62 62 62 62 62 62 62 62 63 63 63 63 63 63 63 63 63 63 64 64 64 64 64 64 64 65 65 65 65 65 65 66 66 66 66 66 66 66 67 67 67 67 67 67 68 68 68 68 68 68 69 69 69 69 69 69 70 70 70 70 71 71 71 71 71 72 72 72 72 72 72 72 73 73 73 73 74 74 74 74 75 75 75 75 75 77 77 77 78 78 78 78 78 79 79 79 79 80 80 80 80 81 81 81 81 82 82 82 82 83 83 83 84 84 84 84 85 85 85 86 86 86 86 87 87 87 88 88 88 88 89 89 89 90 90 90 90 91 91 91 91 92 92 92 93 93 93 94 94 94 95 95 95 96 96 96 97 97 97 98 98 98 98 99 99 99 100 100 100 101 101 101 102 102 103 103 103 103 104 104 105 0 0 0 0 0 0 0 0 0 0 0 0 0 0 0 0 0 0 0 0 0 0 0 0 0 0 0 0 0 0 0 0 0 0 0 0 0 0 0 0 0 0 0 0 0 0 0 0 0 0 0 0 0 0 0 0 0 0 0 0 0 0 0 0 0 0 0 0 0 0 0 0 0 0 0 0 0 0 0 0 0 0 0 0 0 0 0 0 0 0 0 0 0 0 0 0 0 0 0 0 0 0 0 0 0 0 0 0 0 0 0 0 0 0 0 0 0 0 0 0 0 0 0 0 0 0 0 0 0 0 0 0 0 0 0 0 0 0 0 0 0 0 0 0 0 0 0 0 0 0 0 0 0 0 0 0 0 0 0 0 0 0 0 0 0 0 0 0 0 0 0 0 0 0 0 0 0 0 0 0 0 0 0 0 0 0 0 0 0 0 0 0 0 0 0 0 0 0 0 0 0 0 0 0 0 0 0 0 0 0 0 0 0 0 0 
0 0 0 0 0 0 0 0 0 0 0 0 0 0 0 0 0 0 0 0 0 0 0 0 0 0 0 0 0 0 0 0 0 0 0 0 0 0 0 0 0 0 0 0 0 0 0 0 0 0 0 0 57 57 58 58 58 58 58 58 58 58 58 58 58 58 58 59 59 59 59 59 59 59 59 59 59 59 59 59 59 59 59 60 60 60 60 60 60 60 60 60 60 61 61 61 61 61 61 61 61 61 61 61 62 62 62 62 62 62 62 62 62 62 62 63 63 63 63 63 63 63 63 63 63 63 64 64 64 64 64 64 65 65 65 65 65 65 65 66 66 66 66 66 66 66 67 67 67 67 67 67 68 68 68 68 68 68 69 69 69 69 69 69 70 70 70 70 71 71 71 71 71 72 72 72 72 72 72 72 73 73 73 74 74 74 74 74 75 75 75 75 77 77 77 77 78 78 78 78 79 79 79 79 80 80 80 80 81 81 81 81 82 82 82 82 83 83 83 83 84 84 84 85 85 85 85 86 86 86 86 87 87 87 88 88 88 89 89 89 89 90 90 90 90 91 91 91 92 92 92 93 93 93 94 94 94 95 95 95 95 96 96 96 97 97 97 98 98 98 99 99 99 100 100 100 101 101 101 102 102 102 103 103 103 104 104 104 105 105 105 0 0 0 0 0 0 0 0 0 0 0 0 0 0 0 0 0 0 0 0 0 0 0 0 0 0 0 0 0 0 0 0 0 0 0 0 0 0 0 0 0 0 0 0 0 0 0 0 0 0 0 0 0 0 0 0 0 0 0 0 0 0 0 0 0 0 0 0 0 0 0 0 0 0 0 0 0 0 0 0 0 0 0 0 0 0 0 0 0 0 0 0 0 0 0 0 0 0 0 0 0 0 0 0 0 0 0 0 0 0 0 0 0 0 0 0 0 0 0 0 0 0 0 0 0 0 0 0 0 0 0 0 0 0 0 0 0 0 0 0 0 0 0 0 0 0 0 0 0 0 0 0 0 0 0 0 0 0 0 0 0 0 0 0 0 0 0 0 0 0 0 0 0 0 0 0 0 0 0 0 0 0 0 0 0 0 0 0 0 0 0 0 0 0 0 0 0 0 0 0 0 0 0 0 0 0 0 0 0 0 0 0 
0 0 0 0 0 0 0 0 0 0 0 0 0 0 0 0 0 0 0 0 0 0 0 0 0 0 0 0 0 0 0 0 0 0 0 0 0 0 0 0 0 0 0 0 0 0 0 0 0 0 0 0 0 0 0 0 57 58 58 58 58 58 58 58 58 58 58 58 58 59 59 59 59 59 59 59 59 59 59 59 59 59 59 59 60 60 60 60 60 60 60 60 60 60 61 61 61 61 61 61 61 61 61 61 61 61 62 62 62 62 62 62 62 62 62 62 63 63 63 63 63 63 63 63 63 63 63 64 64 64 64 64 64 65 65 65 65 65 65 66 66 66 66 66 66 66 67 67 67 67 67 67 68 68 68 68 68 68 69 69 69 69 69 69 69 70 70 70 70 71 71 71 71 71 72 72 72 72 72 72 73 73 73 73 74 74 74 74 74 75 75 75 76 77 77 77 77 78 78 78 78 79 79 79 79 80 80 80 80 81 81 81 81 82 82 82 82 83 83 83 84 84 84 84 85 85 85 85 86 86 86 87 87 87 88 88 88 88 89 89 89 90 90 90 90 91 91 91 92 92 92 92 93 93 93 94 94 94 95 95 95 96 96 96 97 97 97 98 98 98 99 99 99 100 100 100 101 101 101 102 102 102 103 103 103 104 104 104 105 105 105 106 106 0 0 0 107 108 108 108 109 0 0 0 0 0 0 0 0 0 0 0 0 0 0 0 0 0 0 0 0 0 0 0 0 0 0 0 0 0 0 0 0 0 0 0 0 0 0 0 0 0 0 0 0 0 0 0 0 0 0 0 0 0 0 0 0 0 0 0 0 0 0 0 0 0 0 0 0 0 0 0 0 0 0 0 0 0 0 0 0 0 0 0 0 0 0 0 0 0 0 0 0 0 0 0 0 0 0 0 0 0 0 0 0 0 0 0 0 0 0 0 0 0 0 0 0 0 0 0 0 0 0 0 0 0 0 0 0 0 0 0 0 0 0 0 0 0 0 0 0 0 0 0 0 0 0 0 0 0 0 0 0 0 0 0 0 0 0 0 0 0 0 0 0 0 0 0 0 0 0 0 0 0 0 0 0 0 0 0 0 0 0 0 0 0 0 0 0 0 0 0 0 0 0 0 0 0 0 0 0 0 0 
0 0 0 0 0 0 0 0 0 0 0 0 0 0 0 0 0 0 0 0 0 0 0 0 0 0 0 0 0 0 0 0 0 0 0 0 0 0 0 0 0 0 0 0 0 0 0 0 0 0 0 0 0 0 0 0 0 0 0 0 0 0 0 0 0 0 0 0 0 0 0 0 0 59 59 59 59 59 59 59 59 59 59 59 59 59 60 60 60 60 60 60 60 60 60 60 61 61 61 61 61 61 61 61 61 61 61 62 62 62 62 62 62 62 62 62 62 62 63 63 63 63 63 63 63 63 63 63 64 64 64 64 64 64 65 65 65 65 65 65 66 66 66 66 66 66 66 67 67 67 67 67 67 68 68 68 68 68 68 69 69 69 69 69 69 69 70 70 70 70 70 71 71 71 71 72 72 72 72 72 72 73 73 73 73 74 74 74 74 75 75 75 76 77 77 77 77 77 78 78 78 78 79 79 79 79 80 80 80 80 81 81 81 82 82 82 82 83 83 83 83 84 84 84 84 85 85 85 86 86 86 86 87 87 87 88 88 88 89 89 89 90 90 90 90 91 91 91 91 92 92 92 93 93 93 94 94 94 95 95 95 96 96 96 97 97 97 98 98 98 98 99 99 99 100 100 101 101 101 102 102 102 103 103 103 103 104 104 104 105 105 105 106 106 106 107 107 107 108 108 108 109 109 110 0 0 0 0 0 0 0 0 0 0 0 0 0 0 0 0 0 0 0 0 0 0 0 0 0 0 0 0 0 0 0 0 0 0 0 0 0 0 0 0 0 0 0 0 0 0 0 0 0 0 0 0 0 0 0 0 0 0 0 0 0 0 0 0 0 0 0 0 0 0 0 0 0 0 0 0 0 0 0 0 0 0 0 0 0 0 0 0 0 0 0 0 0 0 0 0 0 0 0 0 0 0 0 0 0 0 0 0 0 0 0 0 0 0 0 0 0 0 0 0 0 0 0 0 0 0 0 0 0 0 0 0 0 0 0 0 0 0 0 0 0 0 0 0 0 0 0 0 0 0 0 0 0 0 0 0 0 0 0 0 0 0 0 0 0 0 0 0 0 0 0 0 0 0 0 0 0 0 0 0 0 0 0 0 0 0 0 0 0 0 0 0 0 0 0 0 0 0 0 
0 0 0 0 0 0 0 0 0 0 0 0 0 0 0 0 0 0 0 0 0 0 0 0 0 0 0 0 0 0 0 0 0 0 0 0 0 0 0 0 0 0 0 0 0 0 0 0 0 0 0 0 0 0 0 0 0 0 0 0 0 0 0 0 0 0 0 0 0 0 0 0 0 59 59 59 59 59 59 59 59 59 59 59 59 59 59 59 60 60 60 60 60 60 60 60 60 60 60 60 61 61 61 61 61 61 61 61 61 62 62 62 62 62 62 62 62 62 62 62 62 62 63 63 63 63 63 63 63 64 64 64 64 64 64 65 65 65 65 65 65 66 66 66 66 66 66 66 67 67 67 67 67 67 68 68 68 68 68 68 69 69 69 69 69 69 70 70 70 70 70 71 71 71 71 71 72 72 72 72 72 73 73 73 73 74 74 74 74 74 75 75 76 76 77 77 77 77 78 78 78 78 78 79 79 79 80 80 80 80 81 81 81 81 82 82 82 82 83 83 83 84 84 84 84 85 85 85 85 86 86 86 87 87 87 87 88 88 88 89 89 89 89 90 90 90 91 91 91 92 92 92 93 93 93 94 94 94 94 95 95 95 96 96 96 97 97 97 98 98 98 99 99 99 100 100 100 101 101 101 102 102 102 103 103 103 104 104 104 105 105 105 106 106 106 107 107 107 108 108 108 109 109 109 110 110 110 111 0 0 112 0 0 0 0 0 0 0 0 0 0 0 0 0 0 0 0 0 0 0 0 0 0 0 0 0 0 0 0 0 0 0 0 0 0 0 0 0 0 0 0 0 0 0 0 0 0 0 0 0 0 0 0 0 0 0 0 0 0 0 0 0 0 0 0 0 0 0 0 0 0 0 0 0 0 0 0 0 0 0 0 0 0 0 0 0 0 0 0 0 0 0 0 0 0 0 0 0 0 0 0 0 0 0 0 0 0 0 0 0 0 0 0 0 0 0 0 0 0 0 0 0 0 0 0 0 0 0 0 0 0 0 0 0 0 0 0 0 0 0 0 0 0 0 0 0 0 0 0 0 0 0 0 0 0 0 0 0 0 0 0 0 0 0 0 0 0 0 0 0 0 0 0 0 0 0 0 0 0 0 0 0 0 0 0 0 0 0 0 0 0 0 0 
0 0 0 0 0 0 0 0 0 0 0 0 0 0 0 0 0 0 0 0 0 0 0 0 0 0 0 0 0 0 0 0 0 0 0 0 0 0 0 0 0 0 0 0 0 0 0 0 0 0 0 0 0 0 0 0 0 0 0 0 0 0 0 0 0 0 0 0 0 0 0 0 0 0 59 59 59 59 59 59 59 59 59 59 59 59 59 60 60 59 59 60 60 60 60 60 60 60 60 60 61 60 61 61 61 61 61 61 61 61 61 61 61 61 62 62 62 62 62 62 62 62 63 63 63 63 63 63 63 64 64 64 64 64 64 64 65 65 65 65 65 66 66 66 66 66 66 66 67 67 67 67 67 67 68 68 68 68 68 68 68 69 69 69 69 69 69 70 70 70 70 70 70 71 71 71 71 72 72 72 72 72 73 73 73 73 74 74 74 74 74 75 76 76 76 77 77 77 77 78 78 78 78 79 79 79 79 80 80 80 80 81 81 81 81 82 82 82 83 83 83 83 84 84 84 84 85 85 85 86 86 86 86 87 87 87 88 88 88 89 89 89 89 90 90 90 91 91 91 92 92 92 92 93 93 93 94 94 94 95 95 95 96 96 96 97 97 97 98 98 98 99 99 99 100 100 100 101 101 101 102 102 102 103 103 103 104 104 104 105 105 105 106 106 106 107 107 107 108 108 108 109 109 109 110 110 110 111 111 111 112 112 112 113 0 0 0 0 0 0 0 0 0 0 0 0 0 0 0 0 0 0 0 0 0 0 0 0 0 0 0 0 0 0 0 0 0 0 0 0 0 0 0 0 0 0 0 0 0 0 0 0 0 0 0 0 0 0 0 0 0 0 0 0 0 0 0 0 0 0 0 0 0 0 0 0 0 0 0 0 0 0 0 0 0 0 0 0 0 0 0 0 0 0 0 0 0 0 0 0 0 0 0 0 0 0 0 0 0 0 0 0 0 0 0 0 0 0 0 0 0 0 0 0 0 0 0 0 0 0 0 0 0 0 0 0 0 0 0 0 0 0 0 0 0 0 0 0 0 0 0 0 0 0 0 0 0 0 0 0 0 0 0 0 0 0 0 0 0 0 0 0 0 0 0 0 0 0 0 0 0 0 0 0 0 0 0 0 0 0 0 0 0 
0 0 0 0 0 0 0 0 0 0 0 0 0 0 0 0 0 0 0 0 0 0 0 0 0 0 0 0 0 0 0 0 0 0 0 0 0 0 0 0 0 0 0 0 0 0 0 0 0 0 0 0 0 0 0 0 57 57 58 58 0 0 0 0 0 0 0 0 0 0 0 0 0 0 0 59 59 59 59 59 59 59 59 59 59 59 59 59 59 60 59 60 60 60 60 60 60 60 60 60 61 60 61 61 61 61 61 61 61 61 61 61 61 61 61 62 62 62 62 62 62 62 62 63 63 63 63 63 63 64 64 64 64 64 64 64 64 65 65 65 65 65 65 66 66 66 66 66 66 67 67 67 67 67 67 68 68 68 68 68 68 69 69 69 69 69 69 70 70 70 70 70 70 71 71 71 71 71 72 72 72 72 73 73 73 73 73 74 74 74 74 75 76 76 76 77 77 77 77 77 78 78 78 78 79 79 79 79 80 80 80 81 81 81 81 82 82 82 82 83 83 83 83 84 84 84 85 85 85 86 86 86 86 87 87 87 87 88 88 88 89 89 89 89 90 90 90 91 91 91 92 92 92 93 93 93 94 94 94 95 95 95 96 96 96 97 97 97 98 98 98 99 99 99 100 100 100 101 101 101 102 102 102 102 103 103 104 104 104 105 105 105 105 106 106 106 107 107 107 108 108 108 109 109 110 110 110 111 111 111 112 112 112 113 0 0 0 0 0 0 0 0 0 0 0 0 0 0 0 0 0 0 0 0 0 0 0 0 0 0 0 0 0 0 0 0 0 0 0 0 0 0 0 0 0 0 0 0 0 0 0 0 0 0 0 0 0 0 0 0 0 0 0 0 0 0 0 0 0 0 0 0 0 0 0 0 0 0 0 0 0 0 0 0 0 0 0 0 0 0 0 0 0 0 0 0 0 0 0 0 0 0 0 0 0 0 0 0 0 0 0 0 0 0 0 0 0 0 0 0 0 0 0 0 0 0 0 0 0 0 0 0 0 0 0 0 0 0 0 0 0 0 0 0 0 0 0 0 0 0 0 0 0 0 0 0 0 0 0 0 0 0 0 0 0 0 0 0 0 0 0 0 0 0 0 0 0 0 0 0 0 0 0 0 0 0 0 0 0 0 0 0 0 
0 0 0 0 0 0 0 0 0 0 0 0 0 0 0 0 0 0 0 0 0 0 0 0 0 0 0 0 0 0 0 0 0 0 0 0 0 0 0 0 0 0 57 57 57 57 0 0 0 0 0 0 0 0 0 0 0 57 58 58 58 0 0 0 0 0 0 0 0 0 0 0 0 0 0 0 58 59 59 59 59 59 59 59 59 59 59 59 59 59 59 59 60 60 60 60 60 60 60 60 60 61 60 61 61 61 61 61 61 61 61 61 61 62 62 62 62 62 62 62 62 62 62 63 63 63 63 63 63 63 64 64 64 64 64 64 64 64 65 65 65 65 65 66 66 66 66 66 66 66 67 67 67 67 67 67 68 68 68 68 68 68 68 69 69 69 69 69 70 70 70 70 70 71 71 71 71 71 72 72 72 72 72 73 73 73 73 74 74 74 74 74 76 76 76 76 77 77 77 77 77 78 78 78 78 79 79 79 80 80 80 80 81 81 81 81 82 82 82 83 83 83 83 84 84 84 84 85 85 85 86 86 86 86 87 87 87 88 88 88 89 89 89 89 90 90 90 91 91 91 92 92 92 93 93 93 93 94 94 94 95 95 95 96 96 96 97 97 97 98 98 98 99 99 99 100 100 100 101 101 101 102 102 102 103 103 103 104 104 104 105 105 105 106 106 106 107 107 107 108 108 108 109 109 109 110 110 110 111 111 111 112 112 112 113 113 114 114 0 0 0 0 0 0 0 0 0 0 0 0 0 0 0 0 0 0 0 0 0 0 0 0 0 0 0 0 0 0 0 0 0 0 0 0 0 0 0 0 0 0 0 0 0 0 0 0 0 0 0 0 0 0 0 0 0 0 0 0 0 0 0 0 0 0 0 0 0 0 0 0 0 0 0 0 0 0 0 0 0 0 0 0 0 0 0 0 0 0 0 0 0 0 0 0 0 0 0 0 0 0 0 0 0 0 0 0 0 0 0 0 0 0 0 0 0 0 0 0 0 0 0 0 0 0 0 0 0 0 0 0 0 0 0 0 0 0 0 0 0 0 0 0 0 0 0 0 0 0 0 0 0 0 0 0 0 0 0 0 0 0 0 0 0 0 0 0 0 0 0 0 0 0 0 0 0 0 0 0 0 0 0 0 0 
0 0 0 0 0 0 0 0 0 0 0 0 0 0 0 0 0 0 0 0 0 0 0 0 0 0 0 0 0 0 0 0 0 0 0 0 0 0 0 0 0 0 0 57 57 57 57 57 0 0 0 0 0 0 0 0 57 57 57 58 58 58 0 0 0 0 0 0 0 0 0 0 0 58 58 58 59 59 59 59 59 59 59 59 59 59 59 59 59 59 59 59 60 60 60 60 60 60 60 60 61 61 61 61 61 61 61 61 61 61 61 61 61 62 61 62 62 62 62 62 62 62 62 63 63 63 63 63 63 63 63 64 64 64 64 64 64 64 64 65 65 65 65 65 65 66 66 66 66 66 66 67 67 67 67 67 67 68 68 68 68 68 68 68 68 69 69 69 69 70 70 70 70 70 71 71 71 71 71 72 72 72 72 73 73 73 73 73 74 74 74 74 76 76 76 76 76 77 77 77 77 78 78 78 78 79 79 79 79 80 80 80 80 81 81 81 82 82 82 82 83 83 83 83 84 84 84 85 85 85 86 86 86 86 87 87 87 88 88 88 88 89 89 89 89 90 90 90 91 91 91 92 92 92 93 93 93 94 94 94 95 95 95 96 96 96 97 97 97 98 98 98 99 99 99 100 100 100 101 101 101 102 102 102 103 103 103 104 104 104 105 105 105 106 106 106 106 107 107 108 108 108 109 109 109 110 110 110 111 111 111 112 112 112 113 113 113 114 114 115 0 0 0 0 0 0 0 0 0 0 0 0 0 0 0 0 0 0 0 0 0 0 0 0 0 0 0 0 0 0 0 0 0 0 0 0 0 0 0 0 0 0 0 0 0 0 0 0 0 0 0 0 0 0 0 0 0 0 0 0 0 0 0 0 0 0 0 0 0 0 0 0 0 0 0 0 0 0 0 0 0 0 0 0 0 0 0 0 0 0 0 0 0 0 0 0 0 0 0 0 0 0 0 0 0 0 0 0 0 0 0 0 0 0 0 0 0 0 0 0 0 0 0 0 0 0 0 0 0 0 0 0 0 0 0 0 0 0 0 0 0 0 0 0 0 0 0 0 0 0 0 0 0 0 0 0 0 0 0 0 0 0 0 0 0 0 0 0 0 0 0 0 0 0 0 0 0 0 0 0 0 0 0 
0 0 0 0 0 0 0 0 0 0 0 0 0 0 0 0 0 0 0 0 0 0 0 0 0 0 0 0 0 0 0 0 0 0 0 0 0 0 0 0 0 0 0 0 0 57 57 57 57 57 0 57 0 0 0 0 0 57 58 58 58 58 0 0 58 0 0 0 0 0 0 0 0 0 58 59 59 59 59 59 59 59 59 59 59 59 59 59 59 59 59 59 60 60 60 60 60 60 60 60 60 61 61 61 61 61 61 61 61 61 61 61 61 62 61 62 62 62 62 62 63 63 62 62 63 63 63 63 63 63 63 64 64 64 64 64 64 64 64 64 64 65 65 65 65 65 66 66 66 66 66 66 67 67 67 67 67 67 67 67 67 68 68 68 68 68 69 69 69 69 70 70 70 70 71 71 71 71 71 72 72 72 72 72 73 73 73 73 73 74 74 74 75 76 76 76 76 76 77 77 77 77 78 78 78 79 79 79 79 80 80 80 80 81 81 81 81 82 82 82 82 83 83 83 84 84 84 85 85 85 85 86 86 86 87 87 87 87 88 88 88 89 89 89 89 90 90 90 91 91 91 92 92 92 93 93 93 94 94 94 95 95 95 96 96 96 97 97 97 98 98 98 99 99 99 100 100 100 101 101 101 102 102 102 103 103 103 104 104 104 105 105 105 105 106 106 106 107 107 107 108 108 108 109 109 109 110 110 110 111 111 111 112 112 113 113 113 114 114 114 115 0 0 0 0 0 0 0 0 0 0 0 0 0 0 0 0 0 0 0 0 0 0 0 0 0 0 0 0 0 0 0 0 0 0 0 0 0 0 0 0 0 0 0 0 0 0 0 0 0 0 0 0 0 0 0 0 0 0 0 0 0 0 0 0 0 0 0 0 0 0 0 0 0 0 0 0 0 0 0 0 0 0 0 0 0 0 0 0 0 0 0 0 0 0 0 0 0 0 0 0 0 0 0 0 0 0 0 0 0 0 0 0 0 0 0 0 0 0 0 0 0 0 0 0 0 0 0 0 0 0 0 0 0 0 0 0 0 0 0 0 0 0 0 0 0 0 0 0 0 0 0 0 0 0 0 0 0 0 0 0 0 0 0 0 0 0 0 0 0 0 0 0 0 0 0 0 0 0 0 0 0 0 
0 0 0 0 0 0 0 0 0 0 0 0 0 0 0 0 0 0 0 0 0 0 0 0 0 0 0 0 0 0 0 0 0 0 0 0 0 0 0 0 0 0 0 0 0 56 57 57 57 57 57 57 57 57 57 57 57 57 57 58 58 58 58 58 58 58 0 58 58 0 0 0 0 0 58 58 58 59 59 59 59 59 59 59 59 59 59 59 59 59 59 59 59 60 60 60 60 60 60 60 60 60 61 61 61 61 61 61 61 61 61 61 61 62 62 62 62 62 62 62 62 62 62 62 62 63 63 63 63 63 63 63 64 64 64 64 64 64 64 64 64 65 65 65 65 65 65 65 65 66 66 66 66 66 67 67 67 67 67 67 68 68 68 68 68 68 68 69 69 69 69 70 70 70 70 71 71 71 71 71 72 72 72 72 72 73 73 73 73 74 74 74 75 75 76 76 76 76 77 77 77 77 78 78 78 78 79 79 79 79 80 80 80 80 81 81 81 81 82 82 82 83 83 83 83 84 84 84 85 85 85 86 86 86 86 87 87 87 88 88 88 88 89 89 89 89 90 90 90 91 91 91 92 92 92 93 93 93 94 94 94 95 95 95 96 96 96 97 97 97 98 98 98 99 99 99 100 100 100 101 101 101 102 102 102 103 103 103 104 104 105 105 105 105 106 106 106 107 107 107 108 108 108 109 109 109 109 110 110 111 111 111 112 112 112 113 113 114 114 114 115 115 115 116 0 0 0 0 0 0 0 0 0 0 0 0 0 0 0 0 0 0 0 0 0 0 0 0 0 0 0 0 0 0 0 0 0 0 0 0 0 0 0 0 0 0 0 0 0 0 0 0 0 0 0 0 0 0 0 0 0 0 0 0 0 0 0 0 0 0 0 0 0 0 0 0 0 0 0 0 0 0 0 0 0 0 0 0 0 0 0 0 0 0 0 0 0 0 0 0 0 0 0 0 0 0 0 0 0 0 0 0 0 0 0 0 0 0 0 0 0 0 0 0 0 0 0 0 0 0 0 0 0 0 0 0 0 0 0 0 0 0 0 0 0 0 0 0 0 0 0 0 0 0 0 0 0 0 0 0 0 0 0 0 0 0 0 0 0 0 0 0 0 0 0 0 0 0 0 0 0 0 0 
0 0 0 0 0 0 0 0 0 0 0 0 0 0 0 0 0 0 0 0 0 0 0 0 0 0 0 0 0 0 0 0 0 0 0 0 0 0 0 0 0 0 0 0 56 56 56 56 57 57 57 57 57 57 57 57 57 57 57 57 57 57 57 58 58 58 58 58 58 58 58 58 58 58 58 58 58 58 58 59 59 59 59 59 59 59 59 59 60 60 60 59 59 60 60 60 60 60 60 60 60 60 60 61 61 61 61 61 61 61 61 61 62 62 62 62 62 62 62 62 63 63 63 63 63 63 63 64 63 63 63 63 64 64 64 64 64 64 64 65 65 65 65 65 65 65 65 65 66 66 66 66 66 66 66 67 67 67 67 68 68 68 68 68 69 69 69 69 69 69 69 69 70 70 70 71 71 71 71 71 72 72 72 72 72 73 73 73 73 73 74 74 75 75 75 76 76 76 76 77 77 77 77 78 78 78 78 79 79 79 79 80 80 80 81 81 81 81 82 82 82 82 83 83 83 84 84 84 85 85 85 86 86 86 86 87 87 87 88 88 88 88 89 89 89 89 90 90 90 91 91 91 92 92 92 93 93 93 94 94 94 95 95 95 96 96 96 97 97 97 98 98 98 99 99 99 100 100 100 101 101 101 102 102 102 103 103 103 104 104 104 105 105 105 105 106 106 107 107 107 107 108 108 108 109 109 109 109 110 110 111 111 111 112 112 112 113 113 114 114 115 115 115 116 116 0 0 0 0 0 0 0 0 0 0 0 0 0 0 0 0 0 0 0 0 0 0 0 0 0 0 0 0 0 0 0 0 0 0 0 0 0 0 0 0 0 0 0 0 0 0 0 0 0 0 0 0 0 0 0 0 0 0 0 0 0 0 0 0 0 0 0 0 0 0 0 0 0 0 0 0 0 0 0 0 0 0 0 0 0 0 0 0 0 0 0 0 0 0 0 0 0 0 0 0 0 0 0 0 0 0 0 0 0 0 0 0 0 0 0 0 0 0 0 0 0 0 0 0 0 0 0 0 0 0 0 0 0 0 0 0 0 0 0 0 0 0 0 0 0 0 0 0 0 0 0 0 0 0 0 0 0 0 0 0 0 0 0 0 0 0 0 0 0 0 0 0 0 0 0 0 0 0 
0 0 0 0 0 0 0 0 0 0 0 0 0 0 0 0 0 0 0 0 0 0 0 0 0 0 0 0 0 0 0 0 0 0 0 0 0 0 0 0 0 0 0 56 56 56 56 56 56 57 57 57 57 57 57 57 57 57 57 57 57 57 57 57 58 58 58 58 58 58 58 58 58 58 58 58 58 58 58 59 59 59 59 59 59 59 59 59 59 60 60 59 59 60 60 60 60 60 60 60 60 60 61 60 61 61 61 62 62 62 62 62 62 62 62 62 62 62 62 63 63 63 63 63 63 63 63 63 64 64 63 64 64 64 64 64 64 65 65 65 65 65 65 65 65 65 65 66 66 66 66 66 66 66 67 67 67 67 67 67 67 67 68 68 68 68 69 69 69 69 69 69 69 70 70 70 71 71 71 71 71 72 72 72 72 72 73 73 73 73 74 74 75 75 75 76 76 76 76 77 77 77 77 78 78 78 78 79 79 79 79 80 80 80 80 81 81 81 81 82 82 82 83 83 83 84 84 84 84 85 85 85 86 86 86 87 87 87 87 88 88 88 88 89 89 89 90 90 90 90 91 91 91 92 92 93 93 93 94 94 94 95 95 95 96 96 96 97 97 97 98 98 98 99 99 99 100 100 100 101 101 101 102 102 102 103 103 103 104 104 104 105 105 105 105 106 106 106 107 107 107 108 108 108 108 108 109 109 110 110 110 111 111 111 112 112 113 113 113 114 114 115 115 115 116 0 0 0 0 0 0 0 0 0 0 0 0 0 0 0 0 0 0 0 0 0 0 0 0 0 0 0 0 0 0 0 0 0 0 0 0 0 0 0 0 0 0 0 0 0 0 0 0 0 0 0 0 0 0 0 0 0 0 0 0 0 0 0 0 0 0 0 0 0 0 0 0 0 0 0 0 0 0 0 0 0 0 0 0 0 0 0 0 0 0 0 0 0 0 0 0 0 0 0 0 0 0 0 0 0 0 0 0 0 0 0 0 0 0 0 0 0 0 0 0 0 0 0 0 0 0 0 0 0 0 0 0 0 0 0 0 0 0 0 0 0 0 0 0 0 0 0 0 0 0 0 0 0 0 0 0 0 0 0 0 0 0 0 0 0 0 0 0 0 0 0 0 0 0 0 0 0 0 
0 0 0 0 0 0 0 0 0 0 0 0 0 0 0 0 0 0 0 0 0 0 0 0 0 0 0 0 0 0 0 0 0 0 0 0 0 0 0 0 0 56 56 56 56 56 56 56 56 56 57 57 57 57 57 57 57 57 57 57 57 57 57 57 58 58 58 58 58 58 58 58 58 58 58 58 58 58 58 58 58 59 59 59 59 59 59 59 59 60 60 60 60 60 60 60 60 60 60 60 60 60 61 61 61 61 61 61 61 61 61 61 62 61 61 61 61 62 62 62 62 63 63 63 63 63 63 63 63 63 64 63 63 64 64 64 64 64 65 65 65 65 65 65 65 65 65 65 65 66 66 66 66 66 66 67 67 67 67 67 67 67 68 68 68 68 68 69 69 69 69 69 69 69 70 70 70 71 71 71 71 71 72 72 72 72 72 73 73 73 73 74 75 75 75 75 76 76 76 76 77 77 77 77 78 78 78 78 79 79 79 79 80 80 80 80 81 81 81 82 82 82 82 83 83 83 84 84 84 85 85 85 86 86 86 86 87 87 87 88 88 88 88 89 89 89 89 90 90 90 91 91 91 92 92 92 93 93 93 94 94 94 95 95 95 96 96 96 97 97 97 98 98 98 99 99 99 100 100 100 101 101 101 102 102 102 103 103 104 104 104 105 105 105 105 106 106 106 107 107 107 107 107 107 108 109 109 109 110 110 110 111 111 111 112 112 112 113 113 114 114 114 115 115 115 0 0 0 0 0 0 0 0 0 0 0 0 0 0 0 0 0 0 0 0 0 0 0 0 0 0 0 0 0 0 0 0 0 0 0 0 0 0 0 0 0 0 0 0 0 0 0 0 0 0 0 0 0 0 0 0 0 0 0 0 0 0 0 0 0 0 0 0 0 0 0 0 0 0 0 0 0 0 0 0 0 0 0 0 0 0 0 0 0 0 0 0 0 0 0 0 0 0 0 0 0 0 0 0 0 0 0 0 0 0 0 0 0 0 0 0 0 0 0 0 0 0 0 0 0 0 0 0 0 0 0 0 0 0 0 0 0 0 0 0 0 0 0 0 0 0 0 0 0 0 0 0 0 0 0 0 0 0 0 0 0 0 0 0 0 0 0 0 0 0 0 0 0 0 0 0 0 0 
0 0 0 0 0 0 0 0 0 0 0 0 0 0 0 0 0 0 0 0 0 0 0 0 0 0 0 0 0 0 0 0 55 56 56 56 0 0 0 0 56 56 56 56 56 56 56 56 56 56 57 57 57 57 57 57 57 57 57 57 57 57 57 57 57 57 57 58 58 58 58 58 58 58 58 58 58 58 58 58 58 59 59 59 59 59 59 59 59 59 59 59 60 60 60 60 60 60 60 61 61 61 61 61 61 61 61 61 61 61 61 61 61 62 61 61 61 61 62 62 62 62 62 62 62 62 63 63 63 63 63 63 64 64 64 64 64 64 64 65 65 65 65 65 65 65 65 65 65 66 66 66 66 66 66 67 67 67 67 67 67 67 68 68 68 68 68 68 69 69 69 69 69 69 69 70 70 70 71 71 71 71 72 72 72 72 72 73 73 73 73 73 75 75 75 75 75 76 76 76 76 77 77 77 77 78 78 78 79 79 79 79 80 80 80 80 81 81 81 81 82 82 82 83 83 83 84 84 84 84 85 85 85 86 86 86 87 87 87 88 88 88 88 89 89 89 89 90 90 90 91 91 91 91 92 92 93 93 93 94 94 94 95 95 95 96 96 96 97 97 97 98 98 98 99 99 99 100 100 100 101 101 101 102 102 102 103 103 103 104 104 104 104 105 105 106 106 106 106 107 107 107 107 107 108 109 110 110 110 110 111 112 112 112 112 112 112 113 113 113 114 114 115 115 115 0 0 0 0 0 0 0 0 0 0 0 0 0 0 0 0 0 0 0 0 0 0 0 0 0 0 0 0 0 0 0 0 0 0 0 0 0 0 0 0 0 0 0 0 0 0 0 0 0 0 0 0 0 0 0 0 0 0 0 0 0 0 0 0 0 0 0 0 0 0 0 0 0 0 0 0 0 0 0 0 0 0 0 0 0 0 0 0 0 0 0 0 0 0 0 0 0 0 0 0 0 0 0 0 0 0 0 0 0 0 0 0 0 0 0 0 0 0 0 0 0 0 0 0 0 0 0 0 0 0 0 0 0 0 0 0 0 0 0 0 0 0 0 0 0 0 0 0 0 0 0 0 0 0 0 0 0 0 0 0 0 0 0 0 0 0 0 0 0 0 0 0 0 0 0 0 0 0 
0 0 0 0 0 0 0 0 0 0 0 0 0 0 0 0 0 0 0 0 0 0 0 0 0 0 0 0 0 0 0 0 55 55 56 56 56 56 56 56 56 56 56 56 56 56 56 56 56 56 56 56 57 57 57 57 57 57 57 57 57 57 57 57 57 57 57 57 57 57 58 58 58 58 58 58 58 58 58 58 58 58 59 59 59 59 59 59 59 59 59 59 60 60 60 60 60 60 60 60 60 60 60 60 60 60 60 61 61 61 61 61 61 61 61 61 61 61 62 62 62 62 62 62 62 62 62 63 63 63 63 63 63 64 64 64 64 64 64 64 65 65 65 65 65 65 65 65 65 66 66 66 66 66 66 67 67 67 67 67 67 68 68 68 68 68 68 68 69 69 69 69 69 69 69 70 70 70 70 71 71 71 71 72 72 72 72 72 73 73 73 73 74 75 75 75 75 76 76 76 76 77 77 77 77 78 78 78 78 79 79 79 79 80 80 80 80 81 81 81 82 82 82 82 83 83 83 84 84 84 85 85 85 85 86 86 86 87 87 87 88 88 88 88 89 89 89 90 90 90 90 91 91 91 92 92 93 93 93 94 94 94 95 95 95 96 96 96 97 97 97 98 98 98 99 99 99 100 100 100 101 101 101 102 102 102 103 103 103 104 104 104 104 105 105 105 106 106 106 106 106 107 108 108 108 108 109 109 110 110 110 112 112 112 112 112 112 113 113 113 114 115 0 0 0 0 0 0 0 0 0 0 0 0 0 0 0 0 0 0 0 0 0 0 0 0 0 0 0 0 0 0 0 0 0 0 0 0 0 0 0 0 0 0 0 0 0 0 0 0 0 0 0 0 0 0 0 0 0 0 0 0 0 0 0 0 0 0 0 0 0 0 0 0 0 0 0 0 0 0 0 0 0 0 0 0 0 0 0 0 0 0 0 0 0 0 0 0 0 0 0 0 0 0 0 0 0 0 0 0 0 0 0 0 0 0 0 0 0 0 0 0 0 0 0 0 0 0 0 0 0 0 0 0 0 0 0 0 0 0 0 0 0 0 0 0 0 0 0 0 0 0 0 0 0 0 0 0 0 0 0 0 0 0 0 0 0 0 0 0 0 0 0 0 0 0 0 0 0 0 0 0 0 
0 0 0 0 0 0 0 0 0 0 0 0 0 0 0 0 0 0 0 0 0 0 0 0 0 0 0 0 0 0 0 55 55 55 55 56 56 56 56 56 56 56 56 56 56 56 56 56 56 56 56 56 56 56 56 57 57 57 57 57 57 57 57 57 57 57 57 57 57 57 58 58 58 58 58 58 58 58 58 58 58 58 58 58 58 59 59 59 59 59 59 59 59 59 59 59 59 59 59 60 60 60 60 60 60 60 60 60 60 61 61 61 61 61 61 61 61 61 62 62 62 62 62 62 62 62 63 63 63 63 63 63 63 64 64 64 64 64 64 64 65 65 65 65 65 65 65 65 65 65 66 66 66 66 66 66 67 67 67 67 67 67 68 68 68 68 68 68 69 69 69 69 69 69 70 70 70 70 70 71 71 71 71 71 72 72 72 72 72 73 73 73 74 74 75 75 75 75 76 76 76 76 77 77 77 77 78 78 78 78 79 79 79 80 80 80 80 81 81 81 81 82 82 82 83 83 83 84 84 84 84 85 85 85 86 86 86 87 87 87 88 88 88 88 89 89 89 90 90 90 90 91 91 91 92 92 92 93 93 93 94 94 94 95 95 95 96 96 96 97 97 97 98 98 98 99 99 99 100 100 100 101 101 101 102 102 102 103 103 104 104 104 104 105 105 105 106 106 106 106 107 107 108 108 108 108 109 109 110 110 110 111 111 111 112 112 113 113 113 0 0 0 0 0 0 0 0 0 0 0 0 0 0 0 0 0 0 0 0 0 0 0 0 0 0 0 0 0 0 0 0 0 0 0 0 0 0 0 0 0 0 0 0 0 0 0 0 0 0 0 0 0 0 0 0 0 0 0 0 0 0 0 0 0 0 0 0 0 0 0 0 0 0 0 0 0 0 0 0 0 0 0 0 0 0 0 0 0 0 0 0 0 0 0 0 0 0 0 0 0 0 0 0 0 0 0 0 0 0 0 0 0 0 0 0 0 0 0 0 0 0 0 0 0 0 0 0 0 0 0 0 0 0 0 0 0 0 0 0 0 0 0 0 0 0 0 0 0 0 0 0 0 0 0 0 0 0 0 0 0 0 0 0 0 0 0 0 0 0 0 0 0 0 0 0 0 0 0 0 0 0 0 0 
0 0 0 0 0 0 0 0 0 0 0 0 0 0 0 0 0 0 0 0 0 0 0 0 0 0 0 0 0 0 0 0 55 55 55 56 56 56 56 56 56 56 56 56 56 56 56 56 56 56 56 56 56 56 56 56 57 57 57 57 57 57 57 57 57 57 57 57 57 57 58 58 58 58 58 58 58 58 58 58 58 58 58 58 58 59 59 59 59 59 59 59 59 59 59 59 59 59 59 60 60 60 60 60 60 60 60 60 61 61 61 61 61 61 61 61 62 61 62 62 62 62 62 62 62 62 63 63 63 63 63 63 63 64 64 64 64 64 64 64 65 65 65 65 65 65 65 65 65 65 66 66 66 66 66 66 67 67 67 67 67 67 67 68 68 68 68 68 68 69 69 69 69 69 70 70 70 70 70 70 71 71 71 71 72 72 72 72 72 73 73 73 74 74 75 75 75 75 76 76 76 76 77 77 77 77 78 78 78 78 79 79 79 79 80 80 80 80 81 81 81 82 82 82 82 83 83 83 84 84 84 85 85 85 86 86 86 86 87 87 87 88 88 88 89 89 89 89 90 90 90 90 91 91 91 92 92 93 93 93 94 94 94 95 95 95 96 96 96 97 97 97 98 98 98 99 99 99 100 100 100 101 101 101 102 102 102 103 103 103 104 104 104 104 105 105 105 106 106 106 107 107 107 108 108 108 109 109 110 110 110 111 111 111 112 112 112 113 113 0 0 0 0 0 0 0 0 0 0 0 0 0 0 0 0 0 0 0 0 0 0 0 0 0 0 0 0 0 0 0 0 0 0 0 0 0 0 0 0 0 0 0 0 0 0 0 0 0 0 0 0 0 0 0 0 0 0 0 0 0 0 0 0 0 0 0 0 0 0 0 0 0 0 0 0 0 0 0 0 0 0 0 0 0 0 0 0 0 0 0 0 0 0 0 0 0 0 0 0 0 0 0 0 0 0 0 0 0 0 0 0 0 0 0 0 0 0 0 0 0 0 0 0 0 0 0 0 0 0 0 0 0 0 0 0 0 0 0 0 0 0 0 0 0 0 0 0 0 0 0 0 0 0 0 0 0 0 0 0 0 0 0 0 0 0 0 0 0 0 0 0 0 0 0 0 0 0 0 0 0 0 0 0 
0 0 0 0 0 0 0 0 0 0 0 0 0 0 0 0 0 0 0 0 0 0 0 0 0 0 0 0 0 0 0 0 0 55 55 55 56 56 56 56 56 56 56 56 56 56 56 56 56 56 56 56 56 56 56 56 56 57 57 57 57 57 57 57 57 57 57 57 57 57 58 58 58 58 58 58 58 58 58 58 58 58 58 58 59 59 59 59 59 59 59 59 59 59 59 59 59 60 60 60 60 60 60 60 60 60 60 60 61 61 61 61 61 61 61 61 62 61 62 62 62 62 62 62 62 62 63 63 63 63 63 63 63 63 64 64 64 64 64 64 64 65 64 65 65 65 65 65 65 65 66 66 66 66 66 66 66 67 67 67 67 67 67 67 68 68 68 68 68 68 69 69 69 69 69 70 70 70 70 70 70 71 71 71 71 72 72 72 72 72 73 73 74 74 74 75 75 75 75 76 76 76 76 77 77 77 77 78 78 78 78 79 79 79 79 80 80 80 81 81 81 81 82 82 82 83 83 83 84 84 84 84 85 85 85 86 86 86 87 87 87 88 88 88 88 89 89 89 90 90 90 90 91 91 91 92 92 92 93 93 94 94 94 95 95 95 96 96 96 97 97 97 98 98 98 99 99 99 100 100 100 101 101 101 102 102 102 103 103 103 104 104 104 104 105 105 105 106 106 106 107 107 107 108 108 108 109 109 109 110 110 110 111 111 112 112 112 113 113 0 0 0 0 0 0 0 0 0 0 0 0 0 0 0 0 0 0 0 0 0 0 0 0 0 0 0 0 0 0 0 0 0 0 0 0 0 0 0 0 0 0 0 0 0 0 0 0 0 0 0 0 0 0 0 0 0 0 0 0 0 0 0 0 0 0 0 0 0 0 0 0 0 0 0 0 0 0 0 0 0 0 0 0 0 0 0 0 0 0 0 0 0 0 0 0 0 0 0 0 0 0 0 0 0 0 0 0 0 0 0 0 0 0 0 0 0 0 0 0 0 0 0 0 0 0 0 0 0 0 0 0 0 0 0 0 0 0 0 0 0 0 0 0 0 0 0 0 0 0 0 0 0 0 0 0 0 0 0 0 0 0 0 0 0 0 0 0 0 0 0 0 0 0 0 0 0 0 0 0 0 0 0 0 
0 0 0 0 0 0 0 0 0 0 0 0 0 0 0 0 0 0 0 0 0 0 0 0 0 0 0 0 0 0 0 0 0 55 55 55 55 55 56 56 56 56 56 56 56 56 56 56 56 56 56 56 56 56 56 56 57 57 57 57 57 57 57 57 57 57 57 57 57 57 58 58 58 58 58 58 58 58 58 58 58 58 58 58 59 59 59 59 59 59 59 59 59 59 59 59 59 60 60 60 60 60 60 60 60 60 60 60 60 60 61 61 61 61 61 61 61 61 62 62 62 62 62 62 62 62 63 63 63 63 63 63 63 63 64 64 64 64 64 64 64 64 64 64 65 65 65 65 65 65 65 66 66 66 66 66 66 66 67 67 67 67 67 67 68 68 68 68 68 68 69 69 69 69 69 69 70 70 70 70 70 71 71 71 71 71 72 72 72 72 72 73 74 74 74 74 75 75 75 75 76 76 76 76 77 77 77 77 78 78 78 79 79 79 79 80 80 80 80 81 81 81 82 82 82 82 83 83 83 84 84 84 85 85 85 86 86 86 87 87 87 88 88 88 88 89 89 89 90 90 90 90 91 91 91 91 92 92 93 93 93 94 94 94 95 95 95 96 96 96 97 97 97 98 98 98 99 99 99 100 100 100 101 101 102 102 102 103 103 103 104 104 104 104 105 105 105 106 106 106 107 107 107 107 108 108 109 109 109 110 110 110 111 111 111 112 112 112 113 113 0 0 0 0 0 0 0 0 0 0 0 0 0 0 0 0 0 0 0 0 0 0 0 0 0 0 0 0 0 0 0 0 0 0 0 0 0 0 0 0 0 0 0 0 0 0 0 0 0 0 0 0 0 0 0 0 0 0 0 0 0 0 0 0 0 0 0 0 0 0 0 0 0 0 0 0 0 0 0 0 0 0 0 0 0 0 0 0 0 0 0 0 0 0 0 0 0 0 0 0 0 0 0 0 0 0 0 0 0 0 0 0 0 0 0 0 0 0 0 0 0 0 0 0 0 0 0 0 0 0 0 0 0 0 0 0 0 0 0 0 0 0 0 0 0 0 0 0 0 0 0 0 0 0 0 0 0 0 0 0 0 0 0 0 0 0 0 0 0 0 0 0 0 0 0 0 0 0 0 0 0 0 0 
0 0 0 0 0 0 0 0 0 0 0 0 0 0 0 0 0 0 0 0 0 0 0 0 0 0 0 0 0 0 0 0 0 0 55 55 55 55 56 56 56 56 56 56 56 56 56 56 56 56 56 56 56 56 56 57 57 57 57 57 57 57 57 57 57 57 57 57 57 57 58 58 58 58 58 58 58 58 58 58 58 58 58 58 58 59 59 59 59 59 59 59 59 59 59 59 59 60 60 60 60 60 60 60 60 60 60 60 60 60 61 61 61 61 61 61 61 61 62 62 62 62 62 62 62 62 63 63 63 63 63 63 63 63 64 64 64 64 64 64 64 64 64 64 64 65 65 65 65 65 65 65 66 66 66 66 66 66 66 67 67 67 67 67 67 68 68 68 68 68 68 69 69 69 69 69 69 70 70 70 70 70 71 71 71 71 71 72 72 72 72 73 74 74 74 74 75 75 75 75 76 76 76 76 76 77 77 77 78 78 78 78 79 79 79 79 80 80 80 81 81 81 81 82 82 82 83 83 83 83 84 84 84 85 85 85 86 86 86 87 87 87 88 88 88 89 89 89 89 90 90 90 91 91 91 91 92 92 92 93 93 94 94 94 95 95 95 96 96 96 97 97 97 98 98 98 99 99 99 100 100 100 101 101 101 102 102 102 103 103 103 104 104 104 105 105 105 106 106 106 107 107 107 108 108 108 109 109 109 110 110 110 111 111 111 111 112 112 112 0 0 0 0 0 0 0 0 0 0 0 0 0 0 0 0 0 0 0 0 0 0 0 0 0 0 0 0 0 0 0 0 0 0 0 0 0 0 0 0 0 0 0 0 0 0 0 0 0 0 0 0 0 0 0 0 0 0 0 0 0 0 0 0 0 0 0 0 0 0 0 0 0 0 0 0 0 0 0 0 0 0 0 0 0 0 0 0 0 0 0 0 0 0 0 0 0 0 0 0 0 0 0 0 0 0 0 0 0 0 0 0 0 0 0 0 0 0 0 0 0 0 0 0 0 0 0 0 0 0 0 0 0 0 0 0 0 0 0 0 0 0 0 0 0 0 0 0 0 0 0 0 0 0 0 0 0 0 0 0 0 0 0 0 0 0 0 0 0 0 0 0 0 0 0 0 0 0 0 0 0 0 0 0 
0 0 0 0 0 0 0 0 0 0 0 0 0 0 0 0 0 0 0 0 0 0 0 0 0 0 0 0 0 0 0 0 0 0 0 55 55 55 55 56 56 56 56 56 56 56 56 56 56 56 56 56 56 56 56 57 57 57 57 57 57 57 57 57 57 57 57 57 57 57 57 58 58 58 58 58 58 58 58 58 58 58 58 58 58 59 59 59 59 59 59 59 59 59 59 59 59 59 60 60 60 60 60 60 60 60 60 60 60 60 61 61 61 61 61 61 61 61 62 62 62 62 62 62 62 62 63 63 63 63 63 63 63 63 63 64 64 64 64 64 64 64 64 64 64 65 65 65 65 65 65 65 66 66 66 66 66 66 66 67 67 67 67 67 67 67 68 68 68 68 68 68 69 69 69 69 69 70 70 70 70 70 70 71 71 71 71 72 72 72 72 72 73 74 74 74 74 75 75 75 75 76 76 76 76 77 77 77 77 78 78 78 78 79 79 79 80 80 80 80 81 81 81 81 82 82 82 83 83 83 84 84 84 85 85 85 86 86 86 87 87 87 87 88 88 88 89 89 89 90 90 90 91 91 91 91 92 92 92 93 93 93 94 94 94 95 95 95 96 96 96 97 97 98 98 98 99 99 99 100 100 100 101 101 101 102 102 102 103 103 103 104 104 104 104 105 105 105 106 106 106 107 107 107 108 108 109 109 109 109 110 110 111 111 111 111 112 112 0 0 0 0 0 0 0 0 0 0 0 0 0 0 0 0 0 0 0 0 0 0 0 0 0 0 0 0 0 0 0 0 0 0 0 0 0 0 0 0 0 0 0 0 0 0 0 0 0 0 0 0 0 0 0 0 0 0 0 0 0 0 0 0 0 0 0 0 0 0 0 0 0 0 0 0 0 0 0 0 0 0 0 0 0 0 0 0 0 0 0 0 0 0 0 0 0 0 0 0 0 0 0 0 0 0 0 0 0 0 0 0 0 0 0 0 0 0 0 0 0 0 0 0 0 0 0 0 0 0 0 0 0 0 0 0 0 0 0 0 0 0 0 0 0 0 0 0 0 0 0 0 0 0 0 0 0 0 0 0 0 0 0 0 0 0 0 0 0 0 0 0 0 0 0 0 0 0 0 0 0 0 0 0 0 
0 0 0 0 0 0 0 0 0 0 0 0 0 0 0 0 0 0 0 0 0 0 0 0 0 0 0 0 0 0 0 0 0 0 55 55 55 55 55 55 56 56 56 56 56 56 56 56 56 56 56 56 56 56 56 57 57 57 57 57 57 57 57 57 57 57 57 57 57 57 57 58 58 58 58 58 58 58 58 58 58 58 58 58 58 58 58 59 59 59 59 59 59 59 59 59 59 59 59 60 60 60 60 60 60 60 60 60 60 60 61 61 61 61 61 61 61 61 62 62 62 62 62 62 62 62 62 63 63 63 63 63 63 63 63 63 64 64 64 64 64 64 64 64 64 64 65 65 65 65 65 65 65 66 66 66 66 66 66 66 67 67 67 67 67 67 68 68 68 68 68 68 69 69 69 69 69 69 70 70 70 70 70 70 71 71 71 71 72 72 72 72 73 74 74 74 74 74 75 75 75 75 76 76 76 76 77 77 77 78 78 78 78 79 79 79 79 80 80 80 81 81 81 81 82 82 82 83 83 83 83 84 84 84 85 85 85 86 86 86 87 87 87 88 88 88 89 89 89 89 90 90 90 91 91 91 92 92 92 92 93 93 93 94 94 95 95 95 96 96 96 97 97 97 98 98 98 99 99 99 100 100 100 101 101 102 102 102 103 103 103 104 104 104 104 105 105 105 106 106 106 107 107 107 108 108 108 109 109 109 110 110 110 111 111 111 112 0 0 0 0 0 0 0 0 0 0 0 0 0 0 0 0 0 0 0 0 0 0 0 0 0 0 0 0 0 0 0 0 0 0 0 0 0 0 0 0 0 0 0 0 0 0 0 0 0 0 0 0 0 0 0 0 0 0 0 0 0 0 0 0 0 0 0 0 0 0 0 0 0 0 0 0 0 0 0 0 0 0 0 0 0 0 0 0 0 0 0 0 0 0 0 0 0 0 0 0 0 0 0 0 0 0 0 0 0 0 0 0 0 0 0 0 0 0 0 0 0 0 0 0 0 0 0 0 0 0 0 0 0 0 0 0 0 0 0 0 0 0 0 0 0 0 0 0 0 0 0 0 0 0 0 0 0 0 0 0 0 0 0 0 0 0 0 0 0 0 0 0 0 0 0 0 0 0 0 0 0 0 0 0 0 0 
0 0 0 0 0 0 0 0 0 0 0 0 0 0 0 0 0 0 0 0 0 0 0 0 0 0 0 0 0 0 0 0 0 0 55 55 55 55 55 55 55 56 56 56 56 56 56 56 56 56 56 56 56 56 56 56 57 57 57 57 57 57 57 57 57 57 57 57 57 57 57 58 58 58 58 58 58 58 58 58 58 58 58 58 58 58 58 58 59 59 59 59 59 59 59 59 59 59 60 60 60 60 60 60 60 60 60 60 60 60 61 61 61 61 61 61 61 61 62 62 62 62 62 62 62 62 62 62 63 63 63 63 63 63 63 63 64 64 64 64 64 64 64 64 64 64 65 65 65 65 65 65 65 65 66 66 66 66 66 66 66 67 67 67 67 67 67 68 68 68 68 68 68 69 69 69 69 69 70 70 70 70 70 70 70 71 71 71 71 72 72 72 73 73 74 74 74 74 75 75 75 75 76 76 76 76 77 77 77 77 78 78 78 78 79 79 79 80 80 80 80 81 81 81 82 82 82 82 83 83 83 84 84 84 85 85 85 86 86 86 87 87 87 87 88 88 88 89 89 89 90 90 90 91 91 91 91 92 92 92 93 93 93 94 94 94 95 95 96 96 96 97 97 97 98 98 98 99 99 99 100 100 100 101 101 101 102 102 102 103 103 103 103 104 104 105 105 105 106 106 106 107 107 107 108 108 108 109 109 109 110 110 110 111 111 111 111 0 0 0 0 0 0 0 0 0 0 0 0 0 0 0 0 0 0 0 0 0 0 0 0 0 0 0 0 0 0 0 0 0 0 0 0 0 0 0 0 0 0 0 0 0 0 0 0 0 0 0 0 0 0 0 0 0 0 0 0 0 0 0 0 0 0 0 0 0 0 0 0 0 0 0 0 0 0 0 0 0 0 0 0 0 0 0 0 0 0 0 0 0 0 0 0 0 0 0 0 0 0 0 0 0 0 0 0 0 0 0 0 0 0 0 0 0 0 0 0 0 0 0 0 0 0 0 0 0 0 0 0 0 0 0 0 0 0 0 0 0 0 0 0 0 0 0 0 0 0 0 0 0 0 0 0 0 0 0 0 0 0 0 0 0 0 0 0 0 0 0 0 0 0 0 0 0 0 0 0 0 0 0 0 0 0 
0 0 0 0 0 0 0 0 0 0 0 0 0 0 0 0 0 0 0 0 0 0 0 0 0 0 0 0 0 0 0 0 0 0 55 55 55 55 55 55 55 55 56 56 56 56 56 56 56 56 56 56 56 56 56 56 56 57 57 57 57 57 57 57 57 57 57 57 57 57 57 57 58 58 58 58 58 58 58 58 58 58 58 58 58 58 58 58 59 59 59 59 59 59 59 59 59 59 59 60 60 60 60 60 60 60 60 60 60 60 61 61 61 61 61 61 61 61 61 62 62 62 62 62 62 62 62 62 63 63 63 63 63 63 63 63 64 64 64 64 64 64 64 64 64 64 64 65 65 65 65 65 65 65 65 66 66 66 66 66 66 67 67 67 67 67 67 68 68 68 68 68 68 68 69 69 69 69 69 70 70 70 70 70 70 71 71 71 71 72 72 72 73 73 73 74 74 74 74 75 75 75 75 76 76 76 76 77 77 77 77 78 78 78 79 79 79 79 80 80 80 81 81 81 81 82 82 82 83 83 83 83 84 84 84 85 85 85 86 86 86 87 87 87 88 88 88 89 89 89 90 90 90 91 91 91 91 92 92 92 93 93 93 94 94 94 95 95 95 96 96 96 97 97 97 98 98 99 99 99 100 100 100 101 101 101 102 102 102 103 103 103 103 104 104 104 105 105 106 106 106 107 107 107 108 108 108 109 109 109 109 110 110 110 111 111 0 0 0 0 0 0 0 0 0 0 0 0 0 0 0 0 0 0 0 0 0 0 0 0 0 0 0 0 0 0 0 0 0 0 0 0 0 0 0 0 0 0 0 0 0 0 0 0 0 0 0 0 0 0 0 0 0 0 0 0 0 0 0 0 0 0 0 0 0 0 0 0 0 0 0 0 0 0 0 0 0 0 0 0 0 0 0 0 0 0 0 0 0 0 0 0 0 0 0 0 0 0 0 0 0 0 0 0 0 0 0 0 0 0 0 0 0 0 0 0 0 0 0 0 0 0 0 0 0 0 0 0 0 0 0 0 0 0 0 0 0 0 0 0 0 0 0 0 0 0 0 0 0 0 0 0 0 0 0 0 0 0 0 0 0 0 0 0 0 0 0 0 0 0 0 0 0 0 0 0 0 0 0 0 0 0 0 
0 0 0 0 0 0 0 0 0 0 0 0 0 0 0 0 0 0 0 0 0 0 0 0 0 0 0 0 0 0 0 0 0 0 55 55 55 55 55 55 55 55 56 56 56 56 56 56 56 56 56 56 56 56 56 56 56 57 57 57 57 57 57 57 57 57 57 57 57 57 57 57 57 58 58 58 58 58 58 58 58 58 58 58 58 58 58 58 59 59 59 59 59 59 59 59 59 59 60 60 60 60 60 60 60 60 60 60 60 60 61 61 61 61 61 61 61 61 61 62 62 62 62 62 62 62 62 62 63 63 63 63 63 63 63 63 63 64 64 64 64 64 64 64 64 64 64 64 65 65 65 65 65 65 65 66 66 66 66 66 66 66 67 67 67 67 67 67 68 68 68 68 68 68 69 69 69 69 69 69 70 70 70 70 70 70 71 71 71 71 72 72 73 73 73 74 74 74 74 74 75 75 75 75 76 76 76 77 77 77 77 78 78 78 78 79 79 79 80 80 80 80 81 81 81 82 82 82 82 83 83 83 84 84 84 85 85 85 86 86 86 87 87 87 88 88 88 89 89 89 90 90 90 90 91 91 91 92 92 92 93 93 93 93 94 94 95 95 95 96 96 96 97 97 97 98 98 98 99 99 99 100 100 101 101 101 102 102 102 103 103 103 103 104 104 104 105 105 105 106 106 106 107 107 107 108 108 108 109 109 109 109 110 110 111 111 0 0 0 0 0 0 0 0 0 0 0 0 0 0 0 0 0 0 0 0 0 0 0 0 0 0 0 0 0 0 0 0 0 0 0 0 0 0 0 0 0 0 0 0 0 0 0 0 0 0 0 0 0 0 0 0 0 0 0 0 0 0 0 0 0 0 0 0 0 0 0 0 0 0 0 0 0 0 0 0 0 0 0 0 0 0 0 0 0 0 0 0 0 0 0 0 0 0 0 0 0 0 0 0 0 0 0 0 0 0 0 0 0 0 0 0 0 0 0 0 0 0 0 0 0 0 0 0 0 0 0 0 0 0 0 0 0 0 0 0 0 0 0 0 0 0 0 0 0 0 0 0 0 0 0 0 0 0 0 0 0 0 0 0 0 0 0 0 0 0 0 0 0 0 0 0 0 0 0 0 0 0 0 0 0 0 0 
0 0 0 0 0 0 0 0 0 0 0 0 0 0 0 0 0 0 0 0 0 0 0 0 0 0 0 0 0 0 0 0 0 55 55 55 55 55 55 55 55 55 56 56 56 56 56 56 56 56 56 56 56 56 56 56 56 56 57 57 57 57 57 57 57 57 57 57 57 57 57 57 57 58 58 58 58 58 58 58 58 58 58 58 58 58 58 58 58 59 59 59 59 59 59 59 59 59 59 60 60 60 60 60 60 60 60 60 60 60 61 61 61 61 61 61 61 61 61 62 62 62 62 62 62 62 62 62 62 63 63 63 63 63 63 63 63 64 64 64 64 64 64 64 64 64 64 64 64 65 65 65 65 65 65 65 66 66 66 66 66 66 66 67 67 67 67 67 67 68 68 68 68 68 68 69 69 69 69 69 70 70 70 70 70 70 70 71 71 71 71 72 73 73 73 73 74 74 74 74 75 75 75 75 76 76 76 76 77 77 77 77 78 78 78 79 79 79 79 80 80 80 81 81 81 81 82 82 82 83 83 83 84 84 84 85 85 85 86 86 86 87 87 87 87 88 88 88 89 89 89 90 90 90 91 91 91 92 92 92 93 93 93 93 94 94 94 95 95 95 96 96 97 97 97 98 98 98 99 99 99 100 100 100 101 101 101 102 102 102 103 103 103 104 104 104 105 105 105 106 106 106 107 107 107 108 108 108 108 109 109 109 110 110 111 0 0 0 0 0 0 0 0 0 0 0 0 0 0 0 0 0 0 0 0 0 0 0 0 0 0 0 0 0 0 0 0 0 0 0 0 0 0 0 0 0 0 0 0 0 0 0 0 0 0 0 0 0 0 0 0 0 0 0 0 0 0 0 0 0 0 0 0 0 0 0 0 0 0 0 0 0 0 0 0 0 0 0 0 0 0 0 0 0 0 0 0 0 0 0 0 0 0 0 0 0 0 0 0 0 0 0 0 0 0 0 0 0 0 0 0 0 0 0 0 0 0 0 0 0 0 0 0 0 0 0 0 0 0 0 0 0 0 0 0 0 0 0 0 0 0 0 0 0 0 0 0 0 0 0 0 0 0 0 0 0 0 0 0 0 0 0 0 0 0 0 0 0 0 0 0 0 0 0 0 0 0 0 0 0 0 0 0 
0 0 0 0 0 0 0 0 0 0 0 0 0 0 0 0 0 0 0 0 0 0 0 0 0 0 0 0 0 0 0 0 0 0 55 55 55 55 55 55 55 55 55 55 56 56 56 56 56 56 56 56 56 56 56 56 56 56 56 57 57 57 57 57 57 57 57 57 57 57 57 57 57 57 58 58 58 58 58 58 58 58 58 58 58 58 58 58 59 59 59 59 59 59 59 59 59 59 59 60 60 60 60 60 60 60 60 60 60 60 61 61 61 61 61 61 61 61 61 61 62 62 62 62 62 62 62 62 62 63 63 63 63 63 63 63 63 63 64 64 64 64 64 64 64 64 64 64 64 65 65 65 65 65 65 65 65 66 66 66 66 66 66 67 67 67 67 67 67 67 68 68 68 68 68 68 69 69 69 69 69 70 70 70 70 70 70 71 71 71 71 72 72 73 73 73 73 74 74 74 74 75 75 75 75 76 76 76 76 77 77 77 78 78 78 78 79 79 79 80 80 80 80 81 81 81 82 82 82 82 83 83 83 84 84 84 85 85 85 86 86 86 87 87 87 88 88 88 89 89 89 90 90 90 91 91 91 91 92 92 92 93 93 93 94 94 94 95 95 95 96 96 96 97 97 97 98 98 99 99 99 100 100 100 101 101 101 102 102 102 103 103 103 103 104 104 104 105 105 105 106 106 106 107 107 107 108 108 108 109 0 0 0 0 0 0 0 0 0 0 0 0 0 0 0 0 0 0 0 0 0 0 0 0 0 0 0 0 0 0 0 0 0 0 0 0 0 0 0 0 0 0 0 0 0 0 0 0 0 0 0 0 0 0 0 0 0 0 0 0 0 0 0 0 0 0 0 0 0 0 0 0 0 0 0 0 0 0 0 0 0 0 0 0 0 0 0 0 0 0 0 0 0 0 0 0 0 0 0 0 0 0 0 0 0 0 0 0 0 0 0 0 0 0 0 0 0 0 0 0 0 0 0 0 0 0 0 0 0 0 0 0 0 0 0 0 0 0 0 0 0 0 0 0 0 0 0 0 0 0 0 0 0 0 0 0 0 0 0 0 0 0 0 0 0 0 0 0 0 0 0 0 0 0 0 0 0 0 0 0 0 0 0 0 0 0 0 0 0 0 0 0 0 
0 0 0 0 0 0 0 0 0 0 0 0 0 0 0 0 0 0 0 0 0 0 0 0 0 0 0 0 0 0 0 0 0 0 55 55 55 55 55 55 55 55 55 55 55 56 56 56 56 56 56 56 56 56 56 56 56 56 56 57 57 57 57 57 57 57 57 57 57 57 57 57 57 57 57 58 58 58 58 58 58 58 58 58 58 58 58 58 59 59 59 59 59 59 59 59 59 59 59 59 60 60 60 60 60 60 60 60 60 60 60 61 61 61 61 61 61 61 61 61 61 62 62 62 62 62 62 62 62 62 63 63 63 63 63 63 63 63 64 64 64 64 64 64 64 64 64 64 64 64 65 65 65 65 65 65 65 66 66 66 66 66 66 66 67 67 67 67 67 67 68 68 68 68 68 68 69 69 69 69 69 69 70 70 70 70 70 71 71 71 71 71 72 73 73 73 73 73 74 74 74 74 75 75 75 75 76 76 76 77 77 77 77 78 78 78 79 79 79 79 80 80 80 81 81 81 81 82 82 82 83 83 83 84 84 84 85 85 85 86 86 86 87 87 87 88 88 88 89 89 89 90 90 90 91 91 91 91 92 92 92 93 93 93 94 94 94 95 95 95 96 96 96 97 97 97 98 98 98 99 99 99 100 100 101 101 101 102 102 102 103 103 103 103 104 104 104 105 105 105 106 106 106 107 107 0 0 0 0 0 0 0 0 0 0 0 0 0 0 0 0 0 0 0 0 0 0 0 0 0 0 0 0 0 0 0 0 0 0 0 0 0 0 0 0 0 0 0 0 0 0 0 0 0 0 0 0 0 0 0 0 0 0 0 0 0 0 0 0 0 0 0 0 0 0 0 0 0 0 0 0 0 0 0 0 0 0 0 0 0 0 0 0 0 0 0 0 0 0 0 0 0 0 0 0 0 0 0 0 0 0 0 0 0 0 0 0 0 0 0 0 0 0 0 0 0 0 0 0 0 0 0 0 0 0 0 0 0 0 0 0 0 0 0 0 0 0 0 0 0 0 0 0 0 0 0 0 0 0 0 0 0 0 0 0 0 0 0 0 0 0 0 0 0 0 0 0 0 0 0 0 0 0 0 0 0 0 0 0 0 0 0 0 0 0 0 0 0 0 0 0 0 0 
0 0 0 0 0 0 0 0 0 0 0 0 0 0 0 0 0 0 0 0 0 0 0 0 0 0 0 0 0 0 0 0 0 0 55 55 55 55 55 55 55 55 55 55 55 56 56 56 56 56 56 56 56 56 56 56 56 56 56 56 56 57 57 57 57 57 57 57 57 57 57 57 57 57 57 58 58 58 58 58 58 58 58 58 58 58 58 58 58 59 59 59 59 59 59 59 59 59 59 59 60 60 60 60 60 60 60 60 60 60 60 60 61 61 61 61 61 61 61 61 61 61 62 62 62 62 62 62 62 62 63 63 63 63 63 63 63 63 63 64 64 64 63 64 64 64 64 64 64 64 64 65 65 65 65 65 65 65 66 66 66 66 66 66 66 67 67 67 67 67 67 68 68 68 68 68 68 69 69 69 69 69 69 69 70 70 70 70 71 71 71 71 72 72 73 73 73 73 74 74 74 74 75 75 75 75 76 76 76 76 77 77 77 77 78 78 78 79 79 79 80 80 80 80 81 81 81 82 82 82 83 83 83 83 84 84 84 85 85 85 86 86 86 87 87 87 88 88 88 89 89 89 90 90 90 91 91 91 92 92 92 93 93 93 94 94 94 95 95 95 96 96 96 97 97 97 98 98 98 99 99 99 100 100 100 101 101 101 102 102 102 103 103 103 104 104 104 105 105 105 106 106 106 106 107 107 0 0 0 0 0 0 0 0 0 0 0 0 0 0 0 0 0 0 0 0 0 0 0 0 0 0 0 0 0 0 0 0 0 0 0 0 0 0 0 0 0 0 0 0 0 0 0 0 0 0 0 0 0 0 0 0 0 0 0 0 0 0 0 0 0 0 0 0 0 0 0 0 0 0 0 0 0 0 0 0 0 0 0 0 0 0 0 0 0 0 0 0 0 0 0 0 0 0 0 0 0 0 0 0 0 0 0 0 0 0 0 0 0 0 0 0 0 0 0 0 0 0 0 0 0 0 0 0 0 0 0 0 0 0 0 0 0 0 0 0 0 0 0 0 0 0 0 0 0 0 0 0 0 0 0 0 0 0 0 0 0 0 0 0 0 0 0 0 0 0 0 0 0 0 0 0 0 0 0 0 0 0 0 0 0 0 0 0 0 0 0 0 0 0 0 0 0 
0 0 0 0 0 0 0 0 0 0 0 0 0 0 0 0 0 0 0 0 0 0 0 0 0 0 0 0 0 0 0 0 0 0 55 55 55 55 55 55 55 55 55 55 55 55 56 56 56 56 56 56 56 56 56 56 56 56 56 56 56 57 57 57 57 57 57 57 57 57 57 57 57 57 57 58 58 58 58 58 58 58 58 58 58 58 58 58 59 59 59 59 59 59 59 59 59 59 59 59 60 60 60 60 60 60 60 60 60 60 60 60 61 61 61 61 61 61 61 61 61 61 62 62 62 62 62 62 62 62 63 63 63 63 63 63 63 63 63 64 64 64 63 64 64 64 64 64 64 64 64 65 65 65 65 65 65 65 65 66 66 66 66 66 66 67 67 67 67 67 67 68 68 68 68 68 68 68 69 69 69 69 69 69 70 70 70 70 71 71 71 71 72 72 72 73 73 73 73 74 74 74 74 75 75 75 75 76 76 76 77 77 77 77 78 78 78 78 79 79 79 80 80 80 81 81 81 81 82 82 82 83 83 83 84 84 84 85 85 85 86 86 86 87 87 87 88 88 88 89 89 89 90 90 90 90 91 91 92 92 92 93 93 93 94 94 94 95 95 95 96 96 96 96 97 97 97 98 98 99 99 99 100 100 100 101 101 101 102 102 102 103 103 103 103 104 104 104 105 105 105 106 106 106 107 107 107 108 0 0 0 0 0 0 0 0 0 0 0 0 0 0 0 0 0 0 0 0 0 0 0 0 0 0 0 0 0 0 0 0 0 0 0 0 0 0 0 0 0 0 0 0 0 0 0 0 0 0 0 0 0 0 0 0 0 0 0 0 0 0 0 0 0 0 0 0 0 0 0 0 0 0 0 0 0 0 0 0 0 0 0 0 0 0 0 0 0 0 0 0 0 0 0 0 0 0 0 0 0 0 0 0 0 0 0 0 0 0 0 0 0 0 0 0 0 0 0 0 0 0 0 0 0 0 0 0 0 0 0 0 0 0 0 0 0 0 0 0 0 0 0 0 0 0 0 0 0 0 0 0 0 0 0 0 0 0 0 0 0 0 0 0 0 0 0 0 0 0 0 0 0 0 0 0 0 0 0 0 0 0 0 0 0 0 0 0 0 0 0 0 0 0 0 
0 0 0 0 0 0 0 0 0 0 0 0 0 0 0 0 0 0 0 0 0 0 0 0 0 0 0 0 0 0 0 0 0 55 55 55 55 55 55 55 55 55 55 55 55 55 55 55 55 55 56 56 56 56 56 56 56 56 56 56 56 56 56 56 56 57 57 57 57 57 57 57 57 57 57 57 57 57 57 58 58 58 58 58 58 58 58 58 58 58 58 58 59 59 59 59 59 59 59 59 60 60 60 60 60 60 60 60 60 60 60 61 61 61 61 61 61 61 61 61 61 62 62 62 62 62 62 62 62 62 62 63 63 63 63 63 63 63 63 63 64 64 63 63 64 64 64 64 64 64 64 64 65 65 65 65 65 65 65 66 66 66 66 66 66 66 67 67 67 67 67 67 68 68 68 68 68 68 68 69 69 69 69 69 70 70 70 70 70 71 71 71 72 72 73 73 73 73 73 74 74 74 74 75 75 75 75 76 76 76 76 77 77 77 78 78 78 78 79 79 79 80 80 80 80 81 81 81 82 82 82 83 83 83 83 84 84 84 85 85 85 86 86 86 86 87 87 87 88 88 88 89 89 89 90 90 90 91 91 91 92 92 92 93 93 93 94 94 94 95 95 95 96 96 96 96 97 97 97 98 98 99 99 99 100 100 100 101 101 101 102 102 103 103 103 104 104 104 105 105 105 106 106 106 107 107 107 108 108 108 109 0 0 0 0 0 0 0 0 0 0 0 0 0 0 0 0 0 0 0 0 0 0 0 0 0 0 0 0 0 0 0 0 0 0 0 0 0 0 0 0 0 0 0 0 0 0 0 0 0 0 0 0 0 0 0 0 0 0 0 0 0 0 0 0 0 0 0 0 0 0 0 0 0 0 0 0 0 0 0 0 0 0 0 0 0 0 0 0 0 0 0 0 0 0 0 0 0 0 0 0 0 0 0 0 0 0 0 0 0 0 0 0 0 0 0 0 0 0 0 0 0 0 0 0 0 0 0 0 0 0 0 0 0 0 0 0 0 0 0 0 0 0 0 0 0 0 0 0 0 0 0 0 0 0 0 0 0 0 0 0 0 0 0 0 0 0 0 0 0 0 0 0 0 0 0 0 0 0 0 0 0 0 0 0 0 0 0 0 0 0 0 0 
0 0 0 0 0 0 0 0 0 0 0 0 0 0 0 0 0 0 0 0 0 0 0 0 0 0 0 0 0 0 0 55 55 55 55 55 55 55 55 55 55 55 55 55 55 55 55 55 55 55 56 56 56 56 56 56 56 56 56 56 56 56 56 56 56 57 57 57 57 57 57 57 57 57 57 57 57 57 57 57 58 58 58 58 58 58 58 58 58 58 58 58 59 59 59 59 59 59 59 59 60 60 60 60 60 60 60 60 60 60 60 61 61 61 61 61 61 61 61 61 61 61 62 62 62 62 62 62 62 62 62 62 63 63 63 63 63 63 63 63 64 64 63 63 64 64 64 64 64 64 64 64 65 65 65 65 65 65 65 65 66 66 66 66 66 66 66 67 67 67 67 67 67 68 68 68 68 68 68 68 69 69 69 69 69 70 70 70 70 70 71 71 72 72 72 73 73 73 73 73 74 74 74 74 75 75 75 76 76 76 76 77 77 77 77 78 78 78 79 79 79 79 80 80 80 81 81 81 81 82 82 82 83 83 83 84 84 84 85 85 85 86 86 86 86 87 87 87 88 88 88 89 89 89 90 90 90 91 91 91 92 92 92 93 93 93 94 94 94 95 95 95 96 96 96 96 97 97 97 98 98 98 99 99 99 100 100 100 101 101 101 102 102 103 103 104 104 104 105 105 105 105 106 106 107 107 107 108 108 108 109 0 0 0 0 0 0 0 0 0 0 0 0 0 0 0 0 0 0 0 0 0 0 0 0 0 0 0 0 0 0 0 0 0 0 0 0 0 0 0 0 0 0 0 0 0 0 0 0 0 0 0 0 0 0 0 0 0 0 0 0 0 0 0 0 0 0 0 0 0 0 0 0 0 0 0 0 0 0 0 0 0 0 0 0 0 0 0 0 0 0 0 0 0 0 0 0 0 0 0 0 0 0 0 0 0 0 0 0 0 0 0 0 0 0 0 0 0 0 0 0 0 0 0 0 0 0 0 0 0 0 0 0 0 0 0 0 0 0 0 0 0 0 0 0 0 0 0 0 0 0 0 0 0 0 0 0 0 0 0 0 0 0 0 0 0 0 0 0 0 0 0 0 0 0 0 0 0 0 0 0 0 0 0 0 0 0 0 0 0 0 0 0 
0 0 0 0 0 0 0 0 0 0 0 0 0 0 0 0 0 0 0 0 0 0 0 0 0 0 0 0 55 55 55 55 55 55 55 55 55 55 0 55 55 55 55 55 55 55 55 55 55 55 56 56 56 56 56 56 56 56 56 56 56 56 56 56 56 56 57 57 57 57 57 57 57 57 57 57 57 57 57 57 58 58 58 58 58 58 58 58 58 58 58 58 59 59 59 59 59 59 59 59 59 60 60 60 60 60 60 60 60 60 60 61 61 61 61 61 61 61 61 61 61 61 62 62 62 62 62 62 62 62 62 62 62 63 63 63 63 63 63 63 64 64 63 63 64 64 64 64 64 64 64 64 64 65 65 65 65 65 65 65 66 66 66 66 66 66 66 67 67 67 67 67 67 67 68 68 68 68 68 68 69 69 69 69 69 69 70 70 70 70 70 71 72 72 72 72 73 73 73 73 74 74 74 74 75 75 75 75 76 76 76 76 77 77 77 78 78 78 78 79 79 79 80 80 80 80 81 81 81 82 82 82 83 83 83 84 84 84 84 85 85 85 85 86 86 87 87 87 88 88 88 89 89 89 90 90 90 90 91 91 91 92 92 93 93 93 94 94 94 94 95 95 95 96 96 96 97 97 97 98 98 98 99 99 99 100 100 100 101 101 101 102 102 103 103 103 104 104 104 105 105 105 106 106 106 107 107 107 108 108 109 0 0 0 0 0 0 0 0 0 0 0 0 0 0 0 0 0 0 0 0 0 0 0 0 0 0 0 0 0 0 0 0 0 0 0 0 0 0 0 0 0 0 0 0 0 0 0 0 0 0 0 0 0 0 0 0 0 0 0 0 0 0 0 0 0 0 0 0 0 0 0 0 0 0 0 0 0 0 0 0 0 0 0 0 0 0 0 0 0 0 0 0 0 0 0 0 0 0 0 0 0 0 0 0 0 0 0 0 0 0 0 0 0 0 0 0 0 0 0 0 0 0 0 0 0 0 0 0 0 0 0 0 0 0 0 0 0 0 0 0 0 0 0 0 0 0 0 0 0 0 0 0 0 0 0 0 0 0 0 0 0 0 0 0 0 0 0 0 0 0 0 0 0 0 0 0 0 0 0 0 0 0 0 0 0 0 0 0 0 0 0 0 
0 0 0 0 0 0 0 0 0 0 0 0 0 0 0 0 0 0 0 0 0 0 0 0 0 0 0 0 0 0 0 0 0 0 55 55 0 0 0 0 55 55 55 55 55 55 55 55 55 55 56 56 56 56 56 56 56 56 56 56 56 56 56 56 56 56 57 57 57 57 57 57 57 57 57 57 57 57 57 57 58 58 58 58 58 58 58 58 58 58 58 58 59 59 59 59 59 59 59 59 59 60 60 60 60 60 60 60 60 60 60 60 61 61 61 61 61 61 61 61 61 61 62 62 62 62 62 62 62 62 62 62 62 63 63 63 63 63 63 63 64 64 63 63 63 64 64 64 64 64 64 64 64 65 65 65 65 65 65 65 65 66 66 66 66 66 66 66 67 67 67 67 67 67 68 68 68 68 68 68 68 69 69 69 69 69 70 70 70 70 70 71 72 72 72 72 73 73 73 73 73 74 74 74 74 75 75 75 75 76 76 76 77 77 77 77 78 78 78 79 79 79 79 80 80 80 81 81 81 82 82 82 82 83 83 83 84 84 84 85 85 85 85 86 86 86 87 87 87 88 88 88 89 89 89 90 90 90 91 91 91 92 92 92 93 93 93 94 94 94 95 95 95 96 96 96 97 97 97 97 98 98 98 99 99 100 100 100 101 101 101 102 102 103 103 103 104 104 104 105 105 105 106 106 106 107 107 107 108 108 108 0 0 0 0 0 0 0 0 0 0 0 0 0 0 0 0 0 0 0 0 0 0 0 0 0 0 0 0 0 0 0 0 0 0 0 0 0 0 0 0 0 0 0 0 0 0 0 0 0 0 0 0 0 0 0 0 0 0 0 0 0 0 0 0 0 0 0 0 0 0 0 0 0 0 0 0 0 0 0 0 0 0 0 0 0 0 0 0 0 0 0 0 0 0 0 0 0 0 0 0 0 0 0 0 0 0 0 0 0 0 0 0 0 0 0 0 0 0 0 0 0 0 0 0 0 0 0 0 0 0 0 0 0 0 0 0 0 0 0 0 0 0 0 0 0 0 0 0 0 0 0 0 0 0 0 0 0 0 0 0 0 0 0 0 0 0 0 0 0 0 0 0 0 0 0 0 0 0 0 0 0 0 0 0 0 0 0 0 0 0 0 0 
0 0 0 0 0 0 0 0 0 0 0 0 0 0 0 0 0 0 0 0 0 0 0 0 0 0 0 0 0 0 0 0 0 0 0 0 0 0 0 0 55 55 55 55 55 55 55 55 55 55 55 56 56 56 56 56 56 56 56 56 56 56 56 56 56 56 57 57 57 57 57 57 57 57 57 57 57 57 57 57 58 58 58 58 58 58 58 58 58 58 58 58 59 59 59 59 59 59 59 59 59 59 60 60 60 60 60 60 60 60 60 60 61 61 61 61 61 61 61 61 61 61 62 62 62 62 62 62 62 62 62 62 63 63 63 63 63 63 63 63 63 64 63 63 63 64 64 64 64 64 64 64 64 65 65 65 65 65 65 65 65 66 66 66 66 66 66 66 66 67 67 67 67 67 67 68 68 68 68 68 68 69 69 69 69 69 69 70 70 70 70 70 72 72 72 72 72 73 73 73 73 74 74 74 74 75 75 75 75 76 76 76 76 77 77 77 78 78 78 78 79 79 79 80 80 80 81 81 81 81 82 82 82 83 83 83 84 84 84 85 85 85 85 86 86 86 87 87 87 88 88 88 89 89 89 90 90 90 91 91 91 92 92 92 93 93 93 94 94 94 95 95 95 96 96 96 97 97 97 97 98 98 98 99 99 99 100 100 100 101 101 101 102 102 103 103 103 104 104 105 105 105 106 106 106 107 107 107 108 108 108 109 109 0 0 0 110 111 111 0 0 0 0 0 0 0 0 0 0 0 0 0 0 0 0 0 0 0 0 0 0 0 0 0 0 0 0 0 0 0 0 0 0 0 0 0 0 0 0 0 0 0 0 0 0 0 0 0 0 0 0 0 0 0 0 0 0 0 0 0 0 0 0 0 0 0 0 0 0 0 0 0 0 0 0 0 0 0 0 0 0 0 0 0 0 0 0 0 0 0 0 0 0 0 0 0 0 0 0 0 0 0 0 0 0 0 0 0 0 0 0 0 0 0 0 0 0 0 0 0 0 0 0 0 0 0 0 0 0 0 0 0 0 0 0 0 0 0 0 0 0 0 0 0 0 0 0 0 0 0 0 0 0 0 0 0 0 0 0 0 0 0 0 0 0 0 0 0 0 0 0 0 0 0 0 0 0 0 0 0 0 0 0 
0 0 0 0 0 0 0 0 0 0 0 0 0 0 0 0 0 0 0 0 0 0 0 0 0 0 0 0 0 0 0 0 0 0 0 0 0 0 0 0 0 55 55 55 55 55 55 55 55 55 55 56 56 56 56 56 56 56 56 56 56 56 56 56 56 56 57 57 57 57 57 57 57 57 57 57 57 57 57 57 58 58 58 58 58 58 58 58 58 58 58 58 59 59 59 59 59 59 59 59 59 59 60 60 60 60 60 60 60 60 60 60 61 61 61 61 61 61 61 61 61 61 61 62 62 62 62 62 62 62 62 62 63 63 63 63 63 63 63 63 63 64 63 63 63 63 64 64 64 64 64 64 64 64 65 65 65 65 65 65 65 65 66 66 66 66 66 66 66 67 67 67 67 67 67 67 68 68 68 68 68 68 69 69 69 69 69 70 70 70 70 70 71 72 72 72 72 72 73 73 73 73 74 74 74 74 75 75 75 75 76 76 76 77 77 77 77 78 78 78 79 79 79 79 80 80 80 81 81 81 82 82 82 83 83 83 84 84 84 85 85 85 85 85 86 86 86 87 87 88 88 88 89 89 89 90 90 90 91 91 91 92 92 92 93 93 93 94 94 94 95 95 95 95 96 96 96 97 97 97 98 98 98 99 99 99 100 100 100 101 101 101 102 102 103 103 103 104 104 104 105 105 105 106 106 106 107 107 108 108 108 109 109 109 110 110 110 111 111 111 112 0 0 0 0 0 0 0 0 0 0 0 0 0 0 0 0 0 0 0 0 0 0 0 0 0 0 0 0 0 0 0 0 0 0 0 0 0 0 0 0 0 0 0 0 0 0 0 0 0 0 0 0 0 0 0 0 0 0 0 0 0 0 0 0 0 0 0 0 0 0 0 0 0 0 0 0 0 0 0 0 0 0 0 0 0 0 0 0 0 0 0 0 0 0 0 0 0 0 0 0 0 0 0 0 0 0 0 0 0 0 0 0 0 0 0 0 0 0 0 0 0 0 0 0 0 0 0 0 0 0 0 0 0 0 0 0 0 0 0 0 0 0 0 0 0 0 0 0 0 0 0 0 0 0 0 0 0 0 0 0 0 0 0 0 0 0 0 0 0 0 0 0 0 0 0 0 0 0 0 0 0 0 
0 0 0 0 0 0 0 0 0 0 0 0 0 0 0 0 0 0 0 0 0 0 0 0 0 0 0 0 0 0 0 0 0 0 0 0 0 0 0 55 55 55 55 55 55 55 55 55 55 55 55 56 56 56 56 56 56 56 56 56 56 56 56 56 56 56 56 57 57 57 57 57 57 57 57 57 57 57 57 57 57 58 58 58 58 58 58 58 58 58 58 58 59 59 59 59 59 59 59 59 59 59 60 60 60 60 60 60 60 60 60 60 61 61 61 61 61 61 61 61 61 61 61 62 62 62 62 62 62 62 62 62 63 63 63 63 63 63 63 63 63 63 63 63 63 63 64 64 64 64 64 64 64 64 65 65 65 65 65 65 65 65 66 66 66 66 66 66 66 66 67 67 67 67 67 67 67 68 68 68 68 68 68 69 69 69 69 69 70 70 70 70 71 71 72 72 72 72 73 73 73 73 73 74 74 74 75 75 75 75 76 76 76 76 77 77 77 78 78 78 78 79 79 79 80 80 80 81 81 81 82 82 82 82 83 83 83 84 84 84 85 85 85 85 86 86 86 87 87 87 88 88 88 89 89 90 90 90 90 91 91 91 92 92 92 93 93 93 94 94 94 95 95 95 96 96 96 97 97 97 98 98 98 99 99 99 100 100 100 100 101 101 102 102 102 103 103 104 104 104 105 105 105 106 106 106 107 107 107 108 108 109 109 109 110 110 110 111 111 111 112 112 112 113 0 0 0 0 0 0 0 0 0 0 0 0 0 0 0 0 0 0 0 0 0 0 0 0 0 0 0 0 0 0 0 0 0 0 0 0 0 0 0 0 0 0 0 0 0 0 0 0 0 0 0 0 0 0 0 0 0 0 0 0 0 0 0 0 0 0 0 0 0 0 0 0 0 0 0 0 0 0 0 0 0 0 0 0 0 0 0 0 0 0 0 0 0 0 0 0 0 0 0 0 0 0 0 0 0 0 0 0 0 0 0 0 0 0 0 0 0 0 0 0 0 0 0 0 0 0 0 0 0 0 0 0 0 0 0 0 0 0 0 0 0 0 0 0 0 0 0 0 0 0 0 0 0 0 0 0 0 0 0 0 0 0 0 0 0 0 0 0 0 0 0 0 0 0 0 0 0 0 0 
0 0 0 0 0 0 0 0 0 0 0 0 0 0 0 0 0 0 0 0 0 0 0 0 0 0 0 0 0 0 0 0 0 0 0 0 0 55 55 55 55 55 55 55 55 55 55 55 55 55 55 56 56 56 56 56 56 56 56 56 56 56 56 56 56 56 56 57 57 57 57 57 57 57 57 57 57 57 57 57 57 58 58 58 58 58 58 58 58 58 58 58 59 59 59 59 59 59 59 59 59 59 60 60 60 60 60 60 60 60 60 60 60 61 61 61 61 61 61 61 61 61 61 62 62 62 62 62 62 62 62 62 63 63 63 63 63 63 63 63 63 63 63 63 63 63 63 64 64 64 64 64 64 64 64 65 65 65 65 65 65 65 65 66 66 66 66 66 66 66 67 67 67 67 67 67 67 67 68 68 68 68 68 69 69 69 69 69 69 70 70 70 71 71 71 72 72 72 72 73 73 73 73 74 74 74 74 75 75 75 75 76 76 76 77 77 77 77 78 78 78 79 79 79 80 80 80 81 81 81 81 82 82 82 83 83 83 84 84 84 85 85 85 85 86 86 86 86 87 87 88 88 88 89 89 89 90 90 90 91 91 91 92 92 92 93 93 93 94 94 94 95 95 95 96 96 96 97 97 97 98 98 98 99 99 99 100 100 100 100 101 101 101 102 102 103 103 104 104 104 105 105 105 106 106 106 107 107 107 108 108 108 109 109 110 110 110 110 111 111 111 112 112 112 113 113 113 0 0 0 0 0 0 0 0 0 0 0 0 0 0 0 0 0 0 0 0 0 0 0 0 0 0 0 0 0 0 0 0 0 0 0 0 0 0 0 0 0 0 0 0 0 0 0 0 0 0 0 0 0 0 0 0 0 0 0 0 0 0 0 0 0 0 0 0 0 0 0 0 0 0 0 0 0 0 0 0 0 0 0 0 0 0 0 0 0 0 0 0 0 0 0 0 0 0 0 0 0 0 0 0 0 0 0 0 0 0 0 0 0 0 0 0 0 0 0 0 0 0 0 0 0 0 0 0 0 0 0 0 0 0 0 0 0 0 0 0 0 0 0 0 0 0 0 0 0 0 0 0 0 0 0 0 0 0 0 0 0 0 0 0 0 0 0 0 0 0 0 0 0 0 0 0 
0 0 0 0 0 0 0 0 0 0 0 0 0 0 0 0 0 0 0 0 0 0 0 0 0 0 0 0 0 0 0 0 0 0 55 55 55 55 55 55 55 55 55 55 55 55 55 55 55 55 55 55 55 56 56 56 56 56 56 56 56 56 56 56 56 56 56 57 57 57 57 57 57 57 57 57 57 57 57 57 57 58 58 58 58 58 58 58 58 58 58 58 59 59 59 59 59 59 59 59 59 59 60 60 60 60 60 60 60 60 60 60 60 61 61 61 61 61 61 61 61 61 61 62 62 62 62 62 62 62 62 62 62 63 63 63 63 63 63 63 63 63 63 63 63 63 63 64 64 64 64 64 64 64 64 65 65 65 65 65 65 65 65 66 66 66 66 66 66 66 66 67 67 67 67 67 67 67 68 68 68 68 68 68 69 69 69 69 69 69 70 70 71 71 71 72 72 72 72 72 73 73 73 73 74 74 74 74 75 75 75 76 76 76 76 77 77 77 78 78 78 79 79 79 79 80 80 80 81 81 81 82 82 82 83 83 83 84 84 84 85 85 85 85 86 86 86 86 87 87 87 88 88 88 89 89 90 90 90 91 91 91 92 92 92 93 93 93 94 94 94 95 95 95 96 96 96 97 97 97 98 98 98 98 99 99 99 100 100 100 100 101 101 102 102 103 103 103 104 104 104 105 105 106 106 106 107 107 107 108 108 108 109 109 109 110 110 110 111 111 111 112 112 112 113 113 114 114 0 0 0 0 0 0 0 0 0 0 0 0 0 0 0 0 0 0 0 0 0 0 0 0 0 0 0 0 0 0 0 0 0 0 0 0 0 0 0 0 0 0 0 0 0 0 0 0 0 0 0 0 0 0 0 0 0 0 0 0 0 0 0 0 0 0 0 0 0 0 0 0 0 0 0 0 0 0 0 0 0 0 0 0 0 0 0 0 0 0 0 0 0 0 0 0 0 0 0 0 0 0 0 0 0 0 0 0 0 0 0 0 0 0 0 0 0 0 0 0 0 0 0 0 0 0 0 0 0 0 0 0 0 0 0 0 0 0 0 0 0 0 0 0 0 0 0 0 0 0 0 0 0 0 0 0 0 0 0 0 0 0 0 0 0 0 0 0 0 0 0 0 0 0 0 
0 0 0 0 0 0 0 0 0 0 0 0 0 0 0 0 0 0 0 0 0 0 0 0 54 54 0 0 0 0 0 0 54 54 55 55 55 55 55 55 55 55 55 0 0 55 55 55 55 55 55 55 56 56 56 56 56 56 56 56 56 56 56 56 56 56 56 57 57 57 57 57 57 57 57 57 57 57 57 57 57 58 58 58 58 58 58 58 58 58 58 58 59 59 59 59 59 59 59 59 59 59 60 60 60 60 60 60 60 60 60 60 60 61 61 61 61 61 61 61 61 61 61 62 62 62 62 62 62 62 62 62 62 63 63 63 63 63 63 63 63 63 63 63 63 63 63 64 64 64 64 64 64 64 64 64 65 65 65 65 65 65 65 65 66 66 66 66 66 66 66 67 67 67 67 67 67 67 67 68 68 68 68 68 68 69 69 69 69 69 70 70 71 71 71 71 72 72 72 72 73 73 73 73 74 74 74 74 75 75 75 75 76 76 76 77 77 77 78 78 78 78 79 79 79 80 80 80 81 81 81 82 82 82 82 83 83 84 84 84 84 85 85 85 85 86 86 86 87 87 87 88 88 88 89 89 89 90 90 90 91 91 91 92 92 93 93 93 94 94 94 95 95 95 95 96 96 97 97 97 97 98 98 98 99 99 99 100 100 100 100 100 101 102 102 103 103 103 104 104 104 105 105 106 106 106 107 107 107 108 108 108 108 109 109 110 110 110 111 111 111 112 112 112 113 113 113 114 114 0 0 0 0 0 0 0 0 0 0 0 0 0 0 0 0 0 0 0 0 0 0 0 0 0 0 0 0 0 0 0 0 0 0 0 0 0 0 0 0 0 0 0 0 0 0 0 0 0 0 0 0 0 0 0 0 0 0 0 0 0 0 0 0 0 0 0 0 0 0 0 0 0 0 0 0 0 0 0 0 0 0 0 0 0 0 0 0 0 0 0 0 0 0 0 0 0 0 0 0 0 0 0 0 0 0 0 0 0 0 0 0 0 0 0 0 0 0 0 0 0 0 0 0 0 0 0 0 0 0 0 0 0 0 0 0 0 0 0 0 0 0 0 0 0 0 0 0 0 0 0 0 0 0 0 0 0 0 0 0 0 0 0 0 0 0 0 0 0 0 0 0 0 0 
0 0 0 0 0 0 0 0 0 0 0 0 0 0 0 0 0 0 0 0 0 0 54 54 54 54 54 0 0 0 0 0 55 55 55 55 55 55 55 55 55 0 0 0 0 0 55 55 55 55 55 55 0 55 56 56 56 56 56 56 56 56 56 56 56 56 56 57 57 57 57 57 57 57 57 57 57 57 57 57 57 58 58 58 58 58 58 58 58 58 58 58 59 59 59 59 59 59 59 59 59 59 59 60 60 60 60 60 60 60 60 60 60 61 61 61 61 61 61 61 61 61 61 62 62 62 62 62 62 62 62 62 62 63 63 63 63 63 63 63 63 63 63 63 63 63 63 64 64 64 64 64 64 64 64 64 65 65 65 65 65 65 65 65 66 66 66 66 66 66 66 66 67 67 67 67 67 67 67 68 68 68 68 68 68 69 69 69 69 69 69 70 71 71 71 71 72 72 72 72 72 73 73 73 73 74 74 74 74 75 75 75 76 76 76 76 77 77 77 78 78 78 79 79 79 80 80 80 81 81 81 81 82 82 82 83 83 83 84 84 84 85 85 85 85 86 86 86 87 87 87 88 88 88 89 89 89 90 90 90 91 91 91 92 92 92 93 93 93 94 94 94 95 95 95 96 96 96 97 97 97 98 98 98 99 99 99 99 100 100 100 100 101 102 102 103 103 103 103 104 104 105 105 105 106 106 106 107 107 107 108 108 108 109 109 109 110 110 110 111 111 111 112 112 113 113 113 113 113 0 0 0 0 0 0 0 0 0 0 0 0 0 0 0 0 0 0 0 0 0 0 0 0 0 0 0 0 0 0 0 0 0 0 0 0 0 0 0 0 0 0 0 0 0 0 0 0 0 0 0 0 0 0 0 0 0 0 0 0 0 0 0 0 0 0 0 0 0 0 0 0 0 0 0 0 0 0 0 0 0 0 0 0 0 0 0 0 0 0 0 0 0 0 0 0 0 0 0 0 0 0 0 0 0 0 0 0 0 0 0 0 0 0 0 0 0 0 0 0 0 0 0 0 0 0 0 0 0 0 0 0 0 0 0 0 0 0 0 0 0 0 0 0 0 0 0 0 0 0 0 0 0 0 0 0 0 0 0 0 0 0 0 0 0 0 0 0 0 0 0 0 0 0 
0 0 0 0 0 0 0 0 0 0 0 0 0 0 0 0 0 0 0 0 0 54 54 54 54 54 54 54 54 0 0 54 54 55 55 55 55 55 55 55 0 0 0 0 0 0 0 55 55 55 0 0 0 0 0 0 0 0 0 0 56 56 56 56 56 56 56 57 57 57 57 57 57 57 57 57 57 57 57 57 58 58 58 58 58 58 58 58 58 58 58 58 59 59 59 59 59 59 59 59 59 59 60 60 60 60 60 60 60 60 60 60 60 60 61 61 61 61 61 61 61 61 61 61 62 62 62 62 62 62 62 62 62 62 63 63 63 63 63 63 63 63 63 63 63 63 63 63 64 64 64 64 64 64 64 64 65 65 65 65 65 65 65 65 65 66 66 66 66 66 66 66 66 67 67 67 67 67 67 67 68 68 68 68 68 68 69 69 69 69 69 70 71 71 71 71 71 72 72 72 72 72 73 73 73 74 74 74 74 75 75 75 75 76 76 76 77 77 77 78 78 78 79 79 79 79 80 80 80 81 81 81 82 82 82 83 83 83 84 84 84 85 85 85 85 85 86 86 87 87 87 87 88 88 88 89 89 89 90 90 91 91 91 92 92 92 93 93 93 94 94 94 95 95 95 96 96 96 97 97 97 98 98 98 99 99 99 99 99 100 100 100 101 102 102 102 103 103 103 104 104 104 105 105 105 106 106 106 107 107 107 108 108 108 109 109 109 110 110 111 111 111 112 112 112 113 113 113 113 0 0 0 0 0 0 0 0 0 0 0 0 0 0 0 0 0 0 0 0 0 0 0 0 0 0 0 0 0 0 0 0 0 0 0 0 0 0 0 0 0 0 0 0 0 0 0 0 0 0 0 0 0 0 0 0 0 0 0 0 0 0 0 0 0 0 0 0 0 0 0 0 0 0 0 0 0 0 0 0 0 0 0 0 0 0 0 0 0 0 0 0 0 0 0 0 0 0 0 0 0 0 0 0 0 0 0 0 0 0 0 0 0 0 0 0 0 0 0 0 0 0 0 0 0 0 0 0 0 0 0 0 0 0 0 0 0 0 0 0 0 0 0 0 0 0 0 0 0 0 0 0 0 0 0 0 0 0 0 0 0 0 0 0 0 0 0 0 0 0 0 0 0 0 
0 0 0 0 0 0 0 0 0 0 0 0 0 0 0 0 0 0 0 0 0 54 54 54 54 54 54 54 54 54 54 54 54 55 55 55 55 0 0 0 0 0 0 0 0 0 0 0 0 0 0 0 0 0 0 0 0 0 0 0 0 0 56 56 56 56 56 57 57 57 57 57 57 57 57 57 57 57 57 57 57 58 58 58 58 58 58 58 58 58 58 58 59 59 59 59 59 59 59 59 59 59 60 60 60 60 60 60 60 60 60 60 60 60 61 61 61 61 61 61 61 61 61 61 62 62 62 62 62 62 62 62 62 62 63 63 63 63 63 63 63 63 63 63 63 63 63 63 64 64 64 64 64 64 64 64 65 65 65 65 65 65 65 65 65 66 66 66 66 66 66 66 66 67 67 67 67 67 67 67 68 68 68 68 68 68 68 69 69 69 69 69 70 71 71 71 71 71 72 72 72 72 73 73 73 73 74 74 74 74 75 75 75 76 76 76 77 77 77 77 78 78 78 79 79 79 80 80 80 81 81 81 82 82 82 83 83 83 84 84 84 85 84 85 85 85 86 86 86 87 87 87 88 88 88 89 89 89 90 90 90 91 91 91 92 92 93 93 93 94 94 94 95 95 95 96 96 96 97 97 97 97 98 98 98 99 99 99 99 100 100 100 101 102 102 102 103 103 103 104 104 104 105 105 105 106 106 106 107 107 107 108 108 108 109 109 109 110 110 110 111 111 111 112 112 113 113 113 113 0 0 0 0 0 0 0 0 0 0 0 0 0 0 0 0 0 0 0 0 0 0 0 0 0 0 0 0 0 0 0 0 0 0 0 0 0 0 0 0 0 0 0 0 0 0 0 0 0 0 0 0 0 0 0 0 0 0 0 0 0 0 0 0 0 0 0 0 0 0 0 0 0 0 0 0 0 0 0 0 0 0 0 0 0 0 0 0 0 0 0 0 0 0 0 0 0 0 0 0 0 0 0 0 0 0 0 0 0 0 0 0 0 0 0 0 0 0 0 0 0 0 0 0 0 0 0 0 0 0 0 0 0 0 0 0 0 0 0 0 0 0 0 0 0 0 0 0 0 0 0 0 0 0 0 0 0 0 0 0 0 0 0 0 0 0 0 0 0 0 0 0 0 0 
0 0 0 0 0 0 0 0 0 0 0 0 0 0 0 0 0 0 0 0 0 0 54 54 54 54 54 54 54 54 54 54 54 54 55 55 0 0 0 0 0 0 0 0 0 0 0 0 0 0 0 0 0 0 0 0 0 0 0 0 0 0 0 0 56 56 56 57 57 57 57 57 57 57 57 57 57 57 57 57 57 58 58 58 58 58 58 58 58 58 58 58 59 59 59 59 59 59 59 59 59 59 59 60 60 60 60 60 60 60 60 60 60 60 61 61 61 61 61 61 61 61 61 61 62 62 62 62 62 62 62 62 62 62 63 63 63 63 63 63 63 63 63 63 63 63 63 63 64 64 64 64 64 64 64 64 64 65 65 65 65 65 65 65 65 65 66 66 66 66 66 66 66 66 67 67 67 67 67 67 67 68 68 68 68 68 68 69 69 69 69 69 70 70 71 71 71 71 71 72 72 72 72 73 73 73 74 74 74 74 75 75 75 76 76 76 76 77 77 77 78 78 78 79 79 79 80 80 80 81 81 81 82 82 82 82 83 83 83 84 84 84 84 85 85 85 86 86 86 87 87 87 88 88 88 89 89 89 90 90 90 91 91 91 92 92 92 93 93 93 94 94 94 95 95 95 96 96 96 97 97 97 98 98 98 99 99 99 99 100 100 100 101 101 102 102 102 103 103 104 104 104 104 105 105 106 106 106 107 107 107 108 108 108 109 109 109 110 110 110 111 111 111 112 112 113 0 0 0 0 0 0 0 0 0 0 0 0 0 0 0 0 0 0 0 0 0 0 0 0 0 0 0 0 0 0 0 0 0 0 0 0 0 0 0 0 0 0 0 0 0 0 0 0 0 0 0 0 0 0 0 0 0 0 0 0 0 0 0 0 0 0 0 0 0 0 0 0 0 0 0 0 0 0 0 0 0 0 0 0 0 0 0 0 0 0 0 0 0 0 0 0 0 0 0 0 0 0 0 0 0 0 0 0 0 0 0 0 0 0 0 0 0 0 0 0 0 0 0 0 0 0 0 0 0 0 0 0 0 0 0 0 0 0 0 0 0 0 0 0 0 0 0 0 0 0 0 0 0 0 0 0 0 0 0 0 0 0 0 0 0 0 0 0 0 0 0 0 0 0 0 0 0 
0 0 0 0 0 0 0 0 0 0 0 0 0 0 0 0 0 0 0 0 0 0 0 54 54 54 54 54 54 54 54 54 54 0 0 0 0 0 0 0 0 0 0 0 0 0 0 0 0 0 0 0 0 0 0 0 0 0 0 0 0 0 0 0 0 0 56 57 57 57 57 57 57 57 57 57 57 57 57 57 57 58 58 58 58 58 58 58 58 58 58 58 59 59 59 59 59 59 59 59 59 59 59 60 60 60 60 60 60 60 60 60 60 60 61 61 61 61 61 61 61 61 61 61 62 62 62 62 62 62 62 62 62 62 63 63 63 63 63 63 63 63 63 63 63 63 63 63 64 64 64 64 64 64 64 64 64 65 65 65 65 65 65 65 65 65 66 66 66 66 66 66 66 66 67 67 67 67 67 67 67 68 68 68 68 68 68 68 69 69 69 69 70 70 70 71 71 71 71 72 72 72 72 73 73 73 73 74 74 74 75 75 75 75 76 76 76 77 77 77 78 78 78 79 79 79 80 80 80 80 81 81 81 82 82 82 83 83 83 84 84 84 84 85 85 85 86 86 86 87 87 87 88 88 88 88 89 89 89 90 90 90 91 91 91 92 92 93 93 93 94 94 94 95 95 95 96 96 96 97 97 97 98 98 98 98 99 99 99 100 100 100 101 101 102 102 102 103 103 103 104 104 104 105 105 106 106 106 107 107 107 108 108 108 109 109 109 110 110 110 110 111 111 0 0 0 0 0 0 0 0 0 0 0 0 0 0 0 0 0 0 0 0 0 0 0 0 0 0 0 0 0 0 0 0 0 0 0 0 0 0 0 0 0 0 0 0 0 0 0 0 0 0 0 0 0 0 0 0 0 0 0 0 0 0 0 0 0 0 0 0 0 0 0 0 0 0 0 0 0 0 0 0 0 0 0 0 0 0 0 0 0 0 0 0 0 0 0 0 0 0 0 0 0 0 0 0 0 0 0 0 0 0 0 0 0 0 0 0 0 0 0 0 0 0 0 0 0 0 0 0 0 0 0 0 0 0 0 0 0 0 0 0 0 0 0 0 0 0 0 0 0 0 0 0 0 0 0 0 0 0 0 0 0 0 0 0 0 0 0 0 0 0 0 0 0 0 0 0 0 0 0 0 
0 0 0 0 0 0 0 0 0 0 0 0 0 0 0 0 0 0 0 0 0 0 0 0 54 54 54 54 54 54 54 54 0 0 0 0 0 0 0 0 0 0 0 0 0 0 0 0 0 0 0 0 0 0 0 0 0 0 0 0 0 0 0 0 0 0 56 57 57 57 57 57 57 57 57 57 57 57 57 57 57 58 58 58 58 58 58 58 58 58 58 58 59 59 59 59 59 59 59 59 59 59 59 60 60 60 60 60 60 60 60 60 60 60 61 61 61 61 61 61 61 61 61 61 62 62 62 62 62 62 62 62 62 62 63 63 63 63 63 63 63 63 63 63 63 63 63 63 64 64 64 64 64 64 64 64 64 65 65 65 65 65 65 65 65 65 66 66 66 66 66 66 66 66 67 67 67 67 67 67 67 67 68 68 68 68 68 68 68 69 69 69 70 70 70 70 71 71 71 71 72 72 72 72 73 73 73 74 74 74 74 75 75 75 76 76 76 77 77 77 77 78 78 78 79 79 79 80 80 80 81 81 81 82 82 82 83 83 83 84 84 84 84 84 85 85 85 86 86 86 87 87 87 88 88 88 89 89 89 90 90 90 91 91 91 92 92 92 93 93 94 94 94 95 95 95 96 96 96 97 97 97 97 98 98 98 99 99 99 100 100 100 101 101 102 102 102 103 103 103 104 104 104 105 105 106 106 106 106 107 107 107 0 108 108 0 0 109 0 110 0 0 0 0 0 0 0 0 0 0 0 0 0 0 0 0 0 0 0 0 0 0 0 0 0 0 0 0 0 0 0 0 0 0 0 0 0 0 0 0 0 0 0 0 0 0 0 0 0 0 0 0 0 0 0 0 0 0 0 0 0 0 0 0 0 0 0 0 0 0 0 0 0 0 0 0 0 0 0 0 0 0 0 0 0 0 0 0 0 0 0 0 0 0 0 0 0 0 0 0 0 0 0 0 0 0 0 0 0 0 0 0 0 0 0 0 0 0 0 0 0 0 0 0 0 0 0 0 0 0 0 0 0 0 0 0 0 0 0 0 0 0 0 0 0 0 0 0 0 0 0 0 0 0 0 0 0 0 0 0 0 0 0 0 0 0 0 0 0 0 0 0 0 0 0 0 0 0 0 0 0 0 0 
0 0 0 0 0 0 0 0 0 0 0 0 0 0 0 0 0 0 0 0 0 0 0 0 54 54 54 54 54 54 0 0 0 0 0 0 0 0 0 0 0 0 0 0 0 0 0 0 0 0 0 0 0 0 0 0 0 0 0 0 0 0 0 0 0 56 56 56 57 57 57 57 57 57 57 57 57 57 57 57 57 58 58 58 58 58 58 58 58 58 58 58 59 59 59 59 59 59 59 59 59 59 59 60 60 60 60 60 60 60 60 60 60 60 61 61 61 61 61 61 61 61 61 61 62 62 62 62 62 62 62 62 62 62 63 63 63 63 63 63 63 63 63 63 63 63 63 63 63 64 64 64 64 64 64 64 64 64 65 65 65 65 65 65 65 65 65 66 66 66 66 66 66 66 66 67 67 67 67 67 67 67 68 68 68 68 68 68 68 68 69 69 70 70 70 70 71 71 71 71 71 72 72 72 73 73 73 73 74 74 74 74 75 75 75 76 76 76 77 77 77 78 78 78 79 79 79 80 80 80 81 81 81 82 82 82 83 83 83 84 84 84 84 84 85 85 85 86 86 86 87 87 87 88 88 88 89 89 89 90 90 90 91 91 91 92 92 92 93 93 93 94 94 94 95 95 95 96 96 96 97 97 97 98 98 98 99 99 99 100 100 100 101 101 102 102 102 103 103 103 104 104 104 105 105 105 0 0 0 0 0 0 0 0 0 0 0 0 0 0 0 0 0 0 0 0 0 0 0 0 0 0 0 0 0 0 0 0 0 0 0 0 0 0 0 0 0 0 0 0 0 0 0 0 0 0 0 0 0 0 0 0 0 0 0 0 0 0 0 0 0 0 0 0 0 0 0 0 0 0 0 0 0 0 0 0 0 0 0 0 0 0 0 0 0 0 0 0 0 0 0 0 0 0 0 0 0 0 0 0 0 0 0 0 0 0 0 0 0 0 0 0 0 0 0 0 0 0 0 0 0 0 0 0 0 0 0 0 0 0 0 0 0 0 0 0 0 0 0 0 0 0 0 0 0 0 0 0 0 0 0 0 0 0 0 0 0 0 0 0 0 0 0 0 0 0 0 0 0 0 0 0 0 0 0 0 0 0 0 0 0 0 0 0 0 0 0 0 0 0 0 0 0 
0 0 0 0 0 0 0 0 0 0 0 0 0 0 0 0 0 0 0 0 0 0 0 0 0 0 0 0 0 0 0 0 0 0 0 0 0 0 0 0 0 0 0 0 0 0 0 0 0 0 0 0 0 0 0 0 0 0 0 0 0 0 0 0 56 56 56 57 57 57 57 57 57 57 57 57 57 57 57 57 57 58 58 58 58 58 58 58 58 58 58 58 59 59 59 59 59 59 59 59 59 59 59 60 60 60 60 60 60 60 60 60 60 60 61 61 61 61 61 61 61 61 61 61 62 62 62 62 62 62 62 62 62 62 63 63 63 63 63 63 63 63 63 63 63 63 63 63 63 64 64 64 64 64 64 64 64 64 65 65 65 65 65 65 65 65 65 66 66 66 66 66 66 66 66 66 67 67 67 67 67 67 67 68 68 68 68 68 68 68 68 69 70 70 70 70 70 71 71 71 71 72 72 72 72 73 73 73 73 74 74 74 75 75 75 76 76 76 77 77 77 78 78 78 79 79 79 80 80 80 81 81 81 82 82 82 83 83 83 84 84 84 84 84 85 85 85 86 86 86 87 87 87 88 88 88 89 89 89 90 90 90 91 91 91 92 92 92 93 93 93 94 94 94 95 95 95 96 96 96 97 97 97 98 98 98 99 99 99 100 100 100 101 101 102 102 102 103 103 103 104 104 104 105 105 0 0 0 0 0 0 0 0 0 0 0 0 0 0 0 0 0 0 0 0 0 0 0 0 0 0 0 0 0 0 0 0 0 0 0 0 0 0 0 0 0 0 0 0 0 0 0 0 0 0 0 0 0 0 0 0 0 0 0 0 0 0 0 0 0 0 0 0 0 0 0 0 0 0 0 0 0 0 0 0 0 0 0 0 0 0 0 0 0 0 0 0 0 0 0 0 0 0 0 0 0 0 0 0 0 0 0 0 0 0 0 0 0 0 0 0 0 0 0 0 0 0 0 0 0 0 0 0 0 0 0 0 0 0 0 0 0 0 0 0 0 0 0 0 0 0 0 0 0 0 0 0 0 0 0 0 0 0 0 0 0 0 0 0 0 0 0 0 0 0 0 0 0 0 0 0 0 0 0 0 0 0 0 0 0 0 0 0 0 0 0 0 0 0 0 0 0 0 
0 0 0 0 0 0 0 0 0 0 0 0 0 0 0 0 0 0 0 0 0 0 0 0 0 0 0 0 0 0 0 0 0 0 0 0 0 0 0 0 0 0 0 0 0 0 0 0 0 0 0 0 0 0 0 0 0 0 0 0 0 0 0 0 56 56 56 57 57 57 57 57 57 57 57 57 57 57 57 57 57 58 58 58 58 58 58 58 58 58 58 58 59 59 59 59 59 59 59 59 59 59 59 60 60 60 60 60 60 60 60 60 60 60 61 61 61 61 61 61 61 61 61 61 62 62 62 62 62 62 62 62 62 62 63 63 63 63 63 63 63 63 63 63 63 63 63 63 63 64 64 64 64 64 64 64 64 64 65 65 65 65 65 65 65 65 65 66 66 66 66 66 66 66 66 66 67 67 67 67 67 67 67 67 68 68 68 68 68 68 68 69 69 70 70 70 70 70 71 71 71 71 72 72 72 73 73 73 73 73 74 74 74 75 75 76 76 76 77 77 77 78 78 78 79 79 79 80 80 80 80 81 81 82 82 82 83 83 83 83 84 84 84 84 85 85 85 86 86 86 87 87 87 88 88 88 89 89 89 90 90 90 91 91 91 91 92 92 92 93 93 93 94 94 95 95 95 95 96 96 97 97 97 98 98 98 99 99 99 100 100 100 101 101 102 102 102 103 103 103 104 104 104 105 105 0 0 0 0 0 0 0 0 0 0 0 0 0 0 0 0 0 0 0 0 0 0 0 0 0 0 0 0 0 0 0 0 0 0 0 0 0 0 0 0 0 0 0 0 0 0 0 0 0 0 0 0 0 0 0 0 0 0 0 0 0 0 0 0 0 0 0 0 0 0 0 0 0 0 0 0 0 0 0 0 0 0 0 0 0 0 0 0 0 0 0 0 0 0 0 0 0 0 0 0 0 0 0 0 0 0 0 0 0 0 0 0 0 0 0 0 0 0 0 0 0 0 0 0 0 0 0 0 0 0 0 0 0 0 0 0 0 0 0 0 0 0 0 0 0 0 0 0 0 0 0 0 0 0 0 0 0 0 0 0 0 0 0 0 0 0 0 0 0 0 0 0 0 0 0 0 0 0 0 0 0 0 0 0 0 0 0 0 0 0 0 0 0 0 0 0 0 0 
0 0 0 0 0 0 0 0 0 0 0 0 0 0 0 0 0 0 0 0 0 0 0 0 0 0 0 0 0 0 0 0 0 0 0 0 0 0 0 0 0 0 0 0 0 0 0 0 0 0 0 0 0 0 0 0 0 0 0 0 0 0 0 0 56 56 56 57 57 57 57 57 57 57 57 57 57 57 57 57 57 58 58 58 58 58 58 58 58 58 58 58 59 59 59 59 59 59 59 59 59 59 59 60 60 60 60 60 60 60 60 60 60 60 61 61 61 61 61 61 61 61 61 61 61 62 62 62 62 62 62 62 62 62 63 63 63 63 63 63 63 63 63 63 63 63 63 63 63 64 64 64 64 64 64 64 64 64 65 65 65 65 65 65 65 65 65 65 66 66 66 66 66 66 66 66 66 67 67 67 67 67 67 67 68 68 68 68 68 68 68 68 69 69 70 70 70 70 70 71 71 71 71 72 72 72 73 73 73 73 74 74 74 74 75 75 76 76 76 77 77 77 78 78 78 79 79 79 80 80 80 81 81 81 82 82 82 83 83 83 84 84 84 84 85 85 85 86 86 86 87 87 87 88 88 88 89 89 89 90 90 90 91 91 91 91 92 92 92 93 93 93 94 94 94 95 95 95 96 96 96 97 97 97 98 98 98 99 99 99 100 100 101 101 101 102 102 102 103 103 103 104 104 104 105 0 0 0 0 0 0 0 0 0 0 0 0 0 0 0 0 0 0 0 0 0 0 0 0 0 0 0 0 0 0 0 0 0 0 0 0 0 0 0 0 0 0 0 0 0 0 0 0 0 0 0 0 0 0 0 0 0 0 0 0 0 0 0 0 0 0 0 0 0 0 0 0 0 0 0 0 0 0 0 0 0 0 0 0 0 0 0 0 0 0 0 0 0 0 0 0 0 0 0 0 0 0 0 0 0 0 0 0 0 0 0 0 0 0 0 0 0 0 0 0 0 0 0 0 0 0 0 0 0 0 0 0 0 0 0 0 0 0 0 0 0 0 0 0 0 0 0 0 0 0 0 0 0 0 0 0 0 0 0 0 0 0 0 0 0 0 0 0 0 0 0 0 0 0 0 0 0 0 0 0 0 0 0 0 0 0 0 0 0 0 0 0 0 0 0 0 0 0 
0 0 0 0 0 0 0 0 0 0 0 0 0 0 0 0 0 0 0 0 0 0 0 0 0 0 0 0 0 0 0 0 0 0 0 0 0 0 0 0 0 0 0 0 0 0 0 0 0 0 0 0 0 0 0 0 0 0 0 0 0 0 0 0 56 56 56 57 57 57 57 57 57 57 57 57 57 57 57 57 57 58 58 58 58 58 58 58 58 58 58 58 59 59 59 59 59 59 59 59 59 59 59 60 60 60 60 60 60 60 60 60 60 60 61 61 61 61 61 61 61 61 61 61 61 62 62 62 62 62 62 62 62 62 63 63 63 63 63 63 63 63 63 63 63 63 63 63 63 64 64 64 64 64 64 64 64 64 65 65 65 65 65 65 65 65 65 65 66 66 66 66 66 66 66 66 67 67 67 67 67 67 67 67 67 68 68 68 68 68 68 68 69 69 70 70 70 70 70 70 71 71 71 71 72 72 72 72 73 73 74 74 74 74 75 75 76 76 76 77 77 77 78 78 78 79 79 79 80 80 80 81 81 81 82 82 82 83 83 83 84 84 84 84 85 85 85 85 86 86 86 87 87 87 88 88 88 89 89 89 90 90 90 91 91 91 92 92 92 93 93 93 94 94 94 94 95 95 96 96 96 97 97 97 98 98 98 99 99 99 100 100 101 101 101 102 102 102 103 103 103 104 104 104 104 0 0 0 0 0 0 0 0 0 0 0 0 0 0 0 0 0 0 0 0 0 0 0 0 0 0 0 0 0 0 0 0 0 0 0 0 0 0 0 0 0 0 0 0 0 0 0 0 0 0 0 0 0 0 0 0 0 0 0 0 0 0 0 0 0 0 0 0 0 0 0 0 0 0 0 0 0 0 0 0 0 0 0 0 0 0 0 0 0 0 0 0 0 0 0 0 0 0 0 0 0 0 0 0 0 0 0 0 0 0 0 0 0 0 0 0 0 0 0 0 0 0 0 0 0 0 0 0 0 0 0 0 0 0 0 0 0 0 0 0 0 0 0 0 0 0 0 0 0 0 0 0 0 0 0 0 0 0 0 0 0 0 0 0 0 0 0 0 0 0 0 0 0 0 0 0 0 0 0 0 0 0 0 0 0 0 0 0 0 0 0 0 0 0 0 0 0 0 
0 0 0 0 0 0 0 0 0 0 0 0 0 0 0 0 0 0 0 0 0 0 0 0 0 0 0 0 0 0 0 0 0 0 0 0 0 0 0 0 0 0 0 0 0 0 0 0 0 0 0 0 0 0 0 0 0 0 0 0 56 56 56 56 56 56 56 57 57 57 57 57 57 57 57 57 57 57 57 57 57 58 58 58 58 58 58 58 58 58 58 58 59 59 59 59 59 59 59 59 59 59 59 60 60 60 60 60 60 60 60 60 60 60 61 61 61 61 61 61 61 61 61 61 61 62 62 62 62 62 62 62 62 62 63 63 63 63 63 63 63 63 63 63 63 63 63 63 63 64 64 64 64 64 64 64 64 64 65 65 65 65 65 65 65 65 65 65 66 66 66 66 66 66 66 66 67 67 67 67 67 67 67 67 67 68 68 68 68 68 68 68 69 69 69 69 70 70 70 70 70 71 71 71 71 72 72 72 73 73 74 74 74 74 75 75 76 76 76 77 77 77 78 78 78 79 79 79 80 80 80 81 81 81 82 82 82 83 83 83 84 84 84 84 84 85 85 85 86 86 86 87 87 87 88 88 88 89 89 89 90 90 90 91 91 91 92 92 92 93 93 93 94 94 94 94 95 95 96 96 96 97 97 97 98 98 98 99 99 99 100 100 101 101 101 102 102 102 103 103 103 103 104 104 104 104 0 0 0 0 0 0 0 0 0 0 0 0 0 0 0 0 0 0 0 0 0 0 0 0 0 0 0 0 0 0 0 0 0 0 0 0 0 0 0 0 0 0 0 0 0 0 0 0 0 0 0 0 0 0 0 0 0 0 0 0 0 0 0 0 0 0 0 0 0 0 0 0 0 0 0 0 0 0 0 0 0 0 0 0 0 0 0 0 0 0 0 0 0 0 0 0 0 0 0 0 0 0 0 0 0 0 0 0 0 0 0 0 0 0 0 0 0 0 0 0 0 0 0 0 0 0 0 0 0 0 0 0 0 0 0 0 0 0 0 0 0 0 0 0 0 0 0 0 0 0 0 0 0 0 0 0 0 0 0 0 0 0 0 0 0 0 0 0 0 0 0 0 0 0 0 0 0 0 0 0 0 0 0 0 0 0 0 0 0 0 0 0 0 0 0 0 0 
0 0 0 0 0 0 0 0 0 0 0 0 0 0 0 0 0 0 0 0 0 0 0 0 0 0 0 0 0 0 0 0 0 0 0 0 0 0 0 0 0 0 0 0 0 0 0 0 0 0 0 0 0 0 0 0 0 0 0 0 0 56 56 56 56 56 56 57 57 57 57 57 57 57 57 57 57 57 57 57 58 58 58 58 58 58 58 58 58 58 58 58 59 59 59 59 59 59 59 59 59 59 59 60 60 60 60 60 60 60 60 60 60 60 61 61 61 61 61 61 61 61 61 61 61 62 62 62 62 62 62 62 62 62 63 63 63 63 63 63 63 63 63 63 63 63 63 63 63 64 64 64 64 64 64 64 64 64 64 65 65 65 65 65 65 65 65 65 66 66 66 66 66 66 66 66 67 67 67 67 67 67 67 67 67 68 68 68 68 68 68 68 69 69 69 69 69 70 70 70 70 71 71 71 71 72 72 73 73 73 73 74 74 74 74 75 75 76 76 77 77 77 78 78 78 79 79 79 80 80 80 81 81 81 82 82 82 83 83 83 84 84 84 84 84 85 85 85 86 86 86 87 87 87 88 88 88 89 89 89 90 90 90 91 91 91 92 92 92 93 93 93 94 94 94 95 95 95 95 96 96 97 97 97 98 98 98 99 99 99 100 100 100 101 101 102 102 102 103 103 103 103 104 104 104 105 105 105 0 0 0 0 0 0 0 0 0 0 0 0 0 0 0 0 0 0 0 0 0 0 0 0 0 0 0 0 0 0 0 0 0 0 0 0 0 0 0 0 0 0 0 0 0 0 0 0 0 0 0 0 0 0 0 0 0 0 0 0 0 0 0 0 0 0 0 0 0 0 0 0 0 0 0 0 0 0 0 0 0 0 0 0 0 0 0 0 0 0 0 0 0 0 0 0 0 0 0 0 0 0 0 0 0 0 0 0 0 0 0 0 0 0 0 0 0 0 0 0 0 0 0 0 0 0 0 0 0 0 0 0 0 0 0 0 0 0 0 0 0 0 0 0 0 0 0 0 0 0 0 0 0 0 0 0 0 0 0 0 0 0 0 0 0 0 0 0 0 0 0 0 0 0 0 0 0 0 0 0 0 0 0 0 0 0 0 0 0 0 0 0 0 0 0 
0 0 0 0 0 0 0 0 0 0 0 0 0 0 0 0 0 0 0 0 0 0 0 0 0 0 0 0 0 0 0 0 0 0 0 0 0 0 0 0 0 0 0 0 0 0 0 0 0 0 0 0 0 0 0 0 0 0 0 56 56 56 56 56 56 56 56 57 57 57 57 57 57 57 57 57 57 57 57 57 58 58 58 58 58 58 58 58 58 58 58 58 59 59 59 59 59 59 59 59 59 59 59 60 60 60 60 60 60 60 60 60 60 60 61 61 61 61 61 61 61 61 61 61 62 62 62 62 62 62 62 62 62 62 63 63 63 63 63 63 63 63 63 63 63 63 63 63 63 64 64 64 64 64 64 64 64 64 64 65 65 65 65 65 65 65 65 65 66 66 66 66 66 66 66 66 66 67 67 67 67 67 67 67 67 67 68 68 68 68 68 68 69 69 69 69 69 69 70 70 70 71 71 71 71 72 72 73 73 73 73 74 74 74 74 75 75 76 76 77 77 77 78 78 78 79 79 79 80 80 80 81 81 81 82 82 82 83 83 83 84 84 84 84 84 85 85 85 86 86 86 87 87 87 88 88 88 89 89 89 90 90 90 91 91 91 92 92 92 93 93 93 94 94 94 94 95 95 95 96 96 96 97 97 97 98 98 98 99 99 99 100 100 101 101 101 102 102 103 103 103 103 103 104 104 105 105 105 0 0 0 0 0 0 0 0 0 0 0 0 0 0 0 0 0 0 0 0 0 0 0 0 0 0 0 0 0 0 0 0 0 0 0 0 0 0 0 0 0 0 0 0 0 0 0 0 0 0 0 0 0 0 0 0 0 0 0 0 0 0 0 0 0 0 0 0 0 0 0 0 0 0 0 0 0 0 0 0 0 0 0 0 0 0 0 0 0 0 0 0 0 0 0 0 0 0 0 0 0 0 0 0 0 0 0 0 0 0 0 0 0 0 0 0 0 0 0 0 0 0 0 0 0 0 0 0 0 0 0 0 0 0 0 0 0 0 0 0 0 0 0 0 0 0 0 0 0 0 0 0 0 0 0 0 0 0 0 0 0 0 0 0 0 0 0 0 0 0 0 0 0 0 0 0 0 0 0 0 0 0 0 0 0 0 0 0 0 0 0 0 0 0 0 
0 0 0 0 0 0 0 0 0 0 0 0 0 0 0 0 0 0 0 0 0 0 0 0 0 0 0 0 0 0 0 0 0 0 0 0 0 0 0 0 0 0 0 0 0 0 0 0 0 0 0 0 0 0 0 0 0 0 0 0 56 56 56 56 56 56 56 57 57 57 57 57 57 57 57 57 57 57 57 57 58 58 58 58 58 58 58 58 58 58 58 58 59 59 59 59 59 59 59 59 59 59 59 60 60 60 60 60 60 60 60 60 60 60 61 61 61 61 61 61 61 61 61 61 62 62 62 62 62 62 62 62 62 62 63 63 63 63 63 63 63 63 63 63 63 63 63 63 63 64 64 64 64 64 64 64 64 64 65 65 65 65 65 65 65 65 65 65 66 66 66 66 66 66 66 66 66 67 67 67 67 67 67 67 67 67 68 68 68 68 68 68 69 69 69 69 69 69 70 70 70 71 71 71 72 72 72 73 73 73 74 74 74 74 74 75 75 76 76 77 77 77 78 78 78 79 79 79 79 80 80 81 81 81 82 82 82 83 83 83 83 84 84 84 84 85 85 85 86 86 86 87 87 87 88 88 88 89 89 89 90 90 90 91 91 91 92 92 92 92 93 93 93 94 94 94 95 95 95 96 96 96 97 97 97 98 98 98 99 99 99 100 100 101 101 101 102 102 102 103 103 103 103 104 104 104 105 105 105 0 0 0 0 0 0 0 0 0 0 0 0 0 0 0 0 0 0 0 0 0 0 0 0 0 0 0 0 0 0 0 0 0 0 0 0 0 0 0 0 0 0 0 0 0 0 0 0 0 0 0 0 0 0 0 0 0 0 0 0 0 0 0 0 0 0 0 0 0 0 0 0 0 0 0 0 0 0 0 0 0 0 0 0 0 0 0 0 0 0 0 0 0 0 0 0 0 0 0 0 0 0 0 0 0 0 0 0 0 0 0 0 0 0 0 0 0 0 0 0 0 0 0 0 0 0 0 0 0 0 0 0 0 0 0 0 0 0 0 0 0 0 0 0 0 0 0 0 0 0 0 0 0 0 0 0 0 0 0 0 0 0 0 0 0 0 0 0 0 0 0 0 0 0 0 0 0 0 0 0 0 0 0 0 0 0 0 0 0 0 0 0 0 0 
0 0 0 0 0 0 0 0 0 0 0 0 0 0 0 0 0 0 0 0 0 0 0 0 0 0 0 0 0 0 0 0 0 0 0 0 0 0 0 0 0 0 0 0 0 0 0 0 0 0 0 0 0 0 0 0 0 0 56 56 56 56 56 56 56 56 56 57 57 57 57 57 57 57 57 57 57 57 57 57 58 58 58 58 58 58 58 58 58 58 58 58 59 59 59 59 59 59 59 59 59 59 60 60 60 60 60 60 60 60 60 60 60 60 61 61 61 61 61 61 61 61 61 61 62 62 62 62 62 62 62 62 62 62 63 63 63 63 63 63 63 63 63 63 63 63 63 63 63 64 64 64 64 64 64 64 64 64 65 65 65 65 65 65 65 65 65 66 66 66 66 66 66 66 66 66 66 66 67 67 67 67 67 67 67 67 68 68 68 68 68 68 69 69 69 69 69 69 70 70 70 71 71 71 72 72 72 73 73 73 73 74 74 74 74 75 75 76 76 77 77 77 78 78 78 79 79 79 79 80 80 81 81 81 82 82 82 83 83 83 84 84 84 84 84 85 85 85 86 86 86 87 87 87 88 88 88 89 89 89 90 90 90 90 91 91 91 92 92 92 93 93 93 94 94 94 95 95 95 96 96 96 97 97 97 98 98 98 99 99 99 100 100 101 101 101 102 102 102 102 103 103 103 103 104 104 104 105 105 0 0 0 0 0 0 0 0 0 0 0 0 0 0 0 0 0 0 0 0 0 0 0 0 0 0 0 0 0 0 0 0 0 0 0 0 0 0 0 0 0 0 0 0 0 0 0 0 0 0 0 0 0 0 0 0 0 0 0 0 0 0 0 0 0 0 0 0 0 0 0 0 0 0 0 0 0 0 0 0 0 0 0 0 0 0 0 0 0 0 0 0 0 0 0 0 0 0 0 0 0 0 0 0 0 0 0 0 0 0 0 0 0 0 0 0 0 0 0 0 0 0 0 0 0 0 0 0 0 0 0 0 0 0 0 0 0 0 0 0 0 0 0 0 0 0 0 0 0 0 0 0 0 0 0 0 0 0 0 0 0 0 0 0 0 0 0 0 0 0 0 0 0 0 0 0 0 0 0 0 0 0 0 0 0 0 0 0 0 0 0 0 0 0 
0 0 0 0 0 0 0 0 0 0 0 0 0 0 0 0 0 0 0 0 0 0 0 0 0 0 0 0 0 0 0 0 0 0 0 0 0 0 0 0 0 0 0 0 0 0 0 0 0 0 0 0 0 0 0 0 0 0 0 0 0 56 56 56 56 56 57 57 57 57 57 57 57 57 57 57 57 57 57 57 58 58 58 58 58 58 58 58 58 58 58 58 59 59 59 59 59 59 59 59 59 59 60 60 60 60 60 60 60 60 60 60 60 61 61 61 61 61 61 61 61 61 61 61 62 62 62 62 62 62 62 62 62 62 63 63 63 63 63 63 63 63 63 63 63 63 63 63 63 64 64 64 64 64 64 64 64 64 65 65 65 65 65 65 65 65 65 66 66 66 66 66 66 66 66 66 66 67 67 67 67 67 67 67 67 68 68 68 68 68 68 68 69 69 69 69 69 70 70 70 70 71 71 71 72 72 72 73 73 73 74 74 74 75 75 75 75 76 76 77 77 77 78 78 78 78 79 79 79 80 80 80 81 81 82 82 82 82 83 83 83 84 84 84 84 85 85 85 86 86 86 87 87 87 87 88 88 89 89 89 89 90 90 90 91 91 91 92 92 92 93 93 93 94 94 94 95 95 95 96 96 96 97 97 97 98 98 98 99 99 99 100 100 101 101 101 102 102 102 102 102 103 103 104 104 104 104 105 105 105 0 0 0 0 0 0 0 0 0 0 0 0 0 0 0 0 0 0 0 0 0 0 0 0 0 0 0 0 0 0 0 0 0 0 0 0 0 0 0 0 0 0 0 0 0 0 0 0 0 0 0 0 0 0 0 0 0 0 0 0 0 0 0 0 0 0 0 0 0 0 0 0 0 0 0 0 0 0 0 0 0 0 0 0 0 0 0 0 0 0 0 0 0 0 0 0 0 0 0 0 0 0 0 0 0 0 0 0 0 0 0 0 0 0 0 0 0 0 0 0 0 0 0 0 0 0 0 0 0 0 0 0 0 0 0 0 0 0 0 0 0 0 0 0 0 0 0 0 0 0 0 0 0 0 0 0 0 0 0 0 0 0 0 0 0 0 0 0 0 0 0 0 0 0 0 0 0 0 0 0 0 0 0 0 0 0 0 0 0 0 0 0 0 
0 0 0 0 0 0 0 0 0 0 0 0 0 0 0 0 0 0 0 0 0 0 0 0 0 0 0 0 0 0 0 0 0 0 0 0 0 0 0 0 0 0 0 0 0 0 0 0 0 0 0 0 0 0 0 0 0 0 56 56 56 56 56 56 56 56 57 57 57 57 57 57 57 57 57 57 57 57 57 58 58 58 58 58 58 58 58 58 58 58 58 58 59 59 59 59 59 59 59 59 59 59 60 60 60 60 60 60 60 60 60 60 60 60 61 61 61 61 61 61 61 61 61 61 62 62 62 62 62 62 62 62 62 62 63 63 63 63 63 63 63 63 63 63 63 63 63 63 64 64 64 64 64 64 64 64 64 64 65 65 65 65 65 65 65 65 65 66 66 66 66 66 66 66 66 66 67 67 67 67 67 67 67 67 67 68 68 68 68 68 68 68 69 69 69 69 70 70 70 70 70 71 71 71 71 72 72 73 73 73 74 74 74 74 75 75 75 75 76 76 77 77 78 78 78 78 79 79 79 80 80 80 81 81 81 82 82 82 83 83 83 84 84 84 84 85 85 85 85 86 86 86 87 87 87 88 88 88 89 89 89 90 90 90 91 91 91 92 92 92 93 93 93 94 94 94 95 95 95 96 96 96 97 97 97 98 98 98 99 99 99 100 100 101 101 101 101 102 102 102 102 103 103 104 104 104 104 104 105 105 105 106 106 106 107 107 107 108 108 108 109 109 110 110 110 111 111 111 0 0 0 0 0 0 0 0 0 0 0 0 0 0 0 0 0 0 0 0 0 0 0 0 0 0 0 0 0 0 0 0 0 0 0 0 0 0 0 0 0 0 0 0 0 0 0 0 0 0 0 0 0 0 0 0 0 0 0 0 0 0 0 0 0 0 0 0 0 0 0 0 0 0 0 0 0 0 0 0 0 0 0 0 0 0 0 0 0 0 0 0 0 0 0 0 0 0 0 0 0 0 0 0 0 0 0 0 0 0 0 0 0 0 0 0 0 0 0 0 0 0 0 0 0 0 0 0 0 0 0 0 0 0 0 0 0 0 0 0 0 0 0 0 0 0 0 0 0 0 0 0 0 0 0 0 0 0 0 0 0 0 0 0 0 0 0 0 0 0 0 0 0 0 0 
0 0 0 0 0 0 0 0 0 0 0 0 0 0 0 0 0 0 0 0 0 0 0 0 0 0 0 0 0 0 0 0 0 0 0 0 0 0 0 0 0 0 0 0 0 0 0 0 0 0 0 0 0 0 0 0 0 0 0 0 0 56 56 56 56 56 57 57 57 57 57 57 57 57 57 57 57 57 57 58 58 58 58 58 58 58 58 58 58 58 58 58 59 59 59 59 59 59 59 59 59 59 60 60 60 60 60 60 60 60 60 60 60 60 61 61 61 61 61 61 61 61 61 61 62 62 62 62 62 62 62 62 62 63 63 63 63 63 63 63 63 63 63 63 63 63 63 63 64 64 64 64 64 64 64 64 64 64 65 65 65 65 65 65 65 65 65 66 66 66 66 66 66 66 66 66 67 67 67 67 67 67 67 67 68 68 68 68 68 68 68 68 69 69 69 69 70 70 70 70 71 71 71 71 72 72 72 72 73 73 73 74 74 74 75 75 75 75 76 76 77 77 78 78 78 78 79 79 79 80 80 80 81 81 81 82 82 82 83 83 83 84 84 84 84 85 85 85 85 86 86 86 87 87 87 88 88 88 89 89 89 90 90 90 91 91 91 92 92 92 93 93 93 94 94 94 95 95 95 96 96 96 97 97 97 98 98 98 99 99 99 100 100 100 101 101 101 101 102 102 103 103 103 104 104 104 104 104 105 105 105 106 106 107 107 107 108 108 108 109 109 109 110 110 110 111 111 111 112 112 112 0 0 0 0 0 0 0 0 0 0 0 0 0 0 0 0 0 0 0 0 0 0 0 0 0 0 0 0 0 0 0 0 0 0 0 0 0 0 0 0 0 0 0 0 0 0 0 0 0 0 0 0 0 0 0 0 0 0 0 0 0 0 0 0 0 0 0 0 0 0 0 0 0 0 0 0 0 0 0 0 0 0 0 0 0 0 0 0 0 0 0 0 0 0 0 0 0 0 0 0 0 0 0 0 0 0 0 0 0 0 0 0 0 0 0 0 0 0 0 0 0 0 0 0 0 0 0 0 0 0 0 0 0 0 0 0 0 0 0 0 0 0 0 0 0 0 0 0 0 0 0 0 0 0 0 0 0 0 0 0 0 0 0 0 0 0 0 0 0 0 0 0 
0 0 0 0 0 0 0 0 0 0 0 0 0 0 0 0 0 0 0 0 0 0 0 0 0 0 0 0 0 0 0 0 0 0 0 0 0 0 0 0 0 0 0 0 0 0 0 0 0 0 0 0 0 0 0 0 0 0 0 0 56 56 56 56 56 56 57 57 57 57 57 57 57 57 57 57 57 57 57 58 58 58 58 58 58 58 58 58 58 58 58 59 59 59 59 59 59 59 59 59 59 59 60 60 60 60 60 60 60 60 60 60 60 60 61 61 61 61 61 61 61 61 61 61 62 62 62 62 62 62 62 62 62 63 63 63 63 63 63 63 63 63 63 63 63 63 63 63 64 64 64 64 64 64 64 64 64 64 65 65 65 65 65 65 65 65 66 66 66 66 66 66 66 66 66 67 67 67 67 67 67 67 67 67 68 68 68 68 68 68 68 68 69 69 69 69 69 70 70 70 71 71 71 72 72 72 72 72 73 73 73 74 74 74 74 75 75 75 76 76 77 77 77 78 78 78 79 79 79 80 80 80 81 81 81 82 82 82 83 83 83 84 83 84 84 84 85 85 85 86 86 86 87 87 87 88 88 88 89 89 89 90 90 90 91 91 91 92 92 92 93 93 93 94 94 94 94 95 95 95 96 96 96 97 97 97 98 98 98 99 99 99 100 100 101 101 101 101 102 102 103 103 104 104 104 104 104 104 105 105 105 106 106 107 107 107 108 108 108 109 109 109 109 110 110 111 111 111 111 112 112 112 113 0 0 0 0 0 0 0 0 0 0 0 0 0 0 0 0 0 0 0 0 0 0 0 0 0 0 0 0 0 0 0 0 0 0 0 0 0 0 0 0 0 0 0 0 0 0 0 0 0 0 0 0 0 0 0 0 0 0 0 0 0 0 0 0 0 0 0 0 0 0 0 0 0 0 0 0 0 0 0 0 0 0 0 0 0 0 0 0 0 0 0 0 0 0 0 0 0 0 0 0 0 0 0 0 0 0 0 0 0 0 0 0 0 0 0 0 0 0 0 0 0 0 0 0 0 0 0 0 0 0 0 0 0 0 0 0 0 0 0 0 0 0 0 0 0 0 0 0 0 0 0 0 0 0 0 0 0 0 0 0 0 0 0 0 0 0 0 0 0 0 
0 0 0 0 0 0 0 0 0 0 0 0 0 0 0 0 0 0 0 0 0 0 0 0 0 0 0 0 0 0 0 0 0 0 0 0 0 0 0 0 0 0 0 0 0 0 0 0 0 0 0 0 0 0 0 0 0 0 0 0 0 56 56 56 56 57 57 57 57 57 57 57 57 57 57 57 57 57 57 58 58 58 58 58 58 58 58 58 58 58 58 59 59 59 59 59 59 59 59 59 59 59 60 60 60 60 60 60 60 60 60 60 60 60 61 61 61 61 61 61 61 61 61 62 62 62 62 62 62 62 62 62 62 63 63 63 63 63 63 63 63 63 63 63 63 63 63 63 64 64 64 64 64 64 64 64 64 65 65 65 65 65 65 65 65 65 66 66 66 66 66 66 66 66 66 67 67 67 67 67 67 67 67 67 68 68 68 68 68 68 68 68 69 69 69 69 70 70 70 70 71 71 71 72 72 72 72 73 73 73 73 74 74 74 74 75 75 76 76 76 76 77 77 78 78 78 79 79 79 80 80 80 81 81 81 82 82 82 83 83 83 84 83 84 84 84 85 85 85 86 86 86 87 87 87 88 88 88 89 89 89 90 90 90 91 91 91 92 92 92 93 93 93 93 94 94 94 95 95 95 96 96 96 97 97 97 98 98 98 99 99 99 100 100 100 101 101 101 102 102 102 103 103 104 104 104 104 104 104 105 105 106 106 107 107 107 108 108 108 108 108 109 109 110 110 110 111 111 111 112 112 112 113 113 0 0 0 0 0 0 0 0 0 0 0 0 0 0 0 0 0 0 0 0 0 0 0 0 0 0 0 0 0 0 0 0 0 0 0 0 0 0 0 0 0 0 0 0 0 0 0 0 0 0 0 0 0 0 0 0 0 0 0 0 0 0 0 0 0 0 0 0 0 0 0 0 0 0 0 0 0 0 0 0 0 0 0 0 0 0 0 0 0 0 0 0 0 0 0 0 0 0 0 0 0 0 0 0 0 0 0 0 0 0 0 0 0 0 0 0 0 0 0 0 0 0 0 0 0 0 0 0 0 0 0 0 0 0 0 0 0 0 0 0 0 0 0 0 0 0 0 0 0 0 0 0 0 0 0 0 0 0 0 0 0 0 0 0 0 0 0 0 0 
0 0 0 0 0 0 0 0 0 0 0 0 0 0 0 0 0 0 0 0 0 0 0 0 0 0 0 0 0 0 0 0 0 0 0 0 0 0 0 0 0 0 0 0 0 0 0 0 0 0 0 0 0 0 0 0 0 0 0 56 56 56 56 56 56 57 57 57 57 57 57 57 57 57 57 57 57 57 58 58 58 58 58 58 58 58 58 58 58 58 58 59 59 59 59 59 59 59 59 59 59 59 59 60 60 60 60 60 60 60 60 60 60 60 61 61 61 61 61 61 61 61 61 62 62 62 62 62 62 62 62 62 62 63 63 63 63 63 63 63 63 63 63 63 63 63 63 64 64 64 64 64 64 64 64 64 64 65 65 65 65 65 65 65 65 65 66 66 66 66 66 66 66 66 67 67 67 67 67 67 67 67 67 67 68 68 68 68 68 68 68 69 69 69 69 70 70 70 70 71 71 71 72 72 72 72 72 72 73 73 73 74 74 74 74 75 75 76 76 76 76 77 77 77 78 78 79 79 79 80 80 80 81 81 81 82 82 82 83 83 83 84 83 84 84 84 85 85 85 86 86 86 87 87 87 88 88 88 89 89 89 90 90 90 91 91 91 92 92 92 92 93 93 93 94 94 94 95 95 95 96 96 96 97 97 97 97 98 98 99 99 99 100 100 100 101 101 101 102 102 102 103 103 104 104 104 104 104 104 105 105 106 106 106 107 107 107 107 108 108 108 109 109 109 110 110 111 111 111 112 112 112 113 113 113 0 0 0 0 0 0 0 0 0 0 0 0 0 0 0 0 0 0 0 0 0 0 0 0 0 0 0 0 0 0 0 0 0 0 0 0 0 0 0 0 0 0 0 0 0 0 0 0 0 0 0 0 0 0 0 0 0 0 0 0 0 0 0 0 0 0 0 0 0 0 0 0 0 0 0 0 0 0 0 0 0 0 0 0 0 0 0 0 0 0 0 0 0 0 0 0 0 0 0 0 0 0 0 0 0 0 0 0 0 0 0 0 0 0 0 0 0 0 0 0 0 0 0 0 0 0 0 0 0 0 0 0 0 0 0 0 0 0 0 0 0 0 0 0 0 0 0 0 0 0 0 0 0 0 0 0 0 0 0 0 0 0 0 0 0 0 0 0 
0 0 0 0 0 0 0 0 0 0 0 0 0 0 0 0 0 0 0 0 0 0 0 0 0 0 0 0 0 0 0 0 0 0 0 0 0 0 0 0 0 0 0 0 0 0 0 0 0 0 0 0 0 0 0 0 0 0 56 56 56 56 56 56 56 57 57 57 57 57 57 57 57 57 57 57 57 57 58 58 58 58 58 58 58 58 58 58 58 58 59 59 59 59 59 59 59 59 59 59 59 59 60 60 60 60 60 60 60 60 60 60 60 61 61 61 61 61 61 61 61 61 61 62 62 62 62 62 62 62 62 62 62 63 63 63 63 63 63 63 63 63 63 63 63 63 63 64 64 64 64 64 64 64 64 64 64 65 65 65 65 65 65 65 65 65 66 66 66 66 66 66 66 66 67 67 67 67 67 67 67 67 67 67 67 68 68 68 68 68 69 69 70 70 70 70 70 70 71 71 71 71 72 72 72 72 72 73 73 73 73 74 74 74 75 75 75 76 76 77 77 77 77 77 78 78 79 79 79 80 80 80 81 81 81 82 82 82 83 83 83 84 83 84 84 84 85 85 85 86 86 86 87 87 87 88 88 88 88 89 89 89 90 90 90 91 91 91 92 92 92 93 93 93 94 94 94 95 95 95 96 96 96 96 97 97 97 98 98 99 99 99 100 100 100 101 101 101 102 102 102 103 103 103 104 104 104 104 104 105 105 105 106 106 106 107 107 107 107 108 108 108 109 109 110 110 111 111 111 112 112 112 112 113 113 0 0 0 0 0 0 0 0 0 0 0 0 0 0 0 0 0 0 0 0 0 0 0 0 0 0 0 0 0 0 0 0 0 0 0 0 0 0 0 0 0 0 0 0 0 0 0 0 0 0 0 0 0 0 0 0 0 0 0 0 0 0 0 0 0 0 0 0 0 0 0 0 0 0 0 0 0 0 0 0 0 0 0 0 0 0 0 0 0 0 0 0 0 0 0 0 0 0 0 0 0 0 0 0 0 0 0 0 0 0 0 0 0 0 0 0 0 0 0 0 0 0 0 0 0 0 0 0 0 0 0 0 0 0 0 0 0 0 0 0 0 0 0 0 0 0 0 0 0 0 0 0 0 0 0 0 0 0 0 0 0 0 0 0 0 0 0 0 
0 0 0 0 0 0 0 0 0 0 0 0 0 0 0 0 0 0 0 0 0 0 0 0 0 0 0 0 0 0 0 0 0 0 0 0 0 0 0 0 0 0 0 0 0 0 0 0 0 0 0 0 0 0 0 0 0 0 0 0 56 56 56 56 56 57 57 57 57 57 57 57 57 57 57 57 57 57 58 58 58 58 58 58 58 58 58 58 58 58 59 59 59 59 59 59 59 59 59 59 59 60 60 60 60 60 60 60 60 60 60 60 61 61 61 61 61 61 61 61 61 61 61 62 62 62 62 62 62 62 62 62 63 63 63 63 63 63 63 63 63 63 63 63 63 63 63 64 64 64 64 64 64 64 64 64 64 65 65 65 65 65 65 65 65 65 66 66 66 66 66 66 66 66 67 67 67 67 67 67 67 67 67 68 68 68 68 68 68 68 69 69 70 70 70 70 70 70 71 71 71 71 71 72 72 72 72 73 73 74 74 74 74 75 75 75 75 75 76 76 77 77 77 77 78 78 79 79 79 80 80 80 81 81 81 82 82 82 83 83 83 84 83 84 84 84 85 85 85 86 86 86 87 87 87 88 88 88 88 89 89 89 90 90 90 91 91 91 92 92 92 93 93 93 94 94 94 95 95 95 96 96 96 96 97 97 97 98 98 98 99 99 100 100 100 101 101 101 102 102 102 103 103 103 103 104 104 104 104 105 105 105 106 106 106 106 107 107 108 108 109 109 109 109 109 110 110 111 111 111 112 112 112 113 113 0 0 0 0 0 0 0 0 0 0 0 0 0 0 0 0 0 0 0 0 0 0 0 0 0 0 0 0 0 0 0 0 0 0 0 0 0 0 0 0 0 0 0 0 0 0 0 0 0 0 0 0 0 0 0 0 0 0 0 0 0 0 0 0 0 0 0 0 0 0 0 0 0 0 0 0 0 0 0 0 0 0 0 0 0 0 0 0 0 0 0 0 0 0 0 0 0 0 0 0 0 0 0 0 0 0 0 0 0 0 0 0 0 0 0 0 0 0 0 0 0 0 0 0 0 0 0 0 0 0 0 0 0 0 0 0 0 0 0 0 0 0 0 0 0 0 0 0 0 0 0 0 0 0 0 0 0 0 0 0 0 0 0 0 0 0 0 0 
0 0 0 0 0 0 0 0 0 0 0 0 0 0 0 0 0 0 0 0 0 0 0 0 0 0 0 0 0 0 0 0 0 0 0 0 0 0 0 0 0 0 0 0 0 0 0 0 0 0 0 0 0 0 0 0 0 0 56 56 56 56 56 56 57 57 57 57 57 57 57 57 57 57 57 57 57 58 58 58 58 58 58 58 58 58 58 58 58 58 59 59 59 59 59 59 59 59 59 59 59 60 60 60 60 60 60 60 60 60 60 60 61 61 61 61 61 61 61 61 61 61 61 61 62 62 62 62 62 62 62 63 63 63 63 63 63 63 63 63 63 64 63 63 63 63 64 64 64 64 64 64 64 64 64 64 65 65 65 65 65 65 65 65 65 66 66 66 66 66 66 66 66 67 67 67 67 67 67 67 67 67 67 68 68 68 68 68 68 69 69 69 70 70 70 70 70 70 71 71 71 71 72 71 72 72 72 73 73 73 74 74 74 75 75 75 76 76 76 76 77 77 77 77 77 78 79 79 79 80 80 80 81 81 81 82 82 82 83 83 83 84 83 84 84 84 85 85 85 86 86 86 87 87 87 88 88 88 88 89 89 89 90 90 90 91 91 91 92 92 92 93 93 93 94 94 94 95 95 95 96 96 96 96 97 97 97 97 98 98 98 99 99 100 100 101 101 101 102 102 102 103 103 103 103 104 104 104 104 105 105 106 106 106 106 106 107 107 108 108 108 109 109 109 109 110 110 111 111 111 112 112 112 112 113 113 0 0 0 0 0 0 0 0 0 0 0 0 0 0 0 0 0 0 0 0 0 0 0 0 0 0 0 0 0 0 0 0 0 0 0 0 0 0 0 0 0 0 0 0 0 0 0 0 0 0 0 0 0 0 0 0 0 0 0 0 0 0 0 0 0 0 0 0 0 0 0 0 0 0 0 0 0 0 0 0 0 0 0 0 0 0 0 0 0 0 0 0 0 0 0 0 0 0 0 141 141 142 142 0 0 0 0 0 0 0 0 0 0 0 0 0 0 0 0 0 0 0 0 0 0 0 0 0 0 0 0 0 0 0 0 0 0 0 0 0 0 0 0 0 0 0 0 0 0 0 0 0 0 0 0 0 0 0 0 0 0 0 0 0 0 0 0 
0 0 0 0 0 0 0 0 0 0 0 0 0 0 0 0 0 0 0 0 0 0 0 0 0 0 0 0 0 0 0 0 0 0 0 0 0 0 0 0 0 0 0 0 0 0 0 0 0 0 0 0 0 0 0 0 0 0 0 56 56 56 56 56 57 57 57 57 57 57 57 57 57 57 57 57 57 58 58 58 58 58 58 58 58 58 58 58 58 58 59 59 59 59 59 59 59 59 59 59 59 60 60 60 60 60 60 60 60 60 60 61 61 61 61 61 61 61 61 61 61 61 61 61 62 62 62 62 62 62 62 62 63 63 63 63 63 63 63 63 63 64 63 63 63 63 64 64 64 64 64 64 64 64 64 64 65 65 65 65 65 65 65 65 65 66 66 66 66 66 66 66 67 67 67 67 67 67 67 67 67 67 68 68 68 68 68 68 68 69 69 69 70 70 70 70 70 70 71 71 71 71 72 72 72 72 72 73 73 73 73 74 74 75 75 76 76 76 76 77 77 77 77 78 78 78 78 79 79 80 80 80 81 81 81 82 82 82 83 83 83 84 83 84 84 84 85 85 85 86 86 86 87 87 87 87 88 88 88 89 89 89 90 90 90 91 91 91 92 92 92 93 93 93 94 94 94 95 95 95 96 96 96 96 97 97 97 97 98 98 98 99 100 100 100 101 101 101 102 102 102 103 103 103 103 104 104 104 104 105 105 105 106 106 107 107 107 108 108 108 108 108 109 109 109 110 110 110 111 111 111 112 112 112 113 113 0 0 0 0 0 0 0 0 0 0 0 0 0 0 0 0 0 0 0 0 0 0 0 0 0 0 0 0 0 0 0 0 0 0 0 0 0 0 0 0 0 0 0 0 0 0 0 0 0 0 0 0 0 0 0 0 0 0 0 0 0 0 0 0 0 0 0 0 0 0 0 0 0 0 0 0 0 0 0 0 0 0 0 0 0 0 0 0 0 0 0 0 0 0 0 0 141 141 141 141 142 142 142 142 0 0 0 0 0 0 0 0 0 0 0 0 0 0 0 0 0 0 0 0 0 0 0 0 0 0 0 0 0 0 0 0 0 0 0 0 0 0 0 0 0 0 0 0 0 0 0 0 0 0 0 0 0 0 0 0 0 0 0 0 0 0 0 
0 0 0 0 0 0 0 0 0 0 0 0 0 0 0 0 0 0 0 0 0 0 0 0 0 0 0 0 0 0 0 0 0 0 0 0 0 0 0 0 0 0 0 0 0 0 0 0 0 0 0 0 0 0 0 0 0 0 56 56 56 56 56 56 57 57 57 57 57 57 57 57 57 57 57 57 57 58 58 58 58 58 58 58 58 58 58 58 58 58 58 59 59 59 59 59 59 59 59 59 60 60 60 60 60 60 60 60 60 60 60 61 61 61 61 61 61 61 61 61 61 61 61 61 62 62 62 62 62 62 62 62 63 63 63 63 63 63 63 63 63 64 63 63 63 63 64 64 64 64 64 64 64 64 64 65 65 65 65 65 65 65 65 65 66 66 66 66 66 66 66 66 67 67 67 67 67 67 67 67 67 67 68 68 68 68 69 69 69 69 69 69 70 70 70 70 70 70 71 71 71 71 72 73 72 72 73 73 73 73 74 74 74 75 75 75 76 76 77 77 77 77 78 78 78 78 78 79 79 80 80 80 81 81 81 82 82 82 83 83 83 84 83 84 84 84 85 85 85 86 86 86 86 87 87 87 88 88 88 89 89 89 90 90 90 91 91 91 92 92 92 93 93 93 94 94 94 95 95 95 95 96 96 96 97 97 97 97 98 98 98 99 100 100 100 101 101 101 102 102 102 102 103 103 103 104 104 104 105 105 105 105 106 106 106 107 107 108 108 108 108 108 109 109 109 110 110 110 110 111 111 112 112 112 113 0 0 0 0 0 0 0 0 0 0 0 0 0 0 0 0 0 0 0 0 0 0 0 0 0 0 0 0 0 0 0 0 0 0 0 0 0 0 0 0 0 0 0 0 0 0 0 0 0 0 0 0 0 0 0 0 0 0 0 0 0 0 0 0 0 0 0 0 0 0 0 0 0 0 0 0 0 0 0 0 0 0 0 0 0 0 0 0 0 0 0 0 0 0 0 0 140 141 141 141 142 142 142 142 142 142 0 0 0 0 0 0 0 0 0 0 0 0 0 0 0 0 0 0 0 0 0 0 0 0 0 0 0 0 0 0 0 0 0 0 0 0 0 0 0 0 0 0 0 0 0 0 0 0 0 0 0 0 0 0 0 0 0 0 0 0 0 0 
0 0 0 0 0 0 0 0 0 0 0 0 0 0 0 0 0 0 0 0 0 0 0 0 0 0 0 0 0 0 0 0 0 0 0 0 0 0 0 0 0 0 0 0 0 0 0 0 0 0 0 0 0 0 0 0 56 56 56 56 56 56 56 56 57 57 57 57 57 57 57 57 57 57 57 57 57 57 57 58 58 58 58 58 58 58 58 58 58 58 59 59 59 59 59 59 59 59 59 59 60 60 60 60 60 60 60 60 60 60 60 61 61 61 61 61 61 61 61 61 61 61 62 62 62 62 62 62 62 62 62 62 62 63 63 63 63 63 63 63 64 64 63 63 63 64 64 64 64 64 64 64 64 64 64 65 65 65 65 65 65 65 65 65 66 66 66 66 66 66 66 67 67 67 67 67 67 67 67 67 67 68 68 68 68 68 69 69 69 69 69 69 70 70 70 70 70 71 71 71 71 71 72 73 73 73 73 73 73 74 74 74 74 75 75 75 76 76 76 77 77 77 77 78 78 78 79 79 79 80 80 80 81 81 81 82 82 82 83 83 83 84 83 84 84 84 85 85 85 85 86 86 86 87 87 87 88 88 88 89 89 89 90 90 90 91 91 91 92 92 92 93 93 93 94 94 94 94 95 95 95 96 96 96 96 97 97 97 98 98 98 99 99 100 100 101 101 101 101 102 102 102 103 103 104 104 104 104 105 105 105 106 106 106 106 107 107 107 108 108 108 108 108 109 109 109 110 110 111 111 111 111 112 112 112 0 0 0 0 0 0 0 0 0 0 0 0 0 0 0 0 0 0 0 0 0 0 0 0 0 0 0 0 0 0 0 0 0 0 0 0 0 0 0 0 0 0 0 0 0 0 0 0 0 0 0 0 0 0 0 0 0 0 0 0 0 0 0 0 0 0 0 0 0 0 0 0 0 0 0 0 0 0 0 0 0 0 0 0 0 0 0 0 0 0 0 0 0 0 0 140 140 140 141 141 142 142 142 143 142 142 142 142 0 0 0 0 0 0 0 0 0 0 0 0 0 0 0 0 0 0 0 0 0 0 0 0 0 0 0 0 0 0 0 0 0 0 0 0 0 0 0 0 0 0 0 0 0 0 0 0 0 0 0 0 0 0 0 0 0 0 0 0 
0 0 0 0 0 0 0 0 0 0 0 0 0 0 0 0 0 0 0 0 0 0 0 0 0 0 0 0 0 0 0 0 0 0 0 0 0 0 0 0 0 0 0 0 0 0 0 0 0 0 0 0 0 0 0 0 56 56 56 56 56 56 56 56 56 56 56 57 57 57 57 57 57 57 57 57 57 57 57 57 58 58 58 58 58 58 58 58 58 58 58 59 59 59 59 59 59 59 59 60 60 60 60 60 60 60 60 60 60 60 60 61 61 61 61 61 61 61 61 61 61 62 62 62 62 62 62 62 62 62 62 62 62 63 63 63 63 63 63 63 64 64 63 63 63 64 64 64 64 64 64 64 64 64 65 65 65 65 65 65 65 65 65 66 66 66 66 66 66 66 67 67 67 67 67 67 67 67 67 67 68 68 68 68 68 68 69 69 69 69 69 70 70 70 70 70 71 71 71 71 71 71 72 72 72 73 73 73 73 74 74 74 74 75 75 75 76 76 77 77 77 77 77 78 78 79 79 79 79 80 80 80 81 81 81 82 82 82 83 83 83 84 83 84 84 84 85 85 85 85 86 86 86 87 87 87 88 88 88 89 89 89 90 90 90 91 91 91 92 92 92 93 93 93 93 94 94 94 95 95 95 96 96 96 96 97 97 98 98 98 98 99 99 100 100 101 101 101 101 102 102 102 103 103 103 104 104 104 104 105 105 105 106 106 106 107 107 107 108 108 108 108 108 109 109 109 110 110 111 111 111 111 112 112 112 113 0 0 0 0 0 0 0 0 0 0 0 0 0 0 0 0 0 0 0 0 0 0 0 0 0 0 0 0 0 0 0 0 0 0 0 0 0 0 0 0 0 0 0 0 0 0 0 0 0 0 0 0 0 0 0 0 0 0 0 0 0 0 0 0 0 0 0 0 0 0 0 0 0 0 0 0 0 0 0 0 0 0 0 0 0 0 0 0 0 0 0 0 0 139 140 140 141 142 142 142 142 142 142 142 143 142 142 142 0 0 0 0 0 0 0 0 0 0 0 0 0 0 0 0 0 0 0 0 0 0 0 0 0 0 0 0 0 0 0 0 0 0 0 0 0 0 0 0 0 0 0 0 0 0 0 0 0 0 0 0 0 0 0 0 0 0 0 
0 0 0 0 0 0 0 0 0 0 0 0 0 0 0 0 0 0 0 0 0 0 0 0 0 0 0 0 0 0 0 0 0 0 0 0 0 0 0 0 0 0 0 0 0 0 0 0 0 0 0 0 0 0 0 56 56 56 56 56 56 56 56 56 56 56 56 56 57 57 57 57 57 57 57 57 57 57 57 57 58 58 58 58 58 58 58 58 58 58 59 59 59 59 59 59 59 59 59 59 60 60 60 60 60 60 60 60 60 60 61 61 61 61 61 61 61 61 61 61 62 62 62 62 62 62 62 62 62 62 62 62 62 63 63 63 63 63 63 64 64 64 63 63 64 64 64 64 64 64 64 64 64 64 65 65 65 65 65 65 65 65 66 66 66 66 66 66 66 66 67 67 67 67 67 67 67 67 67 67 68 68 68 68 69 69 69 69 69 69 69 70 70 71 71 71 71 71 71 71 71 72 72 72 72 73 73 73 73 74 74 74 75 75 75 76 76 76 77 77 77 77 77 78 78 78 79 79 79 79 80 80 81 81 81 82 82 82 83 83 83 83 83 83 84 84 84 85 85 85 86 86 86 86 87 87 88 88 88 89 89 89 90 90 90 91 91 91 92 92 92 92 93 93 93 94 94 94 95 95 95 96 96 96 96 97 97 97 98 98 98 99 99 100 100 100 101 101 101 102 102 102 103 103 103 104 104 104 104 105 105 105 105 106 106 106 107 107 107 108 108 108 108 109 109 109 110 110 111 111 111 111 112 112 112 112 113 0 0 0 0 0 0 0 0 0 0 0 0 0 0 0 0 0 0 0 0 0 0 0 0 0 0 0 0 0 0 0 0 0 0 0 0 0 0 0 0 0 0 0 0 0 0 0 0 0 0 0 0 0 0 0 0 0 0 0 0 0 0 0 0 0 0 0 0 0 0 0 0 0 0 0 0 0 0 0 0 0 0 0 0 0 137 138 138 138 139 139 139 139 140 140 141 141 142 142 142 142 143 143 143 142 142 142 142 0 0 0 0 0 0 0 0 0 0 0 0 0 0 0 0 0 0 0 0 0 0 0 0 0 0 0 0 0 0 0 0 0 0 0 0 0 0 0 0 0 0 0 0 0 0 0 0 0 0 0 0 0 0 0 0 0 0 
0 0 0 0 0 0 0 0 0 0 0 0 0 0 0 0 0 0 0 0 0 0 0 0 0 0 0 0 0 0 0 0 0 0 0 0 0 0 0 0 0 0 0 0 0 0 0 0 0 0 0 0 0 0 0 0 56 56 56 56 56 56 56 56 56 56 57 56 57 57 57 57 57 57 57 57 57 57 57 58 58 58 58 58 58 58 58 58 58 59 59 59 59 59 59 59 59 59 59 59 60 60 60 60 60 60 60 60 60 61 61 61 61 61 61 61 61 61 61 61 62 62 62 62 62 62 62 62 62 62 62 62 63 63 63 63 63 63 63 64 64 64 63 63 64 64 64 64 64 64 64 64 64 65 65 65 65 65 65 65 65 66 66 66 66 66 66 66 66 66 67 67 67 67 67 67 67 67 68 68 68 68 68 68 69 69 69 69 69 70 70 70 70 71 71 71 71 71 71 72 72 72 72 72 72 73 73 74 74 74 74 74 75 75 75 75 76 76 77 77 77 77 77 78 78 78 79 79 79 79 80 80 80 81 81 81 82 82 82 83 83 83 83 83 84 84 84 84 85 85 85 86 86 86 87 87 87 88 88 89 89 89 90 90 90 91 91 91 92 92 92 92 93 93 93 94 94 94 95 95 95 96 96 96 96 97 97 97 98 98 98 99 99 100 100 100 101 101 101 102 102 102 103 103 103 104 104 104 104 105 105 105 106 106 106 107 107 107 107 108 108 108 108 109 109 109 110 110 110 111 111 111 112 112 112 112 113 113 113 0 114 114 114 114 114 114 0 0 0 0 0 0 0 0 0 0 0 0 0 0 0 0 0 0 0 0 0 0 0 0 0 0 0 0 0 0 0 0 0 0 0 0 0 0 0 0 0 0 0 0 0 0 0 0 0 0 0 0 0 0 0 0 0 0 0 0 0 0 0 0 0 0 0 0 0 0 0 0 0 136 137 137 138 138 138 138 139 139 139 139 140 140 140 141 142 142 142 143 143 143 143 142 142 142 142 142 143 0 0 0 0 0 0 0 0 0 0 0 0 0 0 0 0 0 0 0 0 0 0 0 0 0 0 0 0 0 0 0 0 0 0 0 0 0 0 0 0 0 0 0 0 0 0 0 0 0 0 0 0 0 0 0 0 
0 0 0 0 0 0 0 0 0 0 0 0 0 0 0 0 0 0 0 0 0 0 0 0 0 0 0 0 0 0 0 0 0 0 0 0 0 0 0 0 0 0 0 0 0 0 0 0 0 0 0 0 0 56 56 56 56 56 56 56 56 56 56 56 56 56 56 57 57 57 57 57 57 57 57 57 57 57 57 58 58 58 58 58 58 58 58 59 59 59 59 59 59 59 59 59 59 59 59 60 60 60 60 60 60 60 60 60 60 60 61 61 61 61 61 61 61 61 61 61 62 62 62 62 62 62 62 62 62 62 62 62 63 63 63 63 63 63 64 64 64 64 63 64 64 64 64 64 64 64 64 64 65 65 65 65 65 65 65 65 65 66 66 66 66 66 66 66 66 66 66 67 67 67 67 67 67 68 68 68 68 68 68 68 69 69 69 69 69 70 70 70 71 71 71 71 71 71 71 72 72 72 72 72 73 73 73 74 74 74 74 74 75 75 75 76 76 76 77 77 77 77 78 78 78 79 79 79 80 80 80 80 80 81 81 81 82 82 82 83 83 83 83 83 83 84 84 84 85 85 85 86 86 87 87 87 87 88 88 89 89 89 90 90 90 91 91 91 91 92 92 92 93 93 93 94 94 94 95 95 95 96 96 96 96 97 97 97 98 98 98 99 99 100 100 100 101 101 101 101 102 102 102 103 103 104 104 104 105 105 105 105 106 106 106 106 107 107 107 107 108 108 108 108 109 109 110 110 110 111 111 111 111 112 112 112 113 113 113 113 113 114 114 114 114 115 115 114 115 0 116 116 116 117 117 117 118 118 118 0 0 119 119 120 0 0 0 0 0 0 0 0 0 0 0 0 0 0 0 0 0 0 0 0 0 0 0 0 0 0 0 0 0 0 0 0 0 0 0 0 0 0 0 0 0 0 0 0 0 0 0 0 0 0 0 0 0 0 0 137 137 138 138 138 139 139 139 140 140 140 140 141 141 141 142 142 142 143 143 143 143 143 142 143 143 143 143 143 0 0 0 0 0 0 0 0 0 0 0 0 0 0 0 0 0 0 0 0 0 0 0 0 0 0 0 0 0 0 0 0 0 0 0 0 0 0 0 0 0 0 0 0 0 0 0 0 0 0 0 0 0 0 0 
0 0 0 0 0 0 0 0 0 0 0 0 0 0 0 0 0 0 0 0 0 0 0 0 0 0 0 0 0 0 0 0 0 0 0 0 0 0 0 0 0 0 0 0 0 0 0 0 0 0 0 0 0 0 56 56 56 56 56 56 56 56 56 56 56 56 57 57 57 57 57 57 57 57 57 57 57 57 57 57 57 58 58 58 58 58 58 59 59 59 59 59 59 59 59 59 59 59 60 60 60 60 60 60 60 60 60 60 60 61 61 61 61 61 61 61 61 61 61 61 62 62 62 62 62 62 62 62 62 62 62 63 63 63 63 63 63 64 64 64 64 64 63 64 64 64 64 64 64 64 64 64 65 65 65 65 65 65 65 65 66 66 66 66 66 66 66 66 66 66 66 67 67 67 67 67 68 68 68 68 68 68 68 68 69 69 69 69 69 70 70 70 71 71 71 71 72 72 72 72 72 72 72 73 73 73 73 74 74 74 74 74 75 75 75 76 76 76 77 77 77 78 78 78 79 79 79 79 80 80 80 80 81 81 81 81 82 82 82 83 83 83 83 83 84 84 84 85 85 85 86 86 86 87 87 87 87 88 88 89 89 89 90 90 90 91 91 91 91 92 92 92 93 93 93 94 94 94 95 95 95 96 96 96 96 97 97 97 98 98 98 99 99 100 100 100 101 101 101 101 102 102 102 103 103 104 104 104 105 105 105 105 106 106 106 107 107 107 107 107 107 108 108 108 109 109 110 110 110 111 111 111 111 111 112 113 113 113 113 113 114 114 114 114 114 115 115 115 116 116 116 117 117 117 117 118 118 118 118 118 119 119 119 120 120 120 121 121 121 121 0 0 0 0 0 0 0 0 0 0 0 0 0 0 0 0 0 0 0 0 0 0 0 0 0 0 0 0 0 0 0 0 0 0 0 0 0 0 0 0 0 0 0 0 0 0 0 0 136 137 137 138 138 138 139 139 139 140 140 140 140 141 141 141 142 142 142 142 143 143 143 143 143 143 142 143 143 143 143 0 0 0 0 0 0 0 0 0 0 0 0 0 0 0 0 0 0 0 0 0 0 0 0 0 0 0 0 0 0 0 0 0 0 0 0 0 0 0 0 0 0 0 0 0 0 0 0 0 0 0 0 0 0 
0 0 0 0 0 0 0 0 0 0 0 0 0 0 0 0 0 0 0 0 0 0 0 0 0 0 0 0 0 0 0 0 0 0 0 0 0 0 0 0 0 0 0 0 0 0 0 0 0 0 0 0 0 56 56 56 56 56 56 56 56 56 56 56 56 57 57 56 57 57 57 57 57 57 58 57 57 57 58 58 57 58 58 58 58 58 59 59 59 59 59 59 59 59 59 59 59 59 59 60 60 60 60 60 60 60 60 60 60 60 61 61 61 61 61 61 61 61 61 62 62 62 62 62 62 62 62 62 62 63 63 63 63 63 63 63 63 64 64 64 64 64 64 64 64 64 64 64 64 64 64 65 65 65 65 65 65 65 65 66 66 66 66 66 66 66 66 66 66 67 67 67 67 67 67 67 68 68 68 68 68 68 68 69 69 69 69 70 70 70 70 70 71 71 71 71 72 72 72 72 72 72 73 73 73 73 74 74 74 74 74 75 75 75 76 76 76 76 77 77 77 78 78 78 78 78 79 79 80 80 80 81 81 81 81 82 82 82 82 83 83 83 83 83 84 84 85 85 85 85 86 86 86 87 87 87 87 88 88 88 89 89 90 90 90 90 91 91 91 92 92 92 93 93 93 94 94 94 95 95 95 96 96 96 96 97 97 97 97 98 98 99 99 100 100 100 101 101 101 101 102 102 102 103 103 104 104 104 104 105 105 105 106 106 106 107 107 107 107 107 107 108 108 108 109 109 110 110 110 111 111 111 111 111 112 112 112 113 113 113 114 114 114 114 115 115 115 116 116 116 116 116 116 117 117 117 118 119 119 119 119 119 119 120 120 120 121 121 122 122 122 122 123 123 123 123 0 0 0 0 0 0 0 0 0 0 0 0 0 0 0 0 0 0 0 0 0 0 0 0 0 0 0 0 0 0 0 0 0 0 0 0 0 0 0 0 0 0 135 137 137 138 138 139 139 139 139 140 140 140 140 141 141 141 142 142 142 142 142 143 143 143 143 142 142 143 143 143 143 144 144 0 0 0 0 0 0 0 0 0 0 0 0 0 0 0 0 0 0 0 0 0 0 0 0 0 0 0 0 0 0 0 0 0 0 0 0 0 0 0 0 0 0 0 0 0 0 0 0 0 0 0 0 
0 0 0 0 0 0 0 0 0 0 0 0 0 0 0 0 0 0 0 0 0 0 0 0 0 0 0 0 0 0 0 0 0 0 0 0 0 0 0 0 0 0 0 0 0 0 0 0 0 0 0 56 56 56 56 56 56 56 56 56 56 56 57 57 57 57 57 56 57 57 57 57 57 57 57 57 57 57 58 58 57 57 58 58 58 58 59 59 59 59 59 59 59 59 59 59 59 59 59 59 60 60 60 60 60 60 60 60 60 60 61 61 61 61 61 61 61 61 61 62 62 62 62 62 62 62 62 63 63 63 63 63 63 63 63 63 63 64 64 64 64 64 64 64 64 64 64 64 64 64 65 65 65 65 65 65 65 65 65 66 66 66 66 66 66 66 66 66 66 67 67 67 67 67 67 67 68 68 68 68 68 69 69 69 69 69 69 70 70 70 70 71 71 71 71 71 72 72 72 72 72 72 73 73 73 73 74 74 74 74 75 75 75 75 76 76 77 77 77 77 77 77 78 78 78 78 79 79 80 80 80 81 81 81 82 82 82 82 83 83 83 84 83 84 84 84 85 85 85 86 86 86 86 87 87 87 87 88 88 88 89 89 90 90 90 90 91 91 91 92 92 92 93 93 93 94 94 94 95 95 95 96 96 96 96 97 97 97 97 98 98 99 99 100 100 100 101 101 101 101 102 102 102 103 103 103 104 104 104 104 105 105 105 106 106 106 106 107 107 107 107 108 108 108 109 109 109 110 110 110 111 111 111 111 112 112 112 113 113 113 114 114 114 115 115 115 115 115 115 116 116 116 116 117 117 117 118 118 119 119 119 119 119 120 120 120 121 121 122 122 122 122 123 123 123 123 123 123 124 124 124 124 0 0 0 0 0 0 0 0 0 0 0 0 0 0 0 0 0 0 0 0 0 0 0 0 0 0 0 0 0 0 0 0 0 0 135 136 137 137 137 138 138 138 139 139 139 140 140 140 140 141 141 141 141 142 142 142 142 142 142 143 142 142 142 143 143 143 143 144 144 144 144 0 0 0 0 0 0 0 0 0 0 0 0 0 0 0 0 0 0 0 0 0 0 0 0 0 0 0 0 0 0 0 0 0 0 0 0 0 0 0 0 0 0 0 0 0 0 0 0 0 0 
0 0 0 0 0 0 0 0 0 0 0 0 0 0 0 0 0 0 0 0 0 0 0 0 0 0 0 0 0 0 0 0 0 0 0 0 0 0 0 0 0 0 0 0 0 0 0 0 0 56 56 56 56 56 56 56 56 56 56 56 56 56 56 57 57 57 57 57 57 57 57 58 58 58 58 58 58 58 58 58 58 58 58 58 58 58 58 59 59 59 59 59 59 59 59 59 59 59 59 60 60 60 60 60 60 60 60 60 60 61 61 61 61 61 61 61 61 61 61 62 62 62 62 62 62 62 62 63 63 63 63 63 63 63 63 63 63 64 64 64 64 64 64 64 64 64 64 64 64 64 65 65 65 65 65 65 65 65 65 66 66 66 66 66 66 66 66 67 67 67 67 67 67 67 68 68 68 68 68 68 68 69 69 69 69 69 69 70 70 70 70 71 71 71 71 71 72 72 72 73 73 73 73 73 73 73 74 74 74 74 75 75 75 76 76 76 76 77 77 77 77 78 78 78 78 79 79 79 80 80 81 81 81 81 82 82 82 82 83 83 83 84 83 84 84 84 85 85 85 86 86 86 86 87 87 87 87 87 88 88 89 89 90 90 90 91 91 91 91 92 92 92 93 93 93 94 94 94 95 95 95 95 96 96 96 96 97 97 97 98 98 98 99 99 100 100 101 101 101 101 102 102 102 103 103 103 104 104 104 105 105 105 105 105 106 106 106 107 107 107 107 108 108 108 108 109 109 110 110 110 110 110 111 111 112 112 112 112 113 113 113 114 114 115 115 115 115 115 116 116 117 117 117 117 118 118 118 119 119 119 119 119 119 120 121 121 121 121 122 121 121 122 123 123 123 124 123 123 124 125 125 124 0 0 0 0 0 0 0 0 0 0 0 0 0 0 0 0 0 0 0 0 0 0 0 0 0 0 0 0 0 0 0 0 0 135 135 136 136 137 137 137 138 138 139 139 139 140 140 140 140 140 141 141 141 142 142 142 142 142 142 142 142 142 142 143 143 143 144 144 144 144 144 145 145 0 0 0 0 0 0 0 0 0 0 0 0 0 0 0 0 0 0 0 0 0 0 0 0 0 0 0 0 0 0 0 0 0 0 0 0 0 0 0 0 0 0 0 0 0 0 0 0 
0 0 0 0 0 0 0 0 0 0 0 0 0 0 0 0 0 0 0 0 0 0 0 0 0 0 0 0 0 0 0 0 0 0 0 0 0 0 0 0 0 0 0 0 0 0 0 0 0 56 56 56 56 56 56 56 56 56 56 56 56 56 56 57 57 57 57 57 57 57 57 57 57 58 58 58 58 58 58 58 58 58 58 58 58 58 58 59 59 59 59 59 59 59 59 59 60 60 60 60 60 60 60 60 60 60 60 60 60 61 61 61 61 61 61 61 61 61 62 62 62 62 62 62 62 62 62 63 63 63 63 63 63 63 63 63 63 64 64 64 64 64 64 64 64 64 64 64 64 64 65 65 65 65 65 65 65 65 65 66 66 66 66 66 66 66 66 67 67 67 67 67 67 67 68 68 68 68 68 68 68 68 69 69 69 70 70 70 70 70 70 71 71 71 71 71 72 72 72 73 73 73 73 73 73 73 74 74 74 75 75 75 75 76 76 76 77 77 77 77 78 78 78 78 79 79 79 80 80 80 80 81 81 81 81 82 82 83 83 83 83 84 83 84 84 84 85 85 85 86 86 86 86 87 87 87 87 88 88 88 89 89 89 90 90 90 91 91 91 92 92 92 93 93 93 94 94 94 95 95 95 95 96 96 96 96 97 97 97 97 98 98 99 99 100 100 100 101 101 101 102 102 102 102 103 103 104 104 104 105 105 105 105 105 106 106 106 107 107 107 107 108 108 108 108 109 109 110 110 110 110 111 111 111 112 112 112 112 113 113 113 114 114 114 114 114 115 115 115 116 117 117 117 118 118 118 119 119 119 119 119 119 120 120 121 121 121 121 121 121 121 122 123 123 123 124 124 123 124 125 125 124 0 0 0 0 0 0 0 0 0 0 0 0 0 0 0 0 0 0 0 0 0 0 0 0 0 0 0 0 0 0 0 0 0 135 135 136 136 137 137 137 137 138 139 139 139 139 140 140 140 140 140 140 141 141 142 142 142 142 142 142 141 142 142 143 143 143 143 144 144 144 144 145 145 145 146 146 146 146 146 146 147 147 0 0 0 0 0 0 0 0 0 0 0 0 0 0 0 0 0 0 0 0 0 0 0 0 0 0 0 0 0 0 0 0 0 0 0 0 0 0 0 
0 0 0 0 0 0 0 0 0 0 0 0 0 0 0 0 0 0 0 0 0 0 0 0 0 0 0 0 0 0 0 0 0 0 0 0 0 0 0 0 0 0 0 0 0 0 0 0 0 56 56 56 56 56 56 56 56 56 56 56 56 56 56 57 57 57 57 57 57 57 57 57 57 57 57 57 57 57 57 58 59 59 58 58 58 58 58 59 59 59 59 59 59 59 59 60 59 60 60 60 60 60 60 60 60 60 60 60 60 61 61 61 61 61 61 61 61 61 62 62 62 62 62 62 62 62 63 63 63 63 63 63 63 63 63 64 64 64 64 64 64 64 64 64 64 64 64 64 64 64 65 65 65 65 65 65 65 65 66 66 66 66 66 66 66 67 67 67 67 67 67 67 67 68 68 68 68 68 68 68 69 69 69 69 69 70 70 70 70 70 70 71 71 71 71 71 72 72 72 73 73 73 73 73 73 73 74 74 75 75 75 75 75 76 76 76 77 77 77 77 78 78 78 78 79 79 79 80 80 80 81 81 81 81 81 82 82 82 83 83 83 83 83 83 84 84 84 85 85 85 86 86 86 87 87 87 87 88 88 88 89 89 89 90 90 90 91 91 91 92 92 92 93 93 93 94 94 94 94 95 95 95 96 96 96 96 97 97 97 98 98 98 99 99 100 100 100 101 101 101 102 102 102 102 103 103 104 104 104 104 105 105 105 105 106 106 106 107 107 107 107 108 108 108 108 109 109 110 110 110 110 111 111 111 112 112 112 112 113 113 114 114 114 114 114 115 115 116 116 116 116 117 117 117 118 118 119 119 119 119 118 119 120 120 120 120 120 121 121 121 121 122 123 123 123 124 123 123 124 124 125 125 124 0 0 0 0 0 0 0 0 0 0 0 0 0 0 0 0 0 0 0 0 0 0 0 0 0 0 0 0 0 0 0 133 134 135 136 136 137 137 137 137 138 138 139 139 139 139 140 140 140 140 141 141 141 141 141 142 142 142 142 141 142 142 143 143 143 144 144 144 144 144 144 145 145 145 145 146 146 146 146 146 146 146 147 0 0 0 0 0 0 0 0 0 0 0 0 0 0 0 0 0 0 0 0 0 0 0 0 0 0 0 0 0 0 0 0 0 0 0 0 0 
0 0 0 0 0 0 0 0 0 0 0 0 0 0 0 0 0 0 0 0 0 0 0 0 0 0 0 0 0 0 0 0 0 0 0 0 0 0 0 0 0 0 0 0 0 0 0 0 56 56 56 56 56 56 56 56 56 56 56 56 56 56 56 57 57 57 57 57 57 57 57 57 57 57 57 58 57 57 57 58 58 58 59 59 58 58 58 58 59 59 59 59 59 59 59 59 59 60 60 60 60 60 60 60 60 60 60 60 61 61 61 61 61 61 61 61 61 62 62 62 62 62 62 62 62 62 63 63 63 63 63 63 63 64 64 64 64 64 64 64 64 64 64 64 64 64 64 64 64 65 65 65 65 65 65 65 66 66 66 66 66 66 66 66 67 67 67 67 67 67 67 67 68 68 68 68 68 68 69 69 69 69 69 69 70 70 70 70 70 70 70 71 71 71 71 72 72 72 72 73 73 73 73 74 74 74 74 74 75 75 75 75 75 76 76 76 76 77 77 77 78 78 78 78 79 79 79 80 80 80 80 80 81 81 81 82 82 82 82 83 83 83 83 83 84 84 84 85 85 85 86 86 86 86 87 87 87 88 88 88 89 89 89 90 90 90 91 91 91 92 92 92 93 93 93 94 94 94 94 95 95 95 96 96 96 96 97 97 97 98 98 98 99 99 100 100 100 101 101 101 102 102 102 102 103 103 103 104 104 105 105 105 105 106 106 106 106 107 107 107 107 107 108 108 108 109 109 109 110 110 110 111 111 111 111 112 112 112 112 113 113 114 113 114 115 115 115 116 116 116 116 117 117 117 118 118 118 119 119 118 119 120 120 120 120 120 121 121 122 122 122 121 123 123 123 124 123 124 123 124 125 126 124 124 0 0 0 0 0 0 0 0 0 0 0 0 0 0 0 0 0 0 0 0 0 0 0 0 0 0 0 0 0 0 133 135 136 136 136 137 137 137 137 138 138 139 139 139 139 139 139 140 140 140 141 141 141 141 141 141 142 142 141 142 142 143 143 143 143 144 144 144 144 144 144 144 145 145 145 145 146 146 146 146 146 146 147 147 0 0 0 0 0 0 0 0 0 0 0 0 0 0 0 0 0 0 0 0 0 0 0 0 0 0 0 0 0 0 0 0 0 0 0 
0 0 0 0 0 0 0 0 0 0 0 0 0 0 0 0 0 0 0 0 0 0 0 0 0 0 0 0 0 0 0 0 0 0 0 0 0 0 0 0 0 0 0 0 0 0 0 56 56 56 56 56 56 56 56 56 56 56 56 56 56 56 56 56 57 57 57 57 57 57 57 57 57 57 57 57 58 57 58 58 58 58 58 58 59 59 58 58 59 59 59 59 59 59 59 59 59 60 60 60 60 60 60 60 60 60 60 61 61 61 61 61 61 61 61 62 61 62 62 62 62 62 62 62 63 63 63 63 63 63 63 63 63 64 64 64 64 64 64 64 64 64 64 64 64 64 64 64 65 65 65 65 65 65 65 66 66 66 66 66 66 66 66 67 67 67 67 67 67 67 67 67 67 68 68 68 68 69 69 69 69 69 69 70 70 70 70 70 70 70 71 71 71 71 71 72 72 72 73 73 73 74 74 74 74 74 74 75 75 75 75 75 76 76 76 76 77 77 77 77 78 78 78 78 79 79 79 79 80 80 80 80 81 81 81 82 82 82 82 83 83 83 83 83 84 84 84 85 85 85 86 86 86 86 87 87 87 88 88 88 89 89 89 90 90 90 91 91 91 92 92 92 93 93 93 94 94 94 94 95 95 95 96 96 96 96 97 97 97 97 98 98 99 99 100 100 100 101 101 101 102 102 102 102 103 103 103 104 104 105 105 105 105 105 106 106 106 107 107 107 107 107 108 108 108 109 109 109 110 110 110 111 111 111 111 112 112 112 113 113 113 113 113 114 114 115 115 115 115 115 116 116 117 117 117 118 118 119 119 119 119 120 120 120 120 121 121 121 122 122 122 121 122 123 123 124 124 123 124 124 125 125 125 125 124 0 0 0 0 0 0 0 0 0 0 0 0 0 0 0 0 0 0 0 0 0 0 0 0 0 0 0 0 133 134 135 136 136 136 136 136 137 137 138 138 138 138 139 139 139 139 139 140 140 140 141 141 141 141 141 141 141 141 142 142 142 143 143 143 143 144 144 144 144 144 144 145 145 145 145 146 146 146 146 146 146 147 147 147 0 0 0 0 0 0 0 0 0 0 0 0 0 0 0 0 0 0 0 0 0 0 0 0 0 0 0 0 0 0 0 0 0 0 
0 0 0 0 0 0 0 0 0 0 0 0 0 0 0 0 0 0 0 0 0 0 0 0 0 0 0 0 0 0 0 0 0 0 0 0 0 0 0 0 0 0 0 0 0 0 0 56 56 56 56 56 56 56 56 57 57 57 57 57 57 57 57 57 57 57 57 57 57 57 57 57 57 57 57 58 58 58 58 58 58 58 58 58 59 59 59 59 59 59 59 59 59 59 59 59 59 59 60 60 60 60 60 60 60 60 60 61 61 61 61 61 61 61 61 61 61 62 62 62 62 62 62 62 63 63 63 63 63 63 63 63 63 64 64 64 64 64 64 64 64 64 64 64 64 64 65 65 65 65 65 65 65 65 66 66 66 66 66 66 66 66 66 67 67 67 67 67 67 67 67 68 68 68 68 68 68 68 69 69 69 69 70 70 70 70 70 70 70 70 71 71 72 72 73 73 73 73 74 74 74 74 75 75 75 75 75 75 75 75 76 76 76 77 77 77 78 78 78 78 79 79 79 79 80 80 80 80 80 81 81 81 81 82 82 82 83 83 83 84 84 84 84 84 84 85 85 85 85 86 86 86 86 87 87 87 88 88 88 89 89 89 90 90 90 91 91 91 92 92 92 93 93 93 94 94 94 94 95 95 95 96 96 96 96 97 97 97 98 98 98 98 98 99 99 100 100 100 101 101 101 102 102 102 102 103 103 104 104 104 104 105 105 105 105 106 106 107 107 107 107 107 108 108 108 108 109 109 109 110 110 110 111 111 111 111 112 112 113 113 113 113 114 114 115 115 115 116 116 116 116 117 117 118 118 118 118 119 119 119 120 121 121 121 121 122 122 122 122 122 122 122 123 123 123 124 124 124 124 125 125 126 126 125 124 0 0 0 0 0 0 0 0 0 0 0 0 0 0 0 0 0 0 0 0 0 0 0 0 0 0 0 133 134 134 135 136 136 136 136 136 137 137 138 138 138 138 139 139 139 139 139 139 140 140 141 141 141 141 141 142 142 141 142 142 142 143 143 143 144 144 144 144 144 145 145 145 145 145 146 146 146 146 146 147 147 147 147 147 147 147 0 0 0 0 0 0 0 0 0 0 0 0 0 0 0 0 0 0 0 0 0 0 0 0 0 0 0 0 0 0 0 0 
0 0 0 0 0 0 0 0 0 0 0 0 0 0 0 0 0 0 0 0 0 0 0 0 0 0 0 0 0 0 0 0 0 0 0 0 0 0 0 0 0 0 0 0 55 56 56 56 56 56 56 56 56 56 56 56 57 56 57 57 57 57 57 57 57 57 57 57 57 57 58 58 57 58 58 58 58 58 58 58 58 58 58 58 59 59 59 59 59 59 59 59 59 59 59 59 59 60 60 60 60 60 60 60 60 61 61 61 61 61 61 61 61 61 61 61 62 62 62 62 62 62 62 63 63 63 63 63 63 63 63 63 63 64 64 64 64 64 64 64 64 65 64 64 64 64 65 65 65 65 65 65 65 66 66 66 66 66 66 66 66 66 67 67 67 67 67 67 67 67 68 68 68 68 68 68 68 69 69 69 69 69 69 69 70 70 70 70 70 70 71 71 72 73 73 73 73 73 74 74 74 75 75 75 75 75 75 75 75 76 76 76 76 77 77 77 77 78 78 78 78 79 79 79 80 80 80 80 80 81 81 81 82 82 82 83 83 83 83 84 84 85 84 84 84 85 85 85 85 86 86 86 87 87 87 88 88 88 88 89 89 89 90 90 91 91 91 91 92 92 92 93 93 93 94 94 94 94 95 95 95 96 96 96 96 97 97 97 98 98 98 98 98 99 99 100 100 100 101 101 101 102 102 102 102 103 103 104 104 104 104 105 105 105 106 106 106 106 107 107 107 107 107 108 108 108 109 109 109 109 110 110 110 111 111 112 112 113 113 113 113 113 113 114 114 114 115 116 116 116 116 116 117 118 118 118 118 119 119 119 120 120 120 121 121 122 122 122 122 122 122 122 122 123 124 124 124 124 124 124 125 125 125 125 124 0 0 0 0 0 0 0 0 0 0 0 0 0 0 0 0 0 0 0 0 0 0 0 0 0 0 132 133 134 134 135 136 136 136 136 137 137 137 138 138 138 138 138 139 139 139 139 139 139 140 140 141 141 141 141 141 141 141 142 142 142 142 143 143 143 144 144 144 144 144 144 145 145 145 145 146 146 146 146 146 146 147 147 147 147 147 147 0 0 0 0 0 0 0 0 0 0 0 0 0 0 0 0 0 0 0 0 0 0 0 0 0 0 0 0 0 0 0 
0 0 0 0 0 0 0 0 0 0 0 0 0 0 0 0 0 0 0 0 0 0 0 0 0 0 0 0 0 0 0 0 0 0 0 0 0 0 0 0 0 0 0 0 55 56 56 56 56 56 56 56 56 56 56 56 57 57 57 57 57 57 57 57 57 57 58 58 57 58 58 58 58 58 58 58 58 58 58 58 58 58 58 59 59 59 59 59 59 59 59 59 59 59 59 59 60 60 60 60 60 60 60 60 61 61 61 61 61 61 61 61 61 62 62 61 62 62 62 62 62 62 63 63 63 63 63 63 63 63 63 63 64 64 64 64 64 64 64 64 65 65 64 64 64 65 65 65 65 65 65 65 65 66 66 66 66 66 66 66 66 66 67 67 67 67 67 67 67 68 68 68 68 68 68 68 69 69 69 69 69 69 69 70 70 70 70 70 70 71 71 71 73 73 73 73 73 74 74 74 74 75 75 75 75 75 75 76 76 76 76 77 77 77 77 77 78 78 78 78 79 79 79 79 80 80 80 80 81 81 81 82 82 82 83 83 83 83 84 84 84 85 84 84 84 85 85 85 85 86 86 86 87 87 87 88 88 88 88 89 89 89 90 90 91 91 91 91 92 92 92 93 93 93 94 94 94 94 95 95 95 96 96 96 96 96 97 97 98 98 98 98 98 99 99 100 100 100 101 101 101 102 102 102 102 103 103 103 104 104 104 105 105 105 106 106 106 107 107 107 107 107 107 108 108 108 108 109 109 109 110 110 110 110 111 111 112 112 112 113 113 113 113 113 113 114 115 116 116 116 116 117 117 117 117 118 118 118 119 119 120 120 120 120 121 121 121 122 122 122 122 123 122 123 123 124 125 125 124 124 125 124 124 125 125 125 0 0 0 0 0 0 0 0 0 0 0 0 0 0 0 0 0 0 0 0 0 0 0 0 132 132 133 134 134 135 135 136 136 136 137 137 137 137 138 138 138 139 139 139 139 139 139 139 139 140 140 140 140 141 141 141 141 142 142 142 142 142 143 143 143 143 144 144 144 144 144 145 145 145 145 145 146 146 146 146 146 146 147 147 147 147 147 0 0 0 0 0 0 0 0 0 0 0 0 0 0 0 0 0 0 0 0 0 0 0 0 0 0 0 0 0 0 
0 0 0 0 0 0 0 0 0 0 0 0 0 0 0 0 0 0 0 0 0 0 0 0 0 0 0 0 0 0 0 0 0 0 0 0 0 0 0 0 0 0 0 0 0 56 56 56 56 56 56 56 56 56 56 56 57 57 57 57 57 57 57 57 57 57 57 57 57 57 58 58 58 58 58 58 58 58 58 58 58 58 59 59 59 59 59 59 59 59 59 59 59 59 59 60 60 60 60 60 60 60 60 60 61 61 61 61 61 61 61 61 61 62 62 62 62 62 62 62 62 63 63 63 63 63 63 63 63 63 63 63 64 64 64 64 64 64 64 65 65 65 64 64 65 65 65 65 65 65 65 65 66 66 66 66 66 66 66 66 66 67 67 67 67 67 67 68 68 68 68 68 68 68 68 68 69 69 69 69 69 69 70 70 70 70 70 70 70 71 71 71 73 73 73 73 73 74 74 74 74 75 75 75 75 76 76 76 76 76 76 77 77 77 77 78 78 78 78 79 79 79 79 80 80 80 80 81 81 81 81 82 82 82 83 83 83 84 84 84 84 85 84 84 85 85 85 85 86 86 86 86 87 87 88 88 88 88 88 89 89 89 90 90 91 91 91 91 92 92 92 93 93 93 94 94 94 94 95 95 95 96 96 96 96 96 97 97 98 98 98 98 98 99 99 100 100 100 101 101 101 102 102 102 102 103 103 103 104 104 104 105 105 105 106 106 106 107 107 107 107 107 108 108 108 108 108 109 109 109 109 110 110 110 111 111 111 112 112 112 112 112 113 113 114 115 115 116 116 116 117 117 117 117 117 117 118 118 119 119 120 120 120 120 120 121 121 121 122 122 123 123 123 123 123 124 124 125 125 125 124 124 124 125 125 125 0 0 0 0 0 0 0 0 0 0 0 0 0 0 0 0 0 0 0 0 0 0 0 131 132 133 133 134 134 135 135 135 136 136 136 137 137 137 137 138 138 138 139 139 139 139 139 140 140 140 140 140 140 140 141 141 141 141 142 142 142 142 142 142 143 143 143 143 144 144 144 144 144 145 145 145 145 145 146 146 146 146 146 147 147 147 147 0 0 0 0 0 0 0 0 0 0 0 0 0 0 0 0 0 0 0 0 0 0 0 0 0 0 0 0 0 0 
0 0 0 0 0 0 0 0 0 0 0 0 0 0 0 0 0 0 0 0 0 0 0 0 0 0 0 0 0 0 0 0 0 0 0 0 0 0 0 0 0 0 0 0 0 56 56 56 56 56 56 56 56 56 56 57 57 57 57 57 57 57 57 57 57 57 57 57 57 57 58 58 58 58 58 58 58 58 58 59 59 58 58 59 59 59 59 59 59 59 59 59 59 59 60 60 60 60 60 60 60 60 60 61 61 61 61 61 61 61 61 61 62 61 61 62 62 62 62 62 62 62 63 63 63 63 63 63 63 63 64 64 64 64 64 64 64 64 64 65 65 65 64 65 65 65 65 65 65 65 65 66 66 66 66 66 66 66 66 66 67 67 67 67 67 67 67 68 68 68 68 68 68 68 69 69 69 69 69 69 69 70 70 70 70 70 70 71 71 71 71 71 73 73 73 73 74 74 74 74 74 75 75 75 75 76 76 76 76 76 76 77 77 77 77 78 78 78 79 79 79 79 79 80 80 80 80 81 81 81 81 82 82 82 83 83 84 84 84 84 85 85 84 84 85 85 85 85 86 86 86 87 87 87 88 88 88 88 89 89 89 89 90 90 91 91 91 91 92 92 92 93 93 93 94 94 94 94 95 95 95 96 96 96 96 96 97 97 98 98 98 99 99 99 99 99 100 100 101 101 101 102 102 102 102 103 103 103 104 104 104 105 105 105 106 106 106 106 107 107 107 107 108 108 108 108 109 109 109 109 109 110 110 110 111 111 111 112 112 112 112 112 113 113 114 114 115 116 116 116 116 116 116 117 117 117 118 118 119 119 120 120 120 120 120 120 121 121 121 122 122 123 123 123 124 124 124 125 125 125 124 124 124 124 125 125 125 0 0 0 0 0 0 0 0 0 0 0 0 0 0 0 0 0 0 0 0 0 0 131 132 133 133 134 134 135 135 136 136 136 137 137 137 137 137 138 138 138 138 138 139 139 139 139 139 140 140 140 140 140 140 141 141 141 141 142 142 142 142 142 142 0 0 0 0 0 0 0 0 144 145 145 145 145 145 146 146 146 146 146 147 147 147 147 0 0 0 0 0 0 0 0 0 0 0 0 0 0 0 0 0 0 0 0 0 0 0 0 0 0 0 0 0 
0 0 0 0 0 0 0 0 0 0 0 0 0 0 0 0 0 0 0 0 0 0 0 0 0 0 0 0 0 0 0 0 0 0 0 0 0 0 0 0 0 0 0 55 55 56 56 56 56 56 56 56 56 56 56 57 57 57 57 57 57 57 57 57 57 57 57 57 57 57 58 58 58 58 58 58 58 58 58 58 59 59 59 59 59 59 59 59 59 59 59 59 59 59 60 60 60 60 60 60 60 60 60 61 61 61 61 61 61 61 61 61 62 62 62 62 62 62 62 62 62 63 63 63 63 63 63 63 63 63 64 64 64 64 64 64 64 64 65 65 65 65 65 65 65 65 65 65 65 65 65 66 66 66 66 66 66 66 66 67 67 67 67 67 67 67 68 68 68 68 68 68 68 68 69 69 69 69 69 70 70 70 70 70 70 70 70 71 71 71 71 71 73 73 73 74 74 74 74 74 74 75 75 75 76 76 76 76 76 76 76 77 77 77 77 78 78 78 79 79 79 79 80 80 80 80 80 81 81 81 81 82 82 83 83 83 83 84 84 84 85 85 84 84 85 85 85 85 86 86 86 87 87 87 88 88 88 88 89 89 89 89 90 90 91 91 91 91 92 92 92 93 93 93 94 94 94 94 95 95 95 96 96 96 96 96 97 97 98 98 98 99 99 99 99 99 100 100 101 101 101 101 102 102 102 103 103 103 104 104 104 104 105 105 105 106 106 106 107 107 107 108 108 108 108 108 108 109 109 109 109 109 110 110 110 111 111 111 112 112 112 112 113 113 114 114 115 115 115 115 116 116 116 116 117 117 118 118 118 119 120 120 120 120 120 120 121 121 121 122 122 123 123 123 124 124 124 124 125 125 125 124 125 125 125 125 125 125 0 0 0 0 0 0 0 0 0 0 0 0 0 0 0 0 0 0 0 0 131 132 132 133 133 134 134 135 135 136 136 136 136 137 136 137 137 137 137 137 138 138 138 139 139 139 139 139 139 140 140 140 140 141 141 141 141 141 142 142 142 142 0 0 0 0 0 0 0 0 0 0 144 145 145 145 145 145 146 146 146 146 146 146 147 0 0 0 0 0 0 0 0 0 0 0 0 0 0 0 0 0 0 0 0 0 0 0 0 0 0 0 0 0 0 
0 0 0 0 0 0 0 0 0 0 0 0 0 0 0 0 0 0 0 0 0 0 0 0 0 0 0 0 0 0 0 0 0 0 0 0 0 0 0 0 0 0 0 55 55 55 56 56 56 56 56 56 56 56 56 57 57 57 57 57 57 57 57 57 57 57 57 57 57 58 58 58 58 58 58 58 58 58 58 59 59 59 59 59 59 59 59 59 59 60 60 60 59 60 60 60 60 60 60 60 60 60 61 61 61 61 61 61 61 61 61 62 62 62 62 62 62 62 62 62 63 63 63 63 63 63 63 63 64 64 64 64 64 64 64 64 64 64 65 65 65 65 65 65 65 65 65 65 65 65 66 66 66 66 66 66 66 66 67 67 67 67 67 67 67 67 68 68 68 68 68 68 68 68 69 69 69 69 70 70 70 70 70 70 70 70 71 71 71 71 71 72 73 73 73 74 74 74 74 74 75 75 75 76 76 76 76 76 76 76 76 77 77 77 77 78 78 78 78 79 79 79 80 80 80 80 80 81 81 81 82 82 82 83 83 83 84 84 84 84 85 85 84 84 84 85 85 85 86 86 86 87 87 87 87 88 88 88 89 89 89 89 90 90 90 91 91 91 92 92 92 93 93 93 94 94 94 94 95 95 95 96 96 96 96 96 97 97 98 98 98 99 99 99 99 99 100 100 101 101 101 101 102 102 102 103 103 103 104 104 104 104 105 105 105 106 106 106 107 107 107 108 108 108 108 108 108 109 109 109 109 110 110 110 110 111 111 111 111 112 112 112 112 113 114 115 115 115 115 115 115 116 116 117 117 117 118 118 118 119 119 119 120 120 120 120 120 121 121 121 122 122 123 123 123 124 123 123 124 124 125 125 125 125 125 125 125 126 126 126 0 0 0 0 0 0 0 0 0 0 0 0 0 0 0 0 0 0 131 132 132 133 134 134 134 135 135 136 136 136 136 136 136 136 137 137 137 137 137 138 138 138 139 139 139 139 139 139 140 140 140 141 140 141 141 141 141 142 142 142 0 0 0 0 0 0 0 0 0 0 0 0 145 145 145 145 145 146 146 146 146 0 0 0 0 0 0 0 0 0 0 0 0 0 0 0 0 0 0 0 0 0 0 0 0 0 0 0 0 0 0 0 0 
0 0 0 0 0 0 0 0 0 0 0 0 0 0 0 0 0 0 0 0 0 0 0 0 0 0 0 0 0 0 0 0 0 0 0 0 0 55 55 55 55 55 55 55 55 55 56 56 56 56 56 56 57 57 57 57 57 57 57 57 57 57 57 57 57 57 57 57 57 58 58 58 58 58 58 58 58 58 58 59 59 59 59 59 59 59 59 59 60 60 60 60 59 60 60 60 60 60 61 61 61 61 61 61 61 61 61 61 61 61 61 62 62 62 62 62 62 62 62 63 62 63 63 63 63 63 63 63 63 64 64 64 64 64 64 64 64 65 65 65 65 65 65 65 65 65 65 65 65 66 66 66 66 66 66 66 66 66 67 67 67 67 67 67 67 68 68 68 68 68 68 69 69 69 69 69 69 69 70 70 70 70 70 70 70 71 71 71 71 71 72 72 73 73 74 74 74 74 75 75 75 75 76 76 76 76 76 76 76 76 77 77 77 77 77 78 78 78 79 79 79 79 79 80 80 81 81 81 81 81 82 82 83 83 83 83 84 84 84 84 85 85 84 84 85 85 85 86 86 86 86 87 87 87 87 88 88 88 89 89 89 90 90 90 90 91 91 91 92 92 92 93 93 93 94 94 94 94 95 95 95 96 96 96 96 97 97 97 98 98 98 99 99 99 99 99 100 100 100 101 101 101 102 102 102 102 103 103 103 104 104 104 104 105 105 105 106 106 106 107 107 107 108 108 108 108 109 109 109 109 109 110 110 110 110 110 111 111 111 111 111 112 112 113 114 114 114 115 115 115 116 116 117 117 117 117 117 118 118 119 119 119 120 119 120 120 121 121 121 121 122 122 122 123 123 124 124 123 123 124 124 124 125 125 125 125 126 126 126 126 126 0 0 0 0 0 0 0 0 0 0 0 0 0 0 0 0 131 132 132 132 133 133 134 134 135 135 135 136 136 136 136 136 136 136 136 137 137 137 137 138 138 138 139 139 139 139 139 139 140 140 140 140 140 141 141 141 142 142 0 0 0 0 0 0 0 0 0 0 0 0 0 0 0 145 145 145 145 0 0 0 0 0 0 0 0 0 0 0 0 0 0 0 0 0 0 0 0 0 0 0 0 0 0 0 0 0 0 0 0 0 0 0 
0 0 0 0 0 0 0 0 0 0 0 0 0 0 0 0 0 0 0 0 0 0 0 0 0 0 0 0 0 0 0 0 0 0 0 0 0 55 55 55 55 55 55 55 55 55 55 56 56 56 56 56 56 56 57 57 57 57 57 57 57 57 57 57 57 57 57 57 57 58 58 58 58 58 58 58 58 58 58 59 59 59 59 59 59 59 59 59 59 60 60 60 60 60 60 60 60 60 60 61 61 61 61 61 61 61 61 61 62 62 62 62 62 62 62 62 62 62 62 63 63 63 63 63 63 63 63 63 64 64 64 64 64 64 64 64 65 65 65 65 65 65 65 65 65 65 65 65 65 66 66 66 66 66 66 66 66 67 67 67 67 67 67 67 68 68 68 68 68 68 68 69 69 69 69 69 69 69 70 70 70 70 70 70 70 71 71 71 71 71 72 72 73 73 74 74 74 74 75 75 75 75 75 76 76 76 76 76 77 77 77 77 77 78 78 78 78 78 79 79 79 79 80 80 80 80 81 81 81 82 82 82 83 83 83 83 84 84 84 85 85 85 84 85 85 85 85 86 86 86 86 87 87 87 87 88 88 88 88 89 89 90 90 90 90 91 91 91 92 92 92 93 93 93 94 94 94 94 95 95 95 96 96 96 96 97 97 97 97 98 98 98 98 99 99 99 99 100 100 101 101 101 102 102 102 102 103 103 103 103 104 104 104 104 105 105 106 106 106 107 107 107 108 108 108 109 109 109 109 110 110 110 110 110 110 111 111 111 111 111 112 113 113 114 114 114 114 115 115 115 116 116 117 117 117 117 117 118 118 119 118 119 119 119 120 120 121 121 121 121 122 122 123 123 123 123 123 123 123 123 124 124 124 124 125 126 125 126 125 126 126 0 0 0 0 0 0 0 0 0 0 0 0 0 0 0 130 131 131 132 132 133 134 134 134 134 135 135 135 135 136 136 136 136 136 136 136 137 137 137 137 138 138 138 139 139 139 139 139 139 140 140 140 140 141 141 141 141 142 0 0 0 0 0 0 0 0 0 0 0 0 0 0 0 0 0 0 0 0 0 0 0 0 0 0 0 0 0 0 0 0 0 0 0 0 0 0 0 0 0 0 0 0 0 0 0 0 0 0 0 0 0 0 
0 0 0 0 0 0 0 0 0 0 0 0 0 0 0 0 0 0 0 0 0 0 0 0 0 0 0 0 0 0 0 0 0 0 0 0 0 55 55 55 55 55 55 55 55 55 56 56 56 56 56 56 56 56 57 57 57 57 57 57 57 57 57 57 57 57 57 57 57 57 58 58 58 58 58 58 58 58 59 59 59 59 59 59 59 59 59 59 60 60 60 60 60 60 60 60 60 60 60 61 61 61 61 61 61 61 61 61 62 62 62 62 62 62 62 62 62 62 62 63 63 63 63 63 63 63 63 63 64 64 64 64 64 64 64 64 65 65 65 65 65 65 65 65 65 65 65 65 66 66 66 66 66 66 66 66 67 67 67 67 67 67 67 68 68 68 68 68 68 68 69 69 69 69 69 69 69 70 70 70 70 70 70 70 71 71 71 71 71 72 72 72 73 74 74 74 74 74 75 75 75 75 75 75 76 76 76 76 77 77 77 77 77 77 78 78 78 78 78 79 79 79 80 80 80 80 81 81 82 82 82 83 83 83 83 84 84 84 85 85 85 85 84 85 85 85 85 86 86 86 87 87 87 87 88 88 88 88 89 89 89 90 90 90 90 91 91 91 92 92 92 93 93 93 94 94 94 94 95 95 95 96 96 96 96 97 97 97 97 98 98 99 99 99 99 99 99 100 100 101 101 101 102 102 102 102 103 103 103 104 104 104 104 104 105 105 106 106 106 106 107 107 107 108 108 108 109 109 109 110 110 110 110 110 111 111 110 110 111 112 112 113 113 113 113 114 114 115 115 115 116 116 116 116 117 117 117 118 118 118 118 119 119 120 120 121 121 121 121 122 122 122 123 123 123 123 123 123 124 124 124 124 124 125 126 125 125 126 125 125 126 0 0 0 0 0 0 0 0 0 0 0 0 0 0 0 130 131 131 132 132 133 134 134 134 134 134 135 135 135 136 136 136 136 136 136 136 136 137 137 137 137 138 138 138 138 138 139 139 139 140 140 140 140 140 141 141 141 141 0 0 0 0 0 0 0 0 0 0 0 0 0 0 0 0 0 0 0 0 0 0 0 0 0 0 0 0 0 0 0 0 0 0 0 0 0 0 0 0 0 0 0 0 0 0 0 0 0 0 0 0 0 0 
0 0 0 0 0 0 0 0 0 0 0 0 0 0 0 0 0 0 0 0 0 0 0 0 0 0 0 0 0 0 0 0 0 0 0 0 0 55 55 55 56 56 55 56 55 55 55 56 56 56 56 56 56 56 56 57 57 57 57 57 57 57 57 57 57 57 57 58 58 58 57 58 58 58 58 58 58 58 58 59 59 59 59 59 59 59 59 59 60 60 60 60 60 60 60 60 60 60 60 61 61 61 61 61 61 61 61 61 62 62 62 62 62 62 62 62 62 62 62 62 63 63 63 63 63 63 63 63 63 64 64 64 64 64 64 65 65 65 65 65 65 65 65 65 65 65 65 66 66 66 66 66 66 66 66 66 67 67 67 67 67 67 68 68 68 68 68 68 68 68 69 69 69 69 69 69 70 70 70 70 70 70 70 71 71 71 71 71 72 72 72 72 74 74 74 74 75 75 75 75 75 75 75 76 76 76 76 76 77 77 77 77 77 77 78 78 78 78 79 79 79 79 80 80 80 80 81 82 82 82 82 82 83 83 83 84 84 84 85 85 85 85 84 85 85 85 85 86 86 86 87 87 87 87 88 88 88 88 89 89 89 90 90 90 90 91 91 91 92 92 92 93 93 93 94 94 94 94 95 95 95 96 96 96 96 97 97 97 97 98 98 98 99 99 99 99 99 100 100 101 101 101 101 102 102 102 103 103 103 104 104 104 105 105 105 105 105 106 106 106 107 107 107 108 108 108 109 109 109 110 110 110 110 110 111 110 110 110 111 112 112 113 113 113 113 114 114 115 115 115 116 116 116 116 117 117 117 118 118 118 118 119 119 120 120 121 121 121 121 121 122 122 123 123 123 123 123 123 123 124 124 124 124 125 125 125 125 126 126 125 125 126 126 0 0 0 0 0 0 0 0 0 0 0 0 129 130 130 131 131 132 133 133 134 134 134 134 135 135 135 136 136 136 136 136 136 136 137 137 137 137 137 137 138 138 138 138 138 139 139 140 140 140 140 140 141 141 141 141 0 0 0 0 0 0 0 0 0 0 0 0 0 0 0 0 0 0 0 0 0 0 0 0 0 0 0 0 0 0 0 0 0 0 0 0 0 0 0 0 0 0 0 0 0 0 0 0 0 0 0 0 0 0 
0 0 0 0 0 0 0 0 0 0 0 0 0 0 0 0 0 0 0 0 0 0 0 0 0 0 0 0 0 0 0 0 0 0 0 0 0 0 55 55 56 56 56 56 56 56 55 56 56 56 56 56 56 57 57 57 57 57 57 57 57 57 57 57 57 57 57 58 58 58 58 58 58 58 58 58 58 59 58 59 59 59 59 59 59 59 60 60 60 60 60 60 60 60 60 60 60 60 60 61 61 61 61 61 61 61 61 61 61 62 62 62 62 62 62 62 62 62 62 63 63 63 63 63 63 63 63 63 63 64 64 64 64 64 64 65 65 65 65 65 65 65 65 65 65 65 66 66 66 66 66 66 66 66 66 66 67 67 67 67 67 68 68 68 68 68 68 68 68 68 69 69 69 69 69 70 70 70 70 70 70 70 71 71 71 71 71 71 72 72 72 72 74 74 74 74 75 75 75 75 75 75 76 76 76 76 77 77 77 77 77 77 77 77 78 78 78 78 79 79 79 80 80 80 80 81 81 82 82 82 82 82 83 83 84 84 84 84 84 85 85 85 85 85 85 85 86 86 86 86 87 87 87 87 88 88 88 89 89 89 89 90 90 90 90 91 91 91 92 92 92 93 93 93 94 94 94 94 95 95 95 96 96 96 96 97 97 97 97 98 98 99 98 99 99 99 99 100 100 101 101 101 101 102 102 102 102 103 103 103 104 104 105 105 105 105 105 106 106 106 107 107 107 108 108 108 108 109 109 109 110 110 110 110 110 110 110 111 111 112 112 112 113 113 113 114 114 115 115 115 116 116 116 116 116 117 117 117 117 118 118 118 119 119 119 120 120 121 121 121 121 122 122 123 123 123 123 123 124 124 124 124 124 124 125 125 126 126 126 126 126 126 126 126 127 0 0 0 0 0 0 0 0 0 129 129 130 131 131 131 132 133 133 134 134 134 134 135 135 135 135 136 136 136 136 136 137 137 136 137 137 137 137 137 138 138 138 138 139 139 139 140 140 140 140 140 140 141 0 0 0 0 0 0 0 0 0 0 0 0 0 0 0 0 0 0 0 0 0 0 0 0 0 0 0 0 0 0 0 0 0 0 0 0 0 0 0 0 0 0 0 0 0 0 0 0 0 0 0 0 0 0 0 
0 0 0 0 0 0 0 0 0 0 0 0 0 0 0 0 0 0 0 0 0 0 0 0 0 0 0 0 0 0 0 0 0 0 0 0 0 0 55 55 55 56 55 56 57 57 56 56 56 56 56 56 57 57 57 57 57 57 57 57 57 57 57 57 57 57 57 58 58 58 58 58 58 58 58 58 58 58 59 59 59 59 59 59 59 59 60 60 60 60 60 60 60 60 60 60 60 60 61 61 61 61 61 61 61 61 61 61 61 61 61 62 62 62 62 62 62 62 62 63 63 63 63 63 63 63 64 64 64 64 64 64 64 64 64 65 65 65 65 65 65 65 65 65 65 65 66 66 66 66 66 66 66 66 66 67 67 67 67 67 67 68 68 68 68 68 68 68 68 69 69 69 69 69 69 70 70 70 70 70 70 70 71 71 71 71 71 72 72 72 72 72 74 74 74 74 75 75 75 75 75 76 76 76 76 76 77 77 77 77 77 78 77 77 78 78 78 79 79 79 79 80 80 80 81 81 81 81 82 82 82 82 83 83 83 84 84 84 84 85 85 85 85 85 85 85 86 86 86 86 87 87 87 87 88 88 88 89 89 89 89 90 90 90 90 91 91 91 92 92 92 93 93 93 94 94 94 94 95 95 95 96 96 96 96 97 97 97 97 98 98 98 98 99 99 99 100 100 100 100 101 101 101 102 102 102 103 103 103 103 104 104 104 105 105 105 105 105 106 106 107 107 107 107 108 108 108 109 109 110 110 110 110 110 110 110 111 111 111 112 112 112 112 113 113 114 114 115 115 115 116 116 116 116 116 116 117 117 117 118 118 118 118 119 119 120 120 120 121 121 121 122 122 123 123 123 123 123 124 124 124 124 124 125 125 125 125 126 126 126 126 126 126 126 126 127 0 0 0 0 0 0 0 129 129 130 130 131 131 132 132 133 133 134 134 134 134 135 135 135 135 136 136 136 136 136 136 136 137 137 137 137 137 137 138 138 138 138 0 0 139 139 139 139 140 140 140 0 0 0 0 0 0 0 0 0 0 0 0 0 0 0 0 0 0 0 0 0 0 0 0 0 0 0 0 0 0 0 0 0 0 0 0 0 0 0 0 0 0 0 0 0 0 0 0 0 0 0 0 0 0 0 0 
0 0 0 0 0 0 0 0 0 0 0 0 0 0 0 0 0 0 0 0 0 0 0 0 0 0 0 0 0 0 0 0 0 0 0 0 0 0 0 55 55 55 55 56 56 56 57 57 56 56 56 57 57 57 57 57 57 57 57 57 57 58 58 58 58 57 58 58 58 58 58 58 58 58 58 58 58 58 59 59 59 59 59 59 59 59 59 60 60 60 60 60 60 60 60 60 60 60 60 61 61 61 61 61 61 61 61 61 61 61 61 61 62 62 62 62 62 62 62 63 63 63 63 63 63 64 64 64 64 64 64 64 64 65 65 65 65 65 65 65 65 66 65 65 65 66 66 66 66 66 66 66 66 66 66 67 67 67 67 67 67 68 68 68 68 68 68 68 69 69 69 69 69 69 70 70 70 70 70 70 70 70 71 71 71 71 72 72 72 72 72 72 74 74 74 75 75 75 75 75 76 76 76 76 76 76 76 77 77 78 78 78 78 78 78 78 78 79 79 79 79 80 80 80 81 81 81 81 82 82 82 83 83 83 83 84 84 84 84 85 85 85 85 85 85 85 86 86 86 86 87 87 87 88 88 88 88 89 89 89 90 90 90 90 91 91 91 91 92 92 92 93 93 93 94 94 94 94 95 95 95 96 96 96 96 97 97 97 97 98 98 98 98 99 99 99 99 100 100 100 101 101 101 101 102 102 102 103 103 103 104 104 104 105 105 105 105 105 106 106 107 107 107 107 108 108 109 109 109 110 110 110 110 110 110 110 111 111 112 112 112 112 112 113 113 114 114 114 115 115 115 115 115 116 116 116 117 117 118 118 119 118 118 119 120 119 120 121 120 121 121 122 122 123 123 123 123 124 124 124 125 125 124 125 125 125 125 125 126 126 126 126 126 126 126 127 127 127 127 128 128 128 129 129 129 130 130 131 131 132 132 133 133 133 134 134 134 134 135 135 135 135 136 136 136 136 136 136 136 136 136 137 137 137 137 138 138 0 0 0 0 0 0 0 0 0 0 0 0 0 0 0 0 0 0 0 0 0 0 0 0 0 0 0 0 0 0 0 0 0 0 0 0 0 0 0 0 0 0 0 0 0 0 0 0 0 0 0 0 0 0 0 0 0 0 0 0 0 0 0 0 0 0 
0 0 0 0 0 0 0 0 0 0 0 0 0 0 0 0 0 0 0 0 0 0 0 0 0 0 0 0 0 0 0 0 0 0 0 0 0 0 0 55 55 55 55 55 55 56 57 57 56 56 56 57 57 57 57 57 57 57 57 57 57 58 58 58 58 58 58 58 58 58 58 58 58 58 58 58 58 58 58 59 59 59 59 59 59 59 59 60 60 60 60 60 60 60 60 60 60 60 60 61 61 61 61 61 61 61 61 61 61 61 61 61 61 62 62 62 62 62 62 63 63 63 63 63 64 64 64 64 64 64 64 65 65 65 65 65 65 65 65 65 66 66 65 65 66 66 66 66 66 66 66 66 66 66 67 67 67 67 67 67 68 68 68 68 68 68 68 69 69 69 69 69 69 69 70 70 70 70 70 70 71 71 71 71 71 71 72 72 72 72 73 73 74 74 74 75 75 75 75 76 76 76 76 76 76 76 77 77 77 78 78 78 78 78 78 78 79 79 79 79 80 80 80 80 81 81 81 81 82 82 82 83 83 83 84 84 84 84 85 85 85 85 85 85 85 85 86 86 86 86 87 87 87 88 88 88 88 89 89 89 90 90 90 90 91 91 91 91 92 92 92 93 93 93 94 94 94 94 95 95 95 96 96 96 96 97 97 97 97 98 98 98 98 99 99 99 99 100 100 100 101 101 101 101 102 102 103 103 103 104 104 104 104 105 105 105 105 106 106 106 106 107 107 107 108 108 108 109 109 109 110 110 110 110 110 111 111 111 111 112 112 112 112 113 113 113 114 114 115 115 115 115 115 116 116 116 117 117 117 118 118 118 118 119 119 120 120 121 121 121 121 122 122 123 123 123 123 123 124 124 125 125 125 125 125 125 125 125 125 126 126 126 126 126 126 127 127 127 127 128 128 129 129 129 129 129 130 131 131 132 132 132 133 133 133 134 134 134 134 135 135 135 135 135 136 136 136 136 136 136 136 136 137 137 137 137 138 0 0 0 0 0 0 0 0 0 0 0 0 0 0 0 0 0 0 0 0 0 0 0 0 0 0 0 0 0 0 0 0 0 0 0 0 0 0 0 0 0 0 0 0 0 0 0 0 0 0 0 0 0 0 0 0 0 0 0 0 0 0 0 0 0 0 
0 0 0 0 0 0 0 0 0 0 0 0 0 0 0 0 0 0 0 0 0 0 0 0 0 0 0 0 0 0 0 0 0 0 0 0 0 0 0 55 55 56 55 55 55 56 56 56 56 56 56 57 57 57 57 57 57 57 57 57 57 58 58 58 58 58 58 58 58 58 58 59 59 58 58 58 58 58 59 59 59 59 59 59 59 60 60 60 60 60 60 60 60 60 60 60 60 60 60 60 61 61 61 61 61 62 62 62 61 62 62 62 62 62 62 62 62 62 62 63 63 63 63 64 64 64 64 64 64 64 64 65 65 65 65 65 65 65 65 66 66 66 65 65 66 66 66 66 66 66 66 66 67 67 67 67 67 67 67 68 68 68 68 68 68 68 69 69 69 69 69 69 69 69 70 70 70 70 70 71 71 71 71 71 71 71 72 72 72 72 73 73 74 74 74 75 75 75 76 76 76 76 76 76 76 77 77 77 77 78 77 78 78 78 78 78 79 79 79 80 80 80 80 80 81 81 81 82 82 82 83 83 83 83 84 84 84 84 85 85 85 85 85 85 85 85 86 86 86 87 87 87 87 88 88 88 88 89 89 89 90 90 90 91 91 91 91 91 91 92 92 93 93 93 94 94 94 94 95 95 95 96 96 96 96 97 97 97 97 98 98 98 99 99 99 99 100 100 100 100 101 101 101 101 102 102 102 103 103 104 104 104 104 105 105 105 105 106 106 106 106 107 107 107 108 108 108 109 109 109 110 110 110 110 110 111 111 111 111 111 112 112 112 113 113 113 113 114 114 114 115 115 115 116 116 117 117 117 118 118 119 119 118 118 118 119 120 121 121 121 121 122 122 123 123 123 123 123 124 124 125 125 125 125 126 125 125 125 125 125 125 126 126 126 126 127 127 127 127 128 128 128 128 129 130 130 130 130 131 132 132 132 132 133 133 133 134 134 134 134 135 135 135 135 135 136 136 136 136 136 136 136 136 137 137 137 137 138 0 0 0 0 0 0 0 0 0 0 0 0 0 0 0 0 0 0 0 0 0 0 0 0 0 0 0 0 0 0 0 0 0 0 0 0 0 0 0 0 0 0 0 0 0 0 0 0 0 0 0 0 0 0 0 0 0 0 0 0 0 0 0 0 0 
0 0 0 0 0 0 0 0 0 0 0 0 0 0 0 0 0 0 0 0 0 0 0 0 0 0 0 0 0 0 0 0 0 0 0 0 0 0 0 55 55 56 55 55 55 55 56 56 56 56 57 57 57 57 57 58 58 57 57 57 57 58 58 58 58 58 58 58 58 58 59 59 59 59 58 58 58 59 59 59 59 59 59 59 59 60 60 60 60 60 60 60 60 60 61 60 60 60 60 61 61 61 61 61 62 62 62 62 62 62 62 62 62 62 62 63 63 63 63 63 63 64 64 64 64 64 64 64 64 64 64 65 65 65 65 65 65 66 66 66 66 66 65 66 66 66 66 66 66 66 66 67 67 67 67 67 67 67 68 68 68 68 68 68 68 69 69 69 69 69 69 69 69 70 70 70 70 70 71 70 70 71 71 71 71 71 72 72 72 72 73 73 74 74 75 75 75 75 76 76 76 76 76 76 76 77 77 77 77 78 78 78 78 78 78 79 79 79 79 80 80 80 80 80 81 81 81 82 82 82 83 83 83 83 84 84 84 84 85 85 85 85 85 85 85 86 86 86 86 87 87 87 87 88 88 88 88 89 89 89 90 90 90 90 91 91 91 91 91 92 92 93 93 93 94 94 94 94 95 95 95 96 96 96 96 97 97 97 97 97 98 98 99 99 99 99 99 100 100 100 100 101 101 101 102 102 102 103 103 104 104 104 104 105 105 105 105 106 106 106 106 107 107 107 108 108 108 108 109 109 109 110 110 110 110 111 111 111 111 111 112 112 112 113 113 113 113 114 114 114 114 115 116 115 116 116 117 117 118 118 118 119 118 118 118 119 119 120 121 121 121 122 122 123 123 122 123 123 124 124 124 124 125 125 125 125 125 125 125 125 125 126 126 127 127 127 127 127 127 128 128 128 128 128 129 129 130 130 131 132 132 132 132 132 132 133 133 133 134 134 135 135 135 135 135 135 135 136 136 136 136 136 136 137 137 137 137 138 0 0 0 0 0 0 0 0 0 0 0 0 0 0 0 0 0 0 0 0 0 0 0 0 0 0 0 0 0 0 0 0 0 0 0 0 0 0 0 0 0 0 0 0 0 0 0 0 0 0 0 0 0 0 0 0 0 0 0 0 0 0 0 0 0 
0 0 0 0 0 0 0 0 0 0 0 0 0 0 0 0 0 0 0 0 0 0 0 0 0 0 0 0 0 0 0 0 0 0 0 0 0 0 0 0 56 56 55 55 55 55 56 56 56 56 57 57 57 57 57 58 57 57 58 58 57 58 58 58 58 58 58 58 58 59 59 59 58 58 59 58 58 59 59 59 59 59 59 59 59 60 60 60 60 60 60 60 60 60 61 61 61 61 61 61 61 61 61 61 62 62 62 62 62 62 63 63 63 63 63 63 63 63 63 63 63 64 64 64 64 64 64 64 64 65 65 65 65 65 65 65 65 65 66 66 66 66 65 66 66 66 66 66 66 66 67 67 67 67 67 67 67 67 68 68 68 68 68 68 69 69 69 69 69 69 69 69 70 70 70 70 70 70 71 70 70 70 71 71 71 72 72 72 72 72 73 73 74 74 75 75 75 75 75 76 76 76 76 76 76 77 77 77 77 78 78 78 78 78 79 79 79 79 80 80 80 80 81 81 81 81 81 82 82 82 83 83 83 84 84 84 84 85 85 85 85 85 84 85 85 86 86 86 86 87 87 87 88 88 88 88 88 89 89 89 90 90 90 90 91 91 91 91 91 92 92 93 93 93 94 94 94 94 95 95 95 96 96 96 96 97 97 97 97 97 98 98 98 99 99 99 99 100 100 100 100 101 101 101 102 102 102 102 103 103 104 104 104 105 105 105 105 105 105 106 106 107 107 107 107 108 108 108 108 109 109 110 110 110 111 111 111 111 111 112 112 112 112 113 113 113 113 114 114 114 114 115 116 116 116 116 117 117 117 117 118 119 118 118 118 119 120 120 120 121 121 122 122 122 122 122 123 123 123 124 124 124 124 125 125 125 125 125 125 125 125 126 126 126 127 127 127 127 127 128 128 128 128 128 129 129 130 131 131 132 132 132 132 132 132 133 133 133 134 134 134 135 135 135 135 135 135 136 136 136 136 136 137 137 137 137 137 137 138 0 0 0 0 0 0 0 0 0 0 0 0 0 0 0 0 0 0 0 0 0 0 0 0 0 0 0 0 0 0 0 0 0 0 0 0 0 0 0 0 0 0 0 0 0 0 0 0 0 0 0 0 0 0 0 0 0 0 0 0 0 0 0 0 
0 0 0 0 0 0 0 0 0 0 0 0 0 0 0 0 0 0 0 0 0 0 0 0 0 0 0 0 0 0 0 0 0 0 0 0 0 0 0 0 56 56 55 55 56 56 56 56 56 56 56 56 57 57 58 58 58 58 58 57 57 58 58 58 58 58 58 58 59 59 59 58 58 58 58 58 59 59 59 59 59 59 59 60 60 60 60 60 60 60 60 60 60 61 61 61 61 60 61 61 61 61 61 61 62 62 62 62 62 63 63 63 63 63 63 63 63 63 63 64 64 64 64 64 64 64 64 64 64 64 65 65 65 65 65 65 65 66 66 66 66 66 66 66 66 66 66 66 66 67 67 67 67 67 67 67 67 67 68 68 68 68 68 69 69 69 69 69 69 69 69 70 70 70 70 70 70 71 71 70 70 71 71 71 72 72 72 72 72 72 73 73 74 75 75 75 75 75 75 76 76 76 76 76 77 77 77 77 77 78 78 78 78 78 79 79 79 80 80 80 80 80 81 81 81 81 81 82 82 82 83 83 83 84 84 84 84 85 85 85 85 85 84 85 85 86 86 86 86 87 87 87 87 88 88 88 88 89 89 89 90 90 90 91 91 91 91 91 91 92 92 93 93 93 94 94 94 94 95 95 95 96 96 96 96 97 97 97 97 98 98 98 98 98 99 99 99 100 100 100 100 101 101 101 102 102 102 102 103 103 104 104 104 105 105 105 105 105 105 106 106 107 107 107 107 107 108 108 108 109 110 110 110 110 111 111 111 111 111 112 112 112 113 113 113 113 113 114 114 114 115 115 116 116 116 116 117 117 117 117 118 118 119 118 118 118 119 119 120 120 121 121 121 121 122 122 123 123 124 123 123 124 124 125 125 126 125 125 125 125 126 126 126 126 127 127 127 127 127 127 128 128 128 128 129 129 130 130 131 131 132 132 132 132 132 133 133 133 133 133 134 134 135 135 135 135 135 135 135 136 136 136 137 137 137 137 137 137 137 138 0 0 0 0 0 0 0 0 0 0 0 0 0 0 0 0 0 0 0 0 0 0 0 0 0 0 0 0 0 0 0 0 0 0 0 0 0 0 0 0 0 0 0 0 0 0 0 0 0 0 0 0 0 0 0 0 0 0 0 0 0 0 0 
0 0 0 0 0 0 0 0 0 0 0 0 0 0 0 0 0 0 0 0 0 0 0 0 0 0 0 0 0 0 0 0 0 0 0 0 0 0 0 0 56 56 56 56 56 56 56 56 57 56 57 57 57 57 58 58 58 58 58 58 57 58 58 58 58 58 58 58 58 59 59 59 58 59 59 58 59 59 59 59 59 59 59 60 60 60 60 60 60 60 60 61 60 61 61 61 61 61 61 61 61 61 61 62 62 62 62 62 63 63 63 63 63 63 63 63 63 63 63 63 63 64 64 64 64 64 64 64 64 65 65 65 65 65 65 65 65 66 66 66 66 66 66 66 66 66 66 66 66 67 67 67 67 67 67 67 68 68 68 68 68 68 68 69 69 69 69 69 69 69 70 70 70 70 70 70 70 71 71 71 71 71 71 71 72 72 72 72 72 72 73 73 74 75 75 75 75 75 76 76 76 76 76 76 77 77 77 77 78 78 78 78 78 79 79 79 79 80 80 80 80 81 81 81 81 81 82 82 82 82 83 83 83 84 84 84 84 85 85 85 85 86 85 85 85 86 86 86 86 87 87 87 88 88 88 88 88 89 89 89 90 90 90 90 91 91 91 91 91 92 92 93 93 93 94 94 94 94 95 95 95 96 96 96 96 97 97 97 97 98 98 98 98 98 99 99 99 99 100 100 100 101 101 101 101 102 102 102 103 103 103 104 104 104 105 105 105 105 105 106 106 106 107 107 107 107 108 108 109 109 109 109 110 110 111 111 111 111 111 112 112 112 113 113 113 113 113 114 114 114 115 115 116 116 116 116 116 117 117 117 117 118 119 118 118 118 119 119 120 120 121 121 121 121 121 122 122 123 123 123 123 124 124 124 125 125 125 126 126 126 126 126 126 127 127 127 127 127 127 127 128 128 128 128 129 129 130 130 131 131 132 132 132 132 132 132 133 133 133 133 133 134 134 134 135 135 135 135 135 135 136 136 137 137 137 137 137 137 138 138 138 0 0 0 0 0 0 0 0 0 0 0 0 0 0 0 0 0 0 0 0 0 0 0 0 0 0 0 0 0 0 0 0 0 0 0 0 0 0 0 0 0 0 0 0 0 0 0 0 0 0 0 0 0 0 0 0 0 0 0 0 0 0 
0 0 0 0 0 0 0 0 0 0 0 0 0 0 0 0 0 0 0 0 0 0 0 0 0 0 0 0 0 0 0 0 0 0 0 0 0 0 0 55 56 56 56 56 56 56 56 56 56 57 57 57 57 57 57 58 58 57 57 57 58 58 59 58 58 58 58 59 59 59 59 59 59 59 59 59 59 59 59 59 59 60 60 60 60 60 60 60 60 60 60 60 60 61 61 61 61 61 61 61 61 61 61 62 62 62 62 62 62 63 63 63 63 63 63 63 63 64 64 64 64 64 64 64 64 64 64 64 64 65 65 65 65 65 65 66 66 66 66 66 66 66 66 66 66 66 66 66 67 67 67 67 67 67 67 67 68 68 68 68 68 68 69 69 69 69 69 69 69 70 70 70 70 70 70 70 71 71 71 71 71 71 71 71 72 72 72 72 72 73 73 73 74 74 75 75 75 75 75 76 76 76 76 77 77 77 77 78 78 78 78 78 78 79 79 79 79 80 80 80 80 81 81 81 81 82 82 82 82 82 83 83 83 84 84 84 84 85 85 85 86 86 85 85 85 86 86 86 86 87 87 87 88 88 88 88 88 89 89 90 90 90 90 91 91 91 91 91 92 92 92 93 93 93 94 94 94 94 95 95 95 96 96 96 96 97 97 97 97 98 98 98 98 98 99 99 99 99 100 100 100 101 101 101 101 102 102 102 103 103 103 104 104 104 104 105 105 105 105 106 106 106 107 107 107 108 108 108 109 109 109 110 110 110 111 111 111 111 111 112 112 112 113 113 113 113 113 114 114 114 115 115 115 116 116 116 116 116 117 117 117 118 118 118 118 118 118 119 120 120 121 121 121 120 121 122 122 122 123 123 123 124 124 124 125 125 126 125 126 126 126 126 126 126 126 127 127 127 128 128 127 128 128 128 129 129 129 130 130 131 131 132 132 132 132 132 133 133 133 133 133 133 134 134 134 134 134 135 135 135 136 136 136 136 136 136 136 137 137 138 138 138 0 0 0 0 0 0 0 0 0 0 0 0 0 0 0 0 0 0 0 0 0 0 0 0 0 0 0 0 0 0 0 0 0 0 0 0 0 0 0 0 0 0 0 0 0 0 0 0 0 0 0 0 0 0 0 0 0 0 0 0 0 
0 0 0 0 0 0 0 0 0 0 0 0 0 0 0 0 0 0 0 0 0 0 0 0 0 0 0 0 0 0 0 0 0 0 0 0 0 55 55 55 55 56 55 55 56 56 56 56 56 56 56 57 57 58 57 58 58 58 58 58 58 58 59 59 59 59 59 59 59 59 58 59 59 59 59 59 59 59 59 59 59 60 60 60 60 60 60 60 60 60 60 60 60 61 61 61 61 61 61 61 61 62 62 62 62 62 62 62 63 63 63 63 63 63 63 63 63 64 64 64 64 64 64 64 64 64 64 64 64 65 65 65 65 65 65 65 66 66 66 66 66 66 66 66 66 66 66 67 67 67 67 67 67 67 68 68 68 68 68 68 68 69 69 69 69 69 69 69 69 70 70 70 70 70 70 70 71 71 71 71 71 71 71 71 72 72 72 72 72 73 73 73 75 75 75 75 75 75 76 76 76 76 76 77 77 77 77 78 78 78 78 78 79 79 79 79 80 80 80 80 81 81 81 81 81 82 82 82 82 83 83 83 83 84 84 84 84 85 85 85 86 86 85 85 85 86 86 86 87 87 87 87 88 88 88 88 88 89 89 90 90 90 91 91 91 91 91 91 92 92 92 93 93 93 94 94 94 95 95 95 95 96 96 96 96 97 97 97 97 98 98 98 98 98 99 99 99 99 100 100 100 101 101 101 101 102 102 102 103 103 103 104 104 104 104 105 105 105 105 106 106 106 107 107 107 108 108 108 108 109 109 109 110 110 111 111 111 111 111 111 112 112 112 113 113 113 113 114 114 114 114 115 115 116 116 116 116 117 117 117 118 118 118 119 119 119 119 119 119 120 120 120 120 121 121 122 122 122 123 123 123 123 124 124 125 125 125 125 125 126 126 126 126 126 126 126 127 127 127 128 128 128 127 128 129 129 129 130 131 131 131 132 132 132 132 132 133 133 133 133 133 134 134 134 134 134 134 134 135 135 135 136 136 136 136 136 136 137 137 138 138 138 0 0 0 0 0 0 0 0 0 0 0 0 0 0 0 0 0 0 0 0 0 0 0 0 0 0 0 0 0 0 0 0 0 0 0 0 0 0 0 0 0 0 0 0 0 0 0 0 0 0 0 0 0 0 0 0 0 0 0 0 0 
0 0 0 0 0 0 0 0 0 0 0 0 0 0 0 0 0 0 0 0 0 0 0 0 0 0 0 0 0 0 0 0 0 0 0 55 55 55 55 55 55 56 55 55 56 56 56 56 56 56 57 57 57 58 58 58 58 58 58 58 58 58 58 59 59 59 59 59 59 59 59 59 59 59 59 59 59 59 59 59 59 60 60 60 60 60 60 60 60 60 60 60 61 61 61 61 61 61 61 62 62 62 62 62 62 63 63 63 63 63 63 63 63 63 63 63 64 64 64 64 64 64 64 64 64 64 64 64 65 65 65 65 65 65 65 66 66 66 66 66 66 66 66 66 66 66 66 66 67 67 67 67 67 67 68 68 68 68 68 68 69 69 69 69 69 69 69 69 70 70 70 70 70 70 70 71 71 71 71 71 71 72 72 72 72 72 72 72 72 73 73 73 75 75 75 75 75 75 76 76 76 76 77 77 77 77 77 78 78 78 78 79 79 79 79 79 80 80 80 80 81 81 81 81 82 82 82 82 82 83 83 83 83 84 84 84 85 85 85 85 85 86 85 85 85 86 86 86 87 87 87 87 88 88 88 88 88 89 89 89 90 90 91 91 91 91 91 91 92 92 92 93 93 93 94 94 94 95 95 95 95 96 96 96 96 97 97 97 97 98 98 98 98 98 99 99 99 99 100 100 101 101 101 101 101 102 102 102 103 103 103 103 104 104 104 105 105 105 105 106 106 106 107 107 107 107 108 108 108 108 109 109 110 110 110 111 111 111 111 111 112 112 112 113 113 113 113 114 114 114 114 114 115 115 116 116 116 117 117 117 118 118 118 119 118 118 118 119 119 120 120 120 121 122 122 122 122 122 122 123 123 123 124 124 125 125 125 125 125 125 126 126 126 126 126 126 127 127 127 127 127 127 127 128 128 129 129 130 130 131 131 132 132 132 132 132 133 133 133 133 133 134 134 134 134 134 134 135 135 135 135 135 136 136 136 136 136 137 137 137 137 138 0 0 0 0 0 0 0 0 0 0 0 0 0 0 0 0 0 0 0 0 0 0 0 0 0 0 0 0 0 0 0 0 0 0 0 0 0 0 0 0 0 0 0 0 0 0 0 0 0 0 0 0 0 0 0 0 0 0 0 0 0 
0 0 0 0 0 0 0 0 0 0 0 0 0 0 0 0 0 0 0 0 0 0 0 0 0 0 0 0 0 0 0 0 0 0 0 55 56 56 56 55 56 56 55 55 55 56 56 56 57 57 57 57 57 58 58 58 58 58 58 58 58 58 58 58 58 59 59 59 59 59 59 59 59 58 59 59 59 59 59 59 59 60 60 60 60 60 60 60 60 60 60 61 61 61 61 61 61 61 61 62 62 62 62 62 62 63 63 63 63 63 63 63 63 63 63 63 64 64 64 64 64 64 64 64 64 64 64 64 65 65 65 65 65 65 65 66 66 66 66 66 66 66 66 66 66 66 66 67 67 67 67 67 67 68 68 68 68 68 68 69 69 69 69 69 69 69 69 70 70 70 70 70 70 70 71 71 71 71 71 71 72 72 72 72 72 72 72 72 72 73 73 73 75 75 75 76 76 76 76 76 76 76 77 77 77 77 77 78 78 78 79 79 79 79 79 80 80 80 80 81 81 81 81 81 82 82 82 82 83 83 83 83 83 84 84 84 85 85 85 85 86 86 85 85 85 86 86 86 87 87 87 87 88 88 88 88 88 89 89 89 90 90 91 91 91 91 91 92 92 92 92 93 93 93 94 94 94 95 95 95 95 96 96 96 96 97 97 97 97 98 98 98 98 99 99 99 99 99 100 100 100 101 101 101 101 102 102 102 102 103 103 103 104 104 104 104 105 105 105 106 106 106 106 107 107 107 108 108 108 109 109 109 110 110 110 111 111 111 111 111 111 112 112 112 113 112 113 113 114 114 115 115 115 115 115 116 116 117 117 117 117 118 118 118 119 119 119 119 119 120 120 120 121 121 122 122 122 123 122 122 123 123 124 124 124 125 124 125 125 125 125 126 126 126 126 126 126 127 127 127 128 127 127 128 128 129 129 129 130 131 131 131 131 132 132 132 132 132 133 133 133 133 134 134 134 134 134 134 135 135 135 135 136 136 136 136 136 136 137 137 137 137 137 0 0 0 0 0 0 0 0 0 0 0 0 0 0 0 0 0 0 0 0 0 0 0 0 0 0 0 0 0 0 0 0 0 0 0 0 0 0 0 0 0 0 0 0 0 0 0 0 0 0 0 0 0 0 0 0 0 0 0 0 
0 0 0 0 0 0 0 0 0 0 0 0 0 0 0 0 0 0 0 0 0 0 0 0 0 0 0 0 0 0 0 0 0 0 0 55 56 56 56 56 56 56 56 56 56 56 56 56 57 57 57 58 58 58 58 58 58 57 57 58 58 58 58 58 58 58 59 59 59 59 59 59 59 59 59 59 59 60 60 60 60 60 60 60 60 60 60 60 60 60 60 60 61 61 61 61 61 61 62 62 62 62 62 62 63 63 63 63 63 63 63 63 63 64 64 64 64 64 64 64 64 64 64 64 64 65 65 65 65 65 65 66 66 66 66 66 66 66 66 66 66 67 66 66 66 67 67 67 67 67 67 67 67 68 68 68 68 68 68 69 69 69 69 69 69 69 69 70 70 70 70 70 70 70 71 71 71 71 71 72 72 72 72 72 72 73 73 73 73 73 73 73 75 75 75 76 76 76 76 76 76 76 77 77 77 77 78 78 78 79 79 79 79 79 79 80 80 80 80 81 81 81 81 82 82 82 82 82 83 83 83 83 84 84 84 84 85 85 85 85 86 86 85 85 85 86 86 86 87 87 87 87 88 88 88 88 89 89 89 89 90 90 90 91 91 91 91 92 92 92 92 93 93 93 94 94 94 95 95 95 95 96 96 96 96 97 97 97 97 98 98 98 98 99 99 99 99 99 100 100 100 100 101 101 102 102 102 102 102 103 103 103 104 104 104 105 105 105 106 106 106 106 107 107 107 107 107 108 108 109 109 109 109 110 110 110 110 111 111 111 111 111 112 112 112 113 113 113 114 114 115 115 115 114 115 116 116 117 117 117 117 118 118 118 119 119 119 119 119 119 119 120 121 121 121 122 122 123 123 122 122 123 123 124 124 124 124 125 125 125 125 126 126 127 126 126 127 127 127 127 127 127 127 127 128 129 129 129 130 130 131 131 131 131 131 132 132 132 132 133 133 133 133 133 133 134 134 134 135 135 135 135 136 136 136 136 136 136 137 137 137 137 137 0 0 0 0 0 0 0 0 0 0 0 0 0 0 0 0 0 0 0 0 0 0 0 0 0 0 0 0 0 0 0 0 0 0 0 0 0 0 0 0 0 0 0 0 0 0 0 0 0 0 0 0 0 0 0 0 0 0 0 0 
0 0 0 0 0 0 0 0 0 0 0 0 0 0 0 0 0 0 0 0 0 0 0 0 0 0 0 0 0 0 0 0 0 0 55 55 55 56 56 56 56 57 56 56 56 57 57 57 57 57 57 58 58 58 58 58 58 57 58 58 58 58 58 58 58 58 58 59 59 59 59 59 59 59 59 60 59 60 60 60 60 60 60 60 60 60 60 60 61 61 61 61 60 61 61 61 61 61 62 62 62 62 62 62 62 63 63 63 63 63 63 64 64 64 64 64 64 64 64 64 65 65 65 65 65 65 65 65 65 65 66 66 66 66 66 66 66 67 67 67 67 67 67 67 67 67 67 67 67 67 67 67 67 68 68 68 68 68 68 69 69 69 69 69 69 69 69 69 70 70 70 70 70 71 71 71 71 71 72 72 72 72 72 72 72 72 73 73 73 73 73 73 75 75 75 76 76 76 76 77 77 77 77 77 77 77 78 78 78 79 79 79 79 79 80 80 80 80 80 81 81 81 81 82 82 82 82 83 83 83 83 84 84 84 84 84 85 85 85 85 86 86 85 85 85 86 86 86 87 87 87 87 88 88 88 88 89 89 89 89 90 90 90 91 91 91 91 92 92 92 92 93 93 93 94 94 94 95 95 95 95 96 96 96 96 97 97 97 97 97 98 98 98 99 99 99 99 99 100 100 100 100 101 101 102 102 102 102 102 103 103 103 104 104 104 105 105 105 106 106 106 106 106 107 107 107 107 108 108 108 109 109 109 110 110 110 110 111 111 111 111 111 112 112 113 113 113 113 114 114 115 114 114 115 115 116 116 117 117 117 117 118 118 118 118 119 119 119 119 120 119 120 121 121 121 121 122 122 123 122 122 123 123 124 124 124 124 124 124 125 125 126 126 126 127 127 127 127 127 127 128 127 127 127 128 128 128 129 130 130 131 131 131 131 131 132 132 132 132 133 133 133 134 134 133 134 134 134 134 135 135 135 135 136 136 136 136 136 136 137 137 137 137 0 0 0 0 0 0 0 0 0 0 0 0 0 0 0 0 0 0 0 0 0 0 0 0 0 0 0 0 0 0 0 0 0 0 0 0 0 0 0 0 0 0 0 0 0 0 0 0 0 0 0 0 0 0 0 0 0 0 0 0 
0 0 0 0 0 0 0 0 0 0 0 0 0 0 0 0 0 0 0 0 0 0 0 0 0 0 0 0 0 0 0 0 0 0 0 0 55 55 56 56 57 57 57 57 57 57 57 57 57 57 57 57 58 58 58 58 58 58 57 58 58 58 58 58 58 58 58 58 58 59 59 59 60 60 60 59 60 60 60 60 60 60 60 60 60 60 60 60 61 61 61 61 61 61 61 61 61 61 62 62 62 62 62 62 62 63 63 63 63 63 64 64 64 64 64 64 64 64 64 64 65 65 65 65 65 65 65 65 65 66 66 66 66 66 66 66 66 67 67 67 67 67 67 67 67 67 67 67 67 67 67 67 67 68 68 68 68 68 69 69 69 69 69 69 69 70 70 70 70 70 70 70 71 71 71 71 71 71 71 72 72 72 72 72 72 73 73 73 73 73 73 74 75 75 75 76 76 76 77 77 77 77 77 78 78 78 78 78 78 78 79 79 79 79 80 80 80 80 80 81 81 81 81 82 82 82 82 83 83 83 84 84 84 84 84 85 85 85 85 85 86 86 85 85 85 86 86 86 87 87 87 87 88 88 88 89 89 89 89 89 90 90 90 90 91 91 91 91 92 92 92 93 93 93 94 94 94 95 95 95 95 96 96 96 96 97 97 97 97 97 98 98 98 98 98 99 99 99 100 100 100 100 101 101 101 102 102 102 102 103 103 103 104 104 104 104 105 105 105 105 106 106 106 106 107 107 107 108 109 108 108 109 109 109 110 111 111 112 112 111 111 111 112 112 113 113 113 113 114 114 114 114 114 115 115 115 116 117 117 118 118 118 118 118 118 118 119 119 119 119 120 120 121 121 121 121 121 122 122 122 122 123 123 123 124 124 123 124 125 125 125 126 126 126 126 127 127 127 127 127 127 127 127 127 128 128 128 129 129 130 130 131 131 131 131 132 132 132 132 132 133 133 133 133 134 134 134 134 134 135 135 135 135 135 135 135 136 136 136 136 137 137 137 137 0 0 0 0 0 0 0 0 0 0 0 0 0 0 0 0 0 0 0 0 0 0 0 0 0 0 0 0 0 0 0 0 0 0 0 0 0 0 0 0 0 0 0 0 0 0 0 0 0 0 0 0 0 0 0 0 0 0 0 
0 0 0 0 0 0 0 0 0 0 0 0 0 0 0 0 0 0 0 0 0 0 0 0 0 0 0 0 0 0 0 0 0 0 0 55 55 55 56 56 56 57 56 57 57 56 57 57 57 57 57 57 57 58 58 58 58 58 58 58 58 58 58 58 58 58 58 58 59 59 59 60 60 60 60 60 60 60 60 60 60 60 60 60 60 60 60 60 61 61 61 61 61 61 61 61 61 61 61 62 62 62 62 62 62 63 63 63 63 63 64 64 64 64 64 64 64 64 65 65 65 65 65 65 65 65 65 65 65 66 66 66 66 66 66 66 66 67 67 67 67 67 67 67 67 67 67 67 68 67 67 67 67 68 68 68 68 69 69 69 69 69 69 69 69 70 70 70 70 70 71 71 71 71 71 71 71 72 72 72 72 72 72 73 73 73 73 73 73 73 73 74 75 75 76 76 76 76 77 77 77 77 77 78 78 78 78 78 78 78 79 79 79 79 80 80 80 80 81 81 81 81 82 82 82 82 83 83 83 83 84 84 84 84 84 85 85 85 85 85 86 86 85 85 85 86 86 86 87 87 87 88 88 88 88 89 89 89 89 89 90 90 90 90 91 91 91 92 92 92 93 93 93 93 94 94 94 95 95 95 95 96 96 96 96 97 97 97 97 97 98 98 98 98 98 99 99 99 99 100 100 100 101 101 101 102 102 102 102 103 103 103 103 104 104 104 105 105 105 105 106 106 106 106 106 107 107 108 108 109 109 110 109 109 110 110 111 111 112 111 111 111 112 113 113 113 113 114 114 114 114 114 114 115 115 115 115 116 117 117 118 118 118 118 118 118 119 119 120 120 120 120 121 121 121 121 121 122 122 123 122 123 123 123 123 123 123 123 124 125 125 125 126 125 126 127 127 127 127 127 127 127 127 127 128 128 128 129 129 130 130 131 131 131 131 132 132 132 132 132 132 133 133 133 133 134 134 134 134 134 135 135 135 135 136 136 136 136 136 136 136 137 136 137 0 0 0 0 0 0 0 0 0 0 0 0 0 0 0 0 0 0 0 0 0 0 0 0 0 0 0 0 0 0 0 0 0 0 0 0 0 0 0 0 0 0 0 0 0 0 0 0 0 0 0 0 0 0 0 0 0 0 0 
0 0 0 0 0 0 0 0 0 0 0 0 0 0 0 0 0 0 0 0 0 0 0 0 0 0 0 0 0 0 0 0 0 0 0 0 55 56 55 56 56 56 55 56 56 56 57 57 57 57 57 57 57 58 58 58 59 59 58 58 58 58 59 59 58 58 58 58 59 59 59 60 60 60 60 60 60 60 60 60 60 60 60 60 60 60 60 61 61 61 61 61 61 61 61 62 62 61 61 62 62 62 62 62 62 63 63 63 63 63 64 63 63 64 64 64 64 64 64 65 65 65 65 65 65 65 65 65 66 66 66 66 66 66 66 66 66 66 67 67 67 67 67 67 67 67 67 67 68 67 67 67 67 68 68 68 68 69 69 69 69 69 69 69 69 70 70 70 70 71 71 71 71 71 71 72 72 72 72 72 73 73 73 73 73 73 73 73 73 73 74 74 75 76 76 76 76 76 76 77 77 77 77 78 78 78 78 78 78 78 79 79 79 79 80 80 80 80 81 81 81 82 82 82 82 82 83 83 83 83 84 84 84 84 84 84 85 85 85 86 86 86 85 85 86 86 86 86 87 87 87 88 88 88 88 88 89 89 89 89 90 90 90 91 91 91 91 92 92 92 92 93 93 93 94 94 94 95 95 95 95 96 96 96 96 97 97 97 97 97 98 98 98 98 98 99 99 99 99 100 100 101 101 101 102 102 102 102 102 103 103 103 103 104 104 104 105 105 105 105 106 106 106 106 107 107 108 108 108 109 109 110 109 109 109 110 111 111 111 111 112 112 112 113 114 114 114 114 114 114 114 115 115 115 115 115 116 116 116 116 117 117 117 117 117 118 118 119 119 119 119 120 121 120 121 121 122 122 123 123 122 123 123 123 123 123 124 124 123 124 124 125 125 125 126 126 126 127 127 127 127 127 127 127 127 128 128 129 129 130 130 131 131 131 131 131 132 132 132 132 132 132 133 133 133 133 134 134 134 134 135 135 135 135 136 136 136 136 136 136 136 137 136 136 137 0 0 0 0 0 0 0 0 0 0 0 0 0 0 0 0 0 0 0 0 0 0 0 0 0 0 0 0 0 0 0 0 0 0 0 0 0 0 0 0 0 0 0 0 0 0 0 0 0 0 0 0 0 0 0 0 0 0 
0 0 0 0 0 0 0 0 0 0 0 0 0 0 0 0 0 0 0 0 0 0 0 0 0 0 0 0 0 0 0 0 0 0 0 0 0 0 55 56 57 56 56 56 56 56 57 57 57 57 57 57 58 58 58 58 58 59 58 59 59 59 59 59 59 60 59 59 59 59 59 60 60 60 60 60 60 60 60 60 60 60 60 60 60 61 61 61 61 61 61 61 61 61 61 61 62 62 61 62 62 62 62 62 63 63 63 63 63 64 64 64 64 64 64 64 64 64 64 65 65 65 65 65 65 65 65 66 66 66 66 66 66 66 67 67 66 66 67 67 67 67 67 67 67 67 67 67 68 68 67 67 68 68 68 68 68 69 69 69 69 69 69 70 70 70 70 70 70 71 71 71 71 71 72 72 72 72 72 72 73 73 73 73 73 73 74 74 74 74 74 74 75 76 76 76 76 76 76 76 77 77 77 77 78 78 78 79 79 79 79 79 79 80 80 80 80 81 81 81 81 82 82 82 82 83 83 83 83 83 84 84 84 84 84 84 85 85 86 86 86 86 85 86 86 86 86 87 87 87 87 87 88 88 88 88 89 89 89 90 90 90 90 90 91 91 91 92 92 92 92 93 93 93 94 94 94 95 95 95 95 96 96 96 96 97 97 97 97 97 98 98 98 98 98 99 99 99 99 100 100 101 101 101 101 102 102 102 102 103 103 103 103 104 104 104 105 105 105 105 106 106 106 106 107 107 108 108 108 108 109 110 109 109 110 110 111 110 111 111 112 112 113 113 113 114 114 114 114 114 115 115 115 115 115 115 116 116 116 117 117 117 117 118 118 118 118 119 119 119 120 120 120 120 121 121 121 122 123 123 123 123 123 123 123 123 123 123 124 124 124 124 125 125 126 126 126 127 127 127 127 127 127 127 128 128 128 129 129 130 130 130 130 131 131 131 131 132 132 132 132 132 133 133 133 133 134 134 134 134 134 134 135 135 135 136 136 136 136 136 136 137 136 136 136 137 0 0 0 0 0 0 0 0 0 0 0 0 0 0 0 0 0 0 0 0 0 0 0 0 0 0 0 0 0 0 0 0 0 0 0 0 0 0 0 0 0 0 0 0 0 0 0 0 0 0 0 0 0 0 0 0 0 
0 0 0 0 0 0 0 0 0 0 0 0 0 0 0 0 0 0 0 0 0 0 0 0 0 0 0 0 0 0 0 0 0 0 0 0 0 0 55 56 56 56 55 56 56 56 56 57 58 58 57 57 58 57 57 58 59 59 59 59 59 59 59 59 59 60 60 60 59 59 59 59 60 60 60 60 60 60 60 60 60 61 60 60 60 60 61 61 61 61 61 61 61 61 61 61 62 62 62 62 62 62 62 62 62 63 63 63 63 64 64 64 64 64 64 64 64 64 64 65 65 65 65 65 65 65 66 66 66 66 66 66 66 66 67 67 67 66 67 67 67 67 67 67 67 67 67 67 68 68 67 68 68 68 68 69 69 69 69 69 69 69 70 70 70 70 70 70 70 70 71 71 71 71 72 72 72 72 72 72 72 73 73 73 73 73 74 74 74 74 74 74 75 76 76 76 76 76 76 77 77 77 77 77 77 78 78 78 79 79 80 80 80 80 80 80 80 81 81 81 81 82 82 82 82 83 83 83 83 83 83 84 84 84 84 85 85 85 86 86 86 86 85 86 86 86 86 87 87 87 87 87 88 88 88 89 89 89 89 90 90 90 90 91 91 91 91 92 92 92 92 93 93 93 94 94 94 95 95 95 95 96 96 96 96 97 97 97 97 97 98 98 98 98 99 99 99 99 99 100 100 100 101 101 101 102 102 102 102 102 103 103 103 104 104 104 105 105 105 105 106 106 106 106 106 107 107 108 108 108 109 109 109 109 110 111 111 110 111 111 112 112 113 113 113 114 114 114 114 114 115 115 115 116 116 116 116 117 116 117 118 118 118 118 118 119 119 119 119 119 120 120 120 120 121 121 122 122 123 123 123 123 123 123 123 123 123 123 124 124 124 124 124 125 125 126 126 126 126 126 126 127 126 127 127 128 128 129 129 130 130 130 130 130 131 131 131 131 131 132 132 132 132 133 133 133 133 134 134 134 134 134 135 135 135 136 136 136 136 136 136 136 136 136 136 136 137 0 0 0 0 0 0 0 0 0 0 0 0 0 0 0 0 0 0 0 0 0 0 0 0 0 0 0 0 0 0 0 0 0 0 0 0 0 0 0 0 0 0 0 0 0 0 0 0 0 0 0 0 0 0 0 0 
0 0 0 0 0 0 0 0 0 0 0 0 0 0 0 0 0 0 0 0 0 0 0 0 0 0 0 0 0 0 0 0 0 0 0 0 0 0 56 56 56 56 56 56 57 57 57 57 57 58 58 57 57 57 57 58 58 59 59 59 59 59 58 59 59 60 60 60 60 60 59 60 60 60 60 60 60 60 60 60 60 60 61 60 60 60 61 61 61 61 61 61 61 61 61 62 62 62 62 62 62 62 62 62 63 63 63 63 63 64 64 64 64 64 64 64 64 64 64 65 65 65 65 65 66 66 66 66 66 66 66 66 66 66 67 67 67 67 67 67 67 67 67 67 67 67 67 67 68 68 68 68 68 68 69 69 69 69 69 69 69 70 70 70 70 70 70 70 70 71 71 71 71 71 72 72 72 72 72 72 73 73 73 73 73 74 74 74 74 74 74 75 76 76 76 76 76 77 77 77 78 78 77 78 78 78 78 78 79 79 79 80 80 80 80 80 81 81 81 81 81 82 82 82 82 83 83 83 83 83 84 84 84 84 85 85 85 86 86 86 86 86 86 86 86 86 86 87 87 87 87 87 88 88 89 89 89 89 89 90 90 90 91 91 91 91 91 92 92 92 92 93 93 93 94 94 94 95 95 95 95 96 96 96 96 97 97 97 97 97 98 98 98 98 99 99 99 99 99 100 100 100 101 101 101 102 102 102 102 102 103 103 104 104 104 104 104 105 105 105 106 106 106 106 106 107 107 108 108 109 109 109 109 109 110 110 110 111 111 111 111 112 112 112 113 113 113 114 114 114 114 115 115 116 116 116 116 117 117 117 118 118 118 118 119 119 119 119 119 119 120 120 121 121 120 121 122 122 122 123 123 123 123 124 123 123 123 124 123 124 124 124 124 124 125 126 126 126 126 126 127 127 127 127 128 128 128 128 129 130 130 130 130 131 131 131 131 131 131 132 132 132 132 132 133 133 133 134 134 134 134 134 135 135 135 135 136 136 135 136 136 136 136 136 136 136 137 137 0 0 0 0 0 0 0 0 0 0 0 0 0 0 0 0 0 0 0 0 0 0 0 0 0 0 0 0 0 0 0 0 0 0 0 0 0 0 0 0 0 0 0 0 0 0 0 0 0 0 0 0 0 0 0 
0 0 0 0 0 0 0 0 0 0 0 0 0 0 0 0 0 0 0 0 0 0 0 0 0 0 0 0 0 0 0 0 0 0 0 0 0 0 0 55 56 57 56 57 57 57 57 57 57 58 57 57 57 57 58 58 58 58 58 58 59 59 58 58 59 59 60 60 60 60 60 60 60 60 60 60 60 60 60 60 60 61 61 60 60 60 61 61 62 61 61 62 61 61 62 62 62 62 62 62 62 62 63 63 63 63 63 63 63 64 64 64 64 64 64 64 64 64 64 65 65 65 65 65 66 66 66 66 66 66 66 66 66 66 67 67 67 67 67 67 67 68 67 67 67 67 67 67 68 68 68 68 68 68 69 69 69 69 69 70 70 70 70 70 70 70 70 70 71 71 71 71 71 71 72 72 72 72 72 73 73 73 73 73 73 74 74 74 74 74 74 75 76 77 77 77 77 77 77 77 78 78 78 78 78 78 78 78 79 79 79 79 80 80 80 81 81 81 81 81 82 82 82 82 82 83 83 83 83 84 84 84 84 85 85 85 86 86 86 86 86 87 86 86 86 86 86 87 87 87 87 88 88 88 89 89 89 89 89 90 90 90 90 91 91 91 92 92 92 92 92 93 93 93 94 94 94 95 95 95 95 96 96 96 96 97 97 97 97 97 98 98 98 99 99 99 99 99 100 100 100 100 101 101 101 102 102 102 102 102 103 103 104 104 104 104 104 105 105 105 106 106 106 106 106 106 107 108 108 109 108 108 108 109 109 109 110 111 111 111 111 112 112 112 113 113 113 114 113 114 114 115 115 116 116 116 116 117 117 117 118 118 118 118 118 118 118 119 119 119 120 120 120 120 121 121 121 122 122 122 123 123 123 123 123 123 123 123 123 123 124 124 124 125 124 125 125 126 126 126 126 127 127 127 128 128 128 128 129 129 130 130 130 130 130 131 131 131 131 132 132 132 132 132 133 133 133 133 133 134 134 134 135 135 135 135 135 135 135 135 136 136 136 136 136 136 136 137 137 0 0 0 0 0 0 0 0 0 0 0 0 0 0 0 0 0 0 0 0 0 0 0 0 0 0 0 0 0 0 0 0 0 0 0 0 0 0 0 0 0 0 0 0 0 0 0 0 0 0 0 0 0 0 
0 0 0 0 0 0 0 0 0 0 0 0 0 0 0 0 0 0 0 0 0 0 0 0 0 0 0 0 0 0 0 0 0 0 0 0 0 0 0 0 0 56 56 57 56 57 57 57 57 57 57 57 57 58 58 58 58 58 58 58 58 59 59 58 58 59 60 60 60 60 61 61 61 61 60 60 60 60 60 60 61 61 61 61 61 61 61 61 62 62 62 62 62 62 61 62 62 62 63 63 63 63 63 63 63 64 64 64 63 64 64 64 64 64 64 64 65 65 65 65 65 65 65 65 65 66 66 66 66 66 66 66 67 67 67 67 67 67 67 67 67 67 67 67 67 67 67 68 68 68 68 68 69 69 69 69 69 69 70 70 70 70 70 70 70 71 71 71 71 71 71 71 71 72 72 72 72 72 72 73 73 73 73 73 73 74 74 74 74 75 75 75 76 77 77 77 77 77 77 77 78 78 78 78 78 79 79 78 78 79 79 79 80 80 80 80 81 81 81 81 82 82 82 82 83 83 83 83 83 84 84 84 85 85 85 85 85 86 86 86 86 87 86 86 86 86 86 87 87 87 87 88 88 88 89 89 89 89 90 90 90 90 90 91 91 91 92 92 92 92 92 93 93 93 94 94 94 95 95 95 95 96 96 96 96 97 97 97 97 98 98 98 98 98 99 99 99 100 100 100 100 100 101 101 101 102 102 102 102 102 103 103 103 104 104 104 104 105 105 105 105 106 106 106 106 107 108 107 107 108 108 108 108 109 109 109 110 111 111 111 111 111 112 112 113 113 113 114 113 114 114 115 115 116 116 116 116 117 117 117 117 118 118 118 118 118 118 118 119 119 120 120 120 121 121 121 121 122 122 122 122 123 124 124 123 123 123 123 123 123 123 124 125 125 125 125 125 125 126 126 127 127 127 127 128 128 129 128 129 129 129 130 130 130 130 130 131 131 131 131 131 132 132 132 132 133 133 133 133 133 134 134 135 135 135 135 135 135 135 135 135 135 135 136 136 136 136 137 137 137 0 0 0 0 0 0 0 0 0 0 0 0 0 0 0 0 0 0 0 0 0 0 0 0 0 0 0 0 0 0 0 0 0 0 0 0 0 0 0 0 0 0 0 0 0 0 0 0 0 0 0 0 0 
0 0 0 0 0 0 0 0 0 0 0 0 0 0 0 0 0 0 0 0 0 0 0 0 0 0 0 0 0 0 0 0 0 0 0 0 0 0 0 0 0 56 56 56 56 56 56 56 57 57 57 57 57 57 58 58 58 58 58 58 58 59 59 58 58 59 59 60 60 60 60 61 61 61 61 61 61 60 60 60 61 61 61 61 61 61 61 61 61 62 62 62 62 62 62 62 62 63 63 63 63 63 63 63 64 64 64 64 64 64 64 64 64 64 64 64 65 65 65 65 65 65 65 66 66 66 66 66 66 66 66 66 66 67 67 67 67 67 67 67 68 68 67 67 67 67 68 68 68 68 68 68 69 69 69 69 69 69 70 70 70 70 70 70 70 71 71 71 71 71 71 71 72 72 72 72 72 72 72 73 73 73 73 73 74 74 74 74 74 75 75 75 77 77 77 77 77 77 77 78 78 78 78 78 79 79 79 79 79 79 79 80 80 80 80 80 81 81 81 81 82 82 82 83 83 83 83 83 84 84 84 84 85 85 85 85 85 86 86 86 86 87 86 86 86 86 86 87 87 87 88 88 88 88 89 89 89 89 90 90 90 90 91 91 91 91 92 92 92 92 92 93 93 93 94 94 94 95 95 95 95 96 96 96 96 97 97 97 97 97 98 98 98 98 99 99 99 100 100 100 100 100 101 101 101 101 102 102 102 102 103 103 103 104 104 104 104 105 105 105 105 105 106 106 106 107 108 107 107 107 107 108 108 109 109 109 110 110 111 111 111 111 111 112 112 112 113 113 113 114 114 114 115 115 115 116 116 116 116 117 117 117 118 118 118 118 118 119 119 119 120 120 121 121 121 121 121 122 122 122 123 123 123 124 123 123 124 124 123 123 123 124 125 125 125 125 125 125 126 126 127 127 127 127 128 128 128 128 128 129 129 129 130 130 130 130 131 131 131 131 131 131 132 132 132 132 133 133 133 133 134 134 134 134 134 135 135 135 135 135 135 135 135 135 136 136 136 136 137 137 137 137 138 138 0 0 0 0 0 0 0 0 0 0 0 0 0 0 0 0 0 0 0 0 0 0 0 0 0 0 0 0 0 0 0 0 0 0 0 0 0 0 0 0 0 0 0 0 0 0 0 0 0 
0 0 0 0 0 0 0 0 0 0 0 0 0 0 0 0 0 0 0 0 0 0 0 0 0 0 0 0 0 0 0 0 0 0 0 0 0 0 0 0 0 56 55 56 56 0 0 0 56 57 57 57 58 58 58 57 57 58 58 58 59 59 59 58 58 59 60 59 60 60 60 61 60 61 61 61 61 61 61 61 61 60 61 61 61 61 61 61 61 62 62 62 62 62 62 62 62 63 63 63 63 63 63 63 64 64 64 64 64 64 64 64 64 64 64 65 65 65 65 65 65 65 65 66 66 66 66 66 66 66 66 66 67 67 67 67 67 67 67 68 68 68 67 67 67 68 68 68 68 68 68 69 69 69 69 69 69 69 70 70 70 70 70 71 71 71 71 71 71 71 71 71 72 72 72 72 72 73 73 73 73 73 73 73 74 74 74 75 75 75 75 75 77 77 77 77 77 77 77 78 78 78 78 78 79 79 79 79 79 79 79 79 80 80 80 80 81 81 81 81 82 82 82 82 83 83 83 83 84 84 84 84 85 85 85 85 86 86 86 86 86 87 86 86 86 86 87 87 87 87 88 88 88 89 89 89 89 89 90 90 90 91 91 91 91 92 92 92 92 93 93 93 93 93 94 94 94 95 95 95 95 96 96 96 96 97 97 97 97 97 98 98 98 98 98 99 99 99 100 100 100 100 101 101 101 102 102 102 102 102 103 103 103 104 104 104 104 105 105 105 105 105 105 105 106 107 107 107 107 107 107 108 109 109 108 109 110 110 111 111 111 111 111 112 112 112 112 113 113 114 114 114 115 115 115 116 115 116 116 116 117 117 118 118 118 118 119 119 119 120 120 120 120 120 121 121 121 121 122 122 123 122 123 124 124 124 124 124 123 123 123 124 125 125 125 125 126 126 126 126 126 127 127 127 128 128 128 128 128 128 129 129 129 130 130 130 131 131 131 131 131 131 132 132 132 132 132 133 133 133 134 134 134 134 134 135 135 135 135 135 135 135 135 135 136 136 136 136 137 137 137 137 138 138 138 138 138 139 139 139 139 139 0 0 0 0 0 0 0 0 0 0 0 0 0 0 0 0 0 0 0 0 0 0 0 0 0 0 0 0 0 0 0 0 0 0 0 0 0 0 0 0 0 
0 0 0 0 0 0 0 0 0 0 0 0 0 0 0 0 0 0 0 0 0 0 0 0 0 0 0 0 0 0 0 0 0 0 0 0 0 0 0 0 0 0 0 0 0 0 0 0 56 56 57 57 57 58 58 57 57 57 58 58 58 58 59 58 59 60 60 59 59 60 60 60 60 60 61 61 62 62 62 61 61 61 61 61 61 61 62 61 61 61 62 62 62 62 62 62 63 63 63 63 63 63 63 64 64 64 64 64 64 64 64 64 64 64 64 65 65 65 65 65 65 65 65 66 66 66 66 66 66 66 66 67 67 67 67 67 67 67 67 68 68 68 67 68 68 68 68 68 68 68 68 69 69 69 69 69 69 69 70 70 70 70 71 71 71 71 71 71 71 71 71 72 72 72 72 72 72 73 73 73 73 73 74 74 74 74 74 75 75 75 75 75 77 77 77 77 77 77 78 78 78 78 78 79 79 79 79 80 80 80 80 80 80 80 80 80 81 81 81 82 82 82 82 82 83 83 83 83 84 84 84 84 85 85 85 85 86 86 86 86 87 87 86 86 86 86 86 87 87 87 88 88 88 89 89 89 89 90 90 90 90 91 91 91 91 92 92 92 92 92 93 93 93 93 94 94 94 95 95 95 95 96 96 96 96 97 97 97 97 97 98 98 98 98 98 99 99 99 99 100 100 100 101 101 101 102 102 102 102 102 103 103 103 104 104 104 104 105 105 105 105 105 105 105 105 106 106 107 107 107 107 108 108 108 109 109 110 110 111 111 111 111 111 112 112 113 113 113 113 114 114 114 114 115 115 115 115 116 116 116 117 117 117 118 118 119 119 119 119 119 119 119 120 120 120 121 121 121 121 122 122 122 123 124 124 124 124 123 123 123 123 124 125 125 125 125 125 125 126 126 126 126 127 127 127 128 128 128 128 128 128 129 129 129 130 130 131 131 131 131 131 132 132 132 132 132 133 133 133 133 134 134 134 134 134 134 135 135 135 135 135 135 135 135 135 136 136 136 136 137 137 137 137 138 138 138 138 138 139 139 139 139 139 0 0 0 0 0 0 0 0 0 0 0 0 0 0 0 0 0 0 0 0 0 0 0 0 0 0 0 0 0 0 0 0 0 0 0 0 0 0 0 0 
0 0 0 0 0 0 0 0 0 0 0 0 0 0 0 0 0 0 0 0 0 0 0 0 0 0 0 0 0 0 0 0 0 0 0 0 0 0 0 0 0 0 0 0 0 0 0 0 0 56 57 57 57 57 57 0 0 57 57 0 0 58 58 58 58 59 60 59 59 60 60 59 60 60 60 61 61 61 62 62 62 62 62 62 61 61 62 61 61 62 62 62 62 62 63 63 63 63 63 63 63 63 63 64 64 64 64 64 64 64 64 64 65 65 65 65 65 65 65 65 65 65 66 66 66 66 66 66 66 66 66 67 67 67 67 67 67 67 68 68 68 68 68 68 68 68 68 68 68 68 69 69 69 69 69 69 69 69 70 70 70 71 71 71 71 71 71 71 71 71 72 72 72 72 72 72 73 73 73 73 73 73 74 74 74 74 74 75 75 75 75 75 77 77 77 77 77 78 78 78 78 79 79 79 79 80 80 80 80 80 80 80 80 80 80 80 81 81 82 82 82 82 82 83 83 83 83 84 84 84 84 85 85 85 85 86 86 86 86 86 87 87 86 86 86 86 86 87 87 88 88 88 88 89 89 89 89 90 90 90 90 91 91 91 92 92 92 92 92 92 93 93 93 93 94 94 94 95 95 95 96 96 96 96 96 97 97 97 97 98 98 98 98 98 99 99 99 99 100 100 100 100 101 101 101 101 101 102 102 102 103 103 103 104 104 104 104 104 105 105 105 105 105 106 106 106 106 106 107 107 107 108 108 108 108 109 109 110 110 110 111 111 111 112 112 113 113 113 113 114 114 114 114 115 115 115 115 116 116 116 117 117 117 117 118 119 119 119 119 119 120 120 120 120 120 121 121 121 121 121 122 122 122 123 123 123 124 123 123 123 123 124 124 125 124 125 125 125 126 126 126 126 127 127 128 128 128 128 128 128 128 129 129 129 130 130 131 131 131 131 131 131 132 132 132 132 133 133 133 133 134 133 133 133 134 134 134 134 134 135 135 135 134 135 135 136 136 136 136 137 137 137 137 137 138 138 138 138 138 139 139 139 139 139 0 0 0 0 0 0 0 0 0 0 0 0 0 0 0 0 0 0 0 0 0 0 0 0 0 0 0 0 0 0 0 0 0 0 0 0 0 0 0 
0 0 0 0 0 0 0 0 0 0 0 0 0 0 0 0 0 0 0 0 0 0 0 0 0 0 0 0 0 0 0 0 0 0 0 0 0 0 0 0 0 0 0 0 0 0 0 0 0 0 56 56 0 0 0 0 0 0 0 0 0 58 58 58 58 59 60 59 59 60 59 59 59 60 60 61 61 62 61 62 61 61 62 62 62 62 62 63 62 62 62 62 62 62 62 63 63 63 63 63 63 63 64 63 64 64 64 64 64 64 65 65 65 65 65 65 65 66 65 65 65 65 66 66 66 66 66 66 66 66 67 67 67 67 67 67 67 68 68 68 68 68 68 68 68 68 68 68 68 68 69 69 69 69 69 69 70 70 70 70 70 71 71 71 71 71 71 71 72 72 72 72 72 72 72 72 73 73 73 73 73 74 74 74 74 74 75 75 75 75 75 75 77 77 77 77 77 78 78 78 78 79 79 79 79 80 80 80 80 80 81 81 81 81 81 81 81 81 82 82 82 82 82 83 83 83 84 84 84 84 84 85 85 85 85 86 86 86 86 86 87 87 86 86 86 86 87 87 87 88 88 88 88 89 89 89 89 90 90 90 90 91 91 91 91 92 92 92 92 93 93 93 93 94 94 94 94 95 95 95 96 96 96 96 96 97 97 97 97 98 98 98 98 98 99 99 99 99 100 100 100 100 101 101 101 101 102 102 102 102 103 103 103 103 104 104 104 104 104 104 105 105 106 106 107 107 106 106 106 107 107 108 108 108 108 109 109 110 110 111 111 111 111 112 112 112 112 113 113 114 114 114 114 115 115 115 115 115 116 116 116 117 117 118 118 118 119 119 119 119 120 120 120 120 121 121 121 121 121 122 122 122 122 123 123 123 123 123 123 123 123 124 124 124 124 125 125 125 126 126 126 126 126 127 128 128 128 128 128 128 128 129 129 129 130 130 130 130 131 131 131 131 132 132 132 132 133 133 133 133 133 133 133 133 133 134 134 134 135 135 135 135 134 135 135 135 136 136 136 136 137 137 137 137 137 138 138 138 138 138 139 139 139 139 0 0 0 0 0 0 0 0 0 0 0 0 0 0 0 0 0 0 0 0 0 0 0 0 0 0 0 0 0 0 0 0 0 0 0 0 0 0 0 
0 0 0 0 0 0 0 0 0 0 0 0 0 0 0 0 0 0 0 0 0 0 0 0 0 0 0 0 0 0 0 0 0 0 0 0 0 0 0 0 0 0 0 0 0 0 0 0 0 0 0 0 0 0 0 0 0 0 0 0 0 58 58 58 59 59 59 60 59 59 59 60 60 61 61 61 61 61 60 61 61 61 61 61 62 62 63 64 64 64 63 63 62 62 63 63 63 63 63 63 63 64 64 64 63 64 64 64 65 65 65 65 65 65 65 65 65 65 65 65 66 66 65 65 66 66 66 66 66 67 67 67 67 67 67 67 68 68 68 68 68 68 68 68 68 68 68 69 68 69 69 69 69 69 70 70 70 70 70 70 70 71 71 71 71 71 71 71 72 72 72 72 72 72 72 73 73 73 73 73 74 74 74 74 74 75 75 75 75 75 75 75 77 77 77 78 78 78 78 78 78 78 79 79 79 79 80 80 80 80 81 81 81 81 81 81 81 82 82 82 82 82 82 83 83 83 83 84 84 84 84 85 85 85 85 86 86 86 86 87 87 87 86 86 86 87 87 87 87 88 88 88 88 88 89 89 89 90 90 90 91 91 91 91 92 92 92 92 92 92 93 93 93 94 94 94 95 95 95 95 96 96 96 96 97 97 97 97 97 98 98 98 98 98 99 99 99 99 100 100 100 100 101 101 101 101 102 102 102 102 103 103 103 103 104 104 104 104 104 105 105 105 106 106 106 106 106 106 106 107 107 108 108 108 108 108 109 109 110 111 111 111 111 112 112 112 112 113 113 113 113 114 114 114 115 115 115 115 116 116 116 117 117 118 118 118 118 118 119 119 120 120 120 121 120 120 121 121 121 122 122 122 122 123 123 123 123 122 122 123 123 124 124 124 125 125 125 125 126 126 126 126 126 127 127 128 129 128 128 128 128 128 129 129 130 130 130 130 131 131 131 131 131 131 132 132 132 132 133 133 133 133 133 133 133 134 134 134 135 135 135 135 134 134 135 135 135 136 136 136 136 137 137 137 137 137 138 138 138 138 138 139 139 139 0 0 0 0 0 0 0 0 0 0 0 0 0 0 0 0 0 0 0 0 0 0 0 0 0 0 0 0 0 0 0 0 0 0 0 0 0 0 0 
0 0 0 0 0 0 0 0 0 0 0 0 0 0 0 0 0 0 0 0 0 0 0 0 0 0 0 0 0 0 0 0 0 0 0 0 0 0 0 0 0 0 0 0 0 0 0 0 0 0 0 0 0 0 0 0 0 0 0 0 0 0 0 58 59 60 60 60 60 59 60 60 61 61 61 62 62 61 60 60 61 61 61 61 61 62 62 63 63 63 64 64 63 62 63 63 64 64 63 63 63 63 63 63 64 64 64 65 65 65 65 65 65 65 65 65 65 66 66 66 66 66 66 66 66 66 66 66 66 67 67 67 67 67 67 67 68 68 68 68 68 68 68 68 68 68 68 68 68 69 69 69 69 69 70 70 70 70 70 70 70 71 71 71 71 71 71 72 72 72 72 72 72 72 72 73 73 73 73 73 74 74 74 74 74 75 75 75 75 75 75 75 77 77 77 77 78 78 78 78 78 79 79 79 79 79 80 80 80 81 81 81 81 81 81 81 82 82 82 82 83 83 83 83 83 83 83 84 84 84 84 84 85 85 85 86 86 86 86 86 87 87 86 86 86 87 87 87 87 87 88 88 88 88 89 89 89 90 90 90 91 91 91 91 92 92 92 92 92 93 93 93 93 94 94 94 95 95 95 95 96 96 96 96 97 97 97 97 97 97 98 98 98 98 99 99 99 99 100 100 100 100 101 101 101 101 102 102 102 102 102 103 103 103 103 104 104 104 104 105 106 105 106 106 106 106 106 106 107 107 107 108 108 108 108 108 108 109 110 110 110 111 111 112 112 112 112 113 113 113 113 114 114 114 114 115 115 115 116 116 116 116 117 117 118 118 118 119 119 119 120 120 120 121 120 120 120 121 121 122 122 122 122 122 123 123 123 122 122 123 123 124 124 124 125 125 125 125 125 126 126 126 127 127 127 127 128 129 128 128 128 128 128 129 129 130 130 130 130 131 131 131 131 131 132 132 132 132 132 133 133 133 133 133 133 134 134 134 134 135 135 134 134 134 134 135 135 136 136 136 136 136 137 137 137 137 137 138 138 138 138 138 139 139 0 0 0 0 0 0 0 0 0 0 0 0 0 0 0 0 0 0 0 0 0 0 0 0 0 0 0 0 0 0 0 0 0 0 0 0 0 0 0 
0 0 0 0 0 0 0 0 0 0 0 0 0 0 0 0 0 0 0 0 0 0 0 0 0 0 0 0 0 0 0 0 0 0 0 0 0 0 0 0 0 0 0 0 0 0 0 0 0 0 0 0 0 0 0 0 0 0 0 0 0 0 0 0 59 59 59 59 59 60 60 60 60 61 61 61 61 61 61 61 61 62 62 62 62 62 62 62 63 63 63 64 64 64 64 64 65 65 64 64 64 63 63 64 64 65 65 65 65 65 65 65 65 65 66 66 66 66 66 66 66 67 67 67 67 66 66 66 67 67 67 67 67 68 68 68 68 68 68 68 68 69 68 68 68 68 68 68 68 69 69 69 69 69 70 70 70 70 70 70 70 71 71 71 71 71 72 72 72 72 72 72 72 72 73 73 73 73 74 74 74 74 74 74 74 74 75 75 75 75 75 75 77 77 77 78 78 78 78 78 78 79 79 79 79 79 80 80 80 81 81 81 81 81 82 82 82 82 82 82 82 83 83 83 83 83 83 84 84 84 84 85 85 85 85 85 86 86 86 87 87 87 86 86 87 87 87 87 87 88 88 88 88 88 88 89 89 89 90 90 90 91 91 91 91 92 92 92 92 93 93 93 93 94 94 94 95 95 95 95 96 96 96 96 97 97 97 97 97 97 98 98 98 98 99 99 99 99 99 100 100 100 101 101 101 101 102 102 102 102 102 103 103 103 103 104 104 104 104 106 106 106 106 106 106 106 106 106 107 107 107 107 107 108 108 109 109 110 110 110 110 110 111 111 111 112 112 113 113 113 114 114 114 114 114 115 115 115 115 116 116 116 116 117 117 118 118 118 119 119 119 120 120 120 120 120 120 121 121 122 122 122 122 122 123 123 123 123 123 123 123 123 124 124 125 125 125 125 126 126 126 126 126 126 127 127 127 128 128 128 128 128 128 128 129 129 129 130 130 130 131 131 131 131 131 132 132 132 132 132 133 133 133 133 133 134 133 134 134 134 134 134 134 134 134 135 135 135 136 136 136 136 136 137 137 137 137 137 138 138 138 138 138 0 0 0 0 0 0 0 0 0 0 0 0 0 0 0 0 0 0 0 0 0 0 0 0 0 0 0 0 0 0 0 0 0 0 0 0 0 0 0 0 
0 0 0 0 0 0 0 0 0 0 0 0 0 0 0 0 0 0 0 0 0 0 0 0 0 0 0 0 0 0 0 0 0 0 0 0 0 0 0 0 0 0 0 0 0 0 0 0 0 0 0 0 0 0 0 0 0 0 0 0 0 0 0 0 59 60 59 60 60 60 60 60 61 60 60 60 61 61 61 61 61 62 62 62 63 63 63 63 63 62 63 64 64 64 65 65 65 65 64 64 64 64 64 65 65 65 65 65 65 65 65 65 66 66 66 66 66 66 66 66 66 67 67 67 67 66 67 67 67 67 67 67 68 68 68 68 68 68 68 68 69 69 68 68 68 68 68 68 69 69 69 69 69 69 69 70 70 70 70 70 71 71 71 71 71 71 72 72 72 72 72 72 72 73 73 73 73 73 74 74 74 74 74 74 74 75 75 75 75 75 76 76 77 78 78 78 78 78 78 78 78 79 79 79 79 80 80 80 81 81 81 81 81 82 82 82 82 83 82 82 83 83 83 83 83 83 83 84 84 85 85 85 85 85 85 86 86 86 86 87 87 87 86 86 87 87 87 87 87 88 88 88 88 88 89 89 89 89 90 90 90 91 91 91 91 92 92 92 92 92 93 93 93 94 94 94 95 95 95 95 96 96 96 96 97 97 97 97 97 98 98 98 98 98 98 99 99 99 99 100 100 100 101 101 101 101 102 102 102 102 103 103 103 103 104 104 104 105 105 105 106 106 106 106 106 106 106 107 107 107 107 107 107 108 108 108 109 110 110 110 110 110 111 111 111 111 112 112 113 113 113 113 114 114 114 115 115 115 115 116 116 116 116 117 117 118 118 118 119 119 120 119 119 120 120 120 121 121 121 121 121 122 122 122 122 123 123 123 122 122 123 123 124 124 125 125 125 125 125 125 126 126 126 127 127 127 127 128 129 129 128 128 128 128 129 129 129 130 130 130 130 131 131 131 131 131 132 132 132 132 133 133 133 133 133 133 133 134 134 134 134 134 133 134 134 135 135 135 135 136 136 136 136 136 137 137 137 137 137 138 138 138 138 0 0 0 0 0 0 0 0 0 0 0 0 0 0 0 0 0 0 0 0 0 0 0 0 0 0 0 0 0 0 0 0 0 0 0 0 0 0 0 0 
0 0 0 0 0 0 0 0 0 0 0 0 0 0 0 0 0 0 0 0 0 0 0 0 0 0 0 0 0 0 0 0 0 0 0 0 0 0 0 0 0 0 0 0 0 0 0 0 0 0 0 0 0 0 0 0 0 0 0 0 0 0 0 59 59 60 60 61 60 60 60 60 60 60 60 61 61 61 61 62 62 62 62 62 63 63 64 64 63 63 63 63 63 64 64 64 64 64 64 64 64 64 64 65 65 65 65 64 64 65 65 65 66 66 66 66 66 66 66 66 67 67 67 67 66 67 67 67 67 67 67 67 68 68 68 68 68 68 68 69 69 69 68 68 69 69 69 69 69 69 69 70 70 69 70 70 70 70 70 70 70 71 71 71 71 71 72 72 72 72 72 73 72 72 73 73 73 73 73 73 74 74 74 75 75 75 75 75 75 76 75 76 78 77 77 78 78 78 78 79 79 79 80 79 80 80 80 81 81 81 81 81 81 82 82 82 82 83 82 82 83 83 83 83 83 83 84 84 84 85 85 85 85 86 86 86 86 86 87 87 87 87 86 86 87 87 87 87 87 88 88 88 88 88 89 89 89 89 90 90 90 90 91 91 91 91 92 92 92 92 93 93 93 94 94 94 95 95 95 95 96 96 96 96 97 97 97 97 97 98 98 98 98 98 98 99 99 99 100 100 100 100 100 101 101 101 102 102 102 102 103 103 103 103 104 104 104 105 105 106 106 106 106 106 106 107 106 106 107 107 107 107 107 107 108 108 109 109 110 110 111 111 111 111 111 111 111 112 112 113 113 113 114 114 115 115 115 115 115 116 116 116 116 117 117 118 118 119 119 119 120 120 119 120 120 120 120 121 122 122 121 122 122 122 122 123 123 123 122 122 122 123 124 124 125 125 125 125 125 125 125 126 126 126 127 127 128 128 129 128 128 128 128 128 129 129 129 129 130 130 130 130 131 131 131 131 132 132 132 132 132 133 133 133 133 133 134 134 134 134 134 134 133 133 134 134 135 135 135 135 136 136 136 136 137 137 137 137 137 137 138 138 138 0 0 0 0 0 0 0 0 0 0 0 0 0 0 0 0 0 0 0 0 0 0 0 0 0 0 0 0 0 0 0 0 0 0 0 0 0 0 0 0 
0 0 0 0 0 0 0 0 0 0 0 0 0 0 0 0 0 0 0 0 0 0 0 0 0 0 0 0 0 0 0 0 0 0 0 0 0 0 0 0 0 0 0 0 0 0 0 0 0 0 0 0 0 0 0 0 0 0 0 0 0 0 0 0 0 60 60 60 60 60 60 60 60 60 61 61 61 61 61 61 62 62 62 62 62 62 63 64 64 63 63 63 63 63 64 64 64 65 66 65 65 65 65 65 65 65 65 64 65 65 65 65 65 66 66 67 67 67 67 67 67 67 67 67 66 67 67 67 67 67 67 67 68 68 68 68 68 69 69 69 69 69 68 69 69 69 69 69 69 70 70 70 70 70 70 70 70 70 70 70 71 71 71 71 71 71 72 72 72 72 72 73 73 73 73 73 73 74 74 74 74 74 74 75 75 75 75 75 76 76 76 76 77 78 78 78 78 78 78 79 79 79 80 80 80 80 80 80 81 81 81 81 82 82 82 82 82 82 82 82 82 83 83 83 83 84 84 84 84 85 85 85 85 86 86 86 86 86 87 87 87 87 86 86 87 87 87 88 88 88 88 88 89 89 89 89 89 90 90 90 90 91 91 91 91 91 92 92 92 93 93 93 93 93 94 94 95 95 95 95 96 96 96 96 96 97 97 97 97 98 98 98 98 98 98 99 99 99 99 100 100 100 100 101 101 101 102 102 102 103 103 103 103 103 103 104 104 105 105 106 106 106 106 106 106 107 107 106 107 107 107 107 107 107 107 108 108 109 110 110 110 111 111 111 111 111 112 112 112 112 113 113 113 114 114 114 115 115 115 115 116 116 116 117 117 118 118 118 119 119 119 120 120 120 120 120 120 121 122 122 122 122 122 122 122 123 123 123 122 122 122 123 123 124 124 124 125 125 125 125 125 126 126 126 126 127 127 128 128 128 128 128 128 128 129 129 129 129 130 130 130 130 131 131 131 131 131 132 132 132 132 133 133 133 133 133 134 134 134 134 134 134 133 133 134 134 135 135 135 135 135 136 136 136 136 137 137 137 137 137 138 138 0 0 0 0 0 0 0 0 0 0 0 0 0 0 0 0 0 0 0 0 0 0 0 0 0 0 0 0 0 0 0 0 0 0 0 0 0 0 0 0 0 
0 0 0 0 0 0 0 0 0 0 0 0 0 0 0 0 0 0 0 0 0 0 0 0 0 0 0 0 0 0 0 0 0 0 0 0 0 0 0 0 0 0 0 0 0 0 0 0 0 0 0 0 0 0 0 0 0 0 0 0 0 0 0 0 0 60 60 60 60 60 60 60 61 61 61 61 61 61 62 62 62 62 62 62 62 62 63 63 64 64 64 64 63 63 64 64 64 65 66 66 65 65 65 65 65 65 65 65 65 65 65 66 66 66 66 66 67 67 67 67 67 67 67 67 67 67 67 68 68 67 67 68 68 68 68 68 69 69 69 69 69 69 69 69 69 69 69 70 70 70 70 70 70 70 71 70 70 70 70 71 71 71 71 71 72 72 72 72 72 72 72 72 73 73 73 73 74 74 74 74 74 74 74 74 75 75 75 75 76 76 76 76 77 78 78 78 79 79 78 79 79 80 80 80 80 80 81 81 81 81 81 81 82 82 82 82 83 83 83 83 83 83 83 83 83 84 84 84 84 85 85 85 86 86 86 86 86 87 87 87 87 87 86 87 87 87 87 87 87 88 88 89 89 89 89 89 89 90 90 90 90 91 91 91 91 92 92 92 93 93 93 93 93 93 94 94 95 95 95 95 96 96 96 96 96 96 97 97 97 97 98 98 98 98 98 99 99 99 99 100 100 100 100 101 101 101 102 102 102 103 103 103 103 103 103 104 104 105 105 105 106 106 106 106 107 107 107 106 107 107 107 107 107 107 107 108 108 109 110 110 110 111 111 111 112 112 112 112 112 112 112 113 113 113 114 114 114 115 115 115 115 116 116 117 117 118 117 118 118 118 119 119 120 120 120 120 120 120 121 121 121 122 122 122 122 122 123 124 123 122 122 122 123 123 124 124 124 124 125 125 125 125 126 126 126 127 127 127 128 128 128 128 128 128 128 129 129 129 130 130 130 130 131 131 131 131 131 132 132 132 132 132 133 133 133 133 133 133 133 134 134 134 133 133 133 134 134 135 135 135 135 135 136 136 136 136 136 137 137 137 0 0 0 0 0 0 0 0 0 0 0 0 0 0 0 0 0 0 0 0 0 0 0 0 0 0 0 0 0 0 0 0 0 0 0 0 0 0 0 0 0 0 0 
0 0 0 0 0 0 0 0 0 0 0 0 0 0 0 0 0 0 0 0 0 0 0 0 0 0 0 0 0 0 0 0 0 0 0 0 0 0 0 0 0 0 0 0 0 0 0 0 0 0 0 0 0 0 0 0 0 0 0 0 0 0 0 0 0 60 60 60 60 60 61 61 61 61 62 62 62 62 62 63 63 62 63 63 62 62 63 64 65 65 65 65 64 63 64 65 65 65 66 66 65 65 65 65 65 65 66 66 66 66 66 66 66 66 67 66 67 67 67 67 67 67 67 67 66 67 67 68 68 68 68 68 68 68 68 68 68 69 69 69 69 70 69 69 69 69 70 70 70 70 70 70 70 70 71 71 71 71 70 71 71 71 72 72 72 72 72 72 72 72 72 73 73 73 73 73 73 74 74 74 74 74 75 75 75 76 75 76 76 76 76 76 78 78 78 78 79 79 79 79 79 80 80 80 80 80 81 81 81 81 81 81 81 82 82 82 83 83 83 83 83 83 83 84 84 84 84 84 85 85 85 86 86 86 86 86 86 87 87 87 87 88 86 87 87 87 87 88 88 88 88 89 89 89 89 89 89 90 90 90 91 91 91 91 91 92 92 92 93 93 93 93 93 93 94 94 95 95 95 95 95 96 96 96 96 96 97 97 97 97 98 98 98 98 98 99 99 99 99 100 100 100 100 101 101 101 101 102 102 102 103 103 103 103 103 104 104 105 105 105 106 106 106 106 107 107 107 106 107 108 108 107 107 107 107 108 109 109 110 110 111 111 111 112 112 112 112 112 112 113 113 113 113 113 113 113 114 114 114 115 115 116 116 117 117 117 117 117 118 118 118 119 119 119 120 120 121 120 121 121 121 121 122 122 122 123 123 123 124 123 122 122 123 123 123 124 124 124 125 125 125 125 125 126 126 126 127 127 127 128 129 128 128 129 128 129 129 129 129 130 130 130 130 131 131 131 131 131 132 132 132 132 132 132 132 133 133 133 133 133 133 134 133 133 133 133 134 134 134 135 135 135 136 136 136 136 136 137 137 0 0 0 0 0 0 0 0 0 0 0 0 0 0 0 0 0 0 0 0 0 0 0 0 0 0 0 0 0 0 0 0 0 0 0 0 0 0 0 0 0 0 0 0 
0 0 0 0 0 0 0 0 0 0 0 0 0 0 0 0 0 0 0 0 0 0 0 0 0 0 0 0 0 0 0 0 0 0 0 0 0 0 0 0 0 0 0 0 0 0 0 0 0 0 0 0 0 0 0 0 0 0 0 0 0 0 0 0 0 60 60 60 60 60 61 61 61 61 62 62 62 62 62 62 62 62 63 63 63 63 63 64 64 64 65 66 65 64 64 64 65 65 66 66 65 65 65 65 65 65 66 66 66 66 66 67 66 66 67 67 67 67 67 67 67 67 67 67 67 67 67 68 68 68 69 69 68 68 68 68 68 69 69 69 70 70 69 69 69 69 70 70 70 70 70 70 70 70 70 71 71 71 71 71 71 72 72 72 72 72 72 72 72 72 73 73 73 74 74 73 74 74 74 74 74 74 75 75 75 75 75 76 76 76 77 77 78 78 79 78 79 79 79 79 80 80 80 80 80 80 80 80 80 81 81 81 81 82 82 82 82 83 83 83 83 83 84 84 84 84 84 84 85 85 85 85 85 86 86 86 87 87 87 87 88 88 87 87 87 87 88 88 88 88 88 89 89 89 89 89 90 90 90 91 91 91 91 91 92 92 92 93 93 93 93 93 93 94 94 94 95 95 95 95 95 96 96 96 96 96 97 97 97 97 98 98 98 98 98 99 99 99 99 99 100 100 100 101 101 101 101 102 102 102 102 102 103 103 103 104 104 104 105 105 106 106 106 106 106 106 106 106 107 107 108 107 107 107 107 108 109 109 110 111 111 111 111 111 112 112 112 112 113 112 113 113 113 114 114 114 114 114 114 115 115 115 115 116 117 117 118 117 118 118 118 119 119 119 120 120 120 120 121 121 121 121 121 121 122 122 122 122 123 124 123 123 123 123 123 124 124 125 125 125 125 125 126 126 126 126 126 127 127 127 128 128 128 128 128 128 129 129 129 130 130 130 130 130 131 131 131 131 132 132 132 132 132 132 132 132 132 133 133 133 133 134 133 133 133 133 134 134 134 134 135 135 135 136 136 136 136 136 137 0 0 0 0 0 0 0 0 0 0 0 0 0 0 0 0 0 0 0 0 0 0 0 0 0 0 0 0 0 0 0 0 0 0 0 0 0 0 0 0 0 0 0 0 
0 0 0 0 0 0 0 0 0 0 0 0 0 0 0 0 0 0 0 0 0 0 0 0 0 0 0 0 0 0 0 0 0 0 0 0 0 0 0 0 0 0 0 0 0 0 0 0 0 0 0 0 0 0 0 0 0 0 0 0 0 0 0 0 0 0 0 0 60 60 60 60 61 61 62 61 62 62 61 61 62 63 64 64 64 64 64 64 64 64 64 65 66 65 65 65 65 65 66 66 67 67 67 66 66 65 65 66 67 67 67 67 67 67 66 67 67 67 67 67 67 67 67 67 67 67 67 68 68 68 69 69 69 69 69 69 68 69 69 69 70 70 69 69 70 70 70 70 70 70 70 70 71 71 71 71 72 72 72 72 72 71 71 71 71 71 72 72 72 72 72 73 73 74 74 74 74 74 74 74 75 75 75 75 75 75 75 75 76 76 76 77 78 78 78 79 79 79 79 79 80 80 80 80 80 80 80 80 81 81 81 81 82 82 82 82 82 82 83 83 83 84 84 84 84 84 84 84 85 85 85 85 86 86 86 86 87 87 87 87 88 88 87 87 87 87 88 88 88 88 89 89 89 89 89 89 90 90 90 90 91 91 91 92 92 92 92 92 93 93 93 93 93 94 94 94 95 95 95 95 95 96 96 96 97 97 97 97 98 98 98 98 98 98 98 99 99 99 99 100 100 100 100 101 101 101 101 102 102 102 102 102 103 103 103 104 104 104 105 105 106 106 106 106 106 106 106 107 107 107 107 107 107 107 107 108 109 109 110 111 111 111 111 111 112 112 112 112 112 112 113 113 113 114 114 114 114 114 114 115 116 116 116 116 117 117 118 118 118 118 118 119 119 119 120 120 120 120 120 120 121 121 121 121 121 122 122 122 122 123 124 124 123 123 124 124 125 125 126 125 124 125 125 126 126 126 126 127 127 127 128 128 129 128 128 128 128 129 129 129 130 130 130 130 131 131 131 131 131 131 132 132 132 132 132 133 133 133 133 133 134 134 133 133 133 133 134 134 134 134 134 135 135 135 136 136 136 136 0 0 0 0 0 0 0 0 0 0 0 0 0 0 0 0 0 0 0 0 0 0 0 0 0 0 0 0 0 0 0 0 0 0 0 0 0 0 0 0 0 0 0 0 0 
0 0 0 0 0 0 0 0 0 0 0 0 0 0 0 0 0 0 0 0 0 0 0 0 0 0 0 0 0 0 0 0 0 0 0 0 0 0 0 0 0 0 0 0 0 0 0 0 0 0 0 0 0 0 0 0 0 0 0 0 0 0 0 0 0 0 0 0 0 0 60 60 60 61 61 61 61 61 62 62 62 63 64 64 64 64 64 64 64 64 65 65 66 66 66 66 66 65 66 66 67 67 67 66 66 65 66 66 67 67 67 67 67 67 67 67 67 67 67 68 68 68 67 67 67 67 67 68 68 69 69 69 69 69 69 70 70 69 69 70 70 70 69 69 69 69 69 70 70 70 70 71 71 71 71 71 72 71 71 71 71 71 71 72 72 71 72 73 73 73 73 73 73 73 74 74 74 74 74 74 75 75 75 75 76 76 76 76 76 76 76 76 78 78 78 79 79 79 79 80 80 80 80 80 80 80 81 81 81 81 81 82 82 82 82 82 82 82 83 83 83 84 84 84 84 84 84 84 85 85 85 86 86 86 86 87 87 87 87 87 88 88 87 87 87 87 88 88 88 88 89 89 89 89 90 90 90 90 90 90 91 91 91 92 92 92 92 92 93 93 93 93 93 94 94 94 95 95 95 95 95 96 96 96 96 97 97 97 97 98 98 98 98 98 98 99 99 99 99 100 100 100 100 100 101 101 101 102 102 102 102 102 103 103 103 104 104 104 105 105 105 105 105 105 106 106 106 107 107 107 106 107 107 107 107 108 109 110 110 110 111 111 111 111 112 112 112 112 112 112 113 113 113 113 113 114 115 115 115 115 115 116 117 117 117 117 118 118 118 118 118 118 119 119 120 120 120 120 120 120 120 121 121 121 121 121 122 122 122 123 123 124 125 124 124 124 125 125 126 125 124 124 125 125 126 126 126 127 127 127 127 128 128 129 128 128 128 129 129 129 129 130 130 130 130 131 131 131 131 131 132 132 132 132 132 132 133 133 133 133 133 133 133 133 133 133 134 134 134 134 134 134 135 135 135 136 0 0 0 0 0 0 0 0 0 0 0 0 0 0 0 0 0 0 0 0 0 0 0 0 0 0 0 0 0 0 0 0 0 0 0 0 0 0 0 0 0 0 0 0 0 0 0 
0 0 0 0 0 0 0 0 0 0 0 0 0 0 0 0 0 0 0 0 0 0 0 0 0 0 0 0 0 0 0 0 0 0 0 0 0 0 0 0 0 0 0 0 0 0 0 0 0 0 0 0 0 0 0 0 0 0 0 0 0 0 0 0 0 0 0 0 0 0 0 60 60 60 61 61 61 62 62 62 62 62 63 64 64 64 63 64 65 65 65 66 66 66 67 67 67 67 67 68 68 68 68 67 67 67 67 67 67 67 68 68 68 68 68 68 68 69 69 69 69 69 69 69 69 69 69 68 69 70 70 70 71 71 71 71 71 70 70 70 70 70 69 69 69 69 70 70 70 70 70 70 71 71 72 72 72 72 71 71 71 71 71 72 72 71 72 73 73 73 73 72 73 73 74 74 74 74 74 74 74 75 75 75 76 76 76 76 76 76 76 76 79 78 79 79 80 80 80 81 81 81 81 81 81 82 82 81 82 82 83 82 82 83 83 83 83 83 83 84 84 84 84 84 84 84 85 85 85 86 86 86 87 87 87 87 88 88 88 88 88 89 87 87 87 87 88 88 88 88 89 89 89 89 89 90 90 90 90 91 91 91 91 91 92 92 92 92 93 93 93 93 94 94 94 94 95 95 95 95 96 96 96 96 96 97 97 97 97 98 98 98 98 98 99 99 99 100 100 100 100 100 101 101 101 101 102 102 102 102 103 103 103 103 103 104 104 105 105 105 105 105 106 106 106 106 107 107 107 107 107 107 107 107 108 108 109 110 110 111 111 111 111 111 112 112 112 113 113 113 113 113 113 114 114 114 114 116 116 116 117 117 117 117 117 118 118 118 118 119 119 119 119 119 120 120 121 120 120 120 120 121 121 121 121 122 122 122 122 122 122 123 124 125 124 124 124 125 125 125 125 125 125 126 126 126 127 127 127 128 128 128 128 129 129 129 128 129 129 129 130 130 130 130 131 131 131 131 132 132 132 132 132 132 132 133 133 133 133 133 133 133 133 133 133 134 134 134 134 135 135 135 135 135 136 136 0 0 0 0 0 0 0 0 0 0 0 0 0 0 0 0 0 0 0 0 0 0 0 0 0 0 0 0 0 0 0 0 0 0 0 0 0 0 0 0 0 0 0 0 0 0 0 
0 0 0 0 0 0 0 0 0 0 0 0 0 0 0 0 0 0 0 0 0 0 0 0 0 0 0 0 0 0 0 0 0 0 0 0 0 0 0 0 0 0 0 0 0 0 0 0 0 0 0 0 0 0 0 0 0 0 0 0 0 0 0 0 0 0 0 0 0 0 0 0 60 61 61 62 61 62 62 62 62 62 63 64 64 64 63 64 65 65 65 66 66 67 67 67 67 67 68 68 68 68 68 68 68 68 67 68 68 68 68 68 68 68 68 69 68 69 69 69 70 70 70 69 69 69 69 69 69 69 69 70 70 71 71 71 71 70 70 70 70 71 69 69 70 70 70 70 70 70 70 70 71 71 72 72 72 72 72 72 72 71 72 72 71 72 72 72 72 72 72 73 73 73 74 74 74 74 74 74 74 75 75 75 75 76 76 76 76 76 77 77 79 79 79 79 79 80 80 80 81 81 81 81 82 82 82 81 82 83 83 82 82 82 83 83 83 83 84 84 84 84 84 85 85 85 85 85 85 86 86 87 87 87 87 87 87 88 88 88 89 89 87 87 87 88 88 88 88 88 89 89 89 90 90 90 90 90 90 91 91 91 91 91 91 92 92 92 92 93 93 93 94 94 94 94 95 95 95 95 95 96 96 96 97 97 97 97 97 98 98 98 98 99 99 99 99 100 100 100 100 100 101 101 101 101 102 102 102 102 103 103 103 103 104 104 104 105 105 105 105 105 106 106 106 106 107 107 107 107 107 107 107 107 108 108 109 110 110 111 111 111 112 112 112 112 113 113 113 114 114 113 113 114 114 115 115 115 115 116 116 116 117 117 117 118 118 118 118 118 119 119 119 119 120 120 120 120 120 120 120 121 121 121 121 121 121 122 122 122 123 123 123 123 124 123 124 124 125 126 125 125 125 126 126 126 126 127 127 127 128 128 128 128 129 129 129 128 129 129 130 130 130 130 130 131 131 131 131 131 132 132 132 132 132 132 133 133 133 133 133 133 133 133 134 134 134 134 134 134 134 135 135 135 135 136 136 0 0 0 0 0 0 0 0 0 0 0 0 0 0 0 0 0 0 0 0 0 0 0 0 0 0 0 0 0 0 0 0 0 0 0 0 0 0 0 0 0 0 0 0 0 0 
0 0 0 0 0 0 0 0 0 0 0 0 0 0 0 0 0 0 0 0 0 0 0 0 0 0 0 0 0 0 0 0 0 0 0 0 0 0 0 0 0 0 0 0 0 0 0 0 0 0 0 0 0 0 0 0 0 0 0 0 0 0 0 0 0 0 0 0 0 0 0 0 60 61 61 61 61 0 0 0 62 62 63 63 63 63 63 63 64 65 65 66 66 67 67 67 67 68 68 68 68 68 68 68 68 68 68 69 69 69 69 69 69 68 69 69 69 69 69 69 70 70 70 70 69 69 69 69 70 70 69 70 70 70 70 70 71 71 71 71 72 72 71 70 70 70 70 70 70 70 70 71 71 71 71 72 72 72 72 72 72 72 73 73 73 73 73 73 73 73 73 73 73 74 75 75 75 75 75 75 75 75 75 75 76 76 76 77 76 76 77 77 79 79 79 79 79 80 80 81 81 81 81 81 81 82 82 82 82 83 83 83 83 83 83 83 83 83 83 84 84 84 84 85 85 85 85 85 86 86 87 87 87 87 87 88 88 88 88 88 89 89 87 87 88 88 88 88 88 89 89 89 89 90 90 90 90 90 90 91 91 91 91 91 92 92 92 92 92 93 93 93 94 94 94 94 95 95 95 95 95 96 96 96 96 97 97 97 97 98 98 98 99 99 99 99 99 100 100 100 100 100 101 101 101 101 102 102 102 102 103 103 103 103 103 104 104 105 105 105 106 105 106 106 106 106 107 107 107 107 107 107 107 108 108 108 109 110 110 111 111 112 113 113 113 113 113 113 113 114 114 114 114 114 114 115 115 115 115 116 116 116 116 117 117 117 118 118 118 118 119 119 119 119 120 120 120 120 120 120 120 121 121 122 122 121 121 121 122 122 123 123 123 123 123 123 124 124 124 125 126 125 125 125 126 126 126 127 127 127 128 128 128 128 128 128 128 128 128 129 129 130 130 130 130 130 131 131 131 131 131 132 132 132 132 132 132 132 133 133 133 133 133 133 134 134 134 134 134 134 134 135 135 135 135 135 0 0 0 0 0 0 0 0 0 0 0 0 0 0 0 0 0 0 0 0 0 0 0 0 0 0 0 0 0 0 0 0 0 0 0 0 0 0 0 0 0 0 0 0 0 0 0 
0 0 0 0 0 0 0 0 0 0 0 0 0 0 0 0 0 0 0 0 0 0 0 0 0 0 0 0 0 0 0 0 0 0 0 0 0 0 0 0 0 0 0 0 0 0 0 0 0 0 0 0 0 0 0 0 0 0 0 0 0 0 0 0 0 0 0 0 0 0 0 0 0 0 61 61 0 0 0 0 62 63 63 62 62 63 64 64 64 64 65 65 66 66 67 67 67 67 68 68 68 68 68 68 69 69 69 69 69 69 70 70 69 69 69 69 69 69 69 69 69 69 69 70 69 69 69 69 70 70 70 70 70 70 70 71 71 72 72 71 72 72 71 71 71 71 71 71 70 71 71 71 71 71 71 71 72 72 72 72 72 73 73 74 74 74 74 74 75 75 74 74 75 75 75 75 75 75 75 75 75 75 75 75 76 76 76 77 76 77 77 77 79 79 80 80 80 80 80 81 81 81 82 82 82 82 83 83 83 84 83 83 83 84 83 83 83 83 84 84 84 84 84 85 85 86 86 86 86 86 87 87 87 87 88 88 88 88 89 89 89 89 87 88 88 88 88 88 88 89 89 89 89 90 90 90 90 90 90 90 91 91 91 91 92 92 92 93 93 93 93 93 94 94 94 94 95 95 95 95 96 96 96 96 96 97 97 97 97 98 98 98 98 99 99 99 99 99 100 100 100 100 101 101 101 101 102 102 102 102 102 103 103 103 103 104 104 105 105 105 106 105 105 106 106 106 106 106 107 108 108 108 108 108 108 109 109 110 110 111 111 112 113 113 113 113 113 113 114 114 114 114 115 115 115 115 116 115 115 116 116 116 116 117 117 117 117 118 118 118 118 119 119 119 120 120 120 121 120 120 120 121 121 121 121 122 121 121 122 122 122 122 122 122 123 123 123 124 124 124 125 125 126 125 125 126 126 127 127 127 128 128 128 128 128 128 128 128 128 129 129 129 130 130 130 130 130 131 131 131 131 132 132 132 132 132 132 132 132 133 133 133 133 133 133 134 134 134 134 134 134 135 135 135 135 135 0 0 0 0 0 0 0 0 0 0 0 0 0 0 0 0 0 0 0 0 0 0 0 0 0 0 0 0 0 0 0 0 0 0 0 0 0 0 0 0 0 0 0 0 0 0 0 
0 0 0 0 0 0 0 0 0 0 0 0 0 0 0 0 0 0 0 0 0 0 0 0 0 0 0 0 0 0 0 0 0 0 0 0 0 0 0 0 0 0 0 0 0 0 0 0 0 0 0 0 0 0 0 0 0 0 0 0 0 0 0 0 0 0 0 0 0 0 0 0 0 0 0 0 0 0 0 62 62 63 63 62 63 64 64 65 65 65 65 66 66 67 67 67 67 67 68 68 68 68 68 68 68 69 69 69 69 69 70 70 70 69 69 69 69 69 69 69 69 69 69 69 69 69 70 70 70 70 70 70 71 70 70 71 71 71 72 72 72 73 71 72 72 72 71 71 71 71 71 71 71 71 71 72 72 72 73 73 73 73 74 74 74 74 74 75 75 75 75 75 75 75 75 75 75 75 75 75 76 75 75 75 76 76 76 77 77 77 77 77 79 79 79 80 80 80 80 81 81 81 82 82 83 83 83 84 84 83 83 83 83 83 83 83 84 84 84 84 84 84 84 85 85 86 86 86 87 87 87 87 87 87 87 88 88 88 88 89 89 89 88 88 88 88 88 88 89 89 89 89 89 90 90 90 90 90 90 90 91 91 91 91 91 92 92 93 93 93 93 93 94 94 94 94 95 95 95 95 96 96 96 96 96 97 97 97 98 98 98 98 99 99 99 99 99 100 100 100 100 100 101 101 101 101 102 102 102 102 103 103 103 103 103 104 104 104 104 105 105 105 105 106 106 106 106 107 107 107 108 108 108 108 109 109 109 110 111 111 112 112 112 113 113 113 113 113 113 114 114 114 115 115 115 115 115 115 116 116 116 116 116 117 117 117 117 117 118 118 118 118 119 119 120 120 120 121 120 120 120 120 120 121 121 121 121 121 122 122 122 122 122 122 122 123 123 124 124 125 125 125 126 126 125 126 126 126 127 127 127 128 128 128 128 128 128 128 128 129 129 129 129 130 130 130 130 131 131 131 131 131 131 131 131 132 132 132 132 133 133 133 133 133 133 133 133 134 134 134 134 134 135 135 135 135 0 0 0 0 0 0 0 0 0 0 0 0 0 0 0 0 0 0 0 0 0 0 0 0 0 0 0 0 0 0 0 0 0 0 0 0 0 0 0 0 0 0 0 0 0 0 0 
0 0 0 0 0 0 0 0 0 0 0 0 0 0 0 0 0 0 0 0 0 0 0 0 0 0 0 0 0 0 0 0 0 0 0 0 0 0 0 0 0 0 0 0 0 0 0 0 0 0 0 0 0 0 0 0 0 0 0 0 0 0 0 0 0 0 0 0 0 0 0 0 0 0 0 0 0 0 62 62 62 63 63 63 63 63 64 65 65 66 66 67 67 67 67 67 67 68 68 68 68 68 68 68 68 68 68 69 69 69 69 70 70 69 70 70 69 69 69 69 69 69 69 69 69 70 70 71 71 71 71 71 71 71 71 71 71 72 73 73 73 73 72 72 72 72 72 72 72 72 72 72 72 72 71 72 72 73 73 73 74 74 74 75 74 74 74 75 75 75 75 75 75 75 75 75 75 75 75 76 76 76 76 76 76 76 76 77 77 77 77 77 79 79 80 80 80 81 81 81 81 82 82 82 82 82 83 83 84 83 83 83 83 83 83 84 84 84 84 84 84 85 85 85 85 86 86 87 87 87 87 87 87 88 88 88 88 88 88 89 89 89 87 88 88 88 88 88 89 89 89 89 89 89 90 90 90 90 91 91 91 91 91 91 91 92 92 93 93 93 93 93 94 94 94 94 95 95 95 95 95 96 96 96 96 97 97 97 98 98 98 98 98 99 99 99 100 100 100 100 100 100 101 101 101 101 102 102 102 102 103 103 103 103 103 104 104 104 104 104 105 105 105 106 106 106 106 107 107 107 108 108 108 108 109 109 110 110 111 111 112 112 112 113 113 114 114 114 114 114 115 115 114 114 115 115 115 115 115 116 116 116 116 117 117 117 117 117 118 118 118 118 119 119 120 120 120 119 120 120 120 120 120 120 121 121 121 121 121 122 122 123 123 123 122 122 123 123 124 124 125 125 125 126 126 126 126 126 126 127 127 128 128 127 127 128 128 128 128 128 128 129 129 129 130 130 130 130 131 131 131 131 131 131 131 131 132 132 132 132 132 132 132 133 133 133 133 133 133 133 134 134 134 135 135 135 0 0 0 0 0 0 0 0 0 0 0 0 0 0 0 0 0 0 0 0 0 0 0 0 0 0 0 0 0 0 0 0 0 0 0 0 0 0 0 0 0 0 0 0 0 0 0 
0 0 0 0 0 0 0 0 0 0 0 0 0 0 0 0 0 0 0 0 0 0 0 0 0 0 0 0 0 0 0 0 0 0 0 0 0 0 0 0 0 0 0 0 0 0 0 0 0 0 0 0 0 0 0 0 0 0 0 0 0 0 0 0 0 0 0 0 0 0 0 0 0 0 0 0 0 0 0 0 0 62 63 64 64 64 64 64 64 64 65 65 67 68 68 68 68 68 68 68 68 69 68 68 67 68 68 68 68 69 69 70 70 69 70 70 70 70 70 69 69 70 70 70 70 70 71 71 71 71 72 72 71 71 72 72 72 72 72 73 73 73 72 72 72 72 72 72 72 73 73 73 73 72 72 73 73 73 73 74 74 74 74 74 74 74 74 74 75 75 75 75 75 75 75 76 75 75 75 76 76 76 77 76 76 76 76 77 77 77 77 77 80 80 80 81 81 81 82 82 82 82 82 82 82 82 83 83 84 84 84 84 83 84 84 84 85 85 85 84 85 86 86 85 85 86 86 87 87 87 87 87 87 87 88 88 88 88 89 89 89 89 87 88 88 88 88 89 89 89 89 89 89 89 90 90 90 90 90 91 91 91 91 92 92 92 93 93 93 93 93 93 94 94 94 95 95 95 95 95 95 96 96 96 96 96 97 97 98 98 98 98 98 99 99 99 99 100 100 100 100 101 101 101 101 101 102 102 102 102 103 103 103 103 103 104 104 104 104 105 105 106 106 106 106 106 106 107 107 107 107 108 107 108 108 109 109 109 110 110 111 111 112 112 113 113 114 114 114 114 115 115 114 114 114 115 115 116 116 116 116 116 117 117 117 117 118 117 118 118 118 118 118 118 119 119 119 119 119 120 120 120 120 120 121 121 121 121 121 122 122 122 123 123 123 122 123 123 124 124 124 125 125 125 126 126 126 126 126 126 127 127 127 127 127 127 128 128 128 128 128 129 129 129 130 130 130 130 131 131 131 131 131 131 131 131 131 131 131 132 132 132 132 132 133 133 133 133 133 133 133 134 134 134 134 0 0 0 0 0 0 0 0 0 0 0 0 0 0 0 0 0 0 0 0 0 0 0 0 0 0 0 0 0 0 0 0 0 0 0 0 0 0 0 0 0 0 0 0 0 0 0 0 
0 0 0 0 0 0 0 0 0 0 0 0 0 0 0 0 0 0 0 0 0 0 0 0 0 0 0 0 0 0 0 0 0 0 0 0 0 0 0 0 0 0 0 0 0 0 0 0 0 0 0 0 0 0 0 0 0 0 0 0 0 0 0 0 0 0 0 0 0 0 0 0 0 0 0 0 0 0 0 0 0 62 63 63 64 64 64 63 64 64 64 65 66 66 68 68 68 68 68 68 68 68 68 68 68 68 68 68 69 69 70 70 70 70 70 70 70 70 70 70 70 71 70 71 71 71 71 71 71 71 71 71 71 71 71 72 72 73 73 73 73 73 72 72 72 72 72 72 72 73 73 73 73 73 73 73 73 73 73 74 74 74 74 74 75 75 75 75 75 75 75 75 75 75 75 75 76 76 76 76 76 77 77 77 77 77 77 77 77 77 78 78 80 80 81 81 81 81 81 82 82 82 82 82 82 83 83 83 84 83 84 84 84 85 85 85 85 85 85 85 85 86 86 86 86 86 87 87 87 87 87 87 88 88 88 88 88 88 89 89 89 89 87 88 88 88 89 89 89 89 89 89 90 90 90 90 90 90 90 91 91 91 91 92 92 92 93 93 93 93 93 93 94 94 94 95 95 95 95 95 95 96 96 96 96 96 97 97 97 98 98 98 98 99 99 99 99 100 100 100 100 101 101 101 101 101 102 102 102 102 102 103 103 103 103 104 104 104 104 105 105 105 105 105 106 106 106 107 106 107 107 107 107 107 107 108 108 108 109 109 109 110 111 111 112 113 113 113 113 113 114 114 114 114 115 115 115 116 117 117 117 117 117 117 118 118 118 118 118 118 118 118 118 117 118 118 118 119 119 119 120 120 120 120 121 121 121 121 121 122 122 122 122 122 123 123 122 123 123 124 124 124 125 125 125 125 126 126 126 126 127 127 127 127 127 127 128 128 128 128 128 128 129 129 129 129 130 130 130 131 131 131 131 131 131 131 131 131 131 131 132 132 132 132 132 133 133 133 133 133 133 134 134 134 134 0 0 0 0 0 0 0 0 0 0 0 0 0 0 0 0 0 0 0 0 0 0 0 0 0 0 0 0 0 0 0 0 0 0 0 0 0 0 0 0 0 0 0 0 0 0 0 0 
0 0 0 0 0 0 0 0 0 0 0 0 0 0 0 0 0 0 0 0 0 0 0 0 0 0 0 0 0 0 0 0 0 0 0 0 0 0 0 0 0 0 0 0 0 0 0 0 0 0 0 0 0 0 0 0 0 0 0 0 0 0 0 0 0 0 0 0 0 0 0 0 0 0 0 0 0 0 0 0 0 0 63 63 63 63 63 64 64 65 65 65 65 65 66 66 66 67 68 68 68 68 68 68 68 68 69 69 69 69 70 70 70 70 70 70 70 70 70 70 71 71 71 71 71 71 70 70 71 71 71 71 71 72 72 73 73 73 73 73 73 74 72 72 72 72 72 72 72 73 73 73 73 73 73 74 73 74 74 74 74 74 74 74 75 75 75 75 75 75 75 75 75 75 75 76 76 76 76 76 76 77 77 77 77 77 77 78 78 78 78 78 81 81 81 81 81 82 82 82 82 82 82 82 82 83 83 83 83 83 84 84 84 84 84 85 85 85 85 86 85 86 86 86 86 86 86 87 87 87 87 87 87 88 88 88 88 88 89 89 89 89 87 88 88 88 89 89 89 89 89 90 90 90 90 90 90 90 91 91 91 91 91 92 92 92 93 93 93 93 93 94 94 94 94 94 95 95 95 95 96 96 96 96 96 97 97 97 97 98 98 98 98 99 99 99 99 100 100 100 100 100 101 101 101 101 102 102 102 102 103 103 103 103 103 103 104 104 104 105 105 105 105 105 105 106 106 106 107 107 107 107 108 108 108 108 108 108 108 109 109 110 111 111 111 112 112 112 113 112 114 115 115 114 114 115 116 116 116 117 117 117 117 118 118 118 118 118 118 118 118 118 118 117 117 118 118 119 119 119 119 120 120 120 120 121 121 121 122 122 122 122 122 122 123 123 123 123 123 123 124 124 124 125 125 125 125 125 125 126 126 127 127 127 128 128 128 128 128 128 128 128 128 129 129 129 129 130 130 130 131 131 131 131 131 131 131 131 131 131 132 132 131 132 132 132 133 133 133 133 133 133 134 134 134 134 0 0 0 0 0 0 0 0 0 0 0 0 0 0 0 0 0 0 0 0 0 0 0 0 0 0 0 0 0 0 0 0 0 0 0 0 0 0 0 0 0 0 0 0 0 0 0 
0 0 0 0 0 0 0 0 0 0 0 0 0 0 0 0 0 0 0 0 0 0 0 0 0 0 0 0 0 0 0 0 0 0 0 0 0 0 0 0 0 0 0 0 0 0 0 0 0 0 0 0 0 0 0 0 0 0 0 0 0 0 0 0 0 0 0 0 0 0 0 0 0 0 0 0 0 0 0 0 0 0 0 62 63 64 64 64 64 64 65 65 64 65 66 66 66 66 67 67 67 68 68 68 68 68 68 68 69 69 69 70 70 70 71 71 70 70 70 70 70 70 70 71 71 71 71 71 71 71 71 71 71 72 72 73 72 72 72 72 73 73 72 72 72 72 72 72 73 73 73 73 74 73 74 74 74 74 74 74 74 74 74 74 75 75 75 75 75 76 76 76 76 75 75 76 76 76 76 76 76 77 77 77 77 77 78 78 78 78 78 79 81 81 81 81 82 82 82 82 82 82 82 82 82 83 84 84 83 83 84 84 84 84 84 84 85 85 85 85 85 85 86 86 86 86 87 87 87 87 87 87 87 88 88 88 88 88 89 89 89 90 88 88 88 88 89 89 89 89 89 89 90 90 90 90 90 91 91 91 91 91 91 92 92 92 93 93 93 93 93 94 94 94 94 94 95 95 95 95 96 96 96 96 96 97 97 97 97 97 98 98 98 98 99 99 99 99 100 100 100 100 100 101 101 101 102 102 102 102 102 103 103 103 103 103 104 104 104 105 105 105 105 105 105 105 106 106 106 107 107 107 107 108 108 109 109 109 109 109 109 109 110 111 111 111 112 112 112 113 113 114 115 114 114 115 115 115 115 116 117 117 117 117 118 118 118 118 119 119 119 119 118 117 117 117 118 119 119 119 119 119 120 120 120 120 121 121 121 122 122 122 122 121 121 123 123 123 123 123 124 124 124 125 125 125 125 125 125 126 126 127 127 127 127 128 128 128 128 128 128 128 128 129 129 129 129 130 130 130 130 131 131 131 130 130 130 131 131 131 131 132 131 131 132 132 132 133 132 133 133 133 134 134 134 134 0 0 0 0 0 0 0 0 0 0 0 0 0 0 0 0 0 0 0 0 0 0 0 0 0 0 0 0 0 0 0 0 0 0 0 0 0 0 0 0 0 0 0 0 0 0 0 
0 0 0 0 0 0 0 0 0 0 0 0 0 0 0 0 0 0 0 0 0 0 0 0 0 0 0 0 0 0 0 0 0 0 0 0 0 0 0 0 0 0 0 0 0 0 0 0 0 0 0 0 0 0 0 0 0 0 0 0 0 0 0 0 0 0 0 0 0 0 0 0 0 0 0 0 0 0 0 0 0 0 0 0 63 63 63 63 63 64 65 64 65 65 65 66 66 66 66 66 67 68 69 68 68 68 68 68 68 68 69 70 70 70 70 70 71 70 70 70 70 70 70 71 71 71 71 71 71 71 72 71 72 72 72 73 72 72 72 73 73 73 72 72 72 72 73 73 73 73 73 73 74 74 74 74 74 74 74 74 74 74 74 74 75 75 75 75 75 76 76 76 76 76 76 75 76 76 76 76 76 77 77 77 77 78 78 78 78 78 79 79 81 81 81 82 82 82 82 82 82 82 82 82 82 83 83 84 84 83 83 84 84 85 85 85 85 85 85 85 85 86 86 86 86 87 87 87 87 87 87 88 88 88 88 88 88 89 89 89 89 89 88 88 88 88 89 89 89 89 89 90 90 90 90 91 91 91 91 91 91 91 91 92 92 93 93 93 93 93 93 94 94 94 94 95 95 95 95 96 96 96 96 96 96 96 97 97 97 98 98 98 98 98 98 99 99 99 99 100 100 100 101 101 101 101 102 102 102 102 103 103 103 103 103 104 104 104 104 105 105 105 105 105 105 106 106 106 106 107 107 107 107 108 108 108 109 109 109 110 110 111 111 111 111 111 111 112 112 113 113 113 114 114 114 114 114 115 116 116 117 117 117 117 117 118 118 118 119 119 119 119 119 118 117 117 118 119 119 119 120 120 120 120 120 120 121 121 121 121 122 122 122 122 122 122 123 123 123 123 123 123 124 124 125 125 125 125 125 126 126 126 126 127 127 127 127 128 128 128 128 128 128 128 129 129 129 129 130 130 130 130 130 130 130 130 130 131 131 131 131 132 131 131 131 132 132 132 132 132 133 133 134 134 134 135 0 0 0 0 0 0 0 0 0 0 0 0 0 0 0 0 0 0 0 0 0 0 0 0 0 0 0 0 0 0 0 0 0 0 0 0 0 0 0 0 0 0 0 0 0 0 0 
0 0 0 0 0 0 0 0 0 0 0 0 0 0 0 0 0 0 0 0 0 0 0 0 0 0 0 0 0 0 0 0 0 0 0 0 0 0 0 0 0 0 0 0 0 0 0 0 0 0 0 0 0 0 0 0 0 0 0 0 0 0 0 0 0 0 0 0 0 0 0 0 0 0 0 0 0 0 0 0 0 0 0 0 0 0 0 0 0 64 64 64 0 0 65 66 65 66 66 67 67 68 69 69 69 68 68 68 69 69 70 70 70 70 70 70 70 70 71 71 71 71 71 71 71 71 72 72 71 71 72 72 72 72 72 72 72 72 73 73 73 74 72 72 72 72 73 73 73 73 73 74 74 74 74 74 74 74 74 74 74 74 74 75 74 75 75 75 75 76 76 76 76 76 76 76 76 76 76 77 77 77 77 77 77 78 78 78 78 78 79 79 81 81 81 82 82 82 82 82 82 82 82 83 83 83 83 84 83 83 84 84 84 84 84 85 85 85 85 85 85 86 86 86 86 87 87 87 87 87 88 88 88 88 88 89 89 89 89 89 89 89 87 88 88 88 89 89 89 89 89 90 90 90 90 90 91 91 91 91 91 91 91 92 92 93 93 93 93 93 94 94 94 94 94 95 95 95 95 95 95 95 96 96 96 96 96 97 97 97 98 98 98 98 98 99 99 99 99 99 100 100 100 101 101 102 102 102 102 102 103 103 103 103 103 104 104 104 104 104 105 105 105 105 105 106 106 106 106 107 107 108 108 108 109 108 108 108 109 109 110 110 111 112 111 111 111 111 112 113 113 113 113 113 114 115 115 115 115 116 116 117 117 117 117 117 118 118 119 119 119 119 119 118 117 117 118 118 119 119 120 120 120 120 120 120 120 121 121 121 121 122 122 122 122 122 123 123 123 123 123 123 123 124 124 124 124 125 125 126 126 126 126 126 127 127 127 127 127 127 128 128 128 128 129 129 129 129 129 130 130 130 130 130 130 130 130 131 131 131 131 131 131 131 131 132 132 132 132 132 133 133 134 134 134 134 135 0 0 0 0 0 0 0 0 0 0 0 0 0 0 0 0 0 0 0 0 0 0 0 0 0 0 0 0 0 0 0 0 0 0 0 0 0 0 0 0 0 0 0 0 0 0 
0 0 0 0 0 0 0 0 0 0 0 0 0 0 0 0 0 0 0 0 0 0 0 0 0 0 0 0 0 0 0 0 0 0 0 0 0 0 0 0 0 0 0 0 0 0 0 0 0 0 0 0 0 0 0 0 0 0 0 0 0 0 0 0 0 0 0 0 0 0 0 0 0 0 0 0 0 0 0 0 0 0 0 0 0 0 0 0 0 0 64 64 0 0 65 65 66 66 67 68 67 67 68 69 69 68 68 68 69 69 70 70 70 70 70 70 70 70 71 71 71 71 71 71 71 72 72 72 72 72 72 72 72 72 72 72 73 73 73 73 73 74 72 72 72 72 73 73 73 73 73 74 74 74 74 74 74 74 74 74 74 74 74 75 75 75 75 75 75 76 76 76 76 77 77 77 77 77 76 76 77 77 77 77 77 78 78 78 78 79 79 79 81 81 81 81 82 82 82 82 82 82 83 83 83 83 83 83 83 83 84 84 85 85 84 85 85 85 85 85 85 86 86 86 87 87 87 87 87 87 88 88 88 88 88 89 89 89 89 89 89 89 87 88 88 88 89 89 89 89 89 90 90 90 90 91 91 91 91 91 91 91 92 92 92 92 93 93 93 93 94 94 94 94 94 94 94 95 95 95 96 96 96 96 97 97 96 97 97 97 97 98 98 98 98 98 99 99 99 100 100 100 100 101 101 101 102 102 102 102 103 103 103 103 103 103 104 104 104 104 105 105 105 105 105 106 106 107 107 107 107 107 108 108 108 108 108 109 109 109 110 110 110 111 111 112 113 112 112 113 114 114 114 113 114 114 115 116 116 116 116 116 117 117 117 118 118 118 118 119 119 119 119 118 117 117 117 118 118 119 119 119 120 120 120 120 120 120 121 121 121 122 122 122 122 122 123 123 123 123 123 124 124 124 124 124 124 125 125 126 126 126 126 126 126 127 127 127 127 127 127 128 128 128 129 129 129 129 129 129 129 130 129 129 130 130 130 131 131 131 131 131 131 131 131 132 132 132 132 133 133 133 0 134 134 134 0 0 0 0 0 0 0 0 0 0 0 0 0 0 0 0 0 0 0 0 0 0 0 0 0 0 0 0 0 0 0 0 0 0 0 0 0 0 0 0 0 0 0 0 0 0 0 
0 0 0 0 0 0 0 0 0 0 0 0 0 0 0 0 0 0 0 0 0 0 0 0 0 0 0 0 0 0 0 0 0 0 0 0 0 0 0 0 0 0 0 0 0 0 0 0 0 0 0 0 0 0 0 0 0 0 0 0 0 0 0 0 0 0 0 0 0 0 0 0 0 0 0 0 0 0 0 0 0 0 0 0 0 0 0 0 0 0 64 64 0 0 65 65 65 66 67 66 67 67 68 69 69 69 69 68 69 69 70 70 70 70 70 70 70 71 71 71 71 71 71 71 71 72 72 72 72 72 72 72 72 72 73 73 73 73 73 73 73 74 73 73 73 73 73 73 73 73 73 74 74 74 74 74 75 75 74 74 74 74 75 75 75 75 75 75 75 75 76 76 76 77 77 77 77 77 77 77 77 77 77 77 77 78 78 78 79 79 79 79 81 81 81 82 82 82 82 82 82 82 83 83 83 83 84 84 84 84 84 84 84 85 85 85 85 85 85 85 86 86 86 86 87 87 87 87 87 87 88 88 88 88 89 89 89 89 89 90 90 89 87 88 88 88 89 89 89 89 89 90 90 90 90 91 91 91 91 91 91 91 92 92 92 93 93 93 93 93 93 94 94 94 94 95 95 95 95 95 96 96 96 96 97 97 97 97 97 97 97 97 98 98 98 99 99 99 99 99 100 100 100 100 101 101 101 102 102 102 102 103 103 103 103 104 104 104 104 104 104 105 105 105 105 106 106 107 107 107 107 108 108 108 108 109 109 109 109 110 110 110 111 111 111 111 112 113 113 113 114 114 114 114 114 114 114 116 116 116 116 116 117 117 117 118 118 118 118 119 119 119 119 118 117 117 117 117 118 119 119 119 120 120 120 120 121 121 121 121 121 121 122 122 122 122 123 123 123 123 123 123 124 124 124 124 124 124 125 126 126 126 126 126 126 126 126 127 127 127 127 127 128 128 128 129 129 129 129 129 129 129 129 130 130 130 131 131 131 131 131 131 131 131 131 132 132 132 133 0 0 0 0 0 0 0 0 0 0 0 0 0 0 0 0 0 0 0 0 0 0 0 0 0 0 0 0 0 0 0 0 0 0 0 0 0 0 0 0 0 0 0 0 0 0 0 0 0 0 0 0 0 0 
0 0 0 0 0 0 0 0 0 0 0 0 0 0 0 0 0 0 0 0 0 0 0 0 0 0 0 0 0 0 0 0 0 0 0 0 0 0 0 0 0 0 0 0 0 0 0 0 0 0 0 0 0 0 0 0 0 0 0 0 0 0 0 0 0 0 0 0 0 0 0 0 0 0 0 0 0 0 0 0 0 0 0 0 0 0 0 0 0 0 0 0 0 0 0 0 0 66 67 66 67 68 68 68 69 69 69 69 68 69 69 70 70 70 70 70 70 71 71 71 71 71 71 71 71 72 72 72 72 72 72 72 73 73 73 73 73 73 73 73 73 74 73 73 73 73 73 73 73 73 74 74 74 74 74 74 75 75 75 75 75 75 75 75 75 75 75 76 76 76 76 76 77 77 77 77 77 77 77 77 77 77 78 78 78 78 78 78 78 78 79 79 81 82 82 82 82 82 82 82 82 82 83 83 83 84 84 84 84 84 84 84 84 84 85 85 85 85 85 86 86 86 86 87 87 87 87 87 87 88 88 88 88 88 89 89 89 89 90 90 90 90 88 88 88 89 89 89 89 89 89 90 90 90 90 91 91 91 91 91 91 91 92 92 93 93 93 93 93 93 94 94 94 94 94 95 95 95 95 96 96 96 96 96 96 97 97 97 97 97 97 98 98 98 98 99 99 99 99 99 100 100 100 100 101 101 101 101 102 102 102 102 103 103 103 104 104 104 104 104 104 105 105 106 105 105 106 106 106 106 107 107 107 108 108 108 109 109 110 110 110 111 112 112 111 112 112 112 113 113 113 114 114 114 115 114 114 115 116 116 116 116 117 117 117 117 117 118 118 118 119 119 119 118 117 117 117 117 118 118 119 119 120 120 120 121 121 121 121 121 121 121 121 122 122 123 123 123 123 123 123 123 123 124 124 124 124 124 125 125 126 126 126 126 126 126 126 126 126 127 127 127 128 128 128 128 129 129 129 128 129 129 130 130 130 130 131 131 131 131 131 131 131 131 131 132 0 0 0 0 0 0 0 0 0 0 0 0 0 0 0 0 0 0 0 0 0 0 0 0 0 0 0 0 0 0 0 0 0 0 0 0 0 0 0 0 0 0 0 0 0 0 0 0 0 0 0 0 0 0 0 0 0 
0 0 0 0 0 0 0 0 0 0 0 0 0 0 0 0 0 0 0 0 0 0 0 0 0 0 0 0 0 0 0 0 0 0 0 0 0 0 0 0 0 0 0 0 0 0 0 0 0 0 0 0 0 0 0 0 0 0 0 0 0 0 0 0 0 0 0 0 0 0 0 0 0 0 0 0 0 0 0 0 0 0 0 0 0 0 0 0 0 0 0 0 0 0 0 0 66 66 66 66 67 67 67 67 68 69 69 68 69 69 70 70 71 71 71 71 71 70 71 71 71 71 71 71 71 72 72 72 72 72 72 72 73 73 73 73 73 73 73 73 74 74 73 73 73 73 73 74 74 73 74 74 74 74 74 74 74 74 75 75 75 75 75 75 75 75 75 76 76 76 76 76 76 77 77 77 78 78 78 78 78 78 77 78 78 78 78 78 79 79 79 79 81 82 82 82 82 82 82 82 82 82 83 83 83 83 84 84 84 84 84 84 84 84 85 85 85 85 85 86 86 86 86 87 87 87 87 87 87 88 88 88 88 88 89 89 89 89 90 90 90 90 88 88 88 89 89 89 89 89 89 90 90 90 90 91 91 91 91 91 91 92 92 92 93 93 93 93 93 94 94 94 94 94 94 95 95 95 95 95 95 96 96 96 96 97 97 97 97 97 97 98 98 98 99 99 99 99 99 100 100 100 100 100 101 101 101 101 102 102 102 102 103 103 103 104 104 104 104 105 105 105 105 105 106 105 106 106 107 107 107 107 107 108 108 108 109 109 110 110 111 111 112 112 112 112 112 112 112 113 113 113 114 114 115 115 115 116 116 116 116 116 117 117 117 117 117 118 118 118 118 119 119 118 118 117 117 117 118 118 119 119 119 120 120 120 120 121 121 121 121 121 121 121 122 122 123 123 123 123 123 123 123 124 124 124 124 124 125 125 125 125 125 126 126 126 126 126 126 126 127 127 127 128 128 128 128 128 128 128 129 129 130 130 130 130 131 131 131 131 131 131 131 131 131 132 132 0 0 0 0 0 0 0 0 0 0 0 0 0 0 0 0 0 0 0 0 0 0 0 0 0 0 0 0 0 0 0 0 0 0 0 0 0 0 0 0 0 0 0 0 0 0 0 0 0 0 0 0 0 0 0 0 
0 0 0 0 0 0 0 0 0 0 0 0 0 0 0 0 0 0 0 0 0 0 0 0 0 0 0 0 0 0 0 0 0 0 0 0 0 0 0 0 0 0 0 0 0 0 0 0 0 0 0 0 0 0 0 0 0 0 0 0 0 0 0 0 0 0 0 0 0 0 0 0 0 0 0 0 0 0 0 0 0 0 0 0 0 0 0 0 0 0 0 0 0 0 0 0 66 67 68 67 67 67 67 68 68 69 69 68 69 70 70 70 70 71 71 71 71 71 71 71 71 71 72 72 72 72 72 72 72 72 72 72 73 73 73 73 73 73 73 74 74 74 73 73 73 73 74 74 74 73 73 73 74 74 74 74 74 74 75 75 75 75 75 75 75 76 76 76 76 76 76 76 76 77 77 77 78 78 78 78 78 78 77 78 78 78 79 79 79 79 80 80 81 81 81 82 82 82 82 82 83 83 83 83 83 83 83 83 83 84 84 84 84 84 85 85 85 85 86 86 86 86 86 86 87 87 87 87 88 88 88 88 88 89 89 89 89 89 89 90 90 90 88 88 89 89 89 89 89 89 90 90 90 90 90 91 91 91 91 91 92 92 92 92 92 93 93 93 94 94 94 94 94 94 95 95 95 96 95 95 96 96 96 96 97 97 97 97 97 97 97 98 98 98 99 99 99 99 99 100 100 100 100 100 101 101 101 101 102 102 102 102 103 103 103 103 104 104 104 104 104 105 105 105 106 106 106 106 107 107 107 107 107 108 108 108 109 109 109 110 110 110 111 111 111 112 112 113 113 113 113 113 113 114 114 115 116 116 116 116 116 116 116 116 117 117 117 117 118 118 118 118 118 118 118 117 117 117 117 118 118 119 119 120 120 120 120 120 121 121 121 121 121 121 122 122 122 123 123 123 123 123 123 123 123 124 124 124 124 125 125 125 125 125 126 126 126 126 126 127 127 127 127 127 128 128 128 128 128 128 129 129 130 130 130 130 131 131 131 131 131 131 131 131 131 132 132 0 0 0 0 0 0 0 0 0 0 0 0 0 0 0 0 0 0 0 0 0 0 0 0 0 0 0 0 0 0 0 0 0 0 0 0 0 0 0 0 0 0 0 0 0 0 0 0 0 0 0 0 0 0 0 0 
0 0 0 0 0 0 0 0 0 0 0 0 0 0 0 0 0 0 0 0 0 0 0 0 0 0 0 0 0 0 0 0 0 0 0 0 0 0 0 0 0 0 0 0 0 0 0 0 0 0 0 0 0 0 0 0 0 0 0 0 0 0 0 0 0 0 0 0 0 0 0 0 0 0 0 0 0 0 0 0 0 0 0 0 0 0 0 0 0 0 0 0 0 0 0 0 0 67 68 68 68 67 67 67 68 69 69 68 69 69 69 69 70 71 71 71 71 71 71 71 71 72 72 72 72 72 72 72 72 72 72 73 73 73 73 73 74 74 74 74 74 75 73 73 73 74 74 74 74 73 74 74 74 74 74 74 74 74 75 75 75 75 75 75 75 76 76 76 76 76 76 76 77 77 77 78 78 78 78 78 78 78 78 78 78 78 79 79 79 79 80 80 82 81 82 82 82 82 82 83 83 83 83 84 84 84 84 84 84 84 84 84 84 84 85 85 85 86 86 86 86 87 86 86 87 87 87 88 88 88 88 88 89 89 89 89 89 89 89 89 90 90 88 89 89 89 89 89 89 90 90 90 90 90 90 91 91 91 91 92 92 92 92 93 93 93 93 93 93 94 94 94 94 95 95 95 95 95 95 96 96 96 96 96 97 97 97 97 97 97 97 98 98 98 99 99 99 99 100 100 100 100 100 100 100 101 101 101 102 102 102 102 103 103 103 103 103 104 104 104 105 105 105 105 106 106 107 107 107 107 107 107 107 108 108 108 109 109 110 110 110 110 111 112 112 112 112 112 113 113 113 114 114 114 114 115 115 115 115 115 116 116 117 117 117 117 117 117 118 118 118 118 117 117 117 117 117 117 117 118 118 119 119 119 120 120 120 120 121 121 121 121 121 121 121 122 122 123 123 123 123 123 123 123 124 124 124 124 124 125 125 125 125 125 125 126 126 126 127 127 127 127 127 127 127 128 128 128 129 129 129 130 130 130 130 130 131 131 131 131 131 131 131 131 131 132 0 0 0 0 0 0 0 0 0 0 0 0 0 0 0 0 0 0 0 0 0 0 0 0 0 0 0 0 0 0 0 0 0 0 0 0 0 0 0 0 0 0 0 0 0 0 0 0 0 0 0 0 0 0 0 0 0 
0 0 0 0 0 0 0 0 0 0 0 0 0 0 0 0 0 0 0 0 0 0 0 0 0 0 0 0 0 0 0 0 0 0 0 0 0 0 0 0 0 0 0 0 0 0 0 0 0 0 60 61 0 0 0 0 0 0 0 0 0 0 0 0 0 0 0 0 0 0 0 0 0 0 0 0 0 0 0 0 0 0 0 0 0 0 0 0 0 0 0 0 0 0 0 0 66 67 68 68 68 68 68 67 68 69 69 69 69 69 69 70 70 71 71 71 71 71 71 72 71 71 71 71 72 72 72 72 72 72 73 73 73 73 73 73 74 74 74 75 75 75 73 73 73 73 74 74 74 74 74 74 74 74 74 74 74 74 74 75 75 75 76 76 76 76 76 76 76 76 76 77 77 77 78 78 78 78 78 78 78 79 78 78 78 78 79 79 79 79 79 80 82 82 82 82 82 82 82 83 83 83 83 84 84 84 84 84 84 84 84 84 85 85 85 85 85 86 86 86 86 86 86 87 87 87 87 88 88 88 88 88 89 89 89 89 89 89 89 89 90 90 88 89 89 89 89 89 89 90 90 90 90 90 91 91 91 91 92 92 92 92 92 93 93 93 94 94 94 94 94 95 95 95 95 95 95 95 95 95 96 96 96 96 97 97 97 97 97 97 97 98 98 98 99 99 99 99 100 100 100 100 100 100 101 101 101 101 102 102 102 102 103 103 103 103 103 104 104 104 104 105 105 105 105 106 106 106 106 107 107 108 108 108 108 109 109 109 109 109 110 110 111 111 112 112 112 113 113 113 113 113 114 114 115 115 115 115 115 115 115 116 116 116 116 117 117 117 117 117 117 117 117 118 118 118 117 117 117 118 118 119 119 119 119 120 120 120 120 121 121 121 121 121 122 121 122 122 123 123 123 123 123 123 124 124 124 124 124 125 125 125 125 125 125 125 126 126 127 127 127 127 127 127 127 128 128 128 129 129 129 130 130 130 130 0 0 0 0 0 0 0 0 0 0 0 0 0 0 0 0 0 0 0 0 0 0 0 0 0 0 0 0 0 0 0 0 0 0 0 0 0 0 0 0 0 0 0 0 0 0 0 0 0 0 0 0 0 0 0 0 0 0 0 0 0 0 0 0 0 0 0 0 
0 0 0 0 0 0 0 0 0 0 0 0 0 0 0 0 0 0 0 0 0 0 0 0 0 0 0 0 0 0 0 0 0 0 0 0 0 0 0 0 0 0 0 0 0 0 0 0 0 0 61 63 62 0 0 0 0 0 0 0 0 0 0 0 0 0 0 0 0 0 0 0 0 0 0 0 0 0 0 0 0 0 0 0 0 0 0 0 0 0 0 0 0 66 66 66 67 68 68 68 69 69 69 68 68 68 68 69 69 69 70 70 71 71 71 71 71 71 71 71 71 71 71 71 72 72 72 72 72 72 72 73 73 73 73 73 74 74 74 74 74 75 73 73 73 73 74 74 74 75 75 75 74 75 75 75 75 75 75 75 75 75 76 76 76 76 76 76 76 77 76 77 77 77 78 78 78 78 78 78 79 79 79 78 78 79 79 79 79 79 79 80 82 82 82 82 82 82 82 83 83 83 83 84 84 84 84 85 85 85 85 85 86 85 85 86 86 86 86 86 86 87 87 87 87 88 88 88 88 88 88 88 89 89 89 89 89 89 89 90 90 90 88 89 89 89 89 89 90 90 90 90 90 90 91 91 91 91 92 92 92 92 93 93 93 93 93 94 94 94 94 95 95 95 95 96 95 95 95 95 96 96 96 96 96 97 97 97 97 97 97 98 98 98 99 99 99 99 100 100 100 100 100 100 101 101 101 101 102 102 102 102 103 103 103 103 103 103 103 104 104 104 105 105 105 105 106 106 107 107 108 108 108 108 109 109 109 109 109 110 110 110 111 111 111 111 112 112 113 113 113 113 114 114 115 115 115 115 115 115 116 116 116 116 117 117 117 117 117 117 117 117 118 118 118 117 117 117 117 117 118 118 119 119 119 120 120 120 120 121 121 121 121 122 121 122 122 122 122 123 123 123 123 123 124 124 124 124 124 125 125 125 125 125 125 125 126 126 126 126 127 127 127 127 127 127 128 128 128 129 129 0 0 0 0 0 0 0 0 0 0 0 0 0 0 0 0 0 0 0 0 0 0 0 0 0 0 0 0 0 0 0 0 0 0 0 0 0 0 0 0 0 0 0 0 0 0 0 0 0 0 0 0 0 0 0 0 0 0 0 0 0 0 0 0 0 0 0 0 0 0 0 0 
0 0 0 0 0 0 0 0 0 0 0 0 0 0 0 0 0 0 0 0 0 0 0 0 0 0 0 0 0 0 0 0 0 0 0 0 0 0 0 0 0 0 0 0 0 0 0 0 0 0 61 63 64 63 61 61 61 61 61 0 0 0 0 0 0 0 0 0 0 0 0 0 0 0 0 0 0 0 0 0 0 0 0 0 0 0 0 0 0 0 65 66 66 67 68 67 67 68 68 69 68 68 69 69 68 69 69 69 69 69 70 70 70 71 71 71 71 71 71 71 72 72 72 72 72 72 73 73 73 72 72 72 73 73 73 74 74 74 74 74 74 74 73 73 73 74 74 74 74 75 75 75 75 75 75 75 75 76 75 75 75 75 75 76 76 76 76 76 76 77 77 77 77 77 78 78 78 78 78 78 78 79 79 79 79 79 79 79 79 79 79 80 82 82 82 82 82 82 82 83 83 83 83 83 84 84 85 85 85 85 85 85 86 86 86 86 86 86 86 86 86 87 87 87 87 88 88 88 88 88 88 88 89 89 89 89 89 90 90 90 90 90 88 89 89 89 89 89 89 90 90 90 90 91 91 91 91 91 92 92 92 92 92 93 93 93 93 94 94 94 94 94 94 95 95 95 96 95 95 95 96 96 96 96 96 97 97 97 97 97 97 98 98 98 99 99 99 99 100 100 100 100 100 101 101 101 101 101 102 102 102 102 102 103 103 103 103 103 104 104 104 105 105 105 105 105 106 106 107 107 107 108 108 108 108 108 109 109 109 110 110 111 111 111 112 112 112 112 112 113 113 113 114 114 114 115 115 115 115 115 115 116 116 116 116 117 117 117 117 117 118 118 118 118 118 117 117 117 117 117 118 118 118 119 119 120 120 120 120 120 121 121 121 121 121 122 122 122 122 122 123 123 123 124 124 124 124 124 124 125 125 125 125 125 125 125 125 126 126 126 126 126 127 127 127 127 128 128 128 129 129 0 0 0 0 0 0 0 0 0 0 0 0 0 0 0 0 0 0 0 0 0 0 0 0 0 0 0 0 0 0 0 0 0 0 0 0 0 0 0 0 0 0 0 0 0 0 0 0 0 0 0 0 0 0 0 0 0 0 0 0 0 0 0 0 0 0 0 0 0 0 0 0 
0 0 0 0 0 0 0 0 0 0 0 0 0 0 0 0 0 0 0 0 0 0 0 0 0 0 0 0 0 0 0 0 0 0 0 0 0 0 0 0 0 0 0 0 0 0 0 0 0 0 61 62 64 64 63 62 63 64 64 62 61 0 0 0 0 0 0 0 0 0 0 0 0 0 0 0 0 0 0 0 0 0 0 0 0 0 0 0 0 0 66 66 67 68 68 68 68 69 69 69 69 68 68 68 68 69 70 69 69 69 69 70 71 71 71 71 72 71 72 72 73 73 73 73 73 73 73 73 73 73 73 73 73 73 73 74 74 74 74 74 74 75 73 73 73 74 74 74 74 74 75 75 75 75 75 75 75 75 76 76 76 75 75 76 76 76 76 76 77 77 77 77 77 77 77 78 78 78 78 78 78 79 79 79 79 79 79 80 80 80 80 80 82 82 82 83 83 83 83 83 83 83 84 84 84 85 85 85 85 85 85 85 85 86 86 86 86 86 86 86 86 87 87 87 87 88 88 88 88 88 88 88 89 89 89 89 89 89 90 90 90 90 89 89 89 89 89 89 90 90 90 90 90 91 91 91 91 91 91 92 92 92 92 93 93 93 93 94 94 94 94 94 94 95 95 95 95 96 95 95 96 96 96 96 97 97 97 97 97 97 98 98 98 98 99 99 99 99 100 100 100 100 100 101 101 101 101 101 101 102 102 102 102 103 103 103 103 103 104 104 104 105 105 105 105 106 106 107 107 107 107 108 108 108 108 108 109 109 110 110 110 110 111 112 112 112 112 112 113 113 113 113 114 114 114 115 115 115 115 115 115 116 116 116 116 116 116 117 117 117 118 118 118 118 118 117 117 117 117 117 118 118 118 119 119 119 119 120 120 120 121 121 121 121 121 122 122 122 122 122 122 123 123 123 124 124 124 124 124 124 124 125 125 125 125 125 125 126 126 126 126 126 126 127 127 127 127 128 128 129 129 0 0 0 0 0 0 0 0 0 0 0 0 0 0 0 0 0 0 0 0 0 0 0 0 0 0 0 0 0 0 0 0 0 0 0 0 0 0 0 0 0 0 0 0 0 0 0 0 0 0 0 0 0 0 0 0 0 0 0 0 0 0 0 0 0 0 0 0 0 0 0 0 
0 0 0 0 0 0 0 0 0 0 0 0 0 0 0 0 0 0 0 0 0 0 0 0 0 0 0 0 0 0 0 0 0 0 0 0 0 0 0 0 0 0 0 0 0 0 0 0 0 0 0 61 63 64 64 63 63 65 65 65 64 62 63 62 62 0 0 0 0 0 0 0 0 0 0 0 0 0 0 0 0 0 0 0 0 0 0 0 66 66 66 66 67 67 68 68 68 68 69 69 69 69 69 68 69 69 70 70 70 70 69 70 70 70 71 72 72 72 72 72 73 73 73 73 73 73 73 73 73 73 73 74 74 73 73 73 74 74 74 74 74 75 73 73 74 74 74 74 74 74 74 75 75 75 75 75 75 75 76 76 76 76 75 76 76 76 77 77 77 77 77 77 77 77 77 78 78 78 78 79 78 79 79 79 79 79 80 80 80 80 80 80 82 82 82 83 83 84 83 83 84 84 84 84 85 85 85 85 85 85 85 85 85 85 86 86 86 86 86 86 87 87 87 87 87 88 88 88 88 88 88 88 89 89 89 89 90 90 90 90 90 90 88 89 89 89 89 89 90 90 90 90 90 90 91 91 91 91 91 92 92 92 93 93 93 94 94 93 94 94 94 94 94 94 94 95 95 95 95 95 96 96 96 96 96 97 97 97 97 98 98 98 98 98 99 99 99 99 100 100 100 100 100 101 101 101 101 101 101 102 102 102 102 103 103 103 103 103 104 104 104 104 104 105 106 106 106 107 106 107 107 107 108 108 107 108 108 109 109 110 110 111 111 111 112 112 112 113 113 113 113 114 114 114 114 114 115 115 115 115 115 116 116 116 116 116 117 117 117 117 117 117 117 117 117 117 117 117 117 117 118 118 118 118 119 119 119 120 120 120 120 121 121 121 121 121 122 122 122 122 122 123 123 123 124 124 124 124 124 124 124 124 125 125 125 125 125 125 126 126 126 126 127 127 127 127 127 128 128 128 129 0 0 0 0 0 0 0 0 0 0 0 0 0 0 0 0 0 0 0 0 0 0 0 0 0 0 0 0 0 0 0 0 0 0 0 0 0 0 0 0 0 0 0 0 0 0 0 0 0 0 0 0 0 0 0 0 0 0 0 0 0 0 0 0 0 0 0 0 0 0 0 0 
0 0 0 0 0 0 0 0 0 0 0 0 0 0 0 0 0 0 0 0 0 0 0 0 0 0 0 0 0 0 0 0 0 0 0 0 0 0 0 0 0 0 0 0 0 0 0 0 0 0 0 0 62 63 63 64 64 65 66 66 65 64 64 65 64 62 0 0 0 0 0 0 0 0 0 0 0 0 0 0 0 0 0 0 0 0 65 66 66 66 66 66 67 68 68 68 68 68 68 69 69 69 69 69 69 70 70 71 70 70 70 71 70 71 71 72 72 72 72 72 72 72 73 73 73 73 73 73 73 73 74 74 74 74 74 73 73 74 74 74 75 75 74 74 74 74 74 74 74 74 74 74 75 75 75 75 75 75 75 75 76 76 76 76 76 76 77 77 77 77 77 77 77 77 77 78 78 78 78 79 79 79 79 79 79 79 80 80 80 80 80 80 82 82 82 83 83 84 84 84 84 84 84 85 85 85 85 85 85 85 85 85 85 85 86 86 86 86 86 86 87 87 87 87 88 88 88 88 88 88 89 89 89 89 89 89 90 90 90 90 90 90 88 89 89 89 89 89 90 90 90 90 90 90 90 91 92 92 92 92 92 93 93 93 93 94 94 94 93 94 94 94 94 94 94 95 96 95 95 95 96 96 96 96 97 97 97 97 97 98 98 98 98 98 98 99 99 99 99 100 100 100 100 101 101 101 101 101 101 102 102 102 102 103 103 103 103 103 104 104 104 104 105 105 105 106 106 106 106 107 107 107 107 107 107 108 108 109 109 109 110 111 111 111 111 112 112 112 113 113 113 114 114 114 114 114 115 115 115 115 115 115 116 116 116 116 117 117 117 116 116 117 117 117 117 117 117 117 117 117 118 118 118 118 119 119 119 120 120 120 120 120 121 121 121 121 121 122 122 122 122 122 123 123 124 124 123 124 124 124 124 124 125 125 125 125 125 125 126 126 126 127 127 127 127 127 127 128 128 128 129 129 0 0 0 0 0 0 0 0 0 0 0 0 0 0 0 0 0 0 0 0 0 0 0 0 0 0 0 0 0 0 0 0 0 0 0 0 0 0 0 0 0 0 0 0 0 0 0 0 0 0 0 0 0 0 0 0 0 0 0 0 0 0 0 0 0 0 0 0 0 0 0 
0 0 0 0 0 0 0 0 0 0 0 0 0 0 0 0 0 0 0 0 0 0 0 0 0 0 0 0 0 0 0 0 0 0 0 0 0 0 0 0 0 0 0 0 0 0 0 0 0 0 0 0 0 63 64 64 64 65 65 66 65 65 65 65 63 63 63 0 0 0 63 63 0 0 0 0 0 0 0 0 0 0 0 0 0 0 66 66 66 66 66 67 68 68 68 68 68 68 69 70 69 69 69 69 70 70 71 71 70 70 71 71 71 72 71 72 72 72 72 72 72 72 72 72 72 72 73 73 73 73 73 74 74 74 74 74 74 74 74 74 75 75 74 74 74 74 74 74 74 75 74 74 75 75 75 76 76 76 75 75 75 75 75 75 76 77 77 77 78 78 77 77 77 78 78 78 78 78 78 79 79 79 79 79 79 80 80 80 80 80 80 80 82 82 83 83 83 83 84 84 84 84 84 85 85 85 85 85 85 85 85 85 85 85 85 86 86 86 86 87 87 87 87 87 88 88 88 88 88 88 89 89 89 89 89 89 90 90 90 90 90 91 89 89 89 89 89 89 90 90 90 90 91 91 91 91 91 92 92 92 92 93 93 93 93 94 93 94 94 94 94 94 94 94 94 95 95 95 95 95 96 96 96 96 96 97 97 97 97 98 98 98 98 98 99 99 99 99 99 100 100 100 100 101 101 101 101 101 101 102 102 102 102 103 103 103 103 103 103 103 104 104 104 105 106 106 106 106 106 106 107 107 107 107 107 108 108 109 109 110 110 110 111 112 112 112 112 112 112 113 113 113 113 114 114 114 115 115 114 115 115 115 115 116 116 116 116 117 117 117 117 116 116 117 117 116 116 117 117 117 118 118 118 118 118 119 119 120 120 120 120 120 121 121 121 121 121 122 122 122 122 122 123 123 123 123 123 123 123 124 124 124 124 125 125 125 125 126 126 126 126 126 126 126 127 127 127 127 128 128 129 0 0 0 0 0 0 0 0 0 0 0 0 0 0 0 0 0 0 0 0 0 0 0 0 0 0 0 0 0 0 0 0 0 0 0 0 0 0 0 0 0 0 0 0 0 0 0 0 0 0 0 0 0 0 0 0 0 0 0 0 0 0 0 0 0 0 0 0 0 0 0 0 
0 0 0 0 0 0 0 0 0 0 0 0 0 0 0 0 0 0 0 0 0 0 0 0 0 0 0 0 0 0 0 0 0 0 0 0 0 0 0 0 0 0 0 0 0 0 0 0 0 0 0 0 62 64 65 65 65 65 65 66 66 65 65 64 63 65 65 65 65 65 65 65 64 64 64 64 65 65 64 64 64 65 65 65 65 66 66 66 67 67 67 67 67 68 68 68 68 69 69 69 69 69 69 69 70 70 71 70 71 71 71 71 72 72 72 72 72 72 72 72 72 72 72 72 73 73 73 73 73 73 73 74 74 74 75 75 75 75 75 74 75 75 74 74 74 74 74 74 75 75 74 75 75 75 76 76 76 76 76 76 76 76 75 75 76 76 77 77 77 77 78 78 78 78 78 78 78 78 79 79 79 79 79 79 80 80 80 80 80 80 80 80 82 83 83 83 83 83 83 84 84 84 84 85 86 85 85 85 85 85 85 85 85 86 86 86 86 86 87 87 87 87 87 88 88 88 88 88 88 89 89 89 89 89 89 89 90 90 90 90 91 91 89 89 89 89 89 89 90 90 90 90 91 91 91 91 91 91 91 92 92 92 93 93 93 93 94 94 94 94 94 94 94 94 95 94 95 95 95 95 96 96 96 96 97 97 97 97 97 98 98 98 98 99 99 99 99 99 99 99 100 100 100 101 101 101 101 101 101 102 102 102 102 103 103 103 103 103 103 104 104 104 104 105 105 105 106 105 106 106 106 106 106 107 107 108 108 109 109 110 110 110 111 111 112 112 112 112 112 112 113 113 113 114 114 114 115 114 114 114 114 115 115 115 115 115 116 116 116 116 116 116 116 116 117 116 116 117 117 118 118 118 118 118 118 119 119 119 120 120 120 120 120 121 121 121 122 122 122 122 122 122 122 123 123 123 123 123 124 124 124 124 124 125 125 125 125 125 126 126 126 126 126 126 127 127 127 128 128 128 129 0 0 0 0 0 0 0 0 0 0 0 0 0 0 0 0 0 0 0 0 0 0 0 0 0 0 0 0 0 0 0 0 0 0 0 0 0 0 0 0 0 0 0 0 0 0 0 0 0 0 0 0 0 0 0 0 0 0 0 0 0 0 0 0 0 0 0 0 0 0 0 0 
0 0 0 0 0 0 0 0 0 0 0 0 0 0 0 0 0 0 0 0 0 0 0 0 0 0 0 0 0 0 0 0 0 0 0 0 0 0 0 0 0 0 0 0 0 0 0 0 0 0 0 0 0 0 64 65 65 65 65 66 65 65 64 64 64 64 65 66 66 66 66 66 66 66 65 66 66 66 66 65 65 65 65 66 66 67 67 66 67 67 67 67 68 68 68 68 69 69 69 69 70 70 70 69 70 70 70 70 70 71 71 71 72 72 73 73 73 73 73 72 73 73 73 73 73 73 73 73 73 74 74 74 74 74 75 75 75 75 75 75 74 75 74 74 74 74 74 75 75 74 75 75 75 76 76 76 76 76 76 77 77 77 76 76 76 76 76 77 77 77 78 78 78 78 78 78 78 78 79 79 79 79 79 80 80 80 80 80 80 80 80 81 83 83 83 83 83 84 84 84 84 84 85 85 85 86 86 86 85 85 85 86 86 86 86 86 86 86 87 87 87 87 88 88 88 88 88 88 88 89 89 89 89 89 89 90 90 90 90 90 91 91 89 89 89 89 89 90 90 90 91 91 91 91 91 91 91 91 91 92 92 92 93 93 93 93 94 94 94 94 94 94 94 94 94 95 95 95 95 96 96 96 96 96 96 97 97 97 97 98 98 98 98 98 98 98 99 99 99 99 99 100 100 101 101 101 101 101 101 102 102 102 102 102 103 103 103 103 104 104 104 104 105 105 105 105 105 106 107 107 106 107 107 107 107 107 108 108 109 109 110 110 111 111 111 112 112 112 112 113 113 113 113 114 114 114 114 114 114 114 114 114 115 115 115 115 115 116 116 117 116 116 116 116 116 116 116 117 117 118 118 118 118 118 118 118 119 119 119 120 120 120 120 121 121 121 121 122 122 122 122 122 122 123 123 123 123 123 123 124 124 124 124 124 125 125 125 125 125 126 126 126 126 126 127 127 127 128 128 128 129 0 0 0 0 0 0 0 0 0 0 0 0 0 0 0 0 0 0 0 0 0 0 0 0 0 0 0 0 0 0 0 0 0 0 0 0 0 0 0 0 0 0 0 0 0 0 0 0 0 0 0 0 0 0 0 0 0 0 0 0 0 0 0 0 0 0 0 0 0 0 0 0 
0 0 0 0 0 0 0 0 0 0 0 0 0 0 0 0 0 0 0 0 0 0 0 0 0 0 0 0 0 0 0 0 0 0 0 0 0 0 0 0 0 0 0 0 0 0 0 0 0 0 0 0 0 0 0 64 65 65 66 66 65 65 64 64 64 64 65 66 67 67 67 67 67 67 67 68 68 67 67 67 67 66 66 66 66 67 67 67 67 67 68 68 69 68 68 68 68 69 69 69 69 70 70 70 70 70 70 70 70 71 71 71 72 72 73 73 73 73 73 73 73 73 73 73 73 73 73 73 74 74 74 74 74 75 75 75 75 75 75 75 74 75 74 74 74 74 75 75 75 75 75 75 75 76 76 76 76 76 76 76 76 77 77 77 77 76 77 77 77 77 78 78 78 78 78 79 79 79 79 79 79 79 80 80 80 80 80 80 80 81 81 81 83 83 83 83 84 84 84 84 84 84 85 85 85 85 85 86 86 86 86 87 87 86 86 86 86 87 87 87 87 87 88 88 88 88 88 88 89 89 89 89 89 89 90 90 90 90 90 91 91 91 89 89 89 89 89 90 90 90 91 91 91 92 92 92 91 91 91 92 92 92 93 93 93 93 93 94 94 94 94 94 94 94 95 95 95 95 95 96 96 96 96 96 97 97 97 97 97 97 98 98 98 98 98 99 99 99 99 99 99 100 100 101 101 101 101 101 101 102 102 102 102 102 103 103 103 103 104 104 104 104 105 105 105 105 105 106 107 107 107 107 107 107 108 108 108 109 109 109 110 110 110 111 111 111 112 112 112 113 113 113 113 113 114 114 113 113 113 114 114 115 115 115 114 114 115 116 116 116 116 116 116 116 116 116 116 117 117 117 118 118 118 118 118 118 119 119 119 119 120 120 120 121 121 121 121 121 122 121 122 122 122 122 123 123 123 123 123 123 124 124 124 124 125 125 125 125 125 125 126 126 126 126 127 127 127 127 128 128 128 0 0 0 0 0 0 0 0 0 0 0 0 0 0 0 0 0 0 0 0 0 0 0 0 0 0 0 0 0 0 0 0 0 0 0 0 0 0 0 0 0 0 0 0 0 0 0 0 0 0 0 0 0 0 0 0 0 0 0 0 0 0 0 0 0 0 0 0 0 0 0 0 
0 0 0 0 0 0 0 0 0 0 0 0 0 0 0 0 0 0 0 0 0 0 0 0 0 0 0 0 0 0 0 0 0 0 0 0 0 0 0 0 0 0 0 0 0 0 0 0 0 0 0 0 0 0 0 0 65 65 66 67 67 66 65 65 65 65 65 66 67 68 68 68 68 68 68 68 68 68 68 68 68 68 68 67 67 67 66 67 67 67 68 68 68 69 69 69 69 69 69 70 70 70 70 70 70 70 71 71 71 71 71 71 71 72 72 73 73 73 73 73 73 73 73 73 73 73 74 74 74 74 74 74 74 75 75 75 75 75 75 75 75 75 74 74 75 75 74 74 75 75 75 75 76 75 75 76 76 76 76 76 76 77 77 77 77 77 77 77 77 77 78 78 78 78 79 79 79 79 79 79 79 79 80 80 80 80 80 81 81 81 81 81 83 83 83 84 84 84 84 84 84 84 85 85 85 85 85 86 86 86 86 87 87 87 86 86 87 87 87 87 87 88 88 88 88 88 89 89 89 89 89 89 89 89 90 90 90 90 90 91 91 91 89 89 89 89 90 89 90 90 91 91 91 91 92 92 92 92 92 92 92 93 93 93 93 93 93 94 94 94 94 94 94 94 95 95 95 95 95 96 96 96 96 96 97 97 97 97 97 98 98 98 98 98 99 99 99 99 99 99 99 100 100 101 101 101 101 101 102 102 102 102 102 102 103 103 103 103 104 104 104 104 105 105 104 105 105 106 106 107 107 107 108 108 108 108 108 109 109 109 109 110 110 111 111 111 111 112 112 112 113 113 113 113 113 113 113 113 113 114 115 115 115 115 114 114 114 115 115 115 115 115 116 116 115 116 116 117 117 117 117 118 118 118 118 118 119 119 119 119 119 120 120 120 120 121 121 121 121 121 121 122 122 122 122 122 123 123 123 123 124 124 124 124 125 125 125 125 125 125 126 126 126 126 127 127 127 127 127 0 0 0 0 0 0 0 0 0 0 0 0 0 0 0 0 0 0 0 0 0 0 0 0 0 0 0 0 0 0 0 0 0 0 0 0 0 0 0 0 0 0 0 0 0 0 0 0 0 0 0 0 0 0 0 0 0 0 0 0 0 0 0 0 0 0 0 0 0 0 0 0 0 0 
0 0 0 0 0 0 0 0 0 0 0 0 0 0 0 0 0 0 0 0 0 0 0 0 0 0 0 0 0 0 0 0 0 0 0 0 0 0 0 0 0 0 0 0 0 0 0 0 0 0 0 0 0 0 0 0 0 66 67 67 68 67 66 67 66 66 67 67 68 68 68 68 68 68 69 69 68 68 69 69 69 68 68 67 67 67 67 68 68 68 68 68 68 69 69 69 69 69 69 69 70 70 70 70 70 70 71 71 71 71 71 72 72 72 73 73 73 73 73 73 73 73 73 73 73 73 74 74 74 74 74 74 74 75 75 75 75 75 75 75 75 76 74 74 75 75 75 75 75 75 75 76 76 76 75 76 76 76 76 77 77 77 77 77 77 77 77 77 77 77 78 78 78 78 78 79 79 79 79 79 79 80 80 80 80 80 81 81 81 81 81 81 83 83 84 84 84 84 84 84 84 85 85 85 85 85 85 86 86 86 86 86 87 87 87 87 87 87 87 87 88 88 88 88 88 89 89 89 89 89 89 89 89 89 90 90 90 90 90 91 91 91 89 90 89 90 90 90 90 90 90 91 91 92 92 92 92 92 92 92 92 93 93 93 93 93 93 94 94 94 94 94 95 94 95 95 95 95 95 96 96 96 96 96 96 97 97 97 97 98 98 98 98 98 99 99 99 99 99 99 99 100 100 101 101 101 101 101 102 102 102 102 102 102 103 103 103 103 104 104 104 104 104 104 105 105 105 106 106 106 107 107 107 107 107 108 109 109 109 109 109 110 110 111 111 111 111 112 112 112 112 112 112 112 112 112 113 114 114 114 114 114 114 114 114 114 114 114 115 115 115 115 115 115 115 116 116 117 117 117 117 117 118 118 118 118 118 119 119 119 119 119 120 120 120 120 121 121 121 121 122 122 121 122 122 122 122 123 123 123 123 124 124 124 124 124 125 125 125 125 125 126 126 126 127 127 127 127 127 0 0 0 0 0 0 0 0 0 0 0 0 0 0 0 0 0 0 0 0 0 0 0 0 0 0 0 0 0 0 0 0 0 0 0 0 0 0 0 0 0 0 0 0 0 0 0 0 0 0 0 0 0 0 0 0 0 0 0 0 0 0 0 0 0 0 0 0 0 0 0 0 0 0 
0 0 0 0 0 0 0 0 0 0 0 0 0 0 0 0 0 0 0 0 0 0 0 0 0 0 0 0 0 0 0 0 0 0 0 0 0 0 0 0 0 0 0 0 0 0 0 0 0 0 0 0 0 0 0 0 0 0 68 68 67 67 67 67 67 67 67 67 68 68 68 68 68 69 69 69 69 69 70 69 69 69 68 68 68 68 69 69 69 69 69 68 69 68 69 70 70 69 70 70 70 71 71 71 71 71 72 72 72 72 72 72 72 73 73 73 73 73 74 74 73 73 73 73 73 74 74 74 74 74 74 74 74 75 75 75 76 76 76 75 75 75 74 75 75 75 75 75 75 75 76 76 76 76 76 75 75 76 76 77 77 77 77 77 78 78 76 76 77 77 77 78 79 78 78 79 79 79 79 80 80 80 80 80 80 81 81 81 81 81 81 81 83 83 84 84 84 84 84 84 85 85 85 85 85 85 85 86 86 86 86 86 86 86 87 87 87 87 87 88 88 88 88 88 88 88 88 89 89 89 89 89 89 89 90 90 90 90 90 91 91 91 89 90 90 90 90 90 90 90 90 91 91 92 92 92 92 92 92 92 92 93 93 93 93 93 93 94 94 94 94 95 94 95 95 95 95 95 96 96 96 96 96 96 97 97 97 97 98 98 98 98 98 98 99 99 99 99 99 99 99 100 100 101 101 101 101 101 101 102 102 102 102 103 103 103 103 103 104 104 104 104 104 104 104 105 105 105 106 107 107 107 107 107 108 108 108 109 108 109 109 110 110 111 111 111 112 112 112 112 112 113 112 112 111 112 113 113 114 114 114 113 114 114 114 114 115 115 114 115 115 115 115 115 115 116 116 117 117 117 117 117 118 118 118 118 118 118 119 119 119 119 120 120 120 121 121 121 121 121 121 121 121 122 122 122 122 122 123 123 123 123 123 124 124 124 124 125 125 125 125 125 126 126 126 127 127 127 128 0 0 0 0 0 0 0 0 0 0 0 0 0 0 0 0 0 0 0 0 0 0 0 0 0 0 0 0 0 0 0 0 0 0 0 0 0 0 0 0 0 0 0 0 0 0 0 0 0 0 0 0 0 0 0 0 0 0 0 0 0 0 0 0 0 0 0 0 0 0 0 0 0 0 
0 0 0 0 0 0 0 0 0 0 0 0 0 0 0 0 0 0 0 0 0 0 0 0 0 0 0 0 0 0 0 0 0 0 0 0 0 0 0 0 0 0 0 0 0 0 0 0 0 0 0 0 0 0 0 0 0 0 68 68 67 67 68 68 68 67 67 67 68 68 68 69 68 69 69 69 69 70 70 70 70 70 69 69 69 70 70 70 70 70 70 70 70 70 69 70 71 71 71 72 72 72 72 72 72 72 73 73 73 73 73 72 72 72 73 73 73 73 74 74 74 74 74 74 74 74 74 74 75 75 75 75 74 75 75 75 76 76 76 76 76 76 74 75 75 75 76 76 76 76 76 76 76 76 76 76 76 76 76 76 77 77 76 76 76 76 77 77 77 78 78 78 78 78 78 79 79 79 79 80 80 80 80 80 80 81 81 81 81 81 81 81 83 84 84 84 84 84 84 85 85 85 85 85 85 85 86 86 86 86 86 86 86 86 87 87 87 88 88 88 88 88 88 88 88 88 88 89 89 89 89 89 89 90 90 90 90 90 90 91 91 91 89 90 90 90 90 90 91 91 91 91 91 91 92 92 92 92 92 92 92 92 93 93 93 94 94 94 94 94 94 95 95 95 95 95 95 95 96 96 96 96 97 97 97 97 97 98 98 98 98 98 98 98 98 99 99 99 99 99 99 100 100 101 101 101 101 101 101 102 102 102 102 102 103 103 103 103 104 104 104 104 104 104 105 105 105 105 106 106 107 107 107 107 107 108 108 108 108 108 109 109 110 110 110 111 111 112 112 112 112 112 112 112 111 112 112 113 114 113 113 113 113 113 114 114 114 115 115 115 115 115 115 115 115 116 116 116 117 117 117 117 117 118 118 118 118 118 119 119 119 119 120 120 121 121 121 121 121 121 121 121 121 122 122 122 122 122 122 123 123 123 123 124 124 124 124 125 125 125 125 125 126 126 126 127 127 127 128 0 0 0 0 0 0 0 0 0 0 0 0 0 0 0 0 0 0 0 0 0 0 0 0 0 0 0 0 0 0 0 0 0 0 0 0 0 0 0 0 0 0 0 0 0 0 0 0 0 0 0 0 0 0 0 0 0 0 0 0 0 0 0 0 0 0 0 0 0 0 0 0 0 0 
0 0 0 0 0 0 0 0 0 0 0 0 0 0 0 0 0 0 0 0 0 0 0 0 0 0 0 0 0 0 0 0 0 0 0 0 0 0 0 0 0 0 0 0 0 0 0 0 0 0 0 0 0 0 0 0 0 0 0 68 68 67 67 68 68 68 68 68 68 68 68 68 69 69 70 70 70 70 70 70 70 70 70 70 70 70 70 71 71 71 70 70 71 71 71 71 71 72 72 72 72 73 73 73 73 73 73 73 73 73 73 73 73 73 73 73 73 73 74 74 74 74 74 74 74 75 75 75 75 75 75 75 75 75 75 75 75 76 76 76 76 76 75 75 75 76 76 76 76 76 77 76 76 76 76 76 76 76 76 76 76 76 77 76 76 77 78 79 79 78 78 78 78 78 78 79 79 79 79 79 80 80 80 80 81 81 81 81 81 81 82 82 84 84 84 84 84 84 85 85 85 85 85 85 85 86 86 86 86 86 87 87 87 87 87 87 87 88 88 88 88 88 88 88 88 88 88 89 89 89 89 89 89 89 90 90 90 90 90 91 91 91 89 90 90 90 91 91 91 91 91 91 91 91 92 92 92 92 92 92 92 92 93 93 93 93 94 94 94 94 94 95 94 95 95 95 96 96 96 96 96 96 96 97 97 97 97 97 98 98 97 98 98 98 98 99 99 99 99 99 99 100 100 101 101 101 101 101 101 102 102 102 102 102 103 103 103 104 104 104 104 104 104 105 105 105 105 105 106 106 106 107 106 107 107 108 108 108 108 108 108 109 110 110 110 111 111 111 112 112 112 113 113 113 112 112 111 112 113 113 113 113 113 113 113 114 114 114 115 115 115 115 115 115 115 116 116 116 116 117 117 117 117 117 118 118 118 118 119 119 119 119 120 120 120 121 121 121 121 121 121 121 121 121 122 122 122 122 122 122 123 123 123 124 124 124 124 124 125 125 125 125 126 126 126 127 127 127 127 0 0 0 0 0 0 0 0 0 0 0 0 0 0 0 0 0 0 0 0 0 0 0 0 0 0 0 0 0 0 0 0 0 0 0 0 0 0 0 0 0 0 0 0 0 0 0 0 0 0 0 0 0 0 0 0 0 0 0 0 0 0 0 0 0 0 0 0 0 0 0 0 0 0 
0 0 0 0 0 0 0 0 0 0 0 0 0 0 0 0 0 0 0 0 0 0 0 0 0 0 0 0 0 0 0 0 0 0 0 0 0 0 0 0 0 0 0 0 0 0 0 0 0 0 0 0 0 0 0 0 0 0 0 0 68 68 67 67 68 68 68 68 68 68 68 68 69 69 70 70 70 70 70 70 70 70 71 71 70 71 71 71 71 71 71 71 72 72 72 72 72 72 72 73 73 73 73 73 73 73 73 73 73 73 73 73 73 73 73 73 74 74 74 74 74 74 74 74 74 74 75 75 75 75 75 75 75 75 75 75 76 76 76 76 76 76 75 75 75 76 76 76 76 76 77 77 77 77 77 76 76 77 77 77 77 78 78 77 77 77 78 78 78 78 78 78 78 79 79 79 79 79 80 80 80 80 80 80 81 81 81 81 81 82 82 82 84 84 84 84 84 84 85 85 85 85 85 85 86 86 86 86 86 86 87 87 87 87 87 87 87 88 88 88 88 88 88 88 88 88 89 88 89 89 89 89 89 90 90 90 90 90 90 91 91 91 89 90 90 90 90 91 91 91 91 91 92 92 92 92 92 92 92 92 92 92 93 93 93 93 93 94 94 94 94 95 95 95 95 95 96 96 96 96 96 96 96 97 97 97 97 97 97 97 98 98 98 98 99 99 99 99 99 99 99 100 100 101 101 101 101 101 101 102 102 102 102 102 103 103 103 104 104 104 104 104 104 105 105 105 105 105 105 106 106 106 106 106 107 107 108 108 107 108 108 109 109 110 110 110 111 111 111 112 112 112 113 113 113 112 112 111 112 113 113 113 113 113 113 114 114 114 114 115 115 115 115 115 115 116 116 116 116 117 117 117 117 117 118 118 118 118 119 119 119 119 120 120 120 120 121 121 121 121 121 121 121 121 122 122 122 122 122 123 123 123 123 124 124 124 124 124 124 125 125 125 126 126 126 126 127 127 127 0 0 0 0 0 0 0 0 0 0 0 0 0 0 0 0 0 0 0 0 0 0 0 0 0 0 0 0 0 0 0 0 0 0 0 0 0 0 0 0 0 0 0 0 0 0 0 0 0 0 0 0 0 0 0 0 0 0 0 0 0 0 0 0 0 0 0 0 0 0 0 0 0 0 
0 0 0 0 0 0 0 0 0 0 0 0 0 0 0 0 0 0 0 0 0 0 0 0 0 0 0 0 0 0 0 0 0 0 0 0 0 0 0 0 0 0 0 0 0 0 0 0 0 0 0 0 0 0 0 0 0 0 0 0 0 68 67 68 68 68 68 68 68 68 68 68 69 69 70 70 70 71 71 70 70 70 71 71 71 71 71 71 71 71 71 71 72 72 72 72 72 72 72 72 72 73 73 72 73 73 73 73 74 74 74 74 74 73 73 73 73 74 74 74 74 74 74 74 75 75 75 75 75 75 75 75 75 75 75 75 76 76 76 76 76 76 75 75 75 76 76 76 76 76 76 77 77 77 76 76 77 77 77 77 77 78 78 78 78 77 78 78 78 79 79 79 79 79 79 79 79 80 80 80 80 80 80 80 81 81 81 81 82 82 82 82 84 84 84 85 85 85 85 85 85 85 86 86 86 86 86 86 86 87 87 87 87 87 87 87 88 88 88 88 88 88 88 88 88 88 89 89 88 89 89 89 89 90 90 90 90 90 90 91 91 91 89 90 90 90 90 91 91 91 91 92 92 92 92 92 92 93 92 93 93 93 93 93 93 94 94 94 94 94 94 94 94 95 95 95 95 96 96 96 96 96 96 96 97 97 97 97 97 97 98 98 98 99 99 99 99 99 99 99 99 100 100 101 101 101 101 101 102 102 102 102 102 102 103 103 103 103 103 104 104 104 105 105 105 105 105 105 105 105 106 106 106 107 107 108 108 107 108 108 108 109 109 110 110 110 110 111 111 111 112 112 112 113 113 112 113 112 112 112 112 113 112 113 113 114 114 114 114 114 115 115 115 115 115 116 116 116 116 116 117 117 117 117 118 118 118 118 119 119 119 119 120 120 120 120 121 121 121 121 121 121 121 122 122 122 122 122 122 123 123 123 123 124 124 124 124 124 124 125 125 125 125 126 126 126 126 127 127 0 0 0 0 0 0 0 0 0 0 0 0 0 0 0 0 0 0 0 0 0 0 0 0 0 0 0 0 0 0 0 0 0 0 0 0 0 0 0 0 0 0 0 0 0 0 0 0 0 0 0 0 0 0 0 0 0 0 0 0 0 0 0 0 0 0 0 0 0 0 0 0 0 0 
0 0 0 0 0 0 0 0 0 0 0 0 0 0 0 0 0 0 0 0 0 0 0 0 0 0 0 0 0 0 0 0 0 0 0 0 0 0 0 0 0 0 0 0 0 0 0 0 0 0 0 0 0 0 0 0 0 0 0 0 0 0 67 68 68 68 68 68 68 69 69 69 69 69 70 70 70 71 71 71 70 70 71 71 71 71 71 71 71 71 71 71 72 72 72 72 72 73 73 73 72 72 72 72 73 73 73 73 74 74 74 74 74 74 74 74 74 73 74 74 74 74 74 74 74 75 75 75 75 75 75 75 76 76 76 76 76 76 76 77 77 77 75 75 76 76 76 76 76 76 76 76 76 76 76 76 76 77 77 77 77 77 78 78 78 78 78 78 79 79 79 79 79 80 80 80 79 79 80 80 80 80 80 81 81 81 81 81 82 82 82 82 84 84 85 85 85 85 85 85 85 85 86 86 86 86 86 86 86 87 87 87 87 87 87 87 88 88 88 88 89 89 89 89 89 89 89 89 89 89 89 89 89 90 90 90 90 90 90 91 91 91 90 90 90 90 91 91 91 92 92 92 92 92 92 92 92 93 93 93 93 93 93 93 94 94 94 94 94 94 94 94 94 95 95 95 96 96 96 96 96 96 96 97 97 97 97 97 97 97 98 98 98 99 99 99 99 99 99 99 99 100 100 100 101 101 101 101 102 102 102 102 102 102 103 103 103 104 103 104 104 104 104 105 105 105 105 105 105 106 106 106 106 106 107 107 108 107 108 108 108 109 109 110 110 110 110 110 111 111 112 112 112 112 112 113 113 113 113 112 112 112 112 112 113 113 114 114 114 114 115 115 115 115 115 116 116 116 116 116 117 117 117 118 118 118 118 118 119 119 119 119 119 119 120 120 121 121 121 121 121 121 121 121 121 122 122 122 122 123 123 123 123 123 123 124 124 124 124 124 124 125 125 126 126 126 126 127 0 0 0 0 0 0 0 0 0 0 0 0 0 0 0 0 0 0 0 0 0 0 0 0 0 0 0 0 0 0 0 0 0 0 0 0 0 0 0 0 0 0 0 0 0 0 0 0 0 0 0 0 0 0 0 0 0 0 0 0 0 0 0 0 0 0 0 0 0 0 0 0 0 0 0 
0 0 0 0 0 0 0 0 0 0 0 0 0 0 0 0 0 0 0 0 0 0 0 0 0 0 0 0 0 0 0 0 0 0 0 0 0 0 0 0 0 0 0 0 0 0 0 0 0 0 0 0 0 0 0 0 0 0 0 0 0 0 0 68 69 69 69 69 69 69 69 69 69 69 70 70 71 71 71 71 71 71 71 71 71 71 71 71 71 71 71 71 72 72 72 72 72 72 72 72 72 72 72 72 73 73 73 73 74 74 74 74 74 74 74 74 74 74 74 73 74 74 74 74 74 74 75 75 75 75 76 76 76 76 76 76 76 76 76 77 77 77 75 76 76 76 76 76 76 76 76 76 76 76 76 76 77 77 77 77 77 77 77 78 78 78 78 79 79 79 79 79 79 80 80 80 80 80 80 80 80 80 81 81 81 81 81 81 82 82 82 82 84 84 85 85 85 85 85 85 86 86 86 86 86 86 86 86 87 87 87 87 87 87 87 88 88 88 88 88 89 89 89 90 90 90 89 89 89 89 89 89 89 90 90 90 90 90 90 91 91 92 90 90 91 91 91 91 91 92 92 92 92 92 92 92 92 93 93 93 93 93 93 94 94 94 94 94 94 94 94 94 94 95 95 95 96 96 96 96 96 96 96 97 97 97 97 97 97 98 98 98 98 99 99 99 99 99 99 99 99 99 100 100 101 101 101 101 102 102 102 102 102 102 102 103 103 103 103 104 104 104 104 105 105 105 105 105 105 105 106 106 106 106 107 107 107 107 108 108 108 109 109 109 110 110 110 110 111 111 111 112 112 112 112 112 113 113 113 113 113 112 112 112 112 113 114 114 114 114 114 115 115 115 115 115 116 116 116 116 116 117 117 117 118 118 118 118 119 119 119 119 119 120 120 120 120 120 120 121 121 121 121 121 121 122 122 122 122 122 122 123 123 123 123 124 124 124 124 124 124 125 125 125 126 126 126 127 0 0 0 0 0 0 0 0 0 0 0 0 0 0 0 0 0 0 0 0 0 0 0 0 0 0 0 0 0 0 0 0 0 0 0 0 0 0 0 0 0 0 0 0 0 0 0 0 0 0 0 0 0 0 0 0 0 0 0 0 0 0 0 0 0 0 0 0 0 0 0 0 0 0 0 
0 0 0 0 0 0 0 0 0 0 0 0 0 0 0 0 0 0 0 0 0 0 0 0 0 0 0 0 0 0 0 0 0 0 0 0 0 0 0 0 0 0 0 0 0 0 0 0 0 0 0 0 0 0 0 0 0 0 0 0 0 0 0 0 69 69 69 69 69 69 69 69 69 70 69 70 71 71 71 71 71 71 71 71 71 71 71 71 71 71 71 71 72 72 73 73 73 73 73 73 73 72 72 73 73 73 73 73 73 73 74 74 74 74 74 74 74 74 74 74 74 74 74 74 74 74 75 75 75 75 75 76 76 76 76 76 76 76 77 77 77 77 76 76 76 76 76 76 76 77 77 76 76 77 77 77 77 77 77 77 77 77 77 78 78 78 78 79 79 79 79 79 79 80 80 81 80 80 80 80 80 80 81 81 81 81 81 81 82 82 82 82 84 84 85 85 85 85 85 86 86 86 86 86 86 86 86 87 87 87 87 87 87 88 88 88 88 88 88 89 89 89 89 90 90 90 89 89 89 89 89 89 89 90 90 90 90 91 91 91 91 91 90 90 90 90 91 91 91 91 92 92 92 92 92 92 93 93 93 94 94 94 94 94 94 94 94 94 94 94 94 94 94 95 95 95 96 96 96 96 96 96 96 96 96 97 97 97 97 98 98 98 98 99 99 99 99 99 99 99 99 99 100 100 101 101 101 101 102 102 102 102 102 102 102 103 103 104 104 104 104 104 104 104 104 105 105 105 105 105 105 106 106 106 106 106 107 107 107 107 108 108 109 109 110 110 110 110 111 111 111 111 112 112 112 112 112 113 113 113 113 113 113 113 113 113 113 114 114 114 114 114 115 115 115 115 116 116 116 116 116 117 117 117 118 118 118 118 119 118 118 119 120 120 120 120 121 120 120 121 121 121 121 121 121 122 122 122 122 122 123 123 123 123 123 124 123 124 124 124 124 125 125 125 125 126 126 126 0 0 0 0 0 0 0 0 0 0 0 0 0 0 0 0 0 0 0 0 0 0 0 0 0 0 0 0 0 0 0 0 0 0 0 0 0 0 0 0 0 0 0 0 0 0 0 0 0 0 0 0 0 0 0 0 0 0 0 0 0 0 0 0 0 0 0 0 0 0 0 0 0 0 0 
0 0 0 0 0 0 0 0 0 0 0 0 0 0 0 0 0 0 0 0 0 0 0 0 0 0 0 0 0 0 0 0 0 0 0 0 0 0 0 0 0 0 0 0 0 0 0 0 0 0 0 0 0 0 0 0 0 0 0 0 0 0 0 0 0 69 69 69 69 69 69 69 70 70 70 70 71 72 71 71 71 71 71 71 71 71 71 71 71 71 71 72 72 73 73 73 73 73 73 74 73 73 73 73 73 73 73 73 74 74 74 74 74 74 74 74 74 75 74 74 75 75 75 75 74 74 75 75 74 75 75 75 76 76 77 77 77 77 77 77 77 77 76 76 76 76 76 77 77 77 77 77 77 77 77 78 78 78 77 77 77 77 78 78 78 78 79 79 79 79 79 79 79 80 80 80 80 80 80 81 81 80 80 81 81 81 81 82 82 82 82 82 84 85 85 85 85 85 85 86 86 86 86 86 86 87 87 87 87 87 87 87 88 88 88 88 88 88 88 88 89 89 89 90 90 90 90 90 89 89 89 89 90 90 90 90 91 91 91 91 91 91 89 90 91 90 90 91 91 91 92 92 92 92 92 92 93 93 94 94 93 94 94 94 94 94 94 94 94 94 94 94 94 95 95 95 96 96 96 96 96 96 96 96 97 97 97 97 98 98 98 98 99 99 99 99 99 99 99 99 99 100 100 100 101 101 101 101 102 102 102 102 102 102 103 103 103 103 104 104 104 104 104 104 104 105 105 106 105 105 105 106 106 106 107 107 107 107 107 107 108 108 109 109 109 110 110 110 110 110 111 111 111 111 111 112 112 112 112 113 113 113 113 113 113 113 113 113 114 114 114 115 115 115 115 115 115 116 116 116 117 117 117 117 117 117 118 118 119 118 119 119 120 120 120 120 120 120 120 121 121 121 121 121 121 121 122 122 122 122 122 123 123 123 123 123 123 124 124 124 124 124 125 125 125 126 126 0 0 0 0 0 0 0 0 0 0 0 0 0 0 0 0 0 0 0 0 0 0 0 0 0 0 0 0 0 0 0 0 0 0 0 0 0 0 0 0 0 0 0 0 0 0 0 0 0 0 0 0 0 0 0 0 0 0 0 0 0 0 0 0 0 0 0 0 0 0 0 0 0 0 0 0 
0 0 0 0 0 0 0 0 0 0 0 0 0 0 0 0 0 0 0 0 0 0 0 0 0 0 0 0 0 0 0 0 0 0 0 0 0 0 0 0 0 0 0 0 0 0 0 0 0 0 0 0 0 0 0 0 0 0 0 0 0 0 0 0 0 0 69 70 70 69 69 69 70 70 70 70 71 71 71 71 71 71 71 71 71 71 71 71 71 71 71 72 73 73 73 73 74 74 74 74 74 73 73 73 73 73 74 74 74 74 74 74 74 75 75 75 75 75 75 75 75 75 75 75 74 74 75 75 75 75 75 75 76 77 77 77 77 77 77 77 77 77 76 76 76 76 77 77 77 77 77 77 77 77 77 78 78 78 78 77 77 78 78 78 78 78 79 79 79 79 79 79 79 80 80 80 81 81 81 81 81 81 81 81 81 81 81 82 82 82 82 82 85 85 85 85 85 85 86 86 86 86 86 86 87 87 87 87 87 87 87 88 88 88 88 88 88 88 88 89 89 89 89 90 90 90 90 90 90 89 89 90 90 90 90 90 91 91 91 91 91 91 90 90 91 91 90 91 91 91 91 92 92 93 93 93 93 93 94 94 94 94 94 94 94 94 94 94 94 94 94 94 95 95 95 95 95 96 96 96 96 96 96 97 97 97 97 97 98 98 98 99 99 99 99 99 99 99 99 99 99 100 100 101 101 101 101 101 102 102 102 102 102 102 103 103 103 103 104 104 104 104 104 105 105 105 105 106 106 105 106 106 106 106 107 107 108 108 108 107 108 108 109 109 110 110 110 110 110 110 110 111 111 111 111 111 112 112 112 112 112 112 112 113 113 113 113 113 114 114 114 115 115 115 115 115 115 116 116 116 116 117 117 117 117 117 118 118 119 119 119 119 120 120 120 120 120 120 120 120 121 121 121 121 121 122 122 122 122 122 122 123 123 123 123 123 123 123 124 124 124 124 125 125 125 126 126 0 0 0 0 0 0 0 0 0 0 0 0 0 0 0 0 0 0 0 0 0 0 0 0 0 0 0 0 0 0 0 0 0 0 0 0 0 0 0 0 0 0 0 0 0 0 0 0 0 0 0 0 0 0 0 0 0 0 0 0 0 0 0 0 0 0 0 0 0 0 0 0 0 0 0 0 
0 0 0 0 0 0 0 0 0 0 0 0 0 0 0 0 0 0 0 0 0 0 0 0 0 0 0 0 0 0 0 0 0 0 0 0 0 0 0 0 0 0 0 0 0 0 0 0 0 0 0 0 0 0 0 0 0 0 0 0 0 0 0 0 0 0 0 70 69 69 69 70 70 70 70 71 71 71 71 71 71 71 71 71 71 71 71 71 71 72 72 72 73 73 73 73 73 74 74 74 74 74 74 74 74 74 74 74 74 74 74 74 75 75 75 75 75 75 76 76 76 76 75 75 75 75 75 75 76 76 75 75 75 76 77 77 77 77 77 78 78 78 76 76 76 77 77 77 77 77 77 77 77 77 77 78 78 78 78 78 77 78 78 78 78 79 79 79 79 79 79 79 80 80 80 80 80 81 81 81 82 82 82 81 81 81 81 82 82 82 82 83 85 85 85 85 85 85 86 86 86 86 86 87 87 87 87 87 87 88 88 88 88 88 88 88 88 88 89 89 89 89 89 90 90 90 90 90 89 89 89 90 90 90 90 90 91 91 91 91 91 91 90 90 91 91 91 91 91 92 92 92 92 93 93 93 93 94 94 94 94 94 94 94 94 94 94 94 95 95 94 94 95 95 95 95 96 96 96 96 96 96 97 97 97 97 97 97 98 98 98 99 99 99 99 99 99 99 99 99 99 100 100 101 101 101 101 101 102 102 102 102 102 102 102 103 103 103 104 104 104 104 105 105 105 105 105 105 106 106 106 106 106 106 107 107 108 108 108 108 108 108 109 109 110 110 110 110 110 110 110 110 110 111 111 111 112 112 112 112 112 112 112 112 113 113 113 113 113 114 114 115 115 115 115 115 115 115 116 116 116 116 117 117 117 117 118 118 118 118 118 119 119 119 119 120 120 120 120 120 121 121 121 121 121 121 121 122 122 122 122 122 123 123 123 123 123 123 124 124 124 124 125 125 125 126 0 0 0 0 0 0 0 0 0 0 0 0 0 0 0 0 0 0 0 0 0 0 0 0 0 0 0 0 0 0 0 0 0 0 0 0 0 0 0 0 0 0 0 0 0 0 0 0 0 0 0 0 0 0 0 0 0 0 0 0 0 0 0 0 0 0 0 0 0 0 0 0 0 0 0 0 0 
0 0 0 0 0 0 0 0 0 0 0 0 0 0 0 0 0 0 0 0 0 0 0 0 0 0 0 0 0 0 0 0 0 0 0 0 0 0 0 0 0 0 0 0 0 0 0 0 0 0 0 0 0 0 0 0 0 0 0 0 0 0 0 0 0 0 0 70 70 69 69 69 69 70 70 70 70 70 70 70 70 71 70 70 71 71 72 72 72 72 72 72 73 73 73 73 74 74 74 74 74 74 74 74 74 74 74 74 74 74 74 75 75 75 75 75 75 76 76 76 76 76 76 76 76 76 76 76 76 76 75 75 75 76 76 77 77 77 77 78 78 78 76 77 77 77 77 77 77 77 78 78 78 78 78 78 78 78 79 79 78 78 78 78 79 79 79 79 79 79 79 79 80 80 80 80 80 80 81 81 82 82 82 82 82 82 81 82 82 82 83 83 85 85 85 85 85 85 86 86 86 86 86 87 87 87 87 87 87 88 88 88 88 88 88 88 88 89 89 89 89 89 89 90 90 91 91 90 90 90 90 90 90 90 90 90 91 91 91 91 91 91 90 90 91 91 91 91 92 92 92 92 93 93 93 93 93 94 94 94 94 94 94 94 94 94 94 95 95 95 95 95 95 95 95 96 96 96 96 96 97 97 97 97 97 97 97 97 98 98 99 99 99 99 99 98 99 99 99 99 99 100 100 101 101 101 101 101 102 102 102 102 102 102 103 103 103 103 104 104 104 104 104 104 105 105 105 105 106 106 106 106 106 106 106 107 107 108 108 108 109 108 109 109 109 109 109 110 110 110 110 110 110 111 111 111 111 111 112 112 112 112 112 112 113 113 113 113 113 114 114 115 115 115 115 115 115 116 116 116 116 117 117 117 118 117 118 118 118 118 118 118 119 119 119 119 120 120 120 120 121 121 121 121 121 121 121 121 121 122 122 122 122 122 123 123 123 123 124 124 124 124 125 125 125 0 0 0 0 0 0 0 0 0 0 0 0 0 0 0 0 0 0 0 0 0 0 0 0 0 0 0 0 0 0 0 0 0 0 0 0 0 0 0 0 0 0 0 0 0 0 0 0 0 0 0 0 0 0 0 0 0 0 0 0 0 0 0 0 0 0 0 0 0 0 0 0 0 0 0 0 0 0 
0 0 0 0 0 0 0 0 0 0 0 0 0 0 0 0 0 0 0 0 0 0 0 0 0 0 0 0 0 0 0 0 0 0 0 0 0 0 0 0 0 0 0 0 0 0 0 0 0 0 0 0 0 0 0 0 0 0 0 0 0 0 0 0 0 0 0 0 69 70 69 69 69 69 69 70 70 70 70 71 70 70 70 70 70 71 72 73 73 73 73 73 73 73 73 73 74 74 74 74 74 75 74 75 74 75 75 75 75 75 75 75 75 75 75 75 76 76 76 76 76 77 77 77 77 77 76 76 77 77 76 76 76 76 76 77 77 77 77 77 78 78 76 76 77 77 77 77 77 77 78 78 78 78 78 78 78 78 78 79 79 79 78 78 79 79 79 79 79 79 80 80 80 80 80 80 80 80 81 81 81 82 82 82 82 82 82 82 82 82 82 83 85 85 85 85 85 86 86 86 86 86 87 87 87 87 87 87 88 88 88 88 88 88 88 88 89 89 89 89 89 89 89 90 90 91 91 91 91 90 90 90 90 90 90 90 91 91 91 91 91 92 90 90 91 91 91 91 92 92 92 92 93 93 93 93 93 93 93 94 93 93 93 94 94 94 94 94 95 95 95 95 95 95 96 96 96 96 96 97 97 97 97 97 97 97 98 98 98 98 99 99 99 100 99 99 99 99 99 99 99 100 100 101 101 101 101 101 102 102 102 102 102 102 103 103 103 103 104 104 104 104 104 104 105 105 105 105 105 106 106 106 106 107 107 107 107 108 108 108 109 109 109 109 109 109 110 110 110 110 110 110 110 110 110 111 111 111 111 112 112 112 112 112 112 112 113 113 113 113 114 114 115 115 115 115 115 115 116 116 116 116 116 117 117 118 118 118 118 118 118 118 118 119 119 119 119 119 120 120 120 120 121 121 120 121 121 121 121 121 122 122 122 122 122 123 123 123 123 124 124 124 125 125 125 0 0 0 0 0 0 0 0 0 0 0 0 0 0 0 0 0 0 0 0 0 0 0 0 0 0 0 0 0 0 0 0 0 0 0 0 0 0 0 0 0 0 0 0 0 0 0 0 0 0 0 0 0 0 0 0 0 0 0 0 0 0 0 0 0 0 0 0 0 0 0 0 0 0 0 0 0 0 
0 0 0 0 0 0 0 0 0 0 0 0 0 0 0 0 0 0 0 0 0 0 0 0 0 0 0 0 0 0 0 0 0 0 0 0 0 0 0 0 0 0 0 0 0 0 0 0 0 0 0 0 0 0 0 0 0 0 0 0 0 0 0 0 0 0 0 0 0 70 69 69 69 69 69 69 69 70 70 71 71 70 70 70 71 71 72 72 72 72 73 73 74 74 74 74 74 74 74 74 74 75 74 75 75 75 75 75 75 75 75 75 76 76 76 76 76 76 77 77 77 77 77 77 77 77 77 77 77 77 77 77 77 76 76 76 77 77 77 77 78 78 76 76 77 77 77 77 77 78 78 78 78 78 78 78 79 78 79 79 79 79 79 79 79 79 79 79 79 80 80 80 80 80 80 80 81 81 81 81 81 82 82 83 83 83 83 82 82 82 83 83 85 85 85 85 86 86 86 86 86 86 87 87 87 87 87 88 88 88 88 88 88 88 88 89 89 89 89 89 89 89 90 90 90 90 91 91 91 91 90 90 90 91 91 91 91 91 91 92 92 92 90 91 91 91 91 91 92 92 92 92 93 93 93 93 93 93 93 93 93 94 94 94 94 94 94 94 94 95 95 95 95 96 96 96 96 96 96 97 97 97 97 97 97 97 98 98 98 98 99 99 100 99 99 98 99 99 99 99 100 100 100 101 101 101 101 101 102 102 102 102 102 102 102 103 103 103 103 103 104 104 104 104 105 105 105 105 106 106 106 106 106 106 107 107 107 107 107 108 108 109 109 109 109 110 110 110 110 109 110 110 110 110 110 110 111 111 111 112 112 112 112 112 112 112 113 113 113 113 113 114 114 114 114 115 115 115 115 116 116 116 116 117 117 117 118 117 118 118 118 118 118 119 119 119 119 119 120 120 120 120 120 120 121 121 121 121 122 121 122 122 122 122 122 123 123 123 123 123 124 124 124 125 125 0 0 0 0 0 0 0 0 0 0 0 0 0 0 0 0 0 0 0 0 0 0 0 0 0 0 0 0 0 0 0 0 0 0 0 0 0 0 0 0 0 0 0 0 0 0 0 0 0 0 0 0 0 0 0 0 0 0 0 0 0 0 0 0 0 0 0 0 0 0 0 0 0 0 0 0 0 0 
0 0 0 0 0 0 0 0 0 0 0 0 0 0 0 0 0 0 0 0 0 0 0 0 0 0 0 0 0 0 0 0 0 0 0 0 0 0 0 0 0 0 0 0 0 0 0 0 0 0 0 0 0 0 0 0 0 0 0 0 0 0 0 0 0 0 0 0 0 0 0 70 0 70 69 69 70 71 71 70 71 70 70 70 71 71 71 71 72 72 73 73 74 74 74 74 74 74 74 74 74 74 74 74 75 75 75 75 75 75 76 75 76 76 76 76 76 76 76 77 77 77 77 77 77 77 77 78 78 78 78 77 77 77 77 77 77 77 78 78 78 78 77 77 77 77 77 77 78 78 78 78 78 78 78 78 78 79 79 79 79 79 79 79 80 80 79 79 79 80 80 80 80 80 80 81 81 81 81 81 81 82 82 83 83 83 83 83 83 83 83 83 85 85 85 85 86 86 86 86 86 87 87 87 87 87 87 88 88 88 88 88 88 89 89 89 89 89 89 89 89 89 90 90 90 90 90 91 91 91 91 91 91 91 91 91 91 91 91 92 92 93 90 91 91 91 92 92 91 92 92 92 92 93 93 93 93 93 93 94 94 95 94 94 95 94 94 94 95 95 95 95 96 96 96 96 96 97 97 97 97 97 97 97 97 98 98 98 98 99 99 99 99 99 99 99 99 99 99 99 100 100 100 101 101 101 101 101 102 102 102 102 102 102 102 103 103 103 103 103 104 104 104 104 105 105 105 105 105 106 106 106 106 106 107 107 107 107 107 107 107 108 109 109 109 110 110 110 110 110 110 110 110 110 110 110 110 111 111 111 112 112 112 112 112 112 112 113 113 113 113 113 114 114 114 114 114 115 115 115 116 116 116 116 117 117 117 118 117 118 118 118 118 118 119 119 119 120 120 120 120 120 120 121 121 121 121 121 121 122 122 122 122 122 122 123 123 123 123 123 124 124 124 125 125 125 0 0 0 0 0 0 0 0 0 0 0 0 0 0 0 0 0 0 0 0 0 0 0 0 0 0 0 0 0 0 0 0 0 0 0 0 0 0 0 0 0 0 0 0 0 0 0 0 0 0 0 0 0 0 0 0 0 0 0 0 0 0 0 0 0 0 0 0 0 0 0 0 0 0 0 0 0 
0 0 0 0 0 0 0 0 0 0 0 0 0 0 0 0 0 0 0 0 0 0 0 0 0 0 0 0 0 0 0 0 0 0 0 0 0 0 0 0 0 0 0 0 0 0 0 0 0 0 0 0 0 0 0 0 0 0 0 0 0 0 0 0 0 0 0 0 0 0 0 0 0 0 70 69 69 71 71 70 70 70 70 71 71 72 71 72 72 72 72 73 74 75 75 75 74 74 74 74 74 74 74 74 74 75 75 75 75 75 76 76 76 76 76 76 76 77 77 77 77 77 77 77 77 77 77 77 78 78 78 78 78 78 78 78 78 78 79 79 79 78 77 77 77 77 77 77 77 78 78 78 78 78 78 78 79 79 79 79 79 79 80 80 80 80 80 80 79 79 80 80 80 81 81 81 81 81 81 82 82 82 82 82 83 83 83 83 83 83 83 83 85 85 85 86 86 86 86 86 86 87 87 87 87 87 87 88 88 88 88 88 88 89 89 89 89 89 89 89 89 89 90 90 90 91 90 91 91 91 91 91 91 91 91 91 91 91 91 92 92 92 91 91 91 91 91 92 92 92 92 92 93 93 94 93 93 93 94 94 94 94 95 94 94 94 94 94 95 95 95 95 95 96 96 96 96 96 96 97 97 97 97 97 97 98 98 98 99 99 99 99 99 99 99 99 99 99 99 99 100 100 100 101 101 101 101 101 102 102 102 102 102 102 102 103 103 103 103 103 104 104 104 105 105 105 105 105 105 106 106 106 106 106 107 107 107 107 107 107 107 107 108 109 109 110 110 110 110 110 110 110 110 110 110 110 110 111 111 111 112 112 112 112 112 112 112 113 113 114 114 113 113 114 115 115 115 115 115 115 115 116 116 116 116 117 117 117 117 117 117 118 118 119 119 119 119 120 120 120 120 120 120 121 121 121 121 121 121 121 122 122 122 122 123 123 123 123 123 123 123 124 124 124 124 125 0 0 0 0 0 0 0 0 0 0 0 0 0 0 0 0 0 0 0 0 0 0 0 0 0 0 0 0 0 0 0 0 0 0 0 0 0 0 0 0 0 0 0 0 0 0 0 0 0 0 0 0 0 0 0 0 0 0 0 0 0 0 0 0 0 0 0 0 0 0 0 0 0 0 0 0 0 
0 0 0 0 0 0 0 0 0 0 0 0 0 0 0 0 0 0 0 0 0 0 0 0 0 0 0 0 0 0 0 0 0 0 0 0 0 0 0 0 0 0 0 0 0 0 0 0 0 0 0 0 0 0 0 0 0 0 0 0 0 0 0 0 0 0 0 0 0 0 0 0 0 0 71 70 69 70 71 70 70 71 71 71 72 72 72 72 73 73 73 73 74 75 75 75 75 75 75 75 75 75 75 75 75 75 75 75 75 76 76 76 76 76 77 77 77 77 77 77 77 77 77 77 77 77 78 78 77 77 77 77 77 77 78 78 79 79 78 79 79 79 78 78 77 77 77 77 78 78 78 78 78 79 78 79 79 79 79 79 79 79 79 80 80 80 80 80 80 80 80 80 80 81 81 81 81 81 82 82 82 82 82 82 82 83 83 84 84 84 84 84 85 85 86 86 86 86 86 86 87 87 87 87 87 87 88 88 88 88 88 88 89 89 89 89 89 89 89 89 89 90 90 90 90 90 90 91 91 91 91 91 91 91 91 91 91 91 91 92 92 93 91 91 91 91 91 92 92 92 93 93 93 93 94 94 93 93 94 94 94 94 94 95 95 95 94 95 95 95 95 96 96 96 96 96 96 96 97 97 97 97 97 98 98 98 98 98 98 99 99 99 99 99 99 99 99 99 99 100 100 100 100 101 101 101 101 101 102 102 102 102 102 102 102 103 103 103 103 104 104 104 104 104 105 105 105 105 105 106 105 106 106 106 106 107 107 107 108 108 108 108 108 108 108 109 109 110 110 110 111 111 111 111 111 110 111 111 111 111 112 112 112 112 113 114 114 115 115 116 115 114 113 114 115 115 115 115 115 115 116 116 116 116 116 117 117 117 117 117 117 118 118 119 119 119 119 120 120 120 120 120 120 120 120 120 120 121 121 122 122 122 122 122 122 123 123 123 123 123 123 124 124 124 125 125 125 0 0 0 0 0 0 0 0 0 0 0 0 0 0 0 0 0 0 0 0 0 0 0 0 0 0 0 0 0 0 0 0 0 0 0 0 0 0 0 0 0 0 0 0 0 0 0 0 0 0 0 0 0 0 0 0 0 0 0 0 0 0 0 0 0 0 0 0 0 0 0 0 0 0 0 0 
0 0 0 0 0 0 0 0 0 0 0 0 0 0 0 0 0 0 0 0 0 0 0 0 0 0 0 0 0 0 0 0 0 0 0 0 0 0 0 0 0 0 0 0 0 0 0 0 0 0 0 0 0 0 0 0 0 0 0 0 0 0 0 0 0 0 0 0 0 0 0 0 0 0 0 0 0 70 70 70 71 71 71 72 72 72 72 73 74 74 74 74 75 75 75 75 76 76 76 76 75 75 75 75 75 75 75 75 75 76 76 76 76 76 77 77 77 77 77 77 77 77 78 78 78 77 78 78 78 78 78 77 77 77 78 78 78 78 78 78 78 79 78 78 78 78 78 78 78 78 78 78 78 78 78 79 79 79 79 79 80 80 80 80 80 80 80 80 80 80 80 80 81 81 81 82 82 82 82 82 82 82 82 82 83 83 83 84 84 84 84 84 86 86 86 86 86 87 87 87 87 87 87 87 87 88 88 88 88 88 88 88 89 89 89 89 89 89 90 90 90 90 90 90 90 90 91 90 91 91 91 92 92 92 91 91 91 91 92 92 92 93 91 91 91 91 91 91 92 92 93 93 92 93 93 93 93 93 93 93 93 93 94 94 95 95 95 95 95 95 95 96 96 96 96 96 96 97 97 97 97 97 98 98 98 98 98 98 98 98 98 98 98 99 99 99 99 100 100 100 100 100 100 101 101 101 101 102 102 102 102 102 102 102 102 103 103 103 103 104 104 104 104 104 105 105 105 105 105 105 106 106 106 106 106 106 107 107 107 108 108 108 109 109 109 109 109 110 110 110 111 111 111 111 111 111 111 111 111 111 112 112 112 113 114 115 115 115 115 115 115 115 114 114 114 115 115 115 116 116 116 116 116 116 116 116 117 117 118 118 118 118 118 119 119 119 119 119 119 119 120 120 120 120 120 120 120 121 121 122 122 122 122 122 122 123 123 123 123 123 124 124 124 124 125 125 125 125 0 0 0 0 0 0 0 0 0 0 0 0 0 0 0 0 0 0 0 0 0 0 0 0 0 0 0 0 0 0 0 0 0 0 0 0 0 0 0 0 0 0 0 0 0 0 0 0 0 0 0 0 0 0 0 0 0 0 0 0 0 0 0 0 0 0 0 0 0 0 0 0 0 0 0 
0 0 0 0 0 0 0 0 0 0 0 0 0 0 0 0 0 0 0 0 0 0 0 0 0 0 0 0 0 0 0 0 0 0 0 0 0 0 0 0 0 0 0 0 0 0 0 0 0 0 0 0 0 0 0 0 0 0 0 0 0 0 0 0 0 0 0 0 0 0 0 0 0 0 0 0 0 0 70 71 71 71 71 72 72 73 73 74 74 74 74 74 75 75 75 76 76 76 76 76 76 76 76 76 76 76 76 76 76 76 76 76 76 76 76 77 77 77 77 77 77 78 78 78 78 78 78 78 78 79 79 78 78 78 78 79 78 78 78 78 78 78 77 78 78 78 79 79 79 79 78 78 78 78 79 79 79 79 79 80 80 80 80 80 80 80 81 81 81 81 80 80 81 81 81 82 82 82 82 82 82 82 83 83 83 83 83 84 84 84 84 84 86 86 86 86 86 87 87 87 87 87 87 87 88 88 88 88 88 88 88 89 89 89 89 89 89 90 90 90 90 90 90 90 90 90 90 91 91 91 91 92 92 92 92 92 92 92 92 92 92 93 91 91 91 91 91 91 92 92 92 92 92 93 93 93 94 94 94 94 94 94 94 94 94 94 95 95 95 95 96 96 96 96 96 96 96 96 97 97 97 97 98 98 98 98 98 98 98 98 99 99 99 99 99 99 99 100 100 100 100 100 100 101 101 101 101 102 102 102 102 102 102 102 102 103 103 103 103 104 104 104 104 104 104 105 105 105 105 105 106 106 106 106 106 106 107 107 107 107 108 108 109 109 109 109 109 109 110 110 110 111 111 111 111 111 112 112 112 112 112 112 112 113 113 114 114 114 114 114 115 115 115 115 114 115 115 116 116 116 115 116 116 116 116 116 116 117 118 118 118 118 118 118 119 119 119 119 119 120 120 119 119 120 120 120 120 121 121 122 122 122 122 122 122 123 123 123 123 123 123 124 124 124 125 125 125 125 125 0 0 0 0 0 0 0 0 0 0 0 0 0 0 0 0 0 0 0 0 0 0 0 0 0 0 0 0 0 0 0 0 0 0 0 0 0 0 0 0 0 0 0 0 0 0 0 0 0 0 0 0 0 0 0 0 0 0 0 0 0 0 0 0 0 0 0 0 0 0 0 0 0 0 
0 0 0 0 0 0 0 0 0 0 0 0 0 0 0 0 0 0 0 0 0 0 0 0 0 0 0 0 0 0 0 0 0 0 0 0 0 0 0 0 0 0 0 0 0 0 0 0 0 0 0 0 0 0 0 0 0 0 0 0 0 0 0 0 0 0 0 0 0 0 0 0 0 0 0 0 0 0 71 71 72 72 73 73 73 73 73 74 74 74 74 75 75 75 75 76 76 76 76 76 76 77 77 77 77 76 76 76 76 76 76 76 76 76 77 77 77 77 77 77 77 78 78 78 78 78 78 78 78 78 79 79 78 77 78 79 79 79 78 78 78 78 76 77 77 77 78 78 78 78 78 78 78 78 79 79 79 80 80 80 80 81 80 80 80 80 81 81 81 81 81 80 80 81 81 82 82 82 82 82 82 83 83 83 83 83 83 84 84 84 84 84 86 86 86 86 87 87 87 87 87 87 87 87 88 88 88 88 88 88 89 89 89 89 89 89 89 90 90 90 90 90 90 90 90 90 91 91 91 91 91 92 92 92 92 92 92 92 92 92 93 93 91 91 91 91 91 92 92 92 92 92 92 92 93 94 94 94 94 94 94 94 94 94 94 94 94 95 95 95 96 96 96 96 96 96 96 96 96 97 97 97 98 98 98 98 98 98 98 98 98 98 98 99 99 99 99 99 100 100 100 100 100 101 101 101 101 101 102 102 102 102 102 102 102 103 103 103 103 104 104 104 104 104 104 105 105 105 105 105 106 106 106 106 106 106 107 107 107 107 107 108 108 108 108 108 109 109 109 110 110 111 111 111 111 111 111 112 112 112 112 112 113 113 113 113 113 114 114 114 115 115 115 115 115 114 115 116 116 116 116 116 116 116 116 117 117 117 117 118 118 118 118 118 118 119 119 119 119 120 120 119 119 120 120 120 120 121 121 122 122 122 122 122 122 122 122 123 123 123 123 123 124 124 124 125 125 125 125 126 0 0 0 0 0 0 0 0 0 0 0 0 0 0 0 0 0 0 0 0 0 0 0 0 0 0 0 0 0 0 0 0 0 0 0 0 0 0 0 0 0 0 0 0 0 0 0 0 0 0 0 0 0 0 0 0 0 0 0 0 0 0 0 0 0 0 0 0 0 0 0 0 0 
0 0 0 0 0 0 0 0 0 0 0 0 0 0 0 0 0 0 0 0 0 0 0 0 0 0 0 0 0 0 0 0 0 0 0 0 0 0 0 0 0 0 0 0 0 0 0 0 0 0 0 0 0 0 0 0 0 0 0 0 0 0 0 0 0 0 0 0 0 0 0 0 0 0 0 0 0 0 0 72 72 72 73 73 73 73 74 74 74 75 75 75 75 76 76 76 76 76 76 77 77 77 77 77 77 77 77 77 77 77 77 77 77 77 77 77 77 78 78 78 78 78 78 78 78 78 78 78 78 78 78 78 78 78 79 79 79 79 79 79 79 79 78 78 78 78 78 78 78 79 79 79 79 79 79 79 80 80 81 81 81 81 82 82 82 82 82 82 82 82 82 82 81 82 82 82 83 83 83 84 84 84 84 84 84 84 84 84 85 86 86 85 87 87 87 87 87 87 87 87 88 88 88 88 88 88 88 89 89 89 89 89 90 90 90 90 90 90 90 90 91 91 91 91 91 91 91 91 91 92 92 92 92 92 92 92 93 93 93 93 93 94 92 92 92 92 92 92 92 93 93 94 94 94 94 95 95 94 95 95 95 95 95 95 95 95 95 95 96 96 96 96 96 96 96 97 97 97 97 97 98 98 98 98 98 98 98 99 99 99 99 99 99 99 99 100 100 100 100 101 101 101 101 101 101 102 102 102 102 102 103 103 103 103 103 103 103 103 103 104 104 104 104 105 105 105 105 106 106 106 106 106 107 107 107 107 107 108 108 108 108 108 108 108 109 109 109 110 110 110 111 111 111 111 111 111 111 112 112 112 113 113 113 113 113 114 114 115 115 115 116 115 115 115 116 115 115 116 116 117 117 117 117 117 117 117 117 117 118 118 118 118 118 118 119 119 119 119 119 120 120 120 119 120 120 120 121 121 121 122 122 122 122 122 123 122 123 123 123 123 123 124 124 125 125 125 125 125 126 127 0 0 0 0 0 0 0 0 0 0 0 0 0 0 0 0 0 0 0 0 0 0 0 0 0 0 0 0 0 0 0 0 0 0 0 0 0 0 0 0 0 0 0 0 0 0 0 0 0 0 0 0 0 0 0 0 0 0 0 0 0 0 0 0 0 0 0 0 0 0 0 0 0 
0 0 0 0 0 0 0 0 0 0 0 0 0 0 0 0 0 0 0 0 0 0 0 0 0 0 0 0 0 0 0 0 0 0 0 0 0 0 0 0 0 0 0 0 0 0 0 0 0 0 0 0 0 0 0 0 0 0 0 0 0 0 0 0 0 0 0 0 0 0 0 0 0 0 0 0 0 0 0 0 72 72 72 72 73 73 74 74 74 75 75 76 76 76 76 76 76 76 77 77 77 77 77 77 78 78 78 78 77 78 78 78 78 77 77 77 77 78 78 78 78 78 79 78 78 78 78 78 78 78 79 79 79 78 79 79 79 80 80 80 80 80 78 78 78 79 79 79 79 79 80 80 80 80 80 80 80 80 81 81 81 81 82 82 82 82 82 82 82 82 82 82 82 82 82 82 83 83 83 84 84 84 84 84 84 84 84 85 85 85 86 85 87 87 87 87 87 87 88 88 88 88 88 88 88 89 89 89 89 89 89 90 90 90 90 90 90 90 90 91 91 91 91 91 91 92 92 92 92 92 92 92 93 93 93 93 93 93 93 93 93 94 92 92 92 92 92 92 93 93 93 93 94 94 94 94 95 94 95 95 95 95 95 95 95 95 95 95 96 96 96 96 97 97 97 97 97 97 98 98 98 97 98 98 98 98 98 99 99 99 99 99 99 99 99 100 100 100 100 101 101 101 101 101 101 102 102 102 102 102 103 103 103 103 103 103 103 103 104 104 104 104 104 105 105 105 105 106 106 106 106 106 106 107 107 107 107 108 107 107 108 108 108 108 108 109 109 110 110 111 111 111 110 110 111 111 112 112 112 112 113 113 113 113 113 114 114 114 114 115 115 115 115 115 115 116 115 115 116 116 117 117 117 117 117 117 117 117 118 118 118 118 118 119 119 119 119 119 119 120 121 121 120 120 120 120 121 121 121 121 122 122 122 122 122 123 123 123 123 123 123 124 124 124 125 125 125 125 126 126 0 0 0 0 0 0 0 0 0 0 0 0 0 0 0 0 0 0 0 0 0 0 0 0 0 0 0 0 0 0 0 0 0 0 0 0 0 0 0 0 0 0 0 0 0 0 0 0 0 0 0 0 0 0 0 0 0 0 0 0 0 0 0 0 0 0 0 0 0 0 0 0 0 
0 0 0 0 0 0 0 0 0 0 0 0 0 0 0 0 0 0 0 0 0 0 0 0 0 0 0 0 0 0 0 0 0 0 0 0 0 0 0 0 0 0 0 0 0 0 0 0 0 0 0 0 0 0 0 0 0 0 0 0 0 0 0 0 0 0 0 0 0 0 0 0 0 0 0 0 0 0 0 0 0 73 72 72 73 73 74 74 74 75 75 76 76 76 76 76 77 77 77 77 77 77 77 78 78 78 78 78 78 78 78 78 78 78 78 77 78 78 78 79 79 79 79 79 79 78 78 78 78 78 79 79 79 79 79 79 80 80 80 80 80 81 79 79 79 79 79 79 79 80 80 80 80 80 80 80 80 81 81 81 81 81 81 82 82 82 82 82 83 82 82 82 83 83 83 83 83 83 83 83 84 84 84 84 84 85 85 85 85 85 86 86 87 87 87 87 87 87 88 88 88 88 88 89 89 89 89 89 89 89 90 90 90 90 90 90 90 90 91 91 91 91 91 91 92 92 92 92 92 92 92 92 92 92 93 93 93 93 93 94 94 94 92 92 92 92 92 92 93 93 93 93 94 94 94 94 94 94 94 95 95 95 95 95 95 95 95 95 96 96 96 96 97 97 97 97 97 98 98 98 97 98 98 98 98 98 98 99 99 99 100 99 99 99 99 100 100 100 100 101 101 101 101 101 101 102 102 102 102 102 103 103 103 103 103 103 103 104 104 104 104 105 105 105 105 105 105 106 106 106 106 106 106 106 107 107 107 107 107 107 107 108 109 109 109 109 109 110 110 111 111 111 110 110 110 111 111 112 112 112 112 113 113 113 113 113 114 114 114 114 114 115 115 115 116 116 115 115 116 116 116 117 117 117 117 117 117 118 117 118 118 118 118 118 118 118 118 118 119 120 121 121 121 121 121 121 120 121 121 121 121 122 122 122 123 123 123 122 123 123 123 123 124 124 124 125 125 125 126 0 0 0 0 0 0 0 0 0 0 0 0 0 0 0 0 0 0 0 0 0 0 0 0 0 0 0 0 0 0 0 0 0 0 0 0 0 0 0 0 0 0 0 0 0 0 0 0 0 0 0 0 0 0 0 0 0 0 0 0 0 0 0 0 0 0 0 0 0 0 0 0 0 0 
0 0 0 0 0 0 0 0 0 0 0 0 0 0 0 0 0 0 0 0 0 0 0 0 0 0 0 0 0 0 0 0 0 0 0 0 0 0 0 0 0 0 0 0 0 0 0 0 0 0 0 0 0 0 0 0 0 0 0 0 0 0 0 0 0 0 0 0 0 0 0 0 0 0 0 0 0 0 0 0 0 0 0 73 73 73 73 74 74 75 75 75 76 76 76 76 76 77 77 77 77 77 78 78 78 78 78 78 78 78 78 79 78 78 78 78 78 78 78 78 79 79 79 79 79 79 78 78 78 79 79 80 80 80 80 79 79 80 80 80 80 81 80 80 80 79 79 79 79 80 80 80 80 80 80 80 80 80 81 81 81 81 81 81 82 82 82 82 82 83 83 82 83 83 83 83 83 83 83 84 84 84 84 84 85 85 85 85 85 85 86 86 88 88 88 88 88 88 88 88 88 88 89 89 89 89 89 89 89 90 90 90 90 90 90 90 90 90 91 91 91 91 91 91 92 92 92 92 92 92 92 92 92 92 93 93 93 93 93 94 94 94 92 92 92 92 92 93 93 93 93 93 94 94 94 94 94 94 94 95 95 95 95 95 95 95 95 96 96 96 96 96 97 97 97 97 97 97 97 97 98 98 98 98 98 98 99 99 99 99 99 99 99 100 100 100 100 100 100 100 101 101 101 101 101 102 102 102 102 102 103 103 103 103 103 103 103 103 104 104 104 105 105 105 105 105 105 106 106 106 106 106 106 107 107 107 107 107 107 107 107 107 108 109 110 110 110 110 110 110 110 110 110 110 110 111 111 111 112 112 112 113 113 113 113 113 113 114 114 114 114 114 114 115 115 116 116 115 115 116 116 116 117 117 117 117 117 117 118 118 118 118 118 118 118 118 118 118 119 120 121 121 121 121 121 121 121 121 121 121 121 121 122 122 122 122 122 122 123 123 123 123 124 124 124 124 125 125 126 126 0 0 0 0 0 0 0 0 0 0 0 0 0 0 0 0 0 0 0 0 0 0 0 0 0 0 0 0 0 0 0 0 0 0 0 0 0 0 0 0 0 0 0 0 0 0 0 0 0 0 0 0 0 0 0 0 0 0 0 0 0 0 0 0 0 0 0 0 0 0 0 0 0 
0 0 0 0 0 0 0 0 0 0 0 0 0 0 0 0 0 0 0 0 0 0 0 0 0 0 0 0 0 0 0 0 0 0 0 0 0 0 0 0 0 0 0 0 0 0 0 0 0 0 0 0 0 0 0 0 0 0 0 0 0 0 0 0 0 0 0 0 0 0 0 0 0 0 0 0 0 0 0 0 0 0 0 0 74 74 74 74 74 75 75 74 75 75 76 76 76 76 77 77 78 77 78 78 78 78 78 79 78 78 78 78 78 79 79 79 79 79 79 79 79 79 79 79 79 79 79 79 79 79 79 79 79 79 79 79 80 80 81 81 81 81 80 80 80 80 80 80 80 80 80 80 80 80 80 80 80 80 81 81 81 81 82 82 82 82 82 82 82 82 82 83 83 83 83 83 83 83 84 84 84 84 84 84 85 85 85 85 85 85 86 86 88 88 88 88 88 88 88 88 88 89 89 89 89 89 89 89 89 89 90 90 90 90 90 90 90 90 91 91 91 91 91 92 92 92 92 92 92 92 92 93 93 93 93 93 93 93 94 94 94 94 92 92 92 92 93 93 93 93 93 94 94 94 94 93 94 94 95 95 95 95 95 95 95 96 96 96 96 96 96 96 96 97 97 97 97 97 97 98 98 98 98 98 99 99 99 99 99 99 99 100 100 100 100 100 100 100 100 101 101 101 101 101 101 102 102 102 102 102 103 103 103 103 103 103 103 104 104 104 104 105 105 105 105 106 106 106 106 106 106 106 106 107 107 107 107 107 108 108 108 108 108 109 110 110 110 110 110 110 110 111 110 110 110 111 111 111 111 112 112 112 112 113 113 113 113 113 114 114 114 114 115 115 115 115 116 116 116 116 116 117 117 117 117 117 117 117 118 118 118 118 118 118 118 118 118 118 119 119 120 121 121 121 121 121 121 121 121 121 121 121 122 122 122 122 122 123 123 123 123 123 124 124 125 125 125 125 125 126 0 0 0 0 0 0 0 0 0 0 0 0 0 0 0 0 0 0 0 0 0 0 0 0 0 0 0 0 0 0 0 0 0 0 0 0 0 0 0 0 0 0 0 0 0 0 0 0 0 0 0 0 0 0 0 0 0 0 0 0 0 0 0 0 0 0 0 0 0 0 0 0 0 
0 0 0 0 0 0 0 0 0 0 0 0 0 0 0 0 0 0 0 0 0 0 0 0 0 0 0 0 0 0 0 0 0 0 0 0 0 0 0 0 0 0 0 0 0 0 0 0 0 0 0 0 0 0 0 0 0 0 0 0 0 0 0 0 0 0 0 0 0 0 0 0 0 0 0 0 0 0 0 0 0 0 0 0 74 74 74 74 74 74 75 75 75 76 76 77 77 77 77 78 78 78 78 78 78 79 79 78 78 78 78 78 78 79 79 79 79 79 80 79 79 79 79 79 79 79 79 80 79 79 80 79 79 79 79 80 81 81 81 81 81 81 80 80 80 80 80 80 80 80 81 80 80 80 80 80 80 81 81 81 81 82 82 82 82 82 83 83 82 82 82 83 83 83 83 84 84 84 84 84 84 84 84 84 85 85 85 85 85 86 86 86 87 88 88 88 88 88 88 88 88 89 89 89 89 89 89 89 89 90 90 90 90 90 90 90 90 91 91 91 91 91 91 92 92 92 92 92 92 92 93 93 93 93 93 93 93 94 94 94 94 94 92 92 92 92 93 93 93 93 93 94 94 95 94 94 93 94 95 95 95 95 95 95 96 96 96 96 96 96 96 96 96 97 97 97 97 97 97 98 98 98 98 99 99 99 99 99 99 99 99 100 100 100 100 100 100 101 101 101 101 101 101 101 101 102 102 102 102 102 103 103 103 103 103 103 103 104 104 104 105 105 105 105 105 106 106 106 106 106 107 107 107 107 107 107 108 108 108 109 109 109 109 109 109 110 110 110 110 110 110 111 110 110 110 111 111 111 111 112 112 112 112 112 112 113 113 113 113 114 114 114 115 115 115 115 115 115 115 116 116 116 117 117 117 117 117 117 118 118 118 118 118 118 118 119 119 119 119 120 121 121 120 121 121 120 120 121 120 121 121 122 122 122 122 122 122 123 123 123 123 124 124 124 124 125 125 125 125 126 127 0 0 0 0 0 0 0 0 0 0 0 0 0 0 0 0 0 0 0 0 0 0 0 0 0 0 0 0 0 0 0 0 0 0 0 0 0 0 0 0 0 0 0 0 0 0 0 0 0 0 0 0 0 0 0 0 0 0 0 0 0 0 0 0 0 0 0 0 0 0 0 0 
0 0 0 0 0 0 0 0 0 0 0 0 0 0 0 0 0 0 0 0 0 0 0 0 0 0 0 0 0 0 0 0 0 0 0 0 0 0 0 0 0 0 0 0 0 0 0 0 0 0 0 0 0 0 0 0 0 0 0 0 0 0 0 0 0 0 0 0 0 0 0 0 0 0 0 0 0 0 0 0 0 0 0 0 74 74 75 75 75 75 75 76 76 76 76 76 77 78 78 78 78 78 78 78 79 79 79 79 79 78 78 78 78 78 79 79 79 79 80 80 79 79 79 79 79 79 80 80 80 80 80 80 79 79 79 80 81 81 81 81 81 81 80 80 81 80 80 80 80 80 81 80 80 80 80 81 80 81 82 82 82 82 82 82 83 83 83 83 82 82 83 84 84 83 84 84 84 84 85 84 84 85 84 84 85 85 85 85 85 86 86 87 88 88 88 88 89 89 89 89 89 89 89 89 89 89 89 89 90 90 90 90 90 90 90 90 90 90 91 91 91 91 91 92 92 92 92 92 92 93 93 93 93 93 93 93 93 94 94 94 94 94 92 92 92 92 93 93 93 93 93 93 94 95 95 94 93 94 95 94 95 95 95 95 96 96 96 96 96 96 96 96 97 97 97 97 97 97 98 98 98 98 98 99 99 99 99 99 99 99 99 99 100 100 100 100 100 100 101 101 101 101 101 101 101 102 102 102 102 102 103 103 103 103 103 103 103 104 104 104 104 105 105 105 105 106 106 106 106 106 107 107 107 107 107 108 108 108 109 109 109 109 109 108 109 110 110 110 110 110 110 110 110 110 110 111 111 111 111 111 112 112 112 112 112 113 113 113 113 114 114 114 115 115 115 115 115 115 115 115 116 116 117 117 117 118 118 118 118 118 118 118 118 118 118 118 119 119 119 120 121 121 120 120 120 120 120 120 120 121 121 121 122 122 122 122 122 123 123 123 123 123 124 124 124 125 126 126 126 126 127 0 0 0 0 0 0 0 0 0 0 0 0 0 0 0 0 0 0 0 0 0 0 0 0 0 0 0 0 0 0 0 0 0 0 0 0 0 0 0 0 0 0 0 0 0 0 0 0 0 0 0 0 0 0 0 0 0 0 0 0 0 0 0 0 0 0 0 0 0 0 0 0 
0 0 0 0 0 0 0 0 0 0 0 0 0 0 0 0 0 0 0 0 0 0 0 0 0 0 0 0 0 0 0 0 0 0 0 0 0 0 0 0 0 0 0 0 0 0 0 0 0 0 0 0 0 0 0 0 0 0 0 0 0 0 0 0 0 0 0 0 0 0 0 0 0 0 0 0 0 0 0 0 0 0 0 0 75 75 76 75 75 75 75 76 76 76 77 77 77 78 78 78 78 78 78 79 79 79 79 79 80 79 79 79 78 78 79 79 79 80 80 80 80 80 80 80 80 80 80 80 80 80 80 80 80 79 80 80 81 81 81 81 81 81 80 80 80 80 81 80 80 81 81 81 81 81 81 81 81 81 81 81 82 82 82 82 82 83 83 83 83 83 83 83 84 84 84 84 84 84 85 84 85 85 85 85 85 85 85 85 85 86 86 86 88 88 88 88 88 88 88 89 89 89 89 89 90 90 90 90 90 90 89 90 90 90 90 90 90 90 91 91 91 91 91 92 92 92 92 92 92 93 93 93 93 93 93 93 93 94 94 94 94 94 92 93 93 93 93 93 93 93 93 93 94 94 94 94 94 94 95 94 95 95 95 95 96 96 96 96 96 96 96 96 97 97 97 97 97 97 98 98 98 98 98 99 99 99 99 99 99 99 100 100 100 100 100 100 100 101 101 101 101 101 101 101 101 102 102 102 102 102 102 103 103 103 103 103 104 104 104 104 104 104 105 105 105 105 106 106 106 106 107 107 107 107 107 107 108 109 109 109 108 108 108 108 109 110 110 110 110 110 110 110 110 110 111 111 111 111 111 112 112 112 112 112 112 113 113 113 113 114 114 114 114 114 115 115 115 115 115 115 116 116 116 117 117 117 117 118 118 119 118 118 118 118 118 118 118 119 119 120 120 120 120 120 120 120 120 120 121 121 121 121 122 122 122 122 122 123 123 123 123 123 124 124 124 124 125 126 126 125 126 127 0 0 0 0 0 0 0 0 0 0 0 0 0 0 0 0 0 0 0 0 0 0 0 0 0 0 0 0 0 0 0 0 0 0 0 0 0 0 0 0 0 0 0 0 0 0 0 0 0 0 0 0 0 0 0 0 0 0 0 0 0 0 0 0 0 0 0 0 0 0 0 
0 0 0 0 0 0 0 0 0 0 0 0 0 0 0 0 0 0 0 0 0 0 0 0 0 0 0 0 0 0 0 0 0 0 0 0 0 0 0 0 0 0 0 0 0 0 0 0 0 0 0 0 0 0 0 0 0 0 0 0 0 0 0 0 0 0 0 0 0 0 0 0 0 0 0 0 0 0 0 0 0 0 0 0 0 76 76 76 75 75 75 76 76 77 77 77 78 77 78 78 78 78 78 78 79 79 79 79 80 80 80 80 79 79 79 79 79 79 79 80 80 80 80 80 80 80 80 81 81 80 80 80 80 80 80 81 81 81 81 81 81 81 81 81 80 81 82 81 81 81 81 81 81 81 81 81 81 81 81 82 82 82 83 83 83 83 83 83 83 83 83 83 83 84 84 84 84 85 85 85 85 86 85 85 85 86 86 86 86 86 87 87 88 89 88 88 88 88 88 88 88 88 89 89 89 89 90 90 90 90 90 90 90 90 90 90 91 91 91 91 91 91 92 92 92 92 92 92 92 93 93 93 93 93 93 93 93 94 94 94 94 94 92 93 93 93 93 93 93 93 93 93 93 94 94 95 94 94 94 94 95 95 95 96 96 96 96 96 96 96 97 97 97 97 97 97 97 97 98 98 98 98 99 99 99 99 99 99 99 100 100 100 100 100 100 100 100 100 100 101 101 101 101 101 101 102 102 102 102 102 102 102 103 103 103 103 104 103 103 104 104 104 105 105 105 105 106 106 106 106 107 107 107 107 107 107 108 108 108 108 108 108 109 108 109 109 110 110 110 110 110 110 110 110 110 111 111 111 111 112 112 112 112 112 112 113 113 113 113 114 114 114 114 114 115 115 115 115 115 115 116 116 116 116 117 117 117 117 118 118 118 118 117 118 118 118 118 119 119 119 120 120 120 120 120 120 120 120 120 121 121 121 121 122 122 122 122 122 123 123 123 123 124 124 124 124 124 125 125 125 125 126 127 0 0 0 0 0 0 0 0 0 0 0 0 0 0 0 0 0 0 0 0 0 0 0 0 0 0 0 0 0 0 0 0 0 0 0 0 0 0 0 0 0 0 0 0 0 0 0 0 0 0 0 0 0 0 0 0 0 0 0 0 0 0 0 0 0 0 0 0 0 0 
0 0 0 0 0 0 0 0 0 0 0 0 0 0 0 0 0 0 0 0 0 0 0 0 0 0 0 0 0 0 0 0 0 0 0 0 0 0 0 0 0 0 0 0 0 0 0 0 0 0 0 0 0 0 0 0 0 0 0 0 0 0 0 0 0 0 0 0 0 0 0 0 0 0 0 0 0 0 0 0 0 0 0 0 0 76 76 76 76 76 75 76 76 77 78 78 78 78 78 78 78 78 78 79 79 79 79 79 79 79 80 80 80 79 79 79 80 79 80 79 79 79 80 80 81 81 81 81 81 81 81 81 80 80 80 81 81 81 82 82 82 82 80 81 81 81 81 81 81 82 82 82 81 81 80 81 81 81 81 82 82 82 82 83 83 83 84 83 83 83 84 84 84 84 84 85 85 85 85 85 85 86 86 86 86 86 86 86 86 87 87 87 89 89 88 88 89 89 89 88 89 89 89 89 89 89 89 90 90 90 90 90 90 90 90 91 91 91 91 91 91 91 92 92 92 92 93 93 93 93 93 93 93 93 94 94 94 94 94 94 94 94 92 93 93 93 93 93 93 93 93 93 94 94 94 94 95 95 95 94 94 95 95 96 96 96 96 96 96 96 96 97 97 97 97 97 97 97 98 98 98 98 99 99 99 99 99 100 99 99 100 100 100 100 100 101 100 100 100 101 101 101 101 101 101 102 102 102 102 102 102 102 103 103 103 103 104 104 103 103 104 104 105 105 106 106 106 106 106 106 106 107 107 107 107 107 107 108 108 108 108 108 109 109 109 109 110 109 109 110 110 110 110 110 110 110 111 111 111 111 112 112 112 112 112 112 113 113 113 114 114 114 114 114 115 115 115 115 115 115 116 116 116 116 116 116 117 118 118 118 118 117 117 117 118 118 118 119 119 119 119 119 120 120 120 120 120 120 121 121 121 121 121 121 121 122 122 122 123 123 123 123 124 124 124 124 124 124 125 125 126 126 126 126 127 0 0 0 0 0 0 0 0 0 0 0 0 0 0 0 0 0 0 0 0 0 0 0 0 0 0 0 0 0 0 0 0 0 0 0 0 0 0 0 0 0 0 0 0 0 0 0 0 0 0 0 0 0 0 0 0 0 0 0 0 0 0 0 0 0 0 0 0 
0 0 0 0 0 0 0 0 0 0 0 0 0 0 0 0 0 0 0 0 0 0 0 0 0 0 0 0 0 0 0 0 0 0 0 0 0 0 0 0 0 0 0 0 0 0 0 0 0 0 0 0 0 0 0 0 0 0 0 0 0 0 0 0 0 0 0 0 0 0 0 0 0 0 0 0 0 0 0 0 0 0 0 0 0 0 76 76 77 76 76 76 76 77 78 78 78 79 79 79 79 79 79 79 79 79 79 79 80 80 80 80 81 80 79 80 80 79 80 80 80 79 80 80 80 81 81 81 81 81 80 80 80 80 81 81 81 81 82 82 82 82 81 81 81 81 81 81 80 81 81 81 81 80 80 81 81 82 82 82 82 82 82 83 84 84 84 84 84 84 84 84 84 84 84 84 85 85 85 85 86 86 86 86 86 86 86 86 86 87 87 87 88 88 88 89 89 90 90 89 89 89 89 89 89 89 89 90 90 90 90 90 90 90 91 91 91 91 91 91 91 92 92 92 92 92 93 93 93 93 93 93 93 93 94 94 94 94 94 94 94 94 92 93 93 93 93 93 93 94 94 93 93 94 94 94 95 95 95 95 95 95 96 96 96 96 96 96 96 96 96 97 97 97 97 97 97 97 98 98 98 98 99 99 99 99 99 99 100 100 100 100 100 100 100 100 100 101 101 101 101 101 101 101 101 101 102 102 102 102 102 102 102 103 103 104 103 103 103 103 104 104 104 105 106 105 105 106 106 106 106 107 107 107 107 107 107 108 108 108 108 108 108 109 109 109 110 109 109 110 111 110 110 110 110 110 111 111 111 111 111 112 112 112 112 112 112 113 113 113 113 114 114 114 114 114 115 115 115 116 115 116 116 116 116 117 117 118 118 118 118 118 117 117 118 118 118 118 119 119 119 119 119 120 120 120 120 120 120 121 121 121 121 121 121 122 122 122 123 123 123 123 123 124 124 124 124 125 125 125 125 125 126 126 126 127 0 0 0 0 0 0 0 0 0 0 0 0 0 0 0 0 0 0 0 0 0 0 0 0 0 0 0 0 0 0 0 0 0 0 0 0 0 0 0 0 0 0 0 0 0 0 0 0 0 0 0 0 0 0 0 0 0 0 0 0 0 0 0 0 0 0 0 
0 0 0 0 0 0 0 0 0 0 0 0 0 0 0 0 0 0 0 0 0 0 0 0 0 0 0 0 0 0 0 0 0 0 0 0 0 0 0 0 0 0 0 0 0 0 0 0 0 0 0 0 0 0 0 0 0 0 0 0 0 0 0 0 0 0 0 0 0 0 0 0 0 0 0 0 0 0 0 0 0 0 0 0 0 76 76 76 76 77 77 76 76 77 77 77 77 78 79 79 79 79 79 79 79 79 79 80 80 80 80 80 81 81 80 80 80 80 80 80 80 80 80 80 80 81 81 81 81 81 80 80 81 81 82 82 82 82 82 82 82 82 81 82 82 81 81 81 81 81 81 81 82 82 82 81 81 81 82 83 83 83 83 83 84 83 84 84 85 85 85 85 85 84 84 85 85 85 85 85 86 86 86 86 87 87 86 87 87 87 87 87 89 89 88 88 89 89 90 90 90 89 89 89 89 89 89 89 89 89 90 90 90 90 90 91 91 92 92 91 91 92 93 92 92 92 92 93 93 93 93 93 93 93 93 94 94 94 94 94 94 94 93 93 93 93 93 93 93 94 94 94 94 94 94 95 95 95 95 95 95 95 95 96 96 96 96 96 96 96 96 97 97 97 97 98 98 97 98 98 98 98 98 99 99 99 99 99 100 100 100 100 100 100 100 101 101 101 101 101 101 102 102 102 102 102 102 102 102 102 102 102 102 103 103 103 103 103 103 103 104 104 105 105 105 105 105 106 106 106 106 107 107 107 107 107 107 108 108 108 108 108 108 109 109 109 109 109 109 110 110 110 110 110 110 110 110 111 111 111 111 111 112 112 112 112 112 112 113 113 113 113 114 114 114 114 115 115 115 116 116 116 116 116 116 117 117 117 118 118 117 117 117 118 118 118 118 119 118 119 119 120 119 119 120 120 120 121 121 121 121 121 121 121 121 122 122 122 122 123 123 123 123 124 124 124 124 124 125 125 125 125 125 126 126 126 127 127 128 128 0 0 0 0 0 0 0 0 0 0 0 0 0 0 0 0 0 0 0 0 0 0 0 0 0 0 0 0 0 0 0 0 0 0 0 0 0 0 0 0 0 0 0 0 0 0 0 0 0 0 0 0 0 0 0 0 0 0 0 0 0 0 0 
0 0 0 0 0 0 0 0 0 0 0 0 0 0 0 0 0 0 0 0 0 0 0 0 0 0 0 0 0 0 0 0 0 0 0 0 0 0 0 0 0 0 0 0 0 0 0 0 0 0 0 0 0 0 0 0 0 0 0 0 0 0 0 0 0 0 0 0 0 0 0 0 0 0 0 0 0 0 0 0 0 0 0 0 75 75 75 76 76 77 77 77 77 77 77 77 77 78 79 79 78 79 79 80 80 80 79 80 80 80 80 80 81 81 81 81 81 81 81 81 81 81 80 80 80 80 80 80 81 81 81 80 81 82 82 82 82 82 83 82 82 82 81 81 82 82 81 82 82 82 81 81 82 83 83 82 81 81 82 82 82 83 83 83 84 84 84 84 84 84 85 85 85 85 85 85 86 86 86 86 86 86 86 87 87 87 87 87 88 87 87 88 90 89 88 89 90 89 90 91 90 90 90 89 89 90 90 89 89 90 90 90 90 91 91 91 91 92 92 91 91 92 93 93 93 92 92 93 94 94 94 94 93 93 93 94 94 94 94 94 94 95 93 93 93 93 93 93 94 94 94 94 94 94 94 94 94 95 95 95 95 95 95 96 96 96 96 96 96 96 97 97 97 97 97 97 98 98 98 98 98 99 99 99 99 99 99 99 100 100 100 100 100 100 100 101 101 101 101 101 102 102 102 102 102 102 102 101 102 102 103 103 102 103 103 103 103 103 103 104 103 104 105 105 105 105 105 105 106 106 106 107 107 107 107 107 108 108 108 108 108 108 108 109 109 109 109 109 110 110 110 110 110 110 110 110 110 110 111 111 111 111 111 111 112 112 112 112 112 113 113 113 113 113 114 114 114 115 115 115 115 116 116 116 116 117 117 117 117 117 117 118 117 118 118 118 118 119 119 119 119 119 120 120 120 120 120 120 121 121 121 121 121 121 121 122 122 122 122 123 123 123 123 124 124 124 125 124 124 124 124 125 125 125 126 126 126 127 127 128 0 0 0 0 0 0 0 0 0 0 0 0 0 0 0 0 0 0 0 0 0 0 0 0 0 0 0 0 0 0 0 0 0 0 0 0 0 0 0 0 0 0 0 0 0 0 0 0 0 0 0 0 0 0 0 0 0 0 0 0 0 0 0 
0 0 0 0 0 0 0 0 0 0 0 0 0 0 0 0 0 0 0 0 0 0 0 0 0 0 0 0 0 0 0 0 0 0 0 0 0 0 0 0 0 0 0 0 0 0 0 0 0 0 0 0 0 0 0 0 0 0 0 0 0 0 0 0 0 0 0 0 0 0 0 0 0 0 0 0 0 0 0 0 0 74 0 0 75 75 75 76 76 77 77 77 78 77 78 78 78 79 79 79 79 78 78 79 79 80 80 80 80 81 81 81 81 81 81 81 81 81 81 81 81 82 82 81 81 81 81 81 81 81 81 81 81 81 82 82 82 82 83 83 83 83 82 82 82 82 81 82 82 81 81 81 82 82 82 82 82 82 82 82 82 83 83 83 83 83 84 84 84 85 85 85 85 85 85 85 86 86 86 86 86 87 86 86 87 87 87 88 88 88 88 88 89 89 89 90 90 90 90 91 91 91 90 90 89 89 90 89 89 90 91 90 90 91 91 92 92 92 92 92 93 93 93 93 93 93 93 93 93 94 94 95 94 94 94 94 94 94 94 94 94 95 93 93 93 93 93 94 94 94 94 94 94 94 94 94 94 94 95 95 95 95 96 96 95 96 96 96 96 97 97 97 97 97 97 97 98 98 98 98 98 98 99 99 99 99 99 99 100 100 100 100 100 100 100 101 101 101 101 101 101 102 102 102 102 102 102 102 102 103 103 103 103 103 103 103 103 104 104 104 104 104 105 105 105 105 106 106 106 106 106 107 107 107 107 107 107 108 108 108 108 108 108 109 109 109 109 109 109 110 110 110 110 111 111 111 110 110 111 111 111 111 111 111 111 112 112 112 112 112 112 113 113 113 113 113 114 114 114 115 115 115 115 115 116 116 116 117 117 117 117 118 118 118 118 118 119 119 119 119 119 119 119 120 120 120 120 120 121 121 121 121 121 121 121 121 122 122 122 123 123 123 123 123 124 124 124 125 125 125 125 125 125 125 125 126 126 126 127 127 128 0 0 0 0 0 0 0 0 0 0 0 0 0 0 0 0 0 0 0 0 0 0 0 0 0 0 0 0 0 0 0 0 0 0 0 0 0 0 0 0 0 0 0 0 0 0 0 0 0 0 0 0 0 0 0 0 0 0 0 0 0 0 
0 0 0 0 0 0 0 0 0 0 0 0 0 0 0 0 0 0 0 0 0 0 0 0 0 0 0 0 0 0 0 0 0 0 0 0 0 0 0 0 0 0 0 0 0 0 0 0 0 0 0 0 0 0 0 0 0 0 0 0 0 0 0 0 0 0 0 0 0 0 0 0 0 0 0 0 0 0 0 0 0 74 74 74 75 75 75 76 75 76 76 77 77 77 78 78 78 78 79 79 79 79 79 78 79 79 80 80 80 81 81 81 81 81 81 81 81 80 81 81 81 81 82 82 82 82 82 83 82 82 82 82 81 82 82 82 82 82 82 83 83 83 82 83 83 83 82 82 82 82 82 82 82 82 82 82 82 82 82 82 82 82 83 84 83 83 84 84 85 85 85 85 85 85 86 86 86 86 86 86 87 87 87 87 88 87 87 87 88 89 88 88 89 89 89 90 91 91 91 91 91 91 90 90 90 90 89 89 90 91 91 91 92 92 92 92 92 92 92 93 93 93 93 92 93 93 93 93 94 94 94 95 95 94 94 94 94 94 94 94 94 95 93 93 93 93 94 94 94 94 94 94 94 94 94 94 95 95 95 95 95 95 95 95 96 96 96 96 96 97 97 97 97 97 97 97 98 98 98 98 98 98 99 99 99 99 99 99 100 100 100 100 100 100 100 100 101 101 101 101 101 101 101 102 102 102 102 102 102 103 103 103 103 104 104 104 104 104 104 104 104 104 104 105 105 105 105 106 106 106 106 107 107 107 107 107 107 107 108 108 108 108 108 109 109 109 109 109 109 109 109 110 110 111 111 111 111 110 111 111 111 111 111 112 111 112 112 113 113 113 113 113 113 113 113 113 113 114 114 114 115 115 115 115 115 116 116 117 116 117 117 118 118 118 118 118 119 118 119 119 119 119 119 119 119 120 120 120 121 121 121 121 121 121 121 121 122 122 122 122 122 123 123 123 123 124 124 124 125 126 126 126 126 126 126 126 126 126 127 127 0 0 0 0 0 0 0 0 0 0 0 0 0 0 0 0 0 0 0 0 0 0 0 0 0 0 0 0 0 0 0 0 0 0 0 0 0 0 0 0 0 0 0 0 0 0 0 0 0 0 0 0 0 0 0 0 0 0 0 0 0 0 0 
0 0 0 0 0 0 0 0 0 0 0 0 0 0 0 0 0 0 0 0 0 0 0 0 0 0 0 0 0 0 0 0 0 0 0 0 0 0 0 0 0 0 0 0 0 0 0 0 0 0 0 0 0 0 0 0 0 0 0 0 0 0 0 0 0 0 0 0 0 0 0 0 0 0 0 0 0 0 0 0 0 74 75 75 75 75 75 75 75 75 75 76 77 77 77 77 78 78 79 79 79 79 79 79 79 79 80 80 80 81 81 81 81 81 82 82 81 81 81 81 81 81 81 81 81 81 82 82 82 82 82 82 81 82 83 83 83 82 82 82 82 83 82 83 83 82 82 82 83 83 83 82 82 82 82 82 83 83 83 83 83 83 83 83 83 84 84 85 85 85 84 85 85 85 86 86 86 86 86 86 87 87 87 88 88 88 88 88 88 89 89 88 89 89 89 89 90 91 91 91 90 90 90 90 91 90 90 89 89 90 90 91 91 92 93 93 93 93 92 92 92 93 93 93 93 93 93 93 94 94 94 95 95 95 94 94 94 94 94 94 95 95 93 93 93 93 94 94 94 94 94 94 94 94 94 95 95 95 95 95 95 95 95 95 96 96 96 96 97 97 97 97 97 97 98 98 98 98 98 98 98 99 99 99 99 99 99 99 100 100 100 100 101 100 100 100 101 101 101 101 101 101 102 102 102 102 102 102 102 103 103 103 104 104 104 104 104 104 104 104 104 104 104 105 105 105 105 105 106 106 106 106 107 107 107 107 107 107 108 108 108 108 108 109 108 108 109 109 110 109 109 109 110 111 110 110 110 110 110 111 112 111 111 111 111 112 112 113 113 113 113 113 113 113 113 113 114 114 115 115 116 116 116 116 115 115 116 116 116 117 117 118 118 118 117 117 118 118 118 118 119 119 120 120 120 120 120 120 120 121 121 121 121 121 121 121 122 122 122 122 122 123 124 124 124 124 124 124 125 125 126 126 126 126 126 126 126 126 126 126 0 0 0 0 0 0 0 0 0 0 0 0 0 0 0 0 0 0 0 0 0 0 0 0 0 0 0 0 0 0 0 0 0 0 0 0 0 0 0 0 0 0 0 0 0 0 0 0 0 0 0 0 0 0 0 0 0 0 0 0 0 0 0 
0 0 0 0 0 0 0 0 0 0 0 0 0 0 0 0 0 0 0 0 0 0 0 0 0 0 0 0 0 0 0 0 0 0 0 0 0 0 0 0 0 0 0 0 0 0 0 0 0 0 0 0 0 0 0 0 0 0 0 0 0 0 0 0 0 0 0 0 0 0 0 0 0 0 0 0 0 0 0 0 0 0 75 75 75 76 76 76 76 76 75 75 76 76 76 77 78 78 79 79 79 80 79 79 79 79 79 80 80 81 81 81 82 82 82 82 82 81 81 81 82 82 82 82 82 82 82 82 81 81 82 82 82 82 83 83 83 83 83 83 83 83 82 83 83 82 82 82 82 83 83 82 82 82 82 83 83 83 83 83 83 83 83 83 83 84 84 84 85 85 84 85 85 86 86 86 86 86 87 87 87 87 87 87 87 87 88 89 89 89 88 88 89 89 89 90 90 90 91 92 91 90 90 90 90 90 90 89 89 90 91 91 91 92 93 94 93 92 92 92 92 92 93 93 93 93 93 94 94 94 94 94 95 95 95 95 95 94 94 94 95 95 93 93 93 93 93 94 94 94 94 94 94 94 95 95 95 95 95 95 95 95 95 95 96 96 96 96 97 97 97 97 97 98 98 98 98 98 98 99 99 99 99 99 99 99 99 99 99 100 100 100 100 100 101 101 101 101 101 101 101 102 102 102 102 102 102 102 103 103 103 103 104 104 104 104 104 104 104 104 104 104 104 105 105 105 105 105 106 106 106 106 107 107 107 107 107 107 108 108 108 108 109 108 108 109 109 109 110 110 110 109 110 110 111 110 111 110 110 111 112 112 112 112 112 112 112 112 114 114 114 114 114 114 114 115 114 115 115 116 116 116 116 116 116 116 116 116 116 117 117 118 118 118 117 117 117 118 118 118 119 119 119 120 120 120 120 120 120 121 121 121 121 121 121 121 122 122 122 122 123 123 124 124 125 125 124 125 125 125 125 126 126 127 127 126 127 126 127 127 127 0 0 0 0 0 0 0 0 0 0 0 0 0 0 0 0 0 0 0 0 0 0 0 0 0 0 0 0 0 0 0 0 0 0 0 0 0 0 0 0 0 0 0 0 0 0 0 0 0 0 0 0 0 0 0 0 0 0 0 0 0 0 
0 0 0 0 0 0 0 0 0 0 0 0 0 0 0 0 0 0 0 0 0 0 0 0 0 0 0 0 0 0 0 0 0 0 0 0 0 0 0 0 0 0 0 0 0 0 0 0 0 0 0 0 0 73 0 0 0 0 0 0 0 0 0 0 0 73 72 0 0 0 0 0 0 0 0 0 0 0 0 0 0 75 75 76 76 76 76 77 77 77 77 76 77 77 77 76 77 78 79 79 79 79 79 79 79 79 80 81 81 81 81 81 82 82 82 82 82 82 82 82 83 83 83 82 83 83 83 82 82 82 83 83 83 82 82 83 83 84 84 84 84 84 82 83 84 84 83 83 83 83 83 83 82 83 83 83 83 84 84 83 83 83 84 84 84 84 84 84 84 84 85 85 85 86 86 86 86 87 87 87 87 87 87 88 88 88 88 89 89 89 88 88 90 91 90 90 90 90 91 91 91 90 90 90 90 90 90 91 90 90 91 91 91 92 93 94 94 93 93 92 92 92 93 93 93 93 93 94 94 94 94 94 95 95 95 95 94 94 94 95 95 95 93 93 93 94 93 94 94 94 94 95 95 95 95 95 95 95 95 96 96 96 95 96 96 96 96 96 97 97 97 97 98 98 98 98 98 98 98 99 99 99 99 99 99 99 99 99 99 99 100 100 100 100 100 100 101 101 101 101 102 102 102 102 102 102 102 102 103 103 103 103 104 104 104 104 104 104 104 104 104 104 104 105 105 105 105 105 106 106 106 107 107 107 107 107 107 107 108 108 108 108 109 108 108 109 109 109 109 110 110 110 110 111 111 111 111 111 111 111 112 112 112 112 112 113 113 113 113 114 114 115 115 115 115 115 115 116 116 116 116 116 116 116 116 116 116 116 117 117 117 118 118 118 118 117 118 118 118 118 118 119 119 119 119 120 120 120 120 121 121 121 121 121 121 121 122 122 122 122 123 123 123 124 124 125 124 124 125 125 125 126 126 127 127 127 127 127 127 128 127 0 0 0 0 0 0 0 0 0 0 0 0 0 0 0 0 0 0 0 0 0 0 0 0 0 0 0 0 0 0 0 0 0 0 0 0 0 0 0 0 0 0 0 0 0 0 0 0 0 0 0 0 0 0 0 0 0 0 0 0 0 0 
0 0 0 0 0 0 0 0 0 0 0 0 0 0 0 0 0 0 0 0 0 0 0 0 0 0 0 0 0 0 0 0 0 0 0 0 0 0 0 0 0 0 0 0 0 0 0 0 0 0 0 0 0 0 0 74 0 75 0 0 0 0 0 74 74 73 73 73 0 0 0 0 0 0 0 0 0 0 0 0 0 0 75 75 76 76 76 76 77 78 78 77 78 78 78 77 77 77 78 79 79 80 79 79 79 80 80 81 81 81 81 81 81 81 82 82 82 82 82 82 82 82 83 82 83 83 83 83 83 84 83 84 84 84 83 83 84 84 85 85 84 84 83 83 83 84 84 84 84 84 84 84 83 83 84 83 83 83 83 83 83 84 84 84 84 85 84 84 84 84 85 85 86 86 86 86 87 87 87 86 86 87 87 88 88 88 89 89 89 90 90 90 91 91 91 91 91 91 91 92 91 91 91 91 90 90 90 91 91 90 90 91 92 93 94 93 93 93 94 94 94 94 94 94 93 93 93 93 94 94 94 95 95 95 95 95 95 95 95 95 95 95 93 93 93 94 93 94 94 94 94 95 95 95 95 95 95 95 95 96 96 96 96 96 96 96 96 96 97 97 97 97 98 98 98 98 98 98 99 99 99 99 99 99 99 99 100 100 100 100 100 100 100 100 100 101 101 101 101 102 102 102 102 102 102 102 102 103 103 103 103 103 103 104 104 104 104 104 104 104 104 105 105 105 105 106 106 105 105 106 106 107 107 107 107 107 107 107 108 108 108 108 108 108 108 108 109 109 109 110 110 111 111 111 111 111 111 111 111 111 111 113 113 113 113 113 113 113 113 114 114 115 115 115 115 116 116 116 116 116 116 116 116 116 116 116 116 116 117 117 117 117 117 117 117 117 117 118 118 118 119 119 119 119 119 120 120 120 120 120 121 121 121 121 121 121 121 122 122 122 123 123 123 124 124 125 125 125 125 125 125 125 126 126 127 127 128 128 128 128 128 0 0 0 0 0 0 0 0 0 0 0 0 0 0 0 0 0 0 0 0 0 0 0 0 0 0 0 0 0 0 0 0 0 0 0 0 0 0 0 0 0 0 0 0 0 0 0 0 0 0 0 0 0 0 0 0 0 0 0 0 0 0 
0 0 0 0 0 0 0 0 0 0 0 0 0 0 0 0 0 0 0 0 0 0 0 0 0 0 0 0 0 0 0 0 0 0 0 0 0 0 0 0 0 0 0 0 0 0 0 0 0 0 0 0 73 73 74 74 75 75 75 75 75 75 75 74 74 73 73 73 73 73 0 0 0 0 0 0 0 0 0 0 0 0 0 75 75 76 76 76 76 77 78 78 78 79 79 78 78 78 77 78 79 80 79 79 80 80 81 81 81 81 81 81 81 81 82 82 83 83 83 83 82 82 82 83 83 83 83 83 83 83 84 84 83 84 84 84 83 84 85 85 85 85 84 83 83 83 84 84 84 85 84 84 83 83 83 83 83 83 83 84 85 84 84 84 85 85 85 85 85 85 85 85 86 87 87 86 87 87 87 87 87 87 87 87 88 88 89 89 89 90 90 90 92 92 92 92 92 92 92 92 91 92 92 91 91 90 91 90 91 91 91 91 91 92 93 93 93 92 93 93 93 94 94 93 93 93 94 94 94 94 95 95 95 95 96 96 96 96 96 95 95 95 93 93 93 94 94 94 94 94 94 95 95 95 95 95 95 95 96 96 96 96 96 96 96 96 97 97 97 97 97 97 98 98 98 98 98 98 99 99 99 99 99 99 99 100 100 100 100 100 100 100 100 100 101 101 101 101 101 101 102 102 102 102 102 102 103 103 103 103 103 103 104 104 104 104 104 104 104 104 104 105 105 105 105 106 106 105 105 106 106 106 107 107 107 107 107 108 108 108 108 108 108 108 109 108 109 109 109 110 110 110 111 110 111 111 111 112 111 111 111 112 113 113 113 114 114 114 114 114 114 114 114 115 115 116 116 116 116 116 116 116 116 116 117 117 116 116 117 117 117 117 117 118 118 117 117 118 118 118 119 119 119 119 119 119 120 120 120 120 120 121 121 121 121 121 122 122 122 122 123 123 124 124 124 124 125 125 125 125 125 125 125 126 127 127 127 127 127 128 129 0 0 0 0 0 0 0 0 0 0 0 0 0 0 0 0 0 0 0 0 0 0 0 0 0 0 0 0 0 0 0 0 0 0 0 0 0 0 0 0 0 0 0 0 0 0 0 0 0 0 0 0 0 0 0 0 0 0 0 0 0 0 
0 0 0 0 0 0 0 0 0 0 0 0 0 0 0 0 0 0 0 0 0 0 0 0 0 0 0 0 0 0 0 0 0 0 0 0 0 0 0 0 0 0 0 0 0 0 0 0 0 0 0 0 74 73 74 74 75 75 75 74 74 74 74 74 73 73 74 74 74 0 0 0 0 75 76 76 0 0 0 0 0 0 76 76 75 75 76 76 77 77 77 78 78 79 79 79 79 79 78 79 78 79 79 80 80 80 81 81 81 81 81 81 81 82 82 82 83 83 83 83 83 83 83 83 84 84 84 83 83 83 83 83 83 83 83 84 84 84 84 85 85 85 84 84 84 84 84 84 84 85 85 84 84 84 84 83 83 84 84 85 84 85 85 85 85 85 85 85 85 85 85 86 86 87 87 86 87 87 88 88 88 88 88 88 88 89 89 89 89 90 90 91 93 93 93 93 93 93 93 92 92 92 93 92 91 91 91 91 91 91 91 91 91 91 92 92 92 92 92 93 93 94 94 94 94 93 94 95 94 94 95 95 96 96 96 96 97 97 96 96 96 96 93 93 94 94 94 94 94 94 94 95 95 95 95 95 95 95 96 96 97 96 96 96 96 96 96 97 97 97 97 97 97 98 98 98 98 98 98 99 99 99 99 99 99 100 100 100 100 100 100 100 100 101 101 101 101 101 101 101 102 102 102 102 102 102 103 103 103 103 103 103 103 104 104 104 104 104 104 104 104 104 104 105 105 105 106 106 106 106 106 106 106 107 107 107 107 108 108 108 108 108 108 109 109 109 109 109 109 109 110 110 110 110 110 111 111 111 111 111 111 112 113 113 113 113 113 114 114 114 113 113 114 114 115 115 115 115 116 116 116 116 117 117 117 117 116 117 117 117 117 117 118 117 117 117 117 117 118 118 118 119 119 119 119 120 120 120 120 120 121 121 121 121 121 121 122 122 122 122 123 123 123 123 124 124 125 125 126 126 126 126 125 126 126 126 127 127 127 127 128 0 0 0 0 0 0 0 0 0 0 0 0 0 0 0 0 0 0 0 0 0 0 0 0 0 0 0 0 0 0 0 0 0 0 0 0 0 0 0 0 0 0 0 0 0 0 0 0 0 0 0 0 0 0 0 0 0 0 0 0 0 0 
0 0 0 0 0 0 0 0 0 0 0 0 0 0 0 0 0 0 0 0 0 0 0 0 0 0 0 0 0 0 0 0 0 0 0 0 0 0 0 0 0 0 0 0 0 0 0 0 0 0 0 0 75 74 74 74 75 76 75 74 74 74 74 75 74 74 75 75 75 74 0 75 74 75 75 76 76 76 77 78 78 77 76 76 76 76 76 76 77 77 77 77 78 79 79 80 79 80 79 79 79 79 80 81 81 80 80 80 81 81 81 81 82 82 82 82 83 83 83 83 83 83 83 83 84 84 84 84 84 83 83 84 84 84 84 84 84 85 84 85 85 86 85 85 85 85 85 84 84 85 85 84 84 84 84 84 84 84 85 85 84 85 86 85 86 86 86 86 86 85 85 85 86 86 86 86 87 87 87 87 88 88 88 88 89 90 89 89 90 90 90 90 92 92 92 92 92 92 93 93 93 93 93 92 91 91 91 91 91 91 91 91 91 91 91 91 92 93 92 93 94 94 94 94 94 94 94 95 95 94 95 95 95 95 96 96 96 97 97 97 97 97 94 94 94 95 95 95 94 94 95 95 95 95 95 95 95 95 95 96 96 96 96 96 96 96 97 97 97 97 97 97 98 98 98 98 98 98 99 99 99 99 99 99 99 99 100 100 100 100 100 100 100 101 101 101 101 101 101 101 102 102 102 102 102 102 103 103 103 103 103 103 103 103 104 104 104 104 104 104 104 104 105 105 105 105 106 106 106 106 106 106 106 106 107 107 107 108 108 108 108 108 108 108 109 109 109 109 109 109 109 110 110 110 110 110 111 111 111 111 111 111 112 112 112 112 113 113 114 114 114 113 114 114 115 115 115 116 115 116 116 116 116 117 117 117 117 117 117 117 117 118 117 118 118 118 117 117 117 118 118 119 119 119 119 119 120 120 120 120 120 121 121 121 121 121 121 122 122 122 123 123 123 123 124 124 124 125 125 125 126 126 126 126 126 126 127 127 128 128 129 0 0 0 0 0 0 0 0 0 0 0 0 0 0 0 0 0 0 0 0 0 0 0 0 0 0 0 0 0 0 0 0 0 0 0 0 0 0 0 0 0 0 0 0 0 0 0 0 0 0 0 0 0 0 0 0 0 0 0 0 0 0 
0 0 0 0 0 0 0 0 0 0 0 0 0 0 0 0 0 0 0 0 0 0 0 0 0 0 0 0 0 0 0 0 0 0 0 0 0 0 0 0 0 0 0 0 0 0 0 0 0 0 0 0 75 74 75 75 76 76 75 75 74 75 75 75 75 75 76 76 75 75 75 0 0 75 76 76 76 76 76 77 77 77 77 77 76 76 76 76 77 77 77 77 78 79 79 79 79 79 80 80 80 80 81 81 81 81 80 81 81 82 82 82 83 83 82 82 82 83 83 83 84 84 84 84 84 84 85 84 84 84 84 85 85 85 85 85 85 85 84 85 85 85 84 85 85 85 85 84 83 84 84 85 85 84 84 84 85 85 85 85 84 85 86 86 86 86 86 86 86 86 86 86 86 86 86 87 87 88 88 87 87 88 88 89 89 90 90 89 90 90 90 90 92 92 92 92 92 92 93 93 94 94 93 92 92 91 92 92 91 92 91 92 92 92 91 91 92 92 92 94 93 94 94 94 94 94 95 95 95 95 95 96 96 96 96 96 96 96 97 97 98 98 96 96 96 96 96 96 95 95 95 95 95 95 95 95 95 95 95 96 96 96 96 96 97 97 97 97 97 97 98 98 98 98 98 98 98 98 99 99 99 99 99 99 99 100 100 100 100 100 100 100 100 101 101 101 101 101 101 102 102 102 102 102 102 102 103 103 103 103 103 104 104 104 104 104 104 104 104 104 104 104 105 105 105 105 106 106 106 106 106 106 106 107 107 107 107 108 108 108 108 108 108 108 109 109 109 109 109 109 109 110 110 110 110 110 110 111 111 111 111 111 111 112 112 113 113 113 113 114 114 114 114 114 115 115 115 115 116 116 116 116 116 116 117 117 117 117 117 117 117 117 117 118 118 118 118 117 118 118 118 118 119 119 119 119 119 120 120 120 120 120 120 121 121 121 121 122 122 122 122 122 123 123 123 124 124 124 124 125 125 126 126 126 126 127 127 127 127 128 128 0 0 0 0 0 0 0 0 0 0 0 0 0 0 0 0 0 0 0 0 0 0 0 0 0 0 0 0 0 0 0 0 0 0 0 0 0 0 0 0 0 0 0 0 0 0 0 0 0 0 0 0 0 0 0 0 0 0 0 0 0 0 
0 0 0 0 0 0 0 0 0 0 0 0 0 0 0 0 0 0 0 0 0 0 0 0 0 0 0 0 0 0 0 0 0 0 0 0 0 0 0 0 0 0 0 0 0 0 0 0 0 0 0 0 75 75 76 75 76 76 76 76 75 76 76 76 77 77 76 76 75 75 0 0 0 75 76 76 76 76 76 76 77 77 77 76 77 77 77 76 77 77 77 78 78 79 79 79 79 79 80 80 81 81 81 81 81 81 80 81 81 82 82 82 83 83 83 82 83 83 83 83 83 84 84 84 85 84 84 85 85 85 85 85 85 85 85 85 86 85 85 86 86 86 85 85 85 85 84 84 83 84 84 84 84 84 85 85 86 86 85 85 85 85 86 86 86 86 86 86 86 86 87 86 86 86 87 88 88 88 88 88 88 89 89 89 89 90 90 90 89 90 90 90 92 92 92 92 92 92 92 93 93 94 94 93 93 93 93 93 92 92 92 92 92 92 92 91 92 92 93 94 94 94 94 94 94 95 95 95 95 95 96 96 96 96 97 97 97 97 97 97 98 98 96 96 96 97 97 96 96 96 96 96 96 96 96 96 95 95 96 96 96 97 96 97 97 97 97 97 97 97 97 98 98 98 98 98 98 98 99 99 99 99 99 99 99 100 100 100 100 100 100 100 100 101 101 101 101 102 102 102 102 102 102 102 102 102 103 103 103 103 103 104 104 104 104 104 104 104 104 104 104 104 105 105 105 105 106 106 106 106 106 106 107 107 107 107 107 107 108 108 108 108 108 108 109 109 109 109 109 109 109 110 110 110 110 110 110 111 111 111 111 111 112 112 112 112 113 113 113 114 114 114 114 114 115 115 115 115 115 116 116 116 116 116 116 117 117 117 117 117 118 118 117 118 118 118 118 118 118 118 118 118 118 119 119 119 119 119 120 120 120 120 120 121 121 121 121 122 122 122 122 123 123 123 124 124 124 124 124 124 125 126 126 126 126 127 128 127 127 127 128 0 0 0 0 0 0 0 0 0 0 0 0 0 0 0 0 0 0 0 0 0 0 0 0 0 0 0 0 0 0 0 0 0 0 0 0 0 0 0 0 0 0 0 0 0 0 0 0 0 0 0 0 0 0 0 0 0 0 0 0 0 0 
0 0 0 0 0 0 0 0 0 0 0 0 0 0 0 0 0 0 0 0 0 0 0 0 0 0 0 0 0 0 0 0 0 0 0 0 0 0 0 0 0 0 0 0 0 0 0 0 0 0 0 0 76 75 75 76 76 77 77 77 76 76 76 77 77 77 77 76 76 75 75 0 0 76 76 76 76 77 77 77 77 77 77 77 77 77 77 77 77 77 78 78 79 79 79 79 79 79 80 80 81 81 81 81 81 81 81 81 81 82 82 82 83 83 83 83 83 83 83 83 83 84 84 84 84 84 84 84 85 85 85 86 85 85 85 85 85 85 86 86 87 87 86 86 86 86 86 85 84 84 84 84 84 85 85 85 86 86 85 86 86 86 86 86 86 87 86 86 86 86 87 86 86 86 87 87 88 88 88 89 89 89 89 89 89 89 89 89 89 89 90 91 93 93 92 92 92 92 91 92 92 92 93 93 93 94 94 93 93 93 93 93 93 92 92 92 92 93 93 94 94 94 94 95 95 95 95 96 96 96 96 96 96 96 97 97 97 97 97 98 98 98 96 96 96 96 96 96 97 97 97 97 97 97 96 96 95 96 96 96 96 97 97 97 97 97 97 97 97 97 97 98 98 98 98 98 99 99 99 99 99 99 99 99 100 100 100 100 100 100 100 100 101 101 101 101 101 102 102 102 102 102 102 102 102 102 103 103 103 103 103 104 104 104 104 104 104 104 104 104 104 104 105 105 105 105 106 106 106 106 106 106 107 107 107 107 107 107 107 108 108 108 108 109 109 109 109 109 109 109 109 110 110 110 110 110 111 110 111 111 111 111 112 112 112 112 112 113 113 113 114 114 114 114 114 115 115 115 115 115 115 115 116 116 117 117 117 117 117 117 117 118 118 118 118 118 118 118 118 118 118 118 118 118 118 118 119 119 119 119 120 120 121 121 121 121 121 121 122 122 122 123 123 124 123 123 124 124 125 125 125 125 125 126 126 126 127 126 127 127 128 129 0 0 0 0 0 0 0 0 0 0 0 0 0 0 0 0 0 0 0 0 0 0 0 0 0 0 0 0 0 0 0 0 0 0 0 0 0 0 0 0 0 0 0 0 0 0 0 0 0 0 0 0 0 0 0 0 0 0 0 0 0 
0 0 0 0 0 0 0 0 0 0 0 0 0 0 0 0 0 0 0 0 0 0 0 0 0 0 0 0 0 0 0 0 0 0 0 0 0 0 0 0 0 0 0 0 0 0 0 0 0 0 0 0 76 75 76 77 77 77 76 76 76 76 76 77 77 77 77 76 76 75 75 76 77 76 77 77 77 77 77 78 78 78 77 77 77 77 77 77 77 77 77 78 79 80 80 79 79 79 80 80 81 80 81 82 82 82 81 81 81 82 83 83 83 83 83 83 83 83 83 84 84 84 84 84 85 85 85 85 85 85 85 86 86 86 86 85 85 85 85 86 86 86 85 86 86 86 85 85 84 85 85 85 85 85 86 86 87 86 87 87 86 87 87 86 85 86 87 86 86 86 86 86 86 86 86 87 87 88 88 89 89 90 90 90 90 90 91 90 90 89 90 91 92 93 93 92 93 93 92 92 92 92 93 93 93 94 94 94 94 94 93 92 92 92 91 91 92 93 93 93 94 95 95 95 96 96 96 96 97 97 96 97 97 97 97 98 98 98 98 98 98 98 97 97 97 96 96 96 97 97 97 97 97 96 96 96 96 97 96 96 96 97 97 97 97 97 97 97 97 98 98 98 98 98 98 98 99 99 99 99 99 99 100 100 100 100 100 100 100 100 100 100 101 101 101 101 102 102 102 102 102 102 102 102 102 103 103 103 103 103 103 103 104 104 104 104 104 104 104 104 104 104 105 105 105 105 106 106 106 106 107 107 107 107 107 107 107 107 107 107 108 108 108 109 109 109 109 109 109 109 109 109 110 110 110 110 111 110 111 111 111 111 111 112 112 112 112 113 113 113 113 114 114 114 114 115 115 114 115 115 115 116 116 116 116 116 117 117 117 117 117 117 117 118 118 118 118 118 118 118 118 118 118 118 118 118 119 120 120 120 120 120 121 121 121 121 121 121 122 122 122 123 123 123 123 124 124 124 124 124 125 125 125 126 126 126 126 126 127 127 128 128 0 0 0 0 0 0 0 0 0 0 0 0 0 0 0 0 0 0 0 0 0 0 0 0 0 0 0 0 0 0 0 0 0 0 0 0 0 0 0 0 0 0 0 0 0 0 0 0 0 0 0 0 0 0 0 0 0 0 0 0 0 
0 0 0 0 0 0 0 0 0 0 0 0 0 0 0 0 0 0 0 0 0 0 0 0 0 0 0 0 0 0 0 0 0 0 0 0 0 0 0 0 0 0 0 0 0 0 0 0 0 0 0 76 76 76 76 77 77 77 76 76 76 76 76 76 77 77 77 76 76 75 77 77 77 76 77 78 78 77 77 78 78 79 78 78 78 78 77 77 77 77 77 78 78 79 79 79 79 80 79 80 80 80 81 81 81 82 82 82 82 82 82 82 83 83 83 83 84 83 84 84 84 85 85 85 85 85 85 85 85 85 85 86 86 86 86 86 86 86 86 86 86 87 85 85 85 85 85 85 85 85 86 85 85 86 86 87 86 86 86 86 86 86 86 86 85 86 86 86 86 86 87 87 87 87 87 87 87 87 88 89 90 90 90 90 90 91 91 90 90 89 89 90 91 92 93 92 92 92 93 92 92 92 93 92 92 93 94 94 94 94 93 93 92 92 91 91 92 93 94 94 94 95 96 96 96 96 96 96 97 97 97 97 97 98 98 98 98 98 98 98 98 98 96 97 97 96 96 96 97 97 97 97 97 97 97 97 97 97 97 97 96 97 97 98 98 98 98 97 97 98 98 98 98 98 98 98 99 99 99 99 99 99 100 100 100 100 100 100 100 100 100 100 101 101 101 101 102 102 102 102 102 102 102 102 102 103 103 103 103 103 103 103 104 104 104 104 104 105 104 104 104 105 105 105 105 105 106 106 106 106 106 107 106 106 107 107 107 107 107 107 108 108 108 109 109 109 109 109 109 109 109 109 110 110 110 110 111 111 110 111 111 111 111 111 111 112 112 112 113 113 113 113 114 114 114 114 114 114 115 115 115 116 116 116 116 116 116 116 116 116 116 116 117 117 117 118 118 118 118 118 118 118 118 119 118 118 119 120 120 120 120 120 121 121 121 121 121 121 121 122 122 123 123 123 123 123 123 123 124 124 124 124 125 125 125 126 126 126 126 127 127 128 0 0 0 0 0 0 0 0 0 0 0 0 0 0 0 0 0 0 0 0 0 0 0 0 0 0 0 0 0 0 0 0 0 0 0 0 0 0 0 0 0 0 0 0 0 0 0 0 0 0 0 0 0 0 0 0 0 0 0 0 0 
0 0 0 0 0 0 0 0 0 0 0 0 0 0 0 0 0 0 0 0 0 0 0 0 0 0 0 0 0 0 0 0 0 0 0 0 0 0 0 0 0 0 0 0 0 0 0 0 0 0 77 77 77 77 77 76 76 77 77 77 77 77 76 76 76 76 76 76 75 76 77 78 78 77 77 78 79 79 78 78 79 79 79 79 79 78 78 78 78 78 77 78 78 78 79 80 81 81 81 81 81 80 80 81 81 81 81 82 82 82 82 82 83 83 84 84 84 84 84 84 84 84 85 85 85 85 85 85 85 85 86 86 86 86 86 87 87 86 87 87 88 88 86 86 86 85 85 85 85 85 85 86 85 86 87 87 86 86 86 86 86 86 85 86 86 86 87 87 86 86 87 87 88 88 88 87 88 88 88 89 90 89 89 89 90 90 90 90 90 90 90 90 91 91 92 92 91 91 91 91 91 92 92 92 92 93 93 93 94 94 94 94 93 92 92 92 92 93 94 94 95 95 96 96 96 95 95 96 97 96 96 97 97 97 98 99 98 98 98 98 98 98 96 96 96 97 97 96 97 97 97 97 98 98 97 97 97 98 98 98 97 97 98 98 98 98 98 98 98 98 98 98 98 98 98 98 99 99 99 99 99 99 99 99 100 100 100 100 100 100 100 101 101 101 101 101 102 102 102 102 102 102 102 102 102 103 103 103 103 103 103 104 104 104 104 104 104 104 104 104 104 105 105 105 105 105 106 106 106 107 107 106 106 106 107 107 107 107 107 107 107 108 108 108 109 109 109 109 109 109 109 110 110 110 110 110 111 110 110 111 111 111 111 111 111 112 112 112 112 113 113 113 113 114 113 114 114 115 115 115 115 116 115 115 116 116 116 116 116 116 116 117 117 117 117 118 118 118 118 118 118 118 118 119 118 118 119 120 120 120 120 120 120 121 121 121 121 121 121 122 122 122 122 123 123 123 123 124 124 124 125 125 125 126 126 126 126 126 127 127 127 128 128 0 0 0 0 0 0 0 0 0 0 0 0 0 0 0 0 0 0 0 0 0 0 0 0 0 0 0 0 0 0 0 0 0 0 0 0 0 0 0 0 0 0 0 0 0 0 0 0 0 0 0 0 0 0 0 0 0 0 0 0 
0 0 0 0 0 0 0 0 0 0 0 0 0 0 0 0 0 0 0 0 0 0 0 0 0 0 0 0 0 0 0 0 0 0 0 0 0 0 0 0 0 0 0 0 0 0 0 0 0 77 76 77 77 78 77 76 76 77 77 76 76 77 77 76 75 75 75 76 76 77 77 78 77 77 77 78 78 79 79 80 80 80 80 80 80 80 80 79 78 78 78 78 78 79 79 80 80 81 81 81 82 81 81 81 81 81 81 81 82 82 82 82 82 83 83 84 84 84 84 84 84 84 84 84 84 84 84 84 84 85 85 85 86 86 87 86 87 87 87 88 88 88 87 87 87 86 85 85 85 86 86 86 86 86 87 86 86 86 86 86 86 86 86 87 87 87 87 87 87 86 87 88 88 89 89 89 89 89 89 89 90 89 90 89 90 90 91 91 91 91 91 91 92 91 91 91 91 92 92 92 92 91 91 92 92 93 94 93 94 94 94 94 94 93 93 92 93 93 94 95 95 96 96 96 95 95 95 96 96 96 96 96 97 97 97 98 98 98 98 98 98 98 96 96 96 96 97 96 97 98 98 98 98 98 97 97 97 98 98 98 98 98 98 98 98 98 98 98 98 98 99 99 99 99 99 99 99 99 99 99 99 99 100 100 100 100 100 100 100 100 101 101 101 101 101 102 102 102 101 102 102 102 102 102 103 103 103 103 103 104 104 104 104 104 104 104 104 104 104 104 104 105 105 105 105 105 106 106 106 106 106 106 106 106 107 107 107 108 108 107 107 108 108 108 109 109 109 109 109 109 109 109 110 110 110 110 110 110 110 111 111 111 111 111 112 112 112 112 113 113 113 113 113 114 113 114 114 114 114 115 115 115 115 115 115 115 116 116 116 116 116 117 117 117 117 118 117 118 118 118 118 117 118 119 119 119 119 120 120 120 120 120 120 120 121 121 121 121 121 121 122 122 123 123 123 123 123 124 124 124 125 125 126 126 126 127 126 126 127 127 127 127 128 0 0 0 0 0 0 0 0 0 0 0 0 0 0 0 0 0 0 0 0 0 0 0 0 0 0 0 0 0 0 0 0 0 0 0 0 0 0 0 0 0 0 0 0 0 0 0 0 0 0 0 0 0 0 0 0 0 0 0 0 
0 0 0 0 0 0 0 0 0 0 0 0 0 0 0 0 0 0 0 0 0 0 0 0 0 0 0 0 0 0 0 0 0 0 0 0 0 0 0 0 0 0 0 0 0 0 0 0 0 76 76 76 77 78 77 77 76 77 77 77 76 77 76 76 76 76 77 77 78 78 78 77 77 77 77 77 78 79 79 79 79 79 79 80 80 81 81 80 80 79 79 79 79 79 79 79 80 80 80 81 82 82 82 82 82 82 82 82 82 83 83 83 83 83 83 84 84 84 84 84 84 85 85 85 84 84 85 85 85 85 86 86 86 86 86 87 87 87 87 87 88 88 87 87 87 87 86 86 86 85 86 86 86 86 87 87 87 87 87 86 86 86 87 87 87 88 87 87 87 87 87 88 88 88 89 89 90 90 90 90 89 89 90 90 90 90 91 90 90 90 90 90 91 91 92 92 92 92 93 93 93 92 92 92 92 93 93 93 94 94 93 93 93 93 93 92 93 94 94 94 94 95 95 95 95 95 95 96 96 96 96 96 96 97 97 97 98 98 98 98 98 98 96 96 96 96 96 96 96 97 97 98 98 97 98 98 97 98 98 98 98 98 98 98 98 98 99 98 98 98 99 99 99 99 99 99 99 99 99 99 99 99 100 100 100 100 100 100 100 100 100 101 101 101 101 102 102 101 101 102 102 102 102 103 103 103 103 103 103 103 103 104 104 104 104 104 104 104 104 104 105 105 105 105 105 106 106 106 106 106 106 106 106 106 107 107 107 107 107 107 108 108 108 108 108 109 109 109 109 109 109 109 110 110 110 110 110 110 110 111 111 111 111 111 112 112 112 113 113 113 113 113 113 114 113 113 114 114 114 114 114 115 115 115 115 115 115 116 116 116 117 116 116 117 117 117 117 117 117 117 117 118 118 119 119 119 119 120 120 120 120 120 120 120 121 121 121 122 121 121 121 122 122 123 124 124 123 124 124 124 125 125 125 125 126 127 127 127 126 127 127 127 128 128 0 0 0 0 0 0 0 0 0 0 0 0 0 0 0 0 0 0 0 0 0 0 0 0 0 0 0 0 0 0 0 0 0 0 0 0 0 0 0 0 0 0 0 0 0 0 0 0 0 0 0 0 0 0 0 0 0 0 0 
0 0 0 0 0 0 0 0 0 0 0 0 0 0 0 0 0 0 0 0 0 0 0 0 0 0 0 0 0 0 0 0 0 0 0 0 0 0 0 0 0 0 0 0 0 0 0 0 0 76 76 76 77 77 77 78 77 76 77 77 77 76 76 76 77 77 78 79 79 79 79 78 77 78 78 78 78 79 79 79 79 79 80 80 80 80 81 81 80 79 79 79 79 79 79 79 79 79 79 80 81 81 82 82 83 83 84 83 83 83 83 84 84 84 84 84 84 84 85 85 84 85 85 85 85 85 85 85 86 86 86 86 86 87 87 87 87 87 87 87 88 88 87 87 87 87 87 87 86 86 86 86 87 87 87 87 87 87 87 86 87 87 88 88 88 87 87 87 87 88 87 88 88 88 89 90 90 90 90 90 90 90 90 90 90 90 90 90 90 90 90 90 91 92 92 92 92 93 94 94 93 92 92 92 92 92 93 93 94 94 94 94 93 93 93 93 93 94 94 94 94 94 95 95 95 95 96 95 96 96 96 97 97 97 98 98 99 99 99 98 98 99 96 96 97 97 97 97 97 96 97 97 97 97 97 98 98 97 98 98 98 98 98 98 98 98 98 99 98 98 98 98 98 99 99 99 99 99 99 99 100 99 100 100 100 100 100 100 100 101 101 101 101 101 101 101 101 101 102 102 102 102 102 102 103 103 103 103 103 103 103 103 104 104 104 104 104 104 104 105 105 105 105 105 105 106 106 106 106 106 106 106 106 106 107 107 107 107 107 108 108 108 108 108 108 108 109 109 109 109 110 110 110 110 110 110 110 110 111 111 111 111 111 112 112 112 112 112 112 112 113 113 113 113 113 113 113 114 114 114 114 115 115 115 115 115 116 116 116 116 116 117 116 116 117 117 117 117 117 117 118 118 118 119 119 119 120 120 120 120 120 120 121 120 121 121 122 122 122 121 121 122 122 123 123 123 124 124 124 124 125 125 125 125 126 126 126 126 126 127 127 127 128 129 129 0 0 0 0 0 0 0 0 0 0 0 0 0 0 0 0 0 0 0 0 0 0 0 0 0 0 0 0 0 0 0 0 0 0 0 0 0 0 0 0 0 0 0 0 0 0 0 0 0 0 0 0 0 0 0 0 0 0 
0 0 0 0 0 0 0 0 0 0 0 0 0 0 0 0 0 0 0 0 0 0 0 0 0 0 0 0 0 0 0 0 0 0 0 0 0 0 0 0 0 0 0 0 0 0 0 0 0 77 77 76 76 76 77 77 77 77 77 77 77 77 77 78 78 78 79 79 79 79 80 79 79 80 79 79 78 78 78 79 80 80 81 81 81 81 81 82 81 80 80 80 80 80 80 80 80 80 79 80 80 81 82 82 83 83 84 84 84 84 84 84 84 84 84 85 85 85 85 85 85 85 86 86 86 86 85 86 85 86 86 86 86 86 87 87 87 87 87 88 88 88 87 87 87 87 88 88 87 87 86 86 86 87 87 87 88 87 87 87 87 87 88 88 88 88 88 87 88 88 88 88 89 89 89 89 90 91 91 91 91 91 91 91 91 91 90 90 90 90 90 90 92 92 93 93 93 94 95 94 93 93 93 93 92 92 92 93 94 94 95 94 94 93 93 93 94 94 94 94 95 95 96 96 96 96 95 95 96 96 96 97 97 98 98 98 99 99 99 99 99 99 97 96 97 98 97 97 97 97 96 97 97 97 97 98 98 98 98 98 98 98 98 98 98 98 98 99 99 99 98 98 99 99 99 99 99 99 100 100 100 100 100 100 100 100 101 101 101 101 101 101 101 101 101 101 101 102 102 102 102 102 102 102 103 103 103 103 103 103 103 103 103 104 104 104 104 104 104 105 105 105 105 105 106 106 106 106 106 106 106 106 106 106 107 107 107 107 108 108 108 108 108 108 108 108 109 109 109 109 110 110 110 110 110 110 110 110 111 111 111 111 111 112 112 112 112 112 112 112 113 113 113 113 113 113 113 113 114 114 114 114 115 115 115 115 116 116 116 116 116 116 116 116 116 116 117 117 117 117 118 118 118 119 119 119 120 120 120 121 121 121 121 121 121 122 122 122 122 121 121 121 122 123 122 122 123 123 124 124 124 125 125 125 126 126 126 126 126 127 127 127 127 128 129 0 0 0 0 0 0 0 0 0 0 0 0 0 0 0 0 0 0 0 0 0 0 0 0 0 0 0 0 0 0 0 0 0 0 0 0 0 0 0 0 0 0 0 0 0 0 0 0 0 0 0 0 0 0 0 0 0 0 
0 0 0 0 0 0 0 0 0 0 0 0 0 0 0 0 0 0 0 0 0 0 0 0 0 0 0 0 0 0 0 0 0 0 0 0 0 0 0 0 0 0 0 0 0 0 0 0 0 78 78 78 77 77 76 76 77 77 77 77 77 77 77 78 78 79 79 79 79 79 79 79 79 80 80 80 80 80 79 79 80 81 80 81 81 82 82 82 82 82 81 81 81 81 81 81 81 81 80 80 80 81 82 82 82 82 83 83 83 83 84 84 85 85 85 85 85 86 86 86 85 85 86 86 86 86 86 86 86 85 86 87 87 87 87 88 88 88 88 88 88 88 87 87 87 87 88 88 88 88 87 86 86 86 87 87 87 87 87 87 87 87 88 88 89 88 88 88 89 88 88 88 89 89 90 89 90 91 91 91 91 91 91 91 91 91 91 91 90 90 90 91 92 93 93 94 94 95 95 95 94 94 93 93 93 93 93 93 94 94 95 94 93 93 93 93 93 94 95 95 96 96 96 96 95 95 96 96 96 97 97 97 97 98 99 99 99 100 101 100 100 99 97 97 97 97 97 97 97 97 97 97 97 97 97 98 98 98 98 98 98 98 98 98 98 99 98 98 98 98 98 99 99 99 99 99 99 99 100 100 100 100 100 100 100 101 101 101 101 101 101 101 101 101 101 101 101 102 102 102 102 102 103 103 102 103 103 103 103 103 103 103 103 104 104 104 104 105 104 105 105 105 105 105 106 106 106 106 106 106 106 106 106 107 107 107 107 108 108 108 108 108 108 108 109 109 108 109 109 109 110 110 110 110 110 110 110 111 111 111 111 111 111 112 112 111 112 112 112 112 112 113 112 112 113 113 113 113 113 114 114 114 115 115 115 115 115 116 116 116 116 116 116 116 116 117 117 118 118 118 118 118 118 119 119 120 120 120 121 121 121 121 121 121 121 122 122 122 122 121 121 122 122 122 122 123 123 124 124 124 124 125 125 125 125 125 126 126 127 127 126 127 127 128 128 130 0 0 0 0 0 0 0 0 0 0 0 0 0 0 0 0 0 0 0 0 0 0 0 0 0 0 0 0 0 0 0 0 0 0 0 0 0 0 0 0 0 0 0 0 0 0 0 0 0 0 0 0 0 0 0 0 0 
0 0 0 0 0 0 0 0 0 0 0 0 0 0 0 0 0 0 0 0 0 0 0 0 0 0 0 0 0 0 0 0 0 0 0 0 0 0 0 0 0 0 0 0 0 0 0 0 0 0 0 79 78 78 77 77 77 77 77 77 78 78 78 78 78 79 80 80 80 79 79 80 79 79 80 81 81 81 80 79 80 80 80 80 81 81 82 82 82 82 82 82 82 82 81 81 81 81 81 80 80 80 81 81 81 82 82 82 83 83 83 83 84 84 85 85 86 86 86 86 86 86 86 86 86 87 87 87 87 86 86 87 87 87 87 88 88 88 88 88 88 88 87 87 88 88 88 88 88 88 87 87 87 87 87 87 87 88 88 87 87 87 88 88 89 89 89 89 89 88 88 88 89 90 90 90 91 91 91 91 91 91 90 91 91 91 91 91 91 91 91 92 93 93 94 94 95 95 96 95 95 94 94 94 93 93 93 93 93 94 94 94 94 93 93 93 93 94 94 94 95 95 95 95 94 95 96 96 96 97 97 98 98 98 99 99 100 100 101 100 100 99 97 98 98 98 97 98 97 97 97 97 97 97 97 98 98 98 98 98 98 99 98 98 98 98 99 99 98 98 99 99 99 99 99 99 99 99 100 100 100 100 100 100 100 101 101 101 101 101 101 101 101 101 101 101 102 102 102 102 102 102 103 103 102 103 103 103 103 104 104 103 104 103 104 104 105 105 105 105 105 105 105 105 106 106 106 106 106 106 106 106 107 107 107 107 108 108 107 108 108 108 108 109 109 109 109 109 109 109 109 110 110 110 110 110 110 110 110 111 111 111 111 111 111 111 112 112 112 112 112 112 112 112 112 112 113 113 113 114 114 114 115 115 115 115 115 115 116 116 116 116 116 116 117 117 117 118 118 118 119 119 119 119 119 120 120 120 120 121 121 121 121 121 122 122 122 122 122 121 121 122 122 122 122 122 122 123 124 124 124 124 124 125 126 126 126 126 126 126 126 127 127 128 129 130 0 0 0 0 0 0 0 0 0 0 0 0 0 0 0 0 0 0 0 0 0 0 0 0 0 0 0 0 0 0 0 0 0 0 0 0 0 0 0 0 0 0 0 0 0 0 0 0 0 0 0 0 0 0 0 0 0 
0 0 0 0 0 0 0 0 0 0 0 0 0 0 0 0 0 0 0 0 0 0 0 0 0 0 0 0 0 0 0 0 0 0 0 0 0 0 0 0 0 0 0 0 0 0 0 0 0 0 0 0 0 79 78 78 78 78 77 77 78 78 78 78 79 80 80 80 80 80 79 80 79 80 80 81 81 81 81 80 80 81 82 81 81 82 82 82 81 81 82 82 82 82 82 81 81 81 81 80 81 81 81 81 82 82 83 83 83 83 83 83 83 83 84 84 85 85 85 86 86 86 86 87 87 87 87 87 87 86 86 86 87 87 87 88 88 88 89 89 89 89 88 88 88 88 88 88 88 88 88 87 87 87 88 88 88 88 88 88 87 87 88 88 89 89 89 88 88 88 89 88 89 89 90 91 91 91 91 91 90 90 91 92 92 91 91 92 92 93 92 93 94 94 94 95 95 95 95 95 95 94 94 94 93 93 93 94 93 93 94 94 94 93 93 93 94 94 94 94 94 94 94 95 95 96 96 97 97 98 98 98 99 99 99 99 100 100 100 100 100 100 98 98 98 98 99 98 98 97 98 98 98 97 97 97 98 98 98 98 98 98 99 99 98 98 98 98 99 99 99 99 99 99 100 100 100 100 100 100 100 100 100 100 100 101 101 101 101 101 101 101 101 101 101 102 102 102 102 102 102 102 102 103 103 103 103 103 103 104 103 104 104 104 104 104 105 105 105 105 105 105 105 105 106 106 106 106 106 106 106 106 107 107 107 107 107 108 108 108 108 108 108 109 109 109 109 109 109 109 109 110 110 110 110 110 110 110 110 111 111 111 111 111 111 111 112 112 112 112 112 112 112 112 112 112 113 113 113 114 114 114 115 115 115 115 116 116 116 116 116 116 116 116 116 116 116 117 117 118 118 119 119 119 119 120 120 120 120 121 121 121 121 121 122 122 122 122 122 122 122 122 122 122 122 122 122 122 123 124 124 124 125 125 125 125 125 125 126 127 127 127 127 128 129 129 129 131 0 131 131 0 0 0 0 0 0 0 0 0 0 0 0 0 0 0 0 0 0 0 0 0 0 0 0 0 0 0 0 0 0 0 0 0 0 0 0 0 0 0 0 0 0 0 0 0 0 0 0 0 0 0 0 
0 0 0 0 0 0 0 0 0 0 0 0 0 0 0 0 0 0 0 0 0 0 0 0 0 0 0 0 0 0 0 0 0 0 0 0 0 0 0 0 0 0 0 0 0 0 0 0 0 0 0 0 0 0 0 79 79 78 78 78 78 78 78 79 80 80 80 80 80 80 80 80 80 81 81 81 82 82 82 81 81 81 82 82 82 82 83 82 81 81 81 81 82 83 82 81 81 81 81 81 82 83 83 83 83 83 83 83 84 83 84 84 84 84 84 84 85 85 86 86 86 86 86 86 87 87 87 87 87 86 87 87 87 87 88 88 88 88 89 89 89 89 88 88 89 89 88 88 89 89 88 88 87 88 88 88 88 88 88 88 87 87 88 89 89 89 89 88 88 89 89 90 90 89 91 92 92 91 91 91 91 91 91 92 91 91 91 92 92 93 93 94 95 95 95 95 95 95 95 95 95 94 93 93 93 94 95 94 94 93 93 93 93 93 94 94 94 95 94 94 95 94 94 95 95 96 96 96 97 97 98 98 98 99 99 99 100 101 101 100 101 101 98 98 98 98 99 99 99 98 98 97 97 97 98 98 98 97 98 98 98 99 99 99 99 98 99 99 99 99 99 99 99 99 99 100 100 100 100 100 100 100 100 100 101 101 101 101 101 101 101 101 101 101 101 102 102 102 102 102 102 102 103 103 103 103 103 104 104 104 104 104 104 105 104 104 104 105 105 105 105 105 105 106 106 106 106 106 106 106 106 106 107 107 107 107 107 108 108 108 108 108 108 108 109 109 109 109 109 109 109 109 110 110 110 110 110 110 110 111 111 111 111 111 111 112 112 112 111 112 111 111 112 112 113 113 113 113 113 114 114 114 114 115 115 115 115 116 116 116 116 116 116 116 116 116 116 117 117 117 118 119 119 119 119 119 119 120 120 121 121 121 121 122 122 122 122 122 122 122 122 122 122 123 123 123 123 123 123 123 123 124 124 124 124 125 126 126 126 127 127 127 127 128 128 129 129 130 130 130 130 130 0 0 0 0 0 0 0 0 0 0 0 0 0 0 0 0 0 0 0 0 0 0 0 0 0 0 0 0 0 0 0 0 0 0 0 0 0 0 0 0 0 0 0 0 0 0 0 0 0 0 0 
0 0 0 0 0 0 0 0 0 0 0 0 0 0 0 0 0 0 0 0 0 0 0 0 0 0 0 0 0 0 0 0 0 0 0 0 0 0 0 0 0 0 0 0 0 0 0 0 0 0 0 0 0 0 0 0 0 80 79 79 80 79 79 79 79 79 80 80 80 80 80 80 80 81 82 82 83 83 82 82 82 81 82 82 82 83 83 82 81 82 81 81 82 83 83 82 81 81 81 81 82 82 83 83 84 85 84 84 85 85 85 84 85 85 85 85 85 85 86 86 87 87 87 87 87 87 87 87 87 87 88 88 87 87 88 88 88 89 89 89 89 89 88 88 89 89 89 89 89 89 89 89 88 88 88 89 89 88 89 89 88 88 88 89 89 89 88 88 89 89 89 90 91 90 91 92 92 91 92 92 92 91 91 92 92 91 91 92 92 92 92 93 95 95 95 95 95 95 96 96 95 95 94 94 95 95 95 94 94 94 94 94 94 94 94 94 95 95 96 95 95 95 95 95 96 96 96 97 97 98 98 98 98 98 99 99 100 100 100 99 100 100 99 99 98 98 99 99 99 98 98 98 98 98 98 98 98 98 98 98 98 99 99 98 99 99 99 99 99 99 99 99 99 99 100 100 100 100 100 100 100 100 100 101 101 101 101 101 101 101 101 101 101 101 101 102 102 102 102 102 102 103 103 103 103 103 103 104 104 105 105 105 105 104 104 105 105 105 105 105 105 105 106 106 106 106 106 106 106 106 106 107 107 107 107 107 108 108 108 108 108 108 108 108 109 109 109 109 109 109 109 109 110 110 110 110 110 110 110 111 111 111 111 111 111 112 111 111 112 113 113 113 113 113 114 114 113 114 114 114 114 114 114 114 114 115 115 115 115 115 115 116 116 116 116 116 117 117 117 118 118 118 119 119 119 119 120 120 120 121 121 121 121 121 121 122 122 122 122 123 123 123 123 123 123 123 124 123 123 123 123 124 124 124 124 125 125 126 126 126 127 127 127 127 128 128 128 129 128 128 129 130 131 0 0 0 0 0 0 0 0 0 0 0 0 0 0 0 0 0 0 0 0 0 0 0 0 0 0 0 0 0 0 0 0 0 0 0 0 0 0 0 0 0 0 0 0 0 0 0 0 0 0 
0 0 0 0 0 0 0 0 0 0 0 0 0 0 0 0 0 0 0 0 0 0 0 0 0 0 0 0 0 0 0 0 0 0 0 0 0 0 0 0 0 0 0 0 0 0 0 0 0 0 0 0 0 0 0 0 0 0 0 0 0 0 81 80 80 80 80 80 80 81 81 81 81 82 82 83 83 83 83 83 83 82 82 82 83 83 83 82 82 83 82 81 82 82 82 82 82 81 81 82 82 82 83 83 83 84 84 84 85 86 85 85 86 86 86 85 85 86 86 87 87 87 87 87 87 87 88 88 88 88 88 88 88 87 88 88 88 89 89 89 89 89 89 89 89 89 90 90 90 90 90 90 90 90 89 89 89 89 89 89 88 88 88 89 89 89 89 89 89 89 90 90 91 91 92 92 92 92 92 92 92 92 92 92 92 92 91 91 92 92 92 93 95 95 95 95 95 95 96 96 96 95 94 95 95 95 94 94 94 95 95 95 95 95 95 95 94 95 95 95 95 95 95 95 96 97 97 98 98 98 97 98 98 98 98 98 99 99 99 99 100 100 98 99 98 98 99 99 99 100 100 99 98 98 98 98 98 98 98 98 98 99 99 99 99 99 99 99 99 99 99 99 99 99 100 100 100 100 100 100 100 100 101 101 101 101 101 101 101 101 101 101 101 101 101 101 102 102 103 102 103 103 103 104 103 103 103 103 104 104 105 106 105 105 105 104 105 105 105 105 105 105 106 106 106 106 106 106 106 106 106 107 107 107 107 107 108 107 107 107 107 107 108 108 108 108 109 109 109 109 109 109 110 110 110 110 110 110 110 110 111 111 111 111 111 111 111 112 112 113 113 113 113 113 114 114 114 114 114 114 114 114 114 114 114 114 115 115 115 115 115 116 116 116 116 116 117 117 117 118 118 118 119 119 119 119 120 120 120 121 121 121 121 121 121 122 122 122 122 123 123 123 123 124 124 124 124 124 124 124 124 123 124 124 125 125 126 126 126 126 126 127 127 127 127 128 128 128 128 128 129 130 131 0 0 0 0 0 0 0 0 0 0 0 0 0 0 0 0 0 0 0 0 0 0 0 0 0 0 0 0 0 0 0 0 0 0 0 0 0 0 0 0 0 0 0 0 0 0 0 0 0 0 
0 0 0 0 0 0 0 0 0 0 0 0 0 0 0 0 0 0 0 0 0 0 0 0 0 0 0 0 0 0 0 0 0 0 0 0 0 0 0 0 0 0 0 0 0 0 0 0 0 0 0 0 0 0 0 0 0 0 0 0 0 0 0 81 81 81 80 80 80 81 82 82 82 82 83 83 83 84 84 84 84 83 83 84 84 84 84 83 83 83 83 82 82 82 82 82 82 81 82 82 83 83 83 83 83 84 84 85 85 85 85 85 86 86 86 86 86 87 87 87 87 87 87 87 87 88 88 88 88 88 88 88 88 88 88 88 89 89 89 89 90 90 89 89 89 89 89 89 90 90 90 90 90 90 90 89 89 89 89 89 88 89 90 90 89 89 89 90 90 89 90 91 91 92 93 92 93 92 93 93 93 93 93 93 92 92 91 92 92 93 93 93 95 95 95 96 96 96 96 96 96 95 95 95 95 95 94 95 95 95 95 95 95 95 95 95 95 95 95 95 95 95 96 96 96 97 97 97 97 98 97 97 98 97 98 99 99 99 99 99 99 100 98 99 99 98 99 100 100 100 100 99 98 98 98 98 98 98 98 98 98 99 99 99 99 99 99 99 99 99 99 99 99 99 100 100 100 100 100 100 100 100 101 101 101 101 100 100 101 101 101 101 101 101 102 102 102 102 102 103 102 103 104 104 104 103 103 103 104 104 105 106 105 105 105 105 106 105 105 105 105 106 106 106 106 106 106 106 106 106 106 107 107 107 107 107 107 107 107 107 107 107 108 108 108 108 109 109 109 109 109 109 109 110 110 110 110 110 110 110 110 111 111 111 111 111 111 111 111 112 112 112 113 113 113 113 114 114 114 114 114 114 114 114 114 114 115 115 115 115 116 116 116 116 116 117 117 117 117 117 118 118 119 119 119 119 119 120 120 120 120 121 121 121 121 122 122 122 123 123 123 123 123 124 124 124 124 124 124 124 124 124 124 125 125 125 125 125 125 126 127 127 128 127 127 128 128 128 128 129 129 130 130 131 131 132 0 0 134 134 0 0 0 0 0 0 0 0 0 0 0 0 0 0 0 0 0 0 0 0 0 0 0 0 0 0 0 0 0 0 0 0 0 0 0 0 0 0 0 0 0 0 0 
0 0 0 0 0 0 0 0 0 0 0 0 0 0 0 0 0 0 0 0 0 0 0 0 0 0 0 0 0 0 0 0 0 0 0 0 0 0 0 0 0 0 0 0 0 0 0 0 0 0 0 0 0 0 0 0 0 0 0 0 0 0 0 0 82 82 82 82 81 82 82 82 83 83 83 83 84 84 84 84 84 84 84 84 84 84 84 84 84 84 83 82 82 82 82 82 82 82 83 83 83 83 83 84 84 84 85 85 85 85 85 85 86 87 87 87 87 87 87 87 87 87 87 87 87 87 88 88 88 88 88 89 88 88 88 89 89 90 90 90 90 90 89 89 90 90 90 89 90 90 90 90 91 91 90 89 89 89 90 89 89 90 91 91 90 89 89 90 91 90 90 91 91 92 93 93 93 93 93 93 93 93 93 93 93 93 92 92 92 92 92 93 95 95 95 96 96 96 96 96 96 96 96 95 95 95 95 95 96 95 95 95 95 95 95 95 96 96 95 95 95 95 95 96 97 97 97 97 98 98 98 97 97 98 98 99 99 99 99 99 100 100 98 98 98 99 100 99 99 100 100 99 98 98 98 99 99 99 99 99 98 99 99 99 100 99 99 99 100 99 99 100 100 100 100 100 100 100 100 100 100 101 101 101 101 101 100 101 101 101 101 101 101 102 102 102 102 103 102 103 103 103 103 104 104 103 103 103 104 104 104 105 106 106 107 106 106 106 105 105 105 105 106 106 106 106 106 106 106 106 106 107 107 107 107 107 107 107 107 107 107 107 108 108 108 108 108 109 109 109 109 109 109 110 110 110 110 110 110 111 111 111 111 111 111 111 112 112 112 112 113 113 113 113 113 114 114 114 114 114 114 114 114 114 114 114 115 115 115 116 116 116 116 116 116 116 117 117 117 118 118 118 119 119 119 119 119 119 120 120 120 121 121 121 121 122 122 122 122 123 123 123 123 124 124 124 124 124 124 123 123 124 124 124 125 125 125 126 126 126 127 127 127 127 127 127 128 128 129 129 129 129 129 130 131 131 132 132 132 133 134 0 0 0 0 0 0 0 0 0 0 0 0 0 0 0 0 0 0 0 0 0 0 0 0 0 0 0 0 0 0 0 0 0 0 0 0 0 0 0 0 0 0 
0 0 0 0 0 0 0 0 0 0 0 0 0 0 0 0 0 0 0 0 0 0 0 0 0 0 0 0 0 0 0 0 0 0 0 0 0 0 0 0 0 0 0 0 0 0 0 0 0 0 0 0 0 0 0 0 0 0 0 0 0 0 0 0 0 82 0 0 82 83 83 83 83 83 83 84 84 84 84 84 84 84 84 84 84 85 85 85 85 84 84 84 83 83 82 82 82 82 83 83 84 84 84 84 84 84 85 85 85 85 85 85 86 86 87 88 88 88 88 88 88 88 88 88 88 88 88 88 88 88 88 89 89 89 89 89 89 90 90 90 90 91 90 90 90 90 90 90 90 90 90 90 91 91 90 90 89 89 90 89 89 90 91 91 91 90 89 90 91 90 90 91 91 92 92 93 93 93 93 93 93 93 92 92 92 92 92 93 92 93 93 94 96 96 96 96 96 96 96 96 96 96 96 95 95 96 96 96 95 95 95 95 95 95 95 96 96 96 96 96 95 95 96 96 96 96 97 97 98 98 98 97 98 99 99 100 100 99 100 100 100 100 98 98 99 99 99 99 100 100 100 99 99 99 99 99 99 99 98 99 99 99 99 100 100 99 99 99 99 100 100 100 100 100 100 100 100 101 101 101 100 100 100 101 101 101 101 101 101 101 101 101 102 102 102 102 102 103 102 103 103 103 103 104 105 104 104 104 104 104 104 105 106 106 106 106 105 105 105 105 106 106 106 106 106 106 106 106 106 106 107 107 107 107 107 107 107 107 107 107 107 108 108 108 108 108 108 109 109 109 109 109 109 109 110 110 110 110 110 110 111 110 111 111 111 111 112 112 112 112 113 113 113 113 113 114 114 114 114 114 114 114 115 114 114 114 115 115 116 116 116 116 116 116 116 116 116 117 117 117 118 118 118 119 119 119 119 120 120 120 120 121 121 121 121 122 122 122 122 122 123 123 123 123 123 124 124 124 124 124 124 124 124 124 124 124 125 125 126 126 127 127 127 127 127 127 128 128 128 129 129 129 129 130 130 130 131 131 131 132 133 134 0 0 0 0 0 0 0 0 0 0 0 0 0 0 0 0 0 0 0 0 0 0 0 0 0 0 0 0 0 0 0 0 0 0 0 0 0 0 0 0 0 
0 0 0 0 0 0 0 0 0 0 0 0 0 0 0 0 0 0 0 0 0 0 0 0 0 0 0 0 0 0 0 0 0 0 0 0 0 0 0 0 0 0 0 0 0 0 0 0 0 0 0 0 0 0 0 0 0 0 0 0 0 0 0 0 0 0 0 0 0 83 83 83 83 84 84 84 84 84 84 84 84 84 84 84 85 85 85 85 84 84 84 84 84 84 83 83 82 82 82 83 83 84 83 84 84 84 85 85 85 85 85 85 86 87 87 88 88 88 88 88 89 89 89 89 88 88 88 88 88 88 88 88 89 89 89 89 89 90 90 90 90 90 89 90 90 90 90 90 90 90 90 91 91 91 90 90 90 90 90 90 89 90 90 91 91 90 90 91 92 91 90 91 92 92 92 92 93 93 93 93 93 93 93 94 94 93 93 93 92 93 93 95 96 96 96 96 96 96 96 96 96 96 95 95 95 95 95 96 96 96 95 95 95 96 95 95 95 95 95 96 95 96 96 96 96 96 96 96 97 97 97 98 99 99 100 100 100 99 100 101 100 100 98 98 98 99 99 99 100 100 100 99 99 98 98 98 99 99 99 99 99 99 99 100 100 100 100 100 100 100 100 100 100 100 100 100 100 101 101 101 100 101 101 101 101 101 101 102 102 102 102 102 102 102 102 102 102 103 103 103 103 104 104 105 105 105 105 104 104 105 105 107 107 106 106 106 106 105 106 106 106 106 106 106 106 106 106 106 106 106 107 107 107 107 107 107 108 108 108 108 108 108 108 108 108 108 109 109 109 109 109 109 109 109 109 110 110 110 110 110 110 111 111 111 111 111 112 112 112 112 113 113 113 113 114 114 114 114 114 115 115 115 115 115 115 115 115 115 115 116 116 116 116 116 116 116 116 117 117 117 117 117 118 118 118 119 119 120 120 120 121 121 121 121 121 122 122 122 122 122 123 123 123 123 123 124 124 124 124 124 124 124 124 124 124 124 124 124 125 126 126 126 126 127 127 127 128 129 129 129 129 129 129 129 130 131 131 131 132 133 134 135 0 0 0 0 0 0 0 0 0 0 0 0 0 0 0 0 0 0 0 0 0 0 0 0 0 0 0 0 0 0 0 0 0 0 0 0 0 0 0 0 0 
0 0 0 0 0 0 0 0 0 0 0 0 0 0 0 0 0 0 0 0 0 0 0 0 0 0 0 0 0 0 0 0 0 0 0 0 0 0 0 0 0 0 0 0 0 0 0 0 0 0 0 0 0 0 0 0 0 0 0 0 0 0 0 0 0 0 0 0 0 0 0 84 84 84 84 84 84 84 84 84 85 85 85 85 85 85 85 85 84 84 84 84 83 84 84 84 83 83 82 82 83 83 83 83 84 84 85 85 85 85 85 85 86 87 88 88 88 88 88 88 89 89 89 89 89 89 89 88 88 88 89 89 89 89 89 90 90 90 91 91 91 91 90 90 90 90 90 90 90 91 91 91 91 91 91 91 90 90 90 90 90 90 91 91 91 90 90 91 92 92 91 91 91 92 93 92 93 93 93 93 93 93 94 94 94 93 94 94 93 93 94 95 96 96 96 96 96 96 96 96 97 97 96 95 95 95 95 96 96 96 96 96 96 96 95 95 95 95 95 95 96 96 96 96 96 97 97 97 98 98 97 97 98 99 99 99 99 99 100 100 101 101 98 99 99 99 100 99 100 100 100 100 100 99 99 99 99 99 99 99 99 99 99 99 100 100 100 101 100 100 100 100 99 100 100 100 100 101 101 101 101 100 101 101 101 101 101 102 102 102 102 102 102 102 102 103 103 103 103 104 104 104 104 105 105 105 105 105 105 105 106 107 107 107 107 107 106 106 107 107 107 106 106 107 107 107 106 106 106 106 106 106 107 107 107 107 108 109 108 108 108 108 108 109 109 109 109 109 109 109 110 109 109 109 109 110 110 110 110 110 110 111 111 111 111 112 112 112 112 112 112 113 113 113 113 113 114 114 114 115 115 115 115 115 115 115 115 115 115 115 116 115 116 116 116 116 116 116 117 117 117 117 117 118 118 119 119 119 120 120 121 121 121 121 121 122 122 122 122 123 123 123 123 123 123 123 123 123 123 124 124 124 124 124 125 125 124 125 125 125 125 125 127 127 127 127 128 128 128 128 129 130 130 130 130 130 131 132 133 134 134 134 135 0 0 0 0 0 0 0 0 0 0 0 0 0 0 0 0 0 0 0 0 0 0 0 0 0 0 0 0 0 0 0 0 0 0 0 0 0 0 0 0 
0 0 0 0 0 0 0 0 0 0 0 0 0 0 0 0 0 0 0 0 0 0 0 0 0 0 0 0 0 0 0 0 0 0 0 0 0 0 0 0 0 0 0 0 0 0 0 0 0 0 0 0 0 0 0 0 0 0 0 0 0 0 0 0 0 0 0 0 0 0 0 0 0 0 0 0 85 85 85 85 85 85 85 85 85 85 85 85 84 84 83 83 83 84 85 84 84 83 83 83 83 83 83 83 84 84 85 85 85 85 86 86 87 87 88 88 88 88 89 89 89 89 89 89 89 89 89 89 89 89 89 89 89 89 89 90 90 90 91 91 91 91 90 90 90 91 91 91 91 91 91 91 91 91 91 90 90 90 90 90 90 91 91 92 91 90 91 91 92 92 92 91 92 93 93 93 92 93 93 93 94 93 94 94 93 94 94 94 94 93 94 95 96 96 97 97 97 96 96 97 97 96 96 95 95 95 95 96 96 96 96 97 96 96 95 95 95 95 95 96 96 96 96 97 97 97 97 98 99 98 98 97 98 98 98 99 99 99 100 100 101 102 99 99 100 100 100 100 100 100 100 101 100 99 99 99 99 99 99 99 99 100 99 99 99 100 100 100 101 101 100 100 100 100 100 100 101 101 101 101 101 100 100 101 101 101 101 102 102 102 102 102 102 103 103 103 104 104 104 104 104 104 104 104 105 105 105 105 105 106 106 106 106 106 107 107 107 107 108 108 107 107 106 107 106 106 106 106 106 106 106 107 107 107 108 108 108 109 109 109 108 108 109 109 109 109 109 110 110 110 110 109 109 109 109 110 110 110 110 110 110 111 111 111 111 111 111 111 112 112 112 112 113 113 113 113 113 114 114 114 115 115 115 115 115 115 116 115 116 116 116 116 116 116 116 116 116 117 117 117 117 117 117 118 118 118 119 119 120 120 121 121 121 121 121 121 121 122 122 122 123 123 123 123 124 124 124 124 124 124 123 124 124 124 125 125 125 125 125 125 125 126 126 127 127 128 128 128 128 129 129 129 130 130 130 131 131 133 133 133 132 133 134 135 135 135 135 135 135 136 136 0 0 0 0 0 0 0 0 0 0 0 0 0 0 0 0 0 0 0 0 0 0 0 0 0 0 0 0 0 0 0 0 
0 0 0 0 0 0 0 0 0 0 0 0 0 0 0 0 0 0 0 0 0 0 0 0 0 0 0 0 0 0 0 0 0 0 0 0 0 0 0 0 0 0 0 0 0 0 0 0 0 0 0 0 0 0 0 0 0 0 0 0 0 0 0 0 0 0 0 0 0 0 0 0 0 0 0 0 85 85 85 85 85 85 85 85 85 85 85 85 85 84 83 83 83 84 84 84 84 83 83 84 84 84 84 84 84 85 85 85 85 86 87 88 88 88 88 89 88 88 88 89 89 89 89 89 89 90 90 90 90 90 89 89 89 89 90 90 90 91 91 91 91 92 90 91 91 91 91 91 91 91 91 91 91 92 91 91 92 91 90 90 91 91 91 92 91 91 91 91 92 93 93 92 92 93 93 93 93 93 93 94 93 94 94 94 94 94 95 95 94 94 94 94 96 96 97 97 97 97 96 97 97 96 96 96 96 95 95 95 96 96 96 96 96 96 96 96 96 95 96 96 96 96 96 97 97 98 99 99 98 98 98 98 98 99 99 99 99 99 100 101 101 102 100 100 100 100 100 100 100 100 100 101 101 100 99 99 99 100 100 100 100 100 100 100 100 100 100 100 100 101 101 100 100 100 100 101 101 101 101 101 101 100 100 101 101 101 102 102 103 103 103 103 103 103 104 104 104 104 104 104 104 105 104 105 105 105 105 105 106 106 106 106 105 106 107 106 107 107 107 107 107 107 106 107 107 107 107 107 106 106 106 107 107 108 108 108 108 108 109 109 108 109 109 109 109 109 110 110 109 109 109 109 109 109 109 110 110 110 110 110 110 111 111 111 111 111 111 111 112 112 112 112 112 112 113 113 113 114 113 114 114 114 115 115 115 115 115 115 115 116 116 116 116 117 116 117 117 117 117 117 117 118 118 118 118 118 119 119 119 120 120 120 121 121 121 121 122 122 122 122 122 123 123 123 124 124 124 124 124 124 124 124 124 124 124 126 125 125 126 126 126 126 126 126 127 127 128 129 128 129 129 129 129 130 130 131 131 132 132 132 131 132 132 133 134 135 134 133 133 134 134 135 136 0 0 0 0 0 0 0 0 0 0 0 0 0 0 0 0 0 0 0 0 0 0 0 0 0 0 0 0 0 0 
0 0 0 0 0 0 0 0 0 0 0 0 0 0 0 0 0 0 0 0 0 0 0 0 0 0 0 0 0 0 0 0 0 0 0 0 0 0 0 0 0 0 0 0 0 0 0 0 0 0 0 0 0 0 0 0 0 0 0 0 0 0 0 0 0 0 0 0 0 0 0 0 0 0 0 0 85 85 85 85 85 86 86 85 86 85 85 85 85 84 84 83 83 83 83 83 83 83 84 84 85 85 85 85 84 84 85 85 85 86 87 87 88 88 88 89 89 88 89 89 89 90 90 90 90 90 90 90 90 90 90 90 90 91 90 90 90 91 91 91 91 91 90 91 91 91 91 91 91 91 91 92 92 92 92 92 92 91 91 90 91 91 92 92 91 91 91 91 92 92 93 93 93 94 94 94 94 93 93 94 94 94 94 94 94 94 95 95 94 94 95 95 96 96 97 97 97 97 96 96 96 96 96 96 96 96 95 95 96 96 96 96 96 96 96 96 96 96 96 96 96 96 97 97 97 98 99 99 98 98 98 99 99 100 100 100 100 100 100 100 100 101 100 100 100 100 100 100 100 101 101 101 101 100 99 99 100 100 100 100 100 100 100 100 100 100 100 100 100 100 101 101 100 100 100 101 101 101 101 101 101 101 101 101 101 101 102 102 103 103 103 103 103 103 104 104 104 104 104 104 104 105 105 104 105 104 105 105 106 106 106 105 105 106 106 106 106 106 107 107 107 107 107 107 108 107 107 107 107 107 106 107 107 108 108 108 108 108 108 109 109 109 109 109 109 109 109 109 109 109 109 109 109 109 110 110 110 110 110 110 111 111 111 111 111 111 111 111 112 112 112 112 112 113 112 112 113 113 113 114 114 114 115 115 115 115 115 115 115 115 116 116 116 117 117 117 117 118 117 117 117 118 118 118 118 118 119 119 119 120 120 120 121 121 121 121 121 121 121 122 122 122 122 123 123 124 124 124 124 124 125 124 124 124 124 125 126 125 126 127 127 127 127 126 126 127 127 128 128 128 129 130 130 131 132 132 132 132 131 131 131 131 132 132 133 133 134 134 133 133 134 134 134 136 0 0 0 0 0 0 0 0 0 0 0 0 0 0 0 0 0 0 0 0 0 0 0 0 0 0 0 0 0 
0 0 0 0 0 0 0 0 0 0 0 0 0 0 0 0 0 0 0 0 0 0 0 0 0 0 0 0 0 0 0 0 0 0 0 0 0 0 0 0 0 0 0 0 0 0 0 0 0 0 0 0 0 0 0 0 0 0 0 0 0 0 0 0 0 0 0 0 0 0 0 0 0 0 0 0 0 86 86 86 86 86 86 86 86 86 85 85 84 84 83 83 84 84 84 84 84 84 84 84 85 85 86 85 85 85 86 85 85 85 86 87 87 87 88 89 89 88 89 89 89 89 90 90 90 90 90 90 90 90 90 90 91 91 91 91 90 91 91 92 91 92 91 91 91 91 91 91 91 91 91 92 92 92 92 92 92 91 91 90 91 91 92 92 91 92 91 92 92 92 93 94 94 94 94 94 94 94 94 94 94 95 94 94 94 95 95 95 94 94 95 95 97 97 97 97 97 97 96 96 95 95 95 96 96 96 96 95 95 96 96 96 96 96 96 96 96 96 97 96 96 96 97 97 98 98 99 99 99 98 98 99 100 100 101 101 101 101 101 101 101 102 100 101 101 100 100 100 100 101 101 101 101 100 100 100 99 100 100 100 100 100 101 100 101 101 101 100 100 100 100 101 101 101 101 101 101 101 101 101 101 101 101 101 101 101 102 103 103 103 103 103 103 103 104 104 104 104 104 104 104 104 105 104 105 104 105 105 105 106 106 105 105 106 106 106 106 106 107 107 106 107 107 107 107 108 108 108 107 108 107 107 108 108 108 108 108 108 108 108 108 108 109 109 109 109 109 109 109 109 109 109 109 110 110 110 110 111 111 111 111 111 111 111 111 111 111 111 111 112 112 112 112 113 113 113 113 113 113 113 114 114 114 114 115 115 115 115 115 116 116 116 117 117 117 117 117 117 117 118 118 119 119 118 118 119 119 119 119 120 120 120 120 120 121 121 121 121 122 122 122 123 122 122 123 123 124 124 124 124 125 125 124 124 124 125 126 126 126 126 127 127 127 127 126 127 127 128 128 129 130 130 131 131 132 132 132 132 131 131 131 131 131 131 133 132 133 134 134 133 133 134 134 136 137 0 0 0 0 0 0 0 0 0 0 0 0 0 0 0 0 0 0 0 0 0 0 0 0 0 0 0 0 
0 0 0 0 0 0 0 0 0 0 0 0 0 0 0 0 0 0 0 0 0 0 0 0 0 0 0 0 0 0 0 0 0 0 0 0 0 0 0 0 0 0 0 0 0 0 0 0 0 0 0 0 0 0 0 0 0 0 0 0 0 0 0 0 0 0 0 0 0 0 0 0 0 0 0 0 0 86 86 86 86 86 86 86 86 85 84 84 83 83 84 84 85 85 84 84 84 84 84 84 84 85 85 85 86 86 86 86 86 86 87 87 87 87 88 89 89 88 89 89 89 89 90 90 90 90 90 90 90 90 91 90 91 91 91 91 91 91 91 92 92 92 91 91 91 91 92 92 92 92 92 92 92 92 92 92 92 92 91 91 92 91 92 92 92 93 92 93 93 93 94 94 94 94 95 94 94 94 94 94 95 95 95 95 94 94 95 95 95 94 95 95 97 97 98 97 97 97 96 96 95 96 96 96 97 97 97 96 96 96 96 96 96 96 96 97 97 97 96 96 96 97 97 97 98 98 98 99 99 99 100 99 100 101 101 102 102 102 102 101 101 101 100 101 101 101 101 101 100 101 101 101 101 100 100 100 100 100 100 100 100 100 101 100 101 101 100 100 101 101 100 100 101 101 101 101 101 102 101 101 101 101 101 101 101 101 102 102 102 103 103 103 103 103 104 104 104 104 104 104 104 104 104 104 104 104 105 105 105 105 105 105 106 106 106 106 106 107 107 107 107 106 107 107 107 107 107 107 107 108 108 108 107 108 108 108 108 108 108 108 108 108 109 109 109 109 109 109 109 109 109 109 110 110 110 110 110 111 111 111 111 111 111 111 111 111 111 111 111 112 112 112 113 112 112 113 113 113 113 113 114 114 114 114 115 115 115 115 115 115 116 116 117 117 117 117 118 118 118 118 119 119 119 119 120 120 120 120 120 119 119 120 120 121 121 122 122 122 123 123 123 123 123 122 122 123 123 124 124 125 125 125 125 124 124 124 125 125 126 126 126 127 127 127 127 127 127 127 128 128 129 130 131 131 131 131 131 131 132 132 131 131 131 132 132 132 133 133 133 133 133 134 134 135 135 136 0 0 0 0 0 0 0 0 0 0 0 0 0 0 0 0 0 0 0 0 0 0 0 0 0 0 0 
0 0 0 0 0 0 0 0 0 0 0 0 0 0 0 0 0 0 0 0 0 0 0 0 0 0 0 0 0 0 0 0 0 0 0 0 0 0 0 0 0 0 0 0 0 0 0 0 0 0 0 0 0 0 0 0 0 0 0 0 0 0 0 0 0 0 0 0 0 0 0 0 0 0 0 0 0 0 86 86 86 86 87 86 86 85 84 84 84 84 84 85 85 85 86 85 84 84 84 84 84 85 85 85 85 85 86 87 87 87 88 89 89 87 88 89 89 88 88 88 89 89 90 90 90 90 90 90 91 91 91 91 91 91 91 91 91 92 91 91 92 92 91 91 91 91 92 92 92 92 92 92 92 93 93 93 93 92 92 91 92 93 93 92 92 93 93 93 94 95 95 94 94 95 95 95 95 95 95 95 95 95 94 94 95 95 95 95 95 95 95 96 97 97 98 98 97 97 96 96 96 96 96 96 97 97 97 96 96 96 96 96 96 97 97 97 97 97 97 96 96 97 97 97 97 98 98 99 99 100 100 100 101 101 101 102 103 102 103 102 102 102 100 101 101 101 101 101 101 101 101 101 100 100 100 100 101 100 100 100 100 100 101 101 101 100 101 101 101 101 101 100 100 101 101 100 101 101 101 101 101 101 101 101 101 102 102 102 102 102 103 103 103 103 104 104 104 104 104 104 104 104 104 104 104 104 105 105 105 105 105 105 106 106 106 106 106 107 106 107 107 107 106 107 107 107 107 107 107 107 107 107 107 108 108 108 108 108 108 108 108 108 109 109 109 109 109 109 109 109 109 109 110 110 110 110 110 111 111 111 111 111 111 111 111 111 111 111 112 112 112 112 112 112 112 113 113 113 113 113 114 114 115 115 115 115 115 115 115 116 116 116 115 116 116 116 116 116 117 118 118 118 118 118 119 119 120 120 121 120 120 120 120 121 122 123 122 123 123 123 123 123 122 123 122 123 123 123 124 125 125 125 125 125 124 124 124 125 125 126 126 126 127 127 127 127 127 128 128 128 129 130 130 131 131 131 130 131 132 132 132 131 131 131 132 132 132 132 132 132 133 133 133 134 134 135 136 0 0 0 0 0 0 0 0 0 0 0 0 0 0 0 0 0 0 0 0 0 0 0 0 0 0 
0 0 0 0 0 0 0 0 0 0 0 0 0 0 0 0 0 0 0 0 0 0 0 0 0 0 0 0 0 0 0 0 0 0 0 0 0 0 0 0 0 0 0 0 0 0 0 0 0 0 0 0 0 0 0 0 0 0 0 0 0 0 0 0 0 0 0 0 0 0 0 0 0 0 0 0 0 0 0 86 87 87 87 87 86 85 84 85 85 85 85 86 86 86 86 85 84 85 84 84 85 85 85 86 86 86 86 86 87 87 87 88 89 89 88 88 88 89 90 89 89 90 90 90 90 90 90 91 91 91 91 92 92 91 91 91 92 92 92 92 92 92 91 92 92 92 92 92 92 92 92 92 93 93 93 93 93 93 92 92 92 93 93 92 93 93 93 94 94 95 95 95 95 95 95 96 95 95 95 95 95 95 95 95 96 95 95 96 96 96 96 96 98 98 98 97 97 96 96 96 96 97 97 96 97 97 97 97 96 96 96 96 97 97 97 97 97 97 96 97 97 97 98 97 98 98 99 100 100 100 101 101 101 102 102 102 103 103 103 103 102 103 101 101 101 101 101 101 101 100 100 100 100 99 99 100 100 100 100 100 101 101 101 102 101 101 101 101 101 101 100 101 101 101 101 101 101 101 101 102 101 101 101 101 101 101 101 102 102 102 103 103 103 103 104 104 104 104 104 104 104 104 104 104 104 105 105 105 105 105 105 105 106 106 106 106 106 106 106 106 106 107 107 107 107 107 107 107 107 107 107 107 108 108 108 108 108 108 108 108 108 108 109 109 109 109 109 109 110 110 110 110 110 110 110 110 110 111 111 111 111 111 111 111 111 111 111 111 112 112 112 112 112 112 112 113 113 113 113 113 114 114 115 115 115 115 115 115 116 116 116 115 115 115 116 115 115 115 116 116 117 117 117 117 117 118 119 120 121 121 121 121 122 122 122 122 123 123 123 123 123 123 123 123 122 123 123 123 124 124 124 126 125 125 124 125 125 125 125 126 126 127 127 127 128 127 128 128 128 128 129 130 129 129 130 130 130 131 131 131 131 131 131 131 131 132 132 132 132 133 133 134 134 134 134 135 136 137 137 0 0 0 0 0 0 0 0 0 0 0 0 0 0 0 0 0 0 0 0 0 0 0 0 
0 0 0 0 0 0 0 0 0 0 0 0 0 0 0 0 0 0 0 0 0 0 0 0 0 0 0 0 0 0 0 0 0 0 0 0 0 0 0 0 0 0 0 0 0 0 0 0 0 0 0 0 0 0 0 0 0 0 0 0 0 0 0 0 0 0 0 0 0 0 0 0 0 0 0 0 0 0 0 0 87 87 87 87 87 87 86 86 86 86 86 86 86 87 86 85 85 85 85 85 85 85 85 86 87 87 87 87 87 87 87 88 88 89 89 90 89 89 90 90 90 90 90 91 91 91 91 91 91 91 92 92 92 92 92 92 92 92 92 92 92 92 91 92 92 92 92 92 92 93 93 93 93 93 94 94 94 93 93 92 92 93 93 93 93 94 94 94 94 95 95 94 95 95 95 96 96 96 96 96 96 96 96 96 96 96 96 96 96 96 96 96 97 97 97 96 96 96 96 95 95 96 96 96 96 96 96 96 96 96 96 96 96 96 96 96 95 95 95 96 96 96 97 97 97 97 98 99 99 99 101 101 101 101 102 102 103 103 103 103 102 103 102 103 103 103 102 102 101 101 101 101 101 101 102 102 101 102 102 101 102 102 102 102 102 102 102 102 101 102 102 102 102 103 103 102 102 102 103 102 102 103 103 103 103 103 103 103 103 104 104 104 104 105 105 105 105 105 105 106 105 105 105 106 106 106 106 106 106 107 107 107 107 107 107 107 107 107 107 108 108 108 108 108 108 108 108 108 109 109 109 109 109 109 109 109 110 109 110 110 110 110 109 110 110 110 110 110 110 110 110 110 110 110 110 110 111 111 111 111 111 111 112 112 112 112 112 112 112 112 112 112 112 113 113 113 113 114 114 114 114 114 115 115 115 115 116 116 115 115 115 116 116 116 115 115 115 116 117 117 117 117 117 117 118 118 119 119 120 120 121 122 122 122 122 122 123 123 123 124 124 124 124 124 123 123 123 124 124 124 124 125 126 125 125 125 125 125 125 126 126 127 127 128 128 128 128 128 128 129 129 130 130 129 130 130 130 131 131 131 131 131 132 133 133 133 133 133 133 134 135 135 136 136 136 137 137 137 137 137 138 0 0 0 0 0 0 0 0 0 0 0 0 0 0 0 0 0 0 0 0 0 0 
0 0 0 0 0 0 0 0 0 0 0 0 0 0 0 0 0 0 0 0 0 0 0 0 0 0 0 0 0 0 0 0 0 0 0 0 0 0 0 0 0 0 0 0 0 0 0 0 0 0 0 0 0 0 0 0 0 0 0 0 0 0 0 0 0 0 0 0 0 0 0 0 0 0 0 0 0 0 0 0 0 0 0 88 88 88 87 86 86 86 86 86 87 86 86 85 86 86 85 85 86 86 85 85 86 87 87 87 88 88 88 88 88 89 90 89 89 89 89 90 91 91 91 91 91 91 91 91 91 92 92 92 92 92 92 92 92 92 92 92 93 93 92 92 92 92 92 92 93 93 93 93 93 93 93 93 94 94 94 93 93 94 94 94 94 94 94 94 95 95 95 94 94 94 94 95 96 96 96 96 96 96 96 97 97 96 96 97 97 97 97 97 96 96 96 96 97 96 95 95 95 96 96 96 96 96 96 96 96 96 96 96 96 95 95 95 95 96 96 96 96 97 97 97 98 98 98 98 98 99 100 101 102 101 102 102 103 103 103 103 104 103 103 102 102 102 102 102 102 102 102 101 101 102 102 102 102 102 102 102 102 102 101 101 101 101 101 101 102 102 102 103 102 103 103 103 103 103 102 102 103 103 104 104 104 104 103 103 103 104 104 104 104 105 105 105 105 105 106 106 105 105 106 106 106 106 106 107 107 107 107 107 107 107 107 107 107 107 107 107 108 108 108 108 108 108 108 109 109 109 109 109 109 109 109 109 110 110 110 110 110 110 110 109 110 110 110 110 110 110 110 111 111 111 111 110 111 111 111 111 111 112 112 112 112 112 112 112 112 112 112 112 113 113 113 113 113 114 114 114 114 114 114 115 115 115 115 115 115 116 116 117 117 116 116 115 116 116 118 118 118 117 117 118 118 118 118 119 120 120 120 121 121 122 122 122 122 122 123 123 124 123 123 123 123 123 123 124 124 124 124 124 125 125 125 125 125 125 125 126 126 126 127 128 128 127 127 128 128 129 129 130 130 130 130 130 130 130 131 131 131 131 132 132 133 134 134 134 134 135 135 136 137 137 137 137 137 137 136 137 138 0 0 0 0 0 0 0 0 0 0 0 0 0 0 0 0 0 0 0 0 0 0 
0 0 0 0 0 0 0 0 0 0 0 0 0 0 0 0 0 0 0 0 0 0 0 0 0 0 0 0 0 0 0 0 0 0 0 0 0 0 0 0 0 0 0 0 0 0 0 0 0 0 0 0 0 0 0 0 0 0 0 0 0 0 0 0 0 0 0 0 0 0 0 0 0 0 0 0 0 0 0 0 0 0 0 0 0 0 88 87 86 87 87 86 87 86 86 86 86 86 86 86 87 87 86 85 85 85 86 87 87 88 88 89 89 90 90 90 90 89 89 89 90 90 91 91 91 92 91 92 92 92 92 92 92 92 92 92 92 92 93 93 93 93 92 92 92 92 93 93 93 93 93 93 93 93 93 94 94 94 94 94 94 94 94 94 94 95 95 94 95 95 94 94 94 94 94 95 95 96 97 97 96 96 97 97 97 97 97 97 98 98 97 96 96 96 96 96 97 96 96 96 96 96 96 96 96 96 96 96 96 96 96 96 96 96 96 96 96 96 96 96 96 97 97 98 98 98 98 98 98 99 100 100 101 102 102 102 102 103 103 103 104 104 103 103 102 102 102 102 102 102 102 101 102 102 103 103 102 102 103 102 102 102 102 101 102 102 102 102 102 102 102 102 103 103 103 103 102 102 103 102 103 103 104 104 104 104 103 103 104 104 104 104 104 105 105 105 105 105 106 106 106 106 106 106 106 107 106 107 107 107 107 107 107 107 107 107 108 108 108 108 108 108 108 108 108 108 108 109 109 109 109 109 109 110 109 109 110 110 110 110 110 110 110 110 110 110 110 110 110 110 110 111 111 111 111 111 111 111 111 111 111 112 112 112 112 112 112 112 112 112 112 112 113 113 113 113 113 113 114 114 114 114 114 115 115 115 115 115 115 116 116 117 117 117 116 116 116 116 117 118 118 117 117 117 118 118 118 119 119 120 120 120 121 121 121 121 121 122 122 122 123 123 123 123 123 123 123 124 124 124 124 124 124 125 125 125 125 125 125 126 125 125 126 127 128 127 127 128 128 129 129 129 129 129 130 130 131 130 130 130 131 131 132 132 133 134 134 135 135 135 136 136 135 136 136 136 136 136 137 138 138 138 0 0 0 0 0 0 0 0 0 0 0 0 0 0 0 0 0 0 0 0 0 
0 0 0 0 0 0 0 0 0 0 0 0 0 0 0 0 0 0 0 0 0 0 0 0 0 0 0 0 0 0 0 0 0 0 0 0 0 0 0 0 0 0 0 0 0 0 0 0 0 0 0 0 0 0 0 0 0 0 0 0 0 0 0 0 0 0 0 0 0 0 0 0 0 0 0 0 0 0 0 0 0 0 0 0 0 0 0 88 87 87 87 87 87 86 86 86 86 87 87 87 87 87 86 86 86 86 85 86 87 87 88 89 90 90 91 91 91 91 90 90 90 91 91 91 92 92 92 92 92 92 92 92 92 92 93 93 93 93 93 93 93 93 92 92 92 92 93 93 93 93 93 93 93 93 93 94 94 94 94 94 94 94 94 94 95 95 95 95 95 95 94 94 94 94 95 95 95 96 96 97 96 97 97 98 97 97 97 98 98 98 97 96 96 95 96 97 97 97 97 96 96 96 95 95 95 95 96 96 96 96 96 96 96 96 96 96 96 97 97 97 97 97 98 98 98 98 98 98 98 99 100 100 101 102 102 103 103 103 103 103 104 104 103 102 102 101 101 102 102 102 102 102 102 103 103 103 102 103 103 103 102 102 102 102 102 103 102 102 102 102 103 102 102 103 103 103 103 102 103 102 103 103 104 104 103 103 103 103 104 104 104 104 105 105 105 105 106 106 106 106 106 106 106 106 106 107 107 107 107 107 107 107 107 107 107 108 108 108 108 108 108 108 108 108 108 108 108 109 109 109 109 109 109 110 110 109 110 110 110 110 110 110 109 110 110 110 110 110 110 110 111 111 111 111 111 111 111 111 111 111 112 112 112 112 112 112 112 112 112 112 112 112 113 113 113 113 113 113 114 114 114 114 114 114 114 115 115 115 115 115 116 116 116 117 117 117 117 117 117 117 118 118 118 117 117 118 118 118 119 119 120 120 121 121 121 121 122 122 122 123 123 123 124 124 123 124 124 124 124 124 124 124 124 124 125 125 125 126 126 126 126 125 126 126 127 127 127 128 128 129 129 128 129 129 129 129 130 130 130 131 131 131 132 133 134 133 133 134 134 135 135 136 135 135 135 135 135 136 137 138 138 138 138 0 0 0 0 0 0 0 0 0 0 0 0 0 0 0 0 0 0 0 0 
0 0 0 0 0 0 0 0 0 0 0 0 0 0 0 0 0 0 0 0 0 0 0 0 0 0 0 0 0 0 0 0 0 0 0 0 0 0 0 0 0 0 0 0 0 0 0 0 0 0 0 0 0 0 0 0 0 0 0 0 0 0 0 0 0 0 0 0 0 0 0 0 0 0 0 0 0 0 0 0 0 0 0 0 0 0 89 89 88 87 87 87 87 86 86 87 87 87 88 88 87 87 87 88 88 87 86 86 86 87 88 89 90 91 91 91 92 92 91 91 91 91 91 92 92 92 92 92 92 92 92 92 92 92 93 93 93 93 93 93 93 93 92 93 93 93 93 93 93 93 93 93 93 93 94 94 94 94 94 94 94 94 94 94 95 95 95 95 95 95 94 94 94 94 95 95 95 95 96 96 97 97 98 98 98 97 97 98 98 98 98 97 96 96 96 97 97 97 97 96 96 96 96 95 95 96 96 96 96 96 96 96 96 97 97 96 96 97 97 98 98 98 97 98 98 98 98 98 99 99 100 101 101 102 102 102 103 103 103 103 104 104 104 104 103 102 102 102 102 103 103 102 103 103 103 103 102 102 102 102 103 103 103 103 103 103 103 102 102 102 103 103 102 103 103 104 103 103 103 103 103 104 104 104 104 104 104 104 104 104 105 105 105 105 105 105 106 106 106 106 106 106 106 106 106 107 107 107 107 107 107 107 107 107 107 108 108 108 108 108 108 108 108 108 108 108 108 109 109 109 109 109 109 110 110 110 110 110 110 110 110 110 109 110 110 110 110 110 110 110 111 111 111 111 111 111 111 111 111 111 112 112 112 112 112 112 112 112 112 113 113 113 113 113 114 114 113 114 114 114 114 114 114 114 114 114 115 115 115 115 116 116 116 116 117 118 118 118 117 117 118 118 118 118 118 118 118 118 118 119 119 120 120 120 121 122 122 122 122 123 123 123 124 124 123 124 124 123 123 124 124 124 124 124 125 126 126 126 126 126 126 126 126 126 127 127 127 128 128 128 128 128 128 128 129 129 130 131 131 132 132 132 132 133 134 133 133 133 134 135 135 135 135 135 135 135 136 137 138 138 138 137 137 0 0 0 0 0 0 0 0 0 0 0 0 0 0 0 0 0 0 0 0 
0 0 0 0 0 0 0 0 0 0 0 0 0 0 0 0 0 0 0 0 0 0 0 0 0 0 0 0 0 0 0 0 0 0 0 0 0 0 0 0 0 0 0 0 0 0 0 0 0 0 0 0 0 0 0 0 0 0 0 0 0 0 0 0 0 0 0 0 0 0 0 0 0 0 0 0 0 0 0 0 0 0 0 0 0 89 89 89 89 88 88 88 87 87 87 87 88 88 88 88 88 88 88 88 88 88 88 86 87 88 89 89 90 91 91 91 92 92 92 92 92 92 92 92 92 92 92 92 92 92 92 93 93 93 93 93 93 93 93 93 93 94 93 93 93 93 93 93 93 93 93 94 94 94 94 94 94 94 94 94 94 94 95 95 95 95 95 95 95 95 94 94 95 95 96 96 95 95 96 96 97 97 98 98 98 98 98 98 98 97 97 96 96 96 96 96 97 97 97 96 96 96 96 96 96 96 96 96 96 96 96 96 96 96 97 96 97 97 97 98 98 98 98 98 98 99 99 99 99 99 100 101 101 102 102 102 103 103 103 104 104 105 104 103 103 103 102 102 103 103 103 103 103 102 102 103 103 102 102 102 102 103 103 103 103 103 103 103 102 103 103 103 103 103 103 104 104 104 103 104 104 104 105 104 104 104 104 104 105 105 105 105 105 105 105 106 106 106 106 106 106 106 106 106 106 107 107 107 107 107 107 107 107 107 108 108 108 108 108 108 108 108 108 108 108 108 109 109 109 109 109 110 110 110 110 110 110 110 110 110 110 110 110 110 110 110 110 110 110 110 111 111 111 111 111 111 111 111 111 111 112 112 112 112 112 112 112 112 112 113 113 113 113 113 114 114 114 114 114 114 114 114 115 115 115 115 115 115 115 115 116 117 116 117 117 117 117 118 118 118 118 119 119 118 118 119 118 118 118 119 119 120 120 121 121 121 122 121 122 122 123 123 123 123 124 123 123 123 123 123 124 124 124 124 125 125 126 126 126 126 126 127 127 126 126 127 127 127 128 128 128 127 128 129 130 129 129 130 130 130 131 132 133 133 133 132 133 134 134 135 135 135 135 134 135 135 136 136 137 137 137 136 136 0 0 0 0 0 0 0 0 0 0 0 0 0 0 0 0 0 0 0 0 
0 0 0 0 0 0 0 0 0 0 0 0 0 0 0 0 0 0 0 0 0 0 0 0 0 0 0 0 0 0 0 0 0 0 0 0 0 0 0 0 0 0 0 0 0 0 0 0 0 0 0 0 0 0 0 0 0 0 0 0 0 0 0 0 0 0 0 0 0 0 0 0 0 0 0 0 0 0 0 0 0 0 0 0 0 89 89 89 89 89 88 88 87 87 88 88 89 88 88 88 89 89 89 89 89 88 88 87 87 88 89 89 90 91 91 91 92 92 92 92 93 93 93 92 92 92 92 92 92 92 93 93 93 93 93 93 93 93 93 93 94 94 93 93 93 93 93 93 93 93 94 94 94 94 94 94 94 94 94 94 94 94 95 95 95 95 95 95 96 95 94 94 95 95 95 96 96 95 95 96 97 97 97 98 98 98 98 98 97 97 97 96 96 96 96 96 96 97 97 97 97 97 96 96 96 96 97 97 97 97 97 97 97 97 97 97 97 97 97 97 98 98 98 98 99 99 99 99 99 99 100 101 101 101 102 102 103 103 104 104 104 104 103 103 103 102 102 102 103 102 102 102 103 103 103 102 102 103 103 103 102 102 102 102 103 103 104 103 103 103 103 104 103 103 103 104 104 105 105 105 105 105 105 105 104 104 104 105 105 105 105 105 105 105 106 106 106 106 106 106 106 106 106 106 106 107 107 107 107 107 107 107 107 108 108 108 108 108 108 108 108 108 108 108 109 109 109 109 109 109 109 109 110 110 110 110 110 110 110 110 110 110 110 110 110 110 110 110 110 110 111 111 111 111 111 111 111 111 111 111 112 112 112 112 112 112 112 112 113 113 113 113 113 113 113 114 114 114 114 114 114 114 115 116 116 115 115 115 115 115 116 116 117 117 118 117 117 118 118 119 119 119 119 119 119 119 119 119 119 119 119 119 120 120 121 121 121 121 122 122 122 123 123 123 123 123 123 123 123 124 124 124 124 124 124 125 125 126 126 126 126 127 127 127 127 127 127 127 128 127 127 128 128 129 130 129 129 129 129 130 131 131 131 132 132 132 132 133 134 135 135 135 135 134 135 135 136 136 137 137 136 136 136 137 0 0 0 0 0 0 0 0 0 0 0 0 0 0 0 0 0 0 0 
0 0 0 0 0 0 0 0 0 0 0 0 0 0 0 0 0 0 0 0 0 0 0 0 0 0 0 0 0 0 0 0 0 0 0 0 0 0 0 0 0 0 0 0 0 0 0 0 0 0 0 0 0 0 0 0 0 0 0 0 0 0 0 0 0 0 0 0 0 0 0 0 0 0 0 0 0 0 0 0 0 0 0 0 0 0 89 89 89 89 89 89 88 88 88 88 89 88 88 88 89 89 89 89 89 88 87 87 88 89 89 90 90 90 91 91 92 92 92 92 93 93 93 93 92 92 92 92 92 93 93 93 94 94 93 93 93 94 94 94 94 94 93 93 93 94 94 94 94 94 94 94 94 94 94 94 94 94 94 94 95 95 95 95 95 95 95 96 96 95 94 94 95 95 95 96 96 95 95 96 97 97 97 97 98 97 97 97 97 96 97 96 96 96 96 96 96 97 97 97 97 97 97 97 96 97 97 97 97 97 97 97 97 97 97 97 97 98 97 97 98 98 98 98 99 99 99 99 99 99 100 101 101 101 102 102 102 103 103 104 105 105 104 103 102 102 102 102 102 102 102 103 103 103 103 102 102 102 103 103 103 103 103 103 103 103 103 103 104 104 104 104 104 103 104 104 105 105 105 104 104 104 105 104 104 104 105 105 105 105 105 105 105 105 106 106 106 106 106 106 106 106 107 107 107 107 107 107 107 107 107 108 108 108 108 108 108 108 108 108 108 108 108 108 109 109 109 109 109 109 109 109 109 110 110 110 110 110 110 110 110 111 110 110 110 111 110 111 111 111 111 111 111 111 111 111 111 111 111 111 112 112 112 112 112 112 112 113 113 113 113 113 113 113 114 114 114 114 114 114 114 114 114 115 116 116 116 116 116 116 116 116 116 117 117 117 118 118 118 118 119 119 119 119 119 119 119 119 119 119 119 119 120 120 120 120 121 121 121 121 122 122 122 122 123 123 123 123 123 123 124 124 124 124 124 124 125 125 126 126 126 126 127 127 127 127 127 128 127 127 128 128 129 129 130 130 130 130 129 130 130 131 131 131 132 131 132 133 133 134 135 135 135 134 134 135 135 136 137 136 136 136 136 137 137 137 0 0 0 0 0 0 0 0 0 0 0 0 0 0 0 0 0 
0 0 0 0 0 0 0 0 0 0 0 0 0 0 0 0 0 0 0 0 0 0 0 0 0 0 0 0 0 0 0 0 0 0 0 0 0 0 0 0 0 0 0 0 0 0 0 0 0 0 0 0 0 0 0 0 0 0 0 0 0 0 0 0 0 0 0 0 0 0 0 0 0 0 0 0 0 0 0 0 0 0 0 0 0 0 0 89 89 89 89 89 89 89 88 88 89 88 89 89 89 88 88 89 89 88 87 88 89 89 90 89 89 90 90 91 91 92 92 93 93 93 93 93 93 93 93 93 93 93 94 94 94 94 94 94 94 94 94 94 94 94 93 93 94 94 94 94 94 94 94 94 94 94 95 95 94 95 95 95 95 95 95 95 96 96 96 96 96 95 95 94 94 95 95 95 95 95 96 96 96 97 97 97 97 96 97 96 96 96 96 96 96 96 97 96 97 97 97 97 97 97 97 97 97 97 97 97 96 97 97 97 97 97 97 98 98 98 98 97 97 98 98 98 98 99 98 99 99 99 100 100 101 101 101 102 103 102 103 103 104 105 104 103 102 102 102 102 102 102 102 103 103 103 102 103 103 102 102 102 103 103 103 103 103 103 103 103 103 104 104 104 104 104 104 105 105 105 105 105 104 104 104 104 104 104 105 105 105 106 106 105 106 106 106 106 106 106 106 106 106 107 107 107 107 107 107 107 107 107 107 108 108 108 108 108 108 108 108 108 108 109 109 109 109 109 109 109 109 109 109 109 109 109 110 110 110 110 110 110 110 110 110 110 110 111 111 111 111 111 111 111 111 111 112 112 112 112 112 112 112 112 112 112 112 112 112 112 113 113 113 113 113 113 114 114 114 114 114 114 114 114 114 114 115 116 116 117 117 117 116 116 116 117 117 118 118 118 118 118 118 119 119 119 119 119 119 119 119 120 120 120 120 120 120 120 120 121 121 121 121 122 122 122 122 122 123 123 123 123 123 124 125 125 124 124 125 125 126 126 126 126 127 127 127 127 127 127 127 128 128 128 128 129 129 130 130 130 129 130 130 130 131 131 132 131 132 132 133 134 134 135 135 135 134 135 135 136 136 136 136 136 135 136 136 137 0 0 0 0 0 0 0 0 0 0 0 0 0 0 0 0 0 
0 0 0 0 0 0 0 0 0 0 0 0 0 0 0 0 0 0 0 0 0 0 0 0 0 0 0 0 0 0 0 0 0 0 0 0 0 0 0 0 0 0 0 0 0 0 0 0 0 0 0 0 0 0 0 0 0 0 0 0 0 0 0 0 0 0 0 0 0 0 0 0 0 0 0 0 0 0 0 0 0 0 0 0 0 0 0 90 90 90 90 90 90 89 89 89 89 90 89 89 88 88 88 88 88 89 88 88 88 89 89 90 90 90 90 90 91 92 92 92 93 93 93 93 93 93 93 93 93 94 94 94 94 94 94 94 94 94 94 94 94 94 93 93 94 94 94 94 94 94 94 94 94 94 95 95 95 95 95 96 95 95 95 96 96 96 96 96 96 96 95 95 95 95 95 96 96 96 96 96 96 97 97 97 97 96 96 96 96 96 96 96 96 96 97 97 97 98 97 97 97 97 97 97 97 97 97 97 97 97 97 97 97 97 98 98 98 98 98 98 98 98 98 98 99 98 99 99 99 99 100 100 100 101 102 102 102 102 102 103 104 103 103 103 103 103 103 103 103 102 102 102 102 103 102 102 102 102 102 102 102 102 102 102 102 103 103 103 103 104 104 104 104 105 105 105 105 105 105 105 104 104 104 105 105 105 105 105 105 105 106 106 106 106 106 106 106 106 106 106 107 107 107 107 107 107 107 107 107 108 108 108 108 108 108 108 108 108 108 108 108 108 109 109 109 109 109 109 109 109 109 109 109 109 109 110 110 110 110 110 110 111 110 110 110 111 111 111 111 111 111 111 111 111 112 112 112 112 112 112 112 112 112 112 113 112 112 113 113 113 113 113 113 113 114 114 115 115 115 115 115 114 114 114 115 115 116 116 117 117 117 117 116 116 117 117 117 118 118 118 118 118 119 119 119 119 119 120 120 120 120 120 120 120 120 120 121 121 121 121 121 121 122 122 122 122 123 123 123 123 123 124 124 125 125 125 125 125 125 126 126 126 127 127 127 127 127 127 127 128 128 128 129 129 129 130 130 129 129 130 130 130 131 131 131 131 131 132 133 133 133 134 135 135 134 134 135 135 136 137 137 136 136 135 136 137 137 0 0 0 0 0 0 0 0 0 0 0 0 0 0 0 0 
0 0 0 0 0 0 0 0 0 0 0 0 0 0 0 0 0 0 0 0 0 0 0 0 0 0 0 0 0 0 0 0 0 0 0 0 0 0 0 0 0 0 0 0 0 0 0 0 0 0 0 0 0 0 0 0 0 0 0 0 0 0 0 0 0 0 0 0 0 0 0 0 0 0 0 0 0 0 0 0 0 0 0 0 0 0 0 0 90 0 0 90 90 90 90 90 90 90 89 88 88 88 88 88 89 89 89 89 89 89 90 90 89 90 91 91 92 92 92 92 92 93 93 94 94 94 93 93 93 94 94 94 94 94 94 95 95 95 95 95 95 95 93 94 94 94 94 95 95 95 95 95 94 95 95 95 95 95 95 96 96 96 96 96 96 96 96 96 96 96 96 96 95 95 95 96 96 96 96 96 97 97 97 97 97 96 96 96 96 96 96 96 96 97 97 97 97 98 98 98 97 97 97 97 97 97 97 97 97 97 97 97 97 98 98 98 98 98 98 98 98 98 98 99 99 99 99 99 100 100 100 100 101 101 101 101 101 101 102 103 103 102 102 103 103 103 103 103 103 102 103 103 103 104 103 102 103 103 103 103 102 103 103 103 103 104 104 103 103 103 104 104 104 104 105 105 106 105 105 105 105 105 105 105 105 105 105 105 105 105 106 106 106 106 106 106 106 106 106 107 107 107 107 107 107 107 107 107 107 107 108 108 108 108 108 108 108 108 108 108 108 109 109 109 109 109 109 109 109 109 109 109 109 109 109 110 110 110 110 110 110 111 110 110 111 111 111 111 111 111 111 111 111 112 112 112 112 112 112 112 112 112 112 113 112 112 112 113 113 113 113 113 113 114 114 114 115 115 115 115 114 114 114 114 115 115 115 116 116 116 117 118 117 117 117 117 117 118 118 118 119 119 119 119 119 119 120 120 120 120 120 120 120 120 120 120 121 121 121 121 121 121 121 122 122 122 123 123 123 123 123 124 124 124 124 125 125 125 125 125 125 126 127 127 127 127 127 127 127 128 128 129 129 130 130 130 130 130 130 130 130 130 130 131 131 131 132 132 132 132 132 133 134 135 135 134 135 135 136 136 137 136 136 135 136 137 138 137 0 0 0 0 0 0 0 0 0 0 0 0 0 0 0 
0 0 0 0 0 0 0 0 0 0 0 0 0 0 0 0 0 0 0 0 0 0 0 0 0 0 0 0 0 0 0 0 0 0 0 0 0 0 0 0 0 0 0 0 0 0 0 0 0 0 0 0 0 0 0 0 0 0 0 0 0 0 0 0 0 0 0 0 0 0 0 0 0 0 0 0 0 0 0 0 0 0 0 0 0 0 0 0 0 0 0 0 0 90 90 90 90 90 89 88 88 88 89 89 89 89 89 89 89 89 89 90 90 90 91 91 91 91 92 92 92 93 93 94 93 93 93 93 94 94 95 95 94 94 94 95 95 95 95 95 95 95 94 94 94 94 94 95 95 95 95 95 95 95 95 95 95 96 96 96 96 96 96 96 96 96 96 97 97 97 97 96 96 95 95 95 96 96 96 96 97 97 97 97 97 96 96 96 96 96 96 97 97 97 97 97 97 97 97 98 98 97 97 97 97 97 97 98 98 97 97 97 97 98 98 99 99 98 98 98 98 98 98 98 98 99 99 100 100 100 100 100 100 101 100 101 102 102 102 102 102 102 102 102 102 103 103 103 103 103 103 103 103 104 103 103 103 104 104 103 103 104 104 103 104 105 104 104 103 103 104 104 104 104 105 105 105 105 105 105 105 105 105 105 105 105 105 105 105 105 106 106 106 106 106 106 106 107 107 107 107 107 107 107 107 107 107 107 107 107 108 108 108 108 108 108 108 108 108 108 109 109 109 109 109 109 109 109 109 109 109 109 109 109 110 110 110 110 110 110 111 111 110 111 111 111 111 111 111 111 111 111 112 112 112 112 112 112 112 112 112 112 112 112 112 112 112 113 113 113 114 114 114 114 115 115 115 116 116 116 115 115 115 115 115 115 116 116 116 116 116 118 118 117 117 117 117 118 118 118 118 118 119 119 119 119 119 120 120 120 120 119 119 119 120 120 120 121 121 121 121 121 121 122 122 122 122 122 123 123 123 123 124 124 124 124 124 125 125 125 126 126 127 126 126 127 127 127 128 128 128 128 129 129 130 130 130 130 130 131 131 131 130 130 131 132 132 132 131 132 132 133 134 135 135 134 135 135 136 136 136 136 135 135 137 137 137 137 0 0 0 0 0 0 0 0 0 0 0 0 0 0 0 
0 0 0 0 0 0 0 0 0 0 0 0 0 0 0 0 0 0 0 0 0 0 0 0 0 0 0 0 0 0 0 0 0 0 0 0 0 0 0 0 0 0 0 0 0 0 0 0 0 0 0 0 0 0 0 0 0 0 0 0 0 0 0 0 0 0 0 0 0 0 0 0 0 0 0 0 0 0 0 0 0 0 0 0 0 0 0 0 0 0 0 0 0 0 0 0 90 90 89 88 89 89 89 89 90 89 89 89 89 90 90 90 90 90 90 90 91 92 92 92 92 93 94 94 94 93 93 93 94 94 94 94 94 94 95 95 95 95 95 95 95 95 94 95 94 94 95 95 95 95 95 95 95 95 95 95 95 96 96 96 96 96 96 96 96 96 97 97 97 97 97 96 96 95 95 96 96 96 96 96 97 97 97 97 97 97 97 97 97 96 96 97 97 97 97 97 97 97 97 98 98 98 97 97 97 97 97 97 98 98 98 97 98 98 98 99 98 98 98 99 99 99 98 98 99 99 99 99 99 100 100 100 100 101 101 101 101 102 102 102 102 102 102 102 102 103 103 104 103 103 103 102 103 103 103 103 103 104 104 103 103 104 104 104 105 104 104 104 104 104 104 103 103 104 105 104 104 104 105 105 105 105 105 105 105 105 105 105 105 106 106 106 106 106 106 106 107 106 106 107 107 106 107 107 107 107 107 107 107 108 108 108 108 108 108 108 108 108 108 108 108 108 109 109 109 109 108 109 109 109 109 109 109 109 110 110 110 110 110 110 111 111 110 111 111 111 111 111 111 111 111 112 112 112 112 112 112 112 112 112 112 113 112 112 112 113 113 113 114 114 114 115 114 115 115 115 116 116 116 115 115 115 115 115 115 115 116 116 116 116 117 117 118 117 117 117 118 118 118 118 118 118 119 119 119 119 119 120 120 121 121 120 119 119 119 120 120 121 121 121 121 121 121 122 122 122 122 122 123 123 123 123 124 124 124 124 124 124 125 125 125 126 126 127 126 127 127 127 127 127 128 128 129 129 130 130 130 130 131 131 131 131 131 130 130 130 131 131 131 132 132 133 134 135 135 134 134 135 135 136 136 136 136 135 136 136 136 137 138 138 0 0 0 0 0 0 0 0 0 0 0 0 0 
0 0 0 0 0 0 0 0 0 0 0 0 0 0 0 0 0 0 0 0 0 0 0 0 0 0 0 0 0 0 0 0 0 0 0 0 0 0 0 0 0 0 0 0 0 0 0 0 0 0 0 0 0 0 0 0 0 0 0 0 0 0 0 0 0 0 0 0 0 0 0 0 0 0 0 0 0 0 0 0 0 0 0 0 0 0 0 0 0 0 0 0 0 0 0 0 0 91 90 89 90 90 90 90 90 90 90 89 89 89 89 90 90 90 90 91 91 91 92 93 93 93 93 94 94 93 94 94 94 94 95 94 95 95 95 95 95 95 95 96 96 95 94 95 95 95 95 95 95 95 95 95 95 95 96 96 96 96 96 96 96 96 97 97 97 97 97 97 97 97 97 97 96 96 96 96 96 96 96 97 97 97 97 97 98 98 97 98 97 97 97 97 97 97 97 97 97 97 97 98 98 98 98 98 98 97 97 97 97 97 97 97 98 98 98 99 99 99 99 99 99 99 99 99 99 99 99 99 100 100 100 101 101 101 101 102 102 102 102 102 102 102 102 102 102 103 103 104 103 104 103 103 103 103 103 103 104 104 105 104 105 105 104 104 104 104 104 104 104 105 105 104 103 103 104 104 104 105 105 105 105 105 105 105 105 105 105 105 106 106 106 106 106 106 106 107 107 106 106 107 107 107 107 107 107 107 107 107 107 107 108 108 108 108 108 108 108 108 108 108 108 109 109 109 109 109 109 109 109 109 109 109 109 110 110 110 110 110 110 110 110 111 111 111 111 111 111 111 111 112 112 112 112 112 112 112 112 112 112 113 113 113 113 113 113 113 113 114 114 114 114 115 115 115 115 115 115 115 115 115 115 115 115 115 116 116 116 116 116 117 117 117 117 118 118 118 118 118 118 118 118 118 119 119 119 119 119 119 120 121 121 120 120 120 120 120 120 121 121 121 121 121 122 122 122 122 122 123 123 123 123 123 123 124 124 125 124 124 124 124 125 125 126 126 126 127 127 127 127 128 128 128 129 129 129 129 130 130 130 131 131 132 132 131 131 131 131 131 131 132 132 133 133 134 135 135 134 134 135 135 136 136 135 135 136 137 137 137 138 138 139 139 0 0 0 0 0 0 0 0 0 0 0 
0 0 0 0 0 0 0 0 0 0 0 0 0 0 0 0 0 0 0 0 0 0 0 0 0 0 0 0 0 0 0 0 0 0 0 0 0 0 0 0 0 0 0 0 0 0 0 0 0 0 0 0 0 0 0 0 0 0 0 0 0 0 0 0 0 0 0 0 0 0 0 0 0 0 0 0 0 0 0 0 0 0 0 0 0 0 0 0 0 0 0 0 0 0 0 0 0 0 90 90 90 90 90 89 90 90 90 89 90 91 91 91 91 90 90 91 91 92 92 93 93 93 93 93 94 94 95 94 95 95 95 95 95 95 95 95 96 96 96 96 96 96 94 95 95 95 95 95 95 95 95 95 95 95 96 96 96 96 96 96 97 97 97 97 97 97 97 97 97 97 97 97 97 97 96 96 96 96 96 97 97 97 97 98 98 98 98 98 98 98 97 97 97 97 97 98 98 97 97 98 98 98 98 99 99 98 98 97 98 98 98 98 98 98 99 99 99 99 100 100 100 99 99 99 99 99 99 100 100 101 101 101 101 102 102 102 102 102 102 102 102 102 102 102 103 103 103 103 103 103 103 103 103 103 103 104 104 104 105 105 105 104 104 104 104 105 105 104 105 105 105 104 104 104 104 104 104 104 104 105 105 105 105 105 105 106 106 106 106 106 106 106 107 107 107 107 107 106 107 107 107 107 107 107 107 107 107 107 107 107 108 108 108 108 108 108 108 108 108 109 109 109 109 109 109 109 109 109 109 109 109 110 110 110 110 110 110 110 110 110 110 111 110 111 111 111 111 111 111 112 112 112 112 112 112 112 112 112 113 113 113 113 113 113 113 113 114 114 114 114 114 114 115 115 115 115 115 115 115 115 115 115 116 116 116 116 116 116 116 117 117 117 117 118 119 120 119 119 119 118 118 118 119 119 119 119 119 119 120 120 121 121 121 121 120 120 120 121 121 121 121 121 122 122 122 122 122 123 123 123 123 124 124 124 125 125 125 125 125 125 125 125 125 126 126 127 127 127 127 128 128 128 129 129 129 129 129 130 130 130 130 131 132 132 132 132 132 131 131 131 131 132 133 133 134 135 135 134 134 135 136 135 135 136 136 137 137 138 137 138 138 139 139 0 0 0 0 0 0 0 0 0 0 
0 0 0 0 0 0 0 0 0 0 0 0 0 0 0 0 0 0 0 0 0 0 0 0 0 0 0 0 0 0 0 0 0 0 0 0 0 0 0 0 0 0 0 0 0 0 0 0 0 0 0 0 0 0 0 0 0 0 0 0 0 0 0 0 0 0 0 0 0 0 0 0 0 0 0 0 0 0 0 0 0 0 0 0 0 0 0 0 0 0 0 0 0 0 0 0 0 0 91 91 90 90 90 89 90 90 90 90 91 92 92 91 90 90 91 92 92 93 93 94 93 93 93 93 93 94 94 95 95 96 95 95 95 95 96 96 96 96 96 96 96 96 95 95 95 95 95 95 96 95 95 96 96 96 96 96 96 96 97 97 97 97 97 97 97 97 97 97 97 97 98 98 97 96 96 96 96 96 96 96 97 97 98 98 98 99 98 98 98 98 98 98 98 98 98 98 98 98 98 98 98 98 98 99 99 99 98 98 98 99 99 98 98 99 99 99 100 100 100 100 100 100 100 100 100 99 99 99 100 100 100 100 101 102 102 101 102 102 102 102 102 102 102 102 102 103 103 103 104 104 104 103 103 103 104 104 104 104 105 105 105 105 104 104 104 104 104 104 105 105 105 105 104 104 104 105 104 104 104 104 104 104 105 105 105 106 106 106 106 106 106 106 107 107 107 107 107 107 107 107 107 107 107 107 107 107 107 108 108 108 108 108 108 108 109 109 108 109 109 109 109 109 109 109 110 109 110 110 109 109 110 110 110 110 110 110 110 110 110 110 110 110 110 111 111 111 111 111 111 112 112 112 112 112 112 112 112 113 113 113 113 113 113 113 113 113 113 114 114 114 114 114 114 115 115 115 115 115 115 115 116 116 116 116 116 116 117 117 117 117 117 117 117 117 118 119 120 120 120 119 119 119 119 119 119 119 119 119 120 121 122 122 121 121 120 120 120 121 121 122 122 122 122 122 122 122 123 123 123 123 124 124 124 125 125 126 127 127 126 126 126 126 126 126 126 126 127 128 127 128 128 128 129 129 129 130 130 130 130 130 130 131 131 131 132 132 133 133 132 132 132 132 132 132 134 135 135 135 134 135 136 135 135 136 137 137 137 137 137 138 138 138 139 139 139 139 139 140 140 0 0 0 0 
0 0 0 0 0 0 0 0 0 0 0 0 0 0 0 0 0 0 0 0 0 0 0 0 0 0 0 0 0 0 0 0 0 0 0 0 0 0 0 0 0 0 0 0 0 0 0 0 0 0 0 0 0 0 0 0 0 0 0 0 0 0 0 0 0 0 0 0 0 0 0 0 0 0 0 0 0 0 0 0 0 0 0 0 0 0 0 0 0 0 0 0 0 0 0 0 0 0 92 91 91 91 90 90 90 90 90 90 91 91 91 90 90 90 91 92 92 92 92 93 92 92 93 93 93 94 94 95 95 95 95 95 96 96 97 96 96 96 96 96 96 96 95 95 95 96 96 96 96 96 96 96 96 96 96 96 96 97 97 97 97 97 97 97 97 97 97 97 97 98 98 98 98 97 97 97 97 96 96 96 96 97 98 98 98 98 98 97 98 98 99 98 98 98 98 98 98 98 98 98 98 98 99 99 98 98 98 98 98 98 99 99 99 99 99 99 100 100 100 100 99 99 99 99 99 99 99 99 100 100 100 100 101 102 102 102 101 102 102 102 102 102 103 103 103 103 104 104 104 104 104 103 103 103 104 104 105 105 105 106 105 105 105 105 104 104 104 105 106 106 105 105 105 104 104 105 105 105 105 105 104 104 105 105 106 106 106 106 106 106 106 106 106 107 107 107 107 107 107 107 107 108 108 107 107 107 108 108 108 108 108 108 108 108 108 108 108 109 109 109 109 109 109 109 110 110 110 110 110 110 110 110 110 110 110 110 111 110 110 110 111 111 110 111 111 111 111 111 111 112 112 112 112 112 112 112 113 113 113 113 113 113 113 113 113 113 113 113 114 114 114 114 114 115 115 115 115 115 115 116 116 116 116 116 116 117 117 117 117 117 117 117 117 117 118 118 118 119 119 120 120 120 119 119 119 119 119 120 120 120 121 122 122 121 120 120 120 121 121 121 122 123 122 122 122 122 123 123 124 124 124 125 125 125 125 126 126 127 127 127 127 127 127 127 127 127 127 128 128 128 128 129 129 129 129 130 130 131 131 130 130 131 131 131 131 132 132 133 133 133 133 133 132 133 134 134 135 135 135 134 136 135 135 136 137 137 137 136 137 138 138 138 138 138 139 139 139 139 140 140 141 0 0 
0 0 0 0 0 0 0 0 0 0 0 0 0 0 0 0 0 0 0 0 0 0 0 0 0 0 0 0 0 0 0 0 0 0 0 0 0 0 0 0 0 0 0 0 0 0 0 0 0 0 0 0 0 0 0 0 0 0 0 0 0 0 0 0 0 0 0 0 0 0 0 0 0 0 0 0 0 0 0 0 0 0 0 0 0 0 0 0 0 0 0 0 0 0 0 0 0 0 0 0 92 92 91 92 91 91 91 91 90 90 90 90 90 90 91 91 92 92 92 92 92 93 93 93 94 94 94 94 95 95 96 96 96 97 96 96 96 96 96 97 97 97 96 96 96 96 96 97 97 97 96 96 96 96 96 97 97 97 97 97 97 97 97 98 98 97 97 98 98 98 98 98 98 98 98 98 98 97 97 96 96 96 97 98 98 98 98 97 98 98 98 98 98 98 98 98 98 98 98 99 98 98 99 99 99 99 98 98 99 99 99 99 99 99 99 100 100 100 100 100 100 100 100 100 99 99 99 99 99 100 100 100 101 101 102 102 101 101 102 102 102 103 103 103 104 104 104 104 104 105 104 104 103 104 104 105 105 105 106 105 105 105 106 106 105 105 104 105 105 106 106 105 105 105 105 106 106 106 105 105 105 105 105 105 105 106 106 106 106 106 107 107 107 107 107 107 107 107 107 107 107 107 107 108 107 107 107 108 108 108 108 108 108 108 109 109 108 108 109 109 109 109 109 110 110 111 110 110 110 110 110 110 110 110 110 110 111 111 111 111 111 111 111 111 111 111 111 111 112 112 112 112 112 112 112 112 113 113 113 113 113 113 113 113 114 114 114 114 114 114 114 114 115 115 115 115 115 115 116 116 116 116 116 116 116 116 117 117 117 117 118 118 118 118 118 118 118 119 119 119 121 122 121 121 120 120 119 120 120 120 121 123 123 122 121 120 120 121 121 121 122 122 123 123 122 123 123 123 123 124 124 125 126 126 127 127 126 126 126 127 127 127 128 128 128 128 128 128 128 128 128 129 129 129 129 130 130 130 131 131 131 131 131 131 131 131 132 132 132 133 133 133 132 133 133 134 134 135 135 135 135 135 135 136 137 137 137 136 137 138 137 137 138 138 138 139 139 140 140 140 141 141 142 
0 0 0 0 0 0 0 0 0 0 0 0 0 0 0 0 0 0 0 0 0 0 0 0 0 0 0 0 0 0 0 0 0 0 0 0 0 0 0 0 0 0 0 0 0 0 0 0 0 0 0 0 0 0 0 0 0 0 0 0 0 0 0 0 0 0 0 0 0 0 0 0 0 0 0 0 0 0 0 0 0 0 0 0 0 0 0 0 0 0 0 0 0 0 0 0 0 0 0 0 0 0 0 0 92 92 91 91 91 91 91 91 91 91 91 92 93 93 93 93 93 94 94 94 94 94 94 95 95 95 96 97 97 97 96 97 97 97 97 97 97 97 96 96 96 96 96 97 97 97 96 96 96 96 96 97 97 97 97 97 97 97 98 98 98 98 98 98 98 98 98 98 98 98 98 98 98 98 98 98 97 97 96 96 97 98 98 97 97 97 98 98 98 98 98 98 99 99 98 99 98 98 99 99 99 99 98 99 99 99 100 99 100 100 100 100 100 100 99 99 99 99 99 99 100 100 100 100 100 100 100 101 101 101 102 102 101 102 102 103 103 103 103 103 103 103 103 104 104 104 104 104 104 104 104 105 105 105 105 105 105 105 106 106 106 105 105 105 106 106 106 105 105 105 105 106 106 106 106 106 105 105 105 106 105 105 105 106 106 106 106 107 107 107 107 107 107 107 107 107 107 107 107 107 107 107 107 108 108 108 109 108 109 108 109 109 109 108 109 109 109 109 110 110 111 110 110 110 110 110 110 110 110 110 110 111 111 111 111 111 111 111 111 111 111 111 111 112 112 112 112 112 112 112 113 113 113 113 113 113 113 113 113 114 114 114 114 114 114 114 115 115 115 115 115 115 116 116 116 116 116 116 116 117 116 116 117 117 117 117 117 118 118 118 118 118 118 119 119 119 120 121 123 123 122 121 121 121 120 120 122 123 124 123 122 121 121 121 121 122 122 122 123 123 123 124 124 124 124 124 125 125 125 125 126 126 126 126 126 126 126 126 127 128 128 128 128 128 128 128 128 128 129 129 129 130 130 130 130 131 132 132 132 132 132 132 132 132 132 132 132 133 132 132 133 133 134 134 135 135 135 135 135 136 136 137 136 136 137 138 138 137 137 137 138 138 139 139 140 140 141 141 0 
0 0 0 0 0 0 0 0 0 0 0 0 0 0 0 0 0 0 0 0 0 0 0 0 0 0 0 0 0 0 0 0 0 0 0 0 0 0 0 0 0 0 0 0 0 0 0 0 0 0 0 0 0 0 0 0 0 0 0 0 0 0 0 0 0 0 0 0 0 0 0 0 0 0 0 0 0 0 0 0 0 0 0 0 0 0 0 0 0 0 0 0 0 0 0 0 0 0 0 0 0 0 0 0 93 93 92 0 0 92 92 91 92 92 91 92 92 93 93 93 93 93 94 93 94 94 94 95 95 96 96 97 97 97 97 97 97 97 97 97 97 98 97 96 96 97 97 97 97 97 97 97 96 97 97 97 97 97 97 97 98 98 98 98 98 98 98 98 99 99 98 98 98 99 99 99 99 99 99 99 98 98 97 97 96 97 97 97 97 97 97 98 98 98 98 98 99 99 99 99 99 99 99 99 99 99 98 99 99 99 100 100 100 100 100 101 100 100 100 99 99 100 100 100 100 100 101 100 100 100 100 101 101 101 102 102 101 102 103 103 103 102 102 103 103 103 104 104 104 105 105 104 104 104 105 105 105 105 105 105 105 105 105 106 106 105 105 105 105 106 106 106 105 105 105 105 106 107 106 106 106 106 105 106 106 106 106 106 106 106 106 107 107 107 107 107 107 107 107 108 107 107 107 107 107 108 107 108 108 108 109 109 109 109 109 109 109 109 109 109 109 109 110 110 111 111 110 111 110 110 111 111 110 110 111 111 112 112 112 112 111 111 111 111 111 111 112 112 112 112 112 112 112 113 113 113 113 113 113 113 113 113 114 114 114 114 114 114 114 114 115 115 115 115 115 116 115 115 116 116 116 117 117 117 117 117 117 117 117 117 117 117 117 118 118 118 118 118 119 119 119 120 122 123 123 123 123 123 122 121 122 124 124 123 123 122 121 121 121 121 122 122 123 124 124 124 124 125 125 125 125 125 126 125 125 126 126 126 126 126 126 127 127 127 127 127 128 128 128 129 128 128 129 129 129 129 129 130 130 130 131 131 131 132 132 133 133 133 133 132 132 132 132 132 133 133 133 134 134 135 135 135 136 137 136 136 136 137 137 137 138 138 137 137 138 138 139 139 139 140 140 0 0 
0 0 0 0 0 0 0 0 0 0 0 0 0 0 0 0 0 0 0 0 0 0 0 0 0 0 0 0 0 0 0 0 0 0 0 0 0 0 0 0 0 0 0 0 0 0 0 0 0 0 0 0 0 0 0 0 0 0 0 0 0 0 0 0 0 0 0 0 0 0 0 0 0 0 0 0 0 0 0 0 0 0 0 0 0 0 0 0 0 0 0 0 0 0 0 0 0 0 0 0 0 0 0 0 0 0 0 0 0 0 0 92 93 0 0 92 92 92 92 92 93 93 93 94 94 95 95 95 95 96 96 97 97 97 97 97 97 97 97 97 98 98 97 97 97 97 97 97 97 97 97 97 97 97 97 97 97 97 98 98 98 98 98 98 98 98 98 98 98 98 98 98 98 99 99 99 99 99 99 99 99 99 98 98 97 97 97 97 97 97 97 97 97 98 98 98 98 99 99 99 99 99 99 99 99 99 99 99 99 99 100 100 100 100 100 100 101 101 101 100 100 100 101 100 101 101 101 101 100 100 100 100 101 101 102 101 102 103 103 103 102 102 103 103 104 104 104 104 105 105 105 105 105 105 105 105 105 105 105 105 106 106 105 105 105 105 105 105 106 106 107 106 106 105 105 105 106 107 107 106 106 106 106 106 106 106 106 106 106 106 106 106 107 107 107 107 107 107 107 107 107 107 107 107 107 108 108 108 108 108 109 109 109 109 109 109 109 109 109 109 109 110 110 110 110 111 111 111 111 110 111 111 111 110 111 112 112 112 112 111 111 112 111 111 111 111 112 112 112 112 112 113 113 113 113 113 113 113 113 114 114 114 114 114 114 114 115 115 115 115 115 115 115 115 116 116 116 116 116 116 116 116 117 117 117 117 117 117 117 118 117 118 117 118 118 118 118 118 119 119 119 119 120 121 123 123 124 124 124 123 124 124 124 124 124 123 122 122 121 121 122 122 123 124 125 125 125 125 126 126 126 126 126 126 126 125 126 126 126 126 126 127 127 127 127 128 128 128 128 128 129 129 129 129 129 129 129 130 130 130 130 131 131 131 132 132 133 133 133 133 133 132 132 132 133 133 133 133 133 134 134 135 135 136 136 135 136 137 137 137 137 138 138 137 138 138 138 139 139 140 140 0 0 
0 0 0 0 0 0 0 0 0 0 0 0 0 0 0 0 0 0 0 0 0 0 0 0 0 0 0 0 0 0 0 0 0 0 0 0 0 0 0 0 0 0 0 0 0 0 0 0 0 0 0 0 0 0 0 0 0 0 0 0 0 0 0 0 0 0 0 0 0 0 0 0 0 0 0 0 0 0 0 0 0 0 0 0 0 0 0 0 0 0 0 0 0 0 0 0 0 0 0 0 0 0 0 0 0 0 0 0 0 0 0 0 0 0 0 0 92 93 93 93 94 93 94 95 95 95 96 96 95 96 96 97 97 97 97 97 97 98 98 98 98 98 97 97 97 97 97 97 98 98 98 97 97 97 97 98 97 98 98 98 98 98 98 98 98 98 98 98 98 99 99 99 99 98 99 98 98 99 99 99 99 99 99 99 99 98 98 98 99 99 98 97 97 97 98 98 98 99 99 99 99 99 99 99 99 99 99 99 99 99 99 100 100 100 101 101 101 101 101 100 101 101 100 100 101 101 101 100 100 100 101 101 101 101 101 101 102 103 103 102 102 103 103 104 104 103 104 104 105 105 105 105 106 106 105 105 106 105 105 106 106 105 105 105 106 106 106 105 105 106 106 106 106 106 105 105 106 107 107 107 107 107 106 107 107 106 106 106 106 106 106 106 106 107 107 107 107 107 107 107 107 107 107 107 108 108 108 109 108 108 109 109 109 109 109 109 109 109 109 110 110 110 110 110 110 110 111 111 111 111 111 111 111 111 111 112 112 112 112 112 113 112 111 111 111 112 112 112 112 112 113 113 113 113 113 113 113 114 114 114 114 114 114 114 114 114 115 115 115 115 115 115 115 115 115 116 116 116 116 117 117 117 117 118 118 118 117 117 117 118 118 118 118 118 118 118 119 119 119 119 119 119 119 120 122 123 124 124 124 124 124 124 124 124 125 124 124 123 122 121 122 122 123 123 124 124 125 125 126 126 126 126 126 126 126 126 126 126 126 126 127 127 127 127 128 128 128 128 128 129 129 129 129 129 129 129 130 130 130 130 130 131 131 131 131 132 132 133 133 133 134 133 133 133 133 133 133 133 133 133 134 134 134 135 135 135 136 136 137 137 137 137 137 137 138 138 138 139 139 139 139 140 0 
0 0 0 0 0 0 0 0 0 0 0 0 0 0 0 0 0 0 0 0 0 0 0 0 0 0 0 0 0 0 0 0 0 0 0 0 0 0 0 0 0 0 0 0 0 0 0 0 0 0 0 0 0 0 0 0 0 0 0 0 0 0 0 0 0 0 0 0 0 0 0 0 0 0 0 0 0 0 0 0 0 0 0 0 0 0 0 0 0 0 0 0 0 0 0 0 0 0 0 0 0 0 0 0 0 0 0 0 0 0 0 0 0 0 0 0 92 93 94 94 94 94 94 95 96 96 96 96 96 96 96 97 97 97 97 97 98 98 98 98 98 98 97 97 97 97 97 98 98 98 98 98 98 98 98 98 98 98 98 98 98 98 98 98 98 98 98 98 98 99 99 99 99 99 99 99 99 99 99 99 99 100 100 100 100 99 99 99 99 99 99 99 98 98 98 98 98 99 99 99 99 100 99 99 99 99 100 100 100 100 100 100 100 101 101 101 101 101 101 101 101 101 101 101 101 101 101 101 101 101 101 101 101 101 101 102 103 103 103 102 102 103 103 104 103 104 104 104 104 105 105 106 106 106 106 106 105 105 106 106 106 106 106 106 107 106 106 105 105 106 106 106 107 107 106 106 107 108 107 107 106 106 106 106 107 107 107 107 106 106 106 106 106 106 107 107 107 107 107 107 107 107 108 107 108 108 108 109 109 109 109 109 110 109 109 109 109 109 110 110 110 110 110 110 110 110 111 111 112 112 112 112 111 112 111 112 112 112 112 113 112 112 111 111 112 112 112 112 112 113 113 113 113 113 113 113 114 114 114 114 114 114 114 114 114 115 115 115 115 115 115 115 115 115 115 116 116 116 116 117 117 117 117 118 118 118 118 118 118 118 118 118 118 118 118 118 119 119 119 119 119 119 120 120 121 123 124 124 124 124 124 124 124 124 124 124 124 123 123 122 122 122 123 123 123 124 124 125 125 126 126 126 126 126 126 126 126 126 126 126 127 127 127 127 128 128 128 128 129 129 129 129 129 130 130 130 130 130 130 130 130 130 131 131 131 132 132 132 132 133 133 134 134 134 134 134 135 135 135 134 134 134 134 134 135 135 136 136 136 136 136 137 137 137 137 138 138 138 138 139 140 0 0 
0 0 0 0 0 0 0 0 0 0 0 0 0 0 0 0 0 0 0 0 0 0 0 0 0 0 0 0 0 0 0 0 0 0 0 0 0 0 0 0 0 0 0 0 0 0 0 0 0 0 0 0 0 0 0 0 0 0 0 0 0 0 0 0 0 0 0 0 0 0 0 0 0 0 0 0 0 0 0 0 0 0 0 0 0 0 0 0 0 0 0 0 0 0 0 0 0 0 0 0 0 0 0 0 0 0 0 0 0 0 0 0 0 0 0 92 93 94 94 95 95 95 95 95 95 96 96 96 96 96 97 97 97 97 97 98 98 98 98 98 98 98 97 97 97 97 98 98 98 98 98 98 98 98 98 98 98 98 99 99 99 99 99 98 98 98 98 98 98 99 99 99 98 99 99 99 99 99 100 100 100 100 100 100 100 100 100 99 99 99 98 98 99 98 98 98 98 99 99 99 99 99 99 99 99 100 100 100 100 100 101 101 101 101 101 101 101 102 102 102 102 102 102 101 101 102 102 101 101 101 101 101 101 101 101 102 102 102 103 102 102 103 103 103 103 103 104 104 105 105 105 105 106 107 107 107 106 106 107 107 107 107 107 107 107 107 106 106 106 106 106 107 108 108 107 107 107 108 108 108 107 106 107 106 106 107 107 107 107 107 107 106 107 107 107 107 107 107 107 107 108 108 108 108 108 108 108 108 109 109 109 109 110 110 110 110 109 109 110 110 110 110 110 110 110 110 110 111 112 112 111 112 112 112 112 112 113 113 113 112 112 112 112 112 112 112 112 112 113 113 113 113 113 113 113 114 114 114 114 114 114 114 114 114 114 115 115 115 115 115 115 116 116 115 116 116 116 116 116 117 117 117 118 117 118 118 119 119 118 119 118 118 119 118 118 118 119 119 119 119 120 120 120 120 121 122 123 124 124 124 124 124 124 124 124 124 124 123 123 123 123 122 123 123 124 124 124 125 125 125 126 126 126 126 126 126 126 126 126 126 126 127 127 127 128 128 128 128 129 129 129 129 129 130 130 130 130 130 130 130 130 130 130 131 131 132 133 133 133 133 133 133 134 134 134 134 134 135 135 135 136 135 135 134 134 135 136 136 136 136 137 137 137 138 138 138 138 138 139 139 140 0 0 
0 0 0 0 0 0 0 0 0 0 0 0 0 0 0 0 0 0 0 0 0 0 0 0 0 0 0 0 0 0 0 0 0 0 0 0 0 0 0 0 0 0 0 0 0 0 0 0 0 0 0 0 0 0 0 0 0 0 0 0 0 0 0 0 0 0 0 0 0 0 0 0 0 0 0 0 0 0 0 0 0 0 0 0 0 0 0 0 0 0 0 0 0 0 0 0 0 0 0 0 0 0 0 0 0 0 0 0 0 0 0 0 0 0 0 0 93 94 94 94 94 95 95 96 96 96 97 96 96 96 97 97 97 97 98 98 98 98 98 98 98 98 97 97 98 98 98 98 98 98 98 98 98 98 98 98 98 99 99 99 99 99 99 99 98 98 98 98 98 98 99 99 99 99 99 99 100 100 100 100 100 100 100 100 100 100 99 99 99 99 98 98 98 98 98 99 99 99 99 99 99 100 100 100 100 100 100 100 100 100 100 101 101 101 101 102 102 102 103 103 103 102 102 102 102 102 102 102 102 102 102 102 101 101 101 101 102 102 103 102 103 103 103 103 103 104 104 105 105 104 105 105 106 107 107 107 107 107 108 107 107 107 107 108 108 107 107 106 106 106 107 108 108 108 108 107 107 107 107 108 108 107 107 107 106 107 107 107 107 107 107 107 107 107 107 107 107 107 108 108 108 108 108 108 108 108 108 108 108 109 109 110 110 110 110 110 109 109 110 110 110 110 111 111 111 111 111 111 112 112 111 111 111 111 112 112 112 112 113 112 112 112 112 112 112 112 112 112 113 113 113 113 113 113 114 114 114 114 114 114 114 114 114 114 114 115 115 115 115 115 115 116 116 116 116 116 116 116 116 117 117 117 117 117 118 118 119 119 119 119 119 119 119 118 118 118 119 119 119 120 120 120 120 120 120 121 122 123 123 123 124 124 124 125 125 125 124 124 123 123 123 123 123 123 124 124 124 125 125 125 125 126 126 126 126 127 127 126 127 126 127 127 127 127 127 128 128 128 128 129 129 129 129 129 130 130 130 130 130 130 130 130 130 130 131 131 132 132 132 133 133 133 133 134 134 134 134 134 134 135 135 136 136 135 135 135 135 136 136 136 137 137 137 138 138 138 138 139 139 139 139 0 0 
0 0 0 0 0 0 0 0 0 0 0 0 0 0 0 0 0 0 0 0 0 0 0 0 0 0 0 0 0 0 0 0 0 0 0 0 0 0 0 0 0 0 0 0 0 0 0 0 0 0 0 0 0 0 0 0 0 0 0 0 0 0 0 0 0 0 0 0 0 0 0 0 0 0 0 0 0 0 0 0 0 0 0 0 0 0 0 0 0 0 0 0 0 0 0 0 0 0 0 0 0 0 0 0 0 0 0 0 0 0 0 0 0 0 0 0 0 0 94 94 94 95 96 96 96 96 97 97 97 96 97 97 97 97 97 98 98 98 98 98 99 99 98 98 98 98 98 98 98 98 98 98 98 99 98 99 99 99 99 99 99 99 99 99 99 99 99 99 99 99 99 99 99 99 99 100 100 100 100 100 100 100 100 100 100 100 99 99 98 98 98 99 99 99 100 99 99 100 99 99 100 100 100 100 100 100 100 100 100 101 101 101 101 101 101 102 102 102 102 102 103 103 103 103 102 103 103 103 103 103 103 102 102 102 102 102 102 102 102 103 104 104 104 103 104 104 104 104 104 104 105 105 107 107 107 107 107 108 108 107 107 107 107 107 107 107 108 107 107 108 108 108 108 108 108 108 108 108 108 107 107 107 107 107 107 107 107 107 107 107 107 107 107 107 108 107 107 107 107 108 108 108 109 108 108 109 108 109 109 109 109 110 110 110 110 109 110 110 110 110 110 110 110 111 111 112 112 111 111 111 111 111 111 111 112 112 112 112 112 112 112 112 112 112 112 113 113 113 113 113 113 113 113 114 114 114 114 114 114 114 114 114 114 114 114 115 115 115 115 115 115 116 116 116 116 116 116 116 116 117 117 117 117 117 118 118 119 119 119 119 119 119 119 119 119 119 119 119 119 120 120 120 120 120 120 121 121 121 121 122 124 124 125 125 125 125 125 124 124 123 123 123 123 123 124 125 125 125 125 125 125 126 126 126 126 127 127 127 127 126 127 127 128 128 128 128 128 128 128 128 129 129 129 129 130 130 130 130 130 131 131 131 131 131 131 131 132 132 132 132 133 133 133 133 134 134 134 134 134 134 134 135 135 136 135 135 135 135 136 136 137 137 137 137 137 138 138 138 138 139 0 0 0 
0 0 0 0 0 0 0 0 0 0 0 0 0 0 0 0 0 0 0 0 0 0 0 0 0 0 0 0 0 0 0 0 0 0 0 0 0 0 0 0 0 0 0 0 0 0 0 0 0 0 0 0 0 0 0 0 0 0 0 0 0 0 0 0 0 0 0 0 0 0 0 0 0 0 0 0 0 0 0 0 0 0 0 0 0 0 0 0 0 0 0 0 0 0 0 0 0 0 0 0 0 0 0 0 0 0 0 0 0 0 0 0 0 0 0 0 0 0 0 0 0 0 95 96 96 97 97 97 97 96 97 97 97 97 98 98 98 98 99 99 99 99 98 98 98 98 98 98 98 98 98 98 99 99 99 99 99 99 99 99 99 100 100 99 99 99 99 99 99 99 99 99 99 99 100 100 100 100 100 100 100 100 100 100 100 100 99 99 99 99 100 99 99 100 100 100 100 100 100 100 99 100 100 101 101 101 100 100 100 100 101 101 101 101 101 101 102 102 102 102 102 103 103 103 102 103 104 103 104 104 104 103 103 102 102 102 102 102 103 103 104 104 103 104 104 105 105 104 105 105 106 106 107 107 107 106 107 108 108 108 108 108 108 107 107 107 107 108 108 109 108 108 108 108 108 109 108 108 109 109 108 108 107 107 107 107 107 107 107 107 107 107 107 107 108 108 107 107 107 108 109 109 109 109 109 109 109 109 109 109 109 109 110 110 110 110 110 111 110 110 110 110 111 111 111 112 112 111 111 111 111 111 111 111 112 112 112 112 112 112 112 112 112 112 112 113 113 113 113 113 113 114 114 114 114 114 114 114 114 114 114 114 114 114 115 115 115 115 115 115 115 116 116 116 116 116 116 117 117 117 117 117 117 118 118 118 118 118 119 119 119 119 119 119 119 119 119 119 119 119 120 120 120 120 120 120 121 121 121 122 123 124 124 125 125 125 125 125 124 124 124 123 123 123 124 124 125 125 125 125 125 125 126 126 126 127 127 127 127 127 127 127 128 128 128 128 128 128 128 128 129 129 129 129 130 130 130 130 130 131 131 131 131 131 131 131 131 132 132 132 133 133 133 133 133 133 133 133 133 134 134 135 135 135 136 136 136 136 136 136 136 137 137 137 137 137 137 138 138 139 0 0 0 
0 0 0 0 0 0 0 0 0 0 0 0 0 0 0 0 0 0 0 0 0 0 0 0 0 0 0 0 0 0 0 0 0 0 0 0 0 0 0 0 0 0 0 0 0 0 0 0 0 0 0 0 0 0 0 0 0 0 0 0 0 0 0 0 0 0 0 0 0 0 0 0 0 0 0 0 0 0 0 0 0 0 0 0 0 0 0 0 0 0 0 0 0 0 0 0 0 0 0 0 0 0 0 0 0 0 0 0 0 0 0 0 0 0 0 0 0 0 0 0 0 0 95 96 96 0 0 97 97 97 97 97 97 98 98 98 99 0 0 99 99 99 98 98 98 98 98 99 99 99 99 99 99 99 99 99 99 99 99 99 100 100 100 100 100 100 100 100 99 99 99 99 99 100 100 100 100 100 100 100 100 101 101 101 101 101 100 100 99 99 100 100 99 100 100 100 99 99 100 100 100 100 100 100 101 101 101 101 101 101 101 101 101 102 102 102 102 102 103 103 103 103 102 102 102 102 102 103 103 103 104 104 103 103 102 102 102 102 103 103 104 104 104 104 104 104 104 105 105 106 106 106 106 107 106 107 107 108 108 108 109 109 108 108 107 107 107 108 108 108 108 108 108 108 108 109 108 108 109 109 108 108 108 108 107 107 108 108 108 108 107 107 107 107 108 108 108 108 107 108 109 109 109 109 109 109 109 109 109 109 109 110 110 110 110 110 111 111 111 111 111 111 111 111 111 111 111 111 111 111 112 112 112 112 112 112 112 112 112 113 113 113 112 112 113 113 113 113 113 113 114 114 114 114 114 114 114 114 114 114 114 114 114 114 115 115 115 115 115 115 116 116 116 116 116 116 116 117 117 117 117 117 117 118 118 118 118 118 119 119 119 120 120 120 120 119 119 119 119 120 120 120 120 120 121 121 121 121 121 121 122 122 123 124 125 125 125 125 124 124 124 124 124 124 124 125 125 125 125 125 125 125 126 126 126 126 127 127 127 127 128 128 128 128 128 128 128 129 129 129 129 129 129 129 129 130 130 130 130 131 131 131 131 131 131 131 131 132 132 132 133 133 133 134 133 134 134 134 133 133 134 134 134 135 135 136 137 137 136 136 136 136 137 137 137 137 138 138 0 0 0 0 0 
0 0 0 0 0 0 0 0 0 0 0 0 0 0 0 0 0 0 0 0 0 0 0 0 0 0 0 0 0 0 0 0 0 0 0 0 0 0 0 0 0 0 0 0 0 0 0 0 0 0 0 0 0 0 0 0 0 0 0 0 0 0 0 0 0 0 0 0 0 0 0 0 0 0 0 0 0 0 0 0 0 0 0 0 0 0 0 0 0 0 0 0 0 0 0 0 0 0 0 0 0 0 0 0 0 0 0 0 0 0 0 0 0 0 0 0 0 0 0 0 0 0 96 0 0 0 0 0 0 0 97 97 97 98 98 0 0 0 0 99 99 99 98 98 98 98 99 99 99 99 99 99 99 99 99 100 100 100 100 100 100 100 100 100 100 100 100 100 100 100 100 100 100 100 100 100 100 100 100 100 100 101 101 101 101 101 101 100 100 99 100 101 100 100 100 100 100 100 100 100 101 101 101 100 101 101 101 101 101 101 102 101 101 102 102 102 103 102 102 103 103 103 103 103 103 103 103 103 102 102 103 104 104 103 103 103 103 103 103 103 104 104 104 104 104 104 105 105 106 106 106 106 106 106 106 106 107 108 108 108 108 108 109 108 107 107 107 108 108 108 108 108 108 108 108 108 108 108 109 109 108 108 107 107 107 108 108 108 108 108 107 108 108 107 108 109 108 108 108 108 109 109 109 109 109 109 110 109 109 109 109 109 110 110 110 110 110 111 111 111 111 111 111 111 111 111 111 111 111 112 112 112 112 112 112 112 112 112 112 113 113 113 113 113 113 113 113 113 113 113 114 114 114 114 114 114 114 114 114 114 114 114 115 115 115 115 115 116 116 116 116 116 116 116 116 117 117 117 117 117 117 117 118 118 118 118 118 118 119 119 119 119 119 120 120 120 120 120 120 120 120 121 121 121 121 121 121 121 122 122 121 122 122 123 123 124 125 125 124 124 124 124 124 124 124 124 124 125 125 125 126 126 126 126 126 126 127 127 127 127 128 128 128 128 128 128 128 128 129 129 129 129 129 129 129 130 130 130 130 131 131 131 131 131 131 131 131 132 132 133 133 133 133 133 134 134 134 134 134 134 134 134 134 134 134 135 136 136 137 137 137 136 137 137 137 138 138 0 0 0 0 0 0 
0 0 0 0 0 0 0 0 0 0 0 0 0 0 0 0 0 0 0 0 0 0 0 0 0 0 0 0 0 0 0 0 0 0 0 0 0 0 0 0 0 0 0 0 0 0 0 0 0 0 0 0 0 0 0 0 0 0 0 0 0 0 0 0 0 0 0 0 0 0 0 0 0 0 0 0 0 0 0 0 0 0 0 0 0 0 0 0 0 0 0 0 0 0 0 0 0 0 0 0 0 0 0 0 0 0 0 0 0 0 0 0 0 0 0 0 0 0 0 0 0 0 0 0 0 0 0 0 0 0 0 0 0 0 0 0 0 0 0 99 99 99 99 99 99 99 99 99 99 99 99 99 100 100 100 100 100 100 100 100 100 100 100 100 100 100 100 100 100 100 100 100 100 100 100 100 100 100 100 101 101 100 101 101 101 101 100 100 100 100 100 100 100 100 100 100 100 100 100 100 101 101 101 101 101 101 102 102 102 102 102 102 102 102 102 102 103 103 103 103 103 103 103 103 104 104 104 103 103 103 103 103 104 103 104 104 103 103 103 103 104 104 104 104 104 104 105 105 105 105 105 106 106 107 108 108 108 107 108 108 108 108 109 108 107 107 107 108 108 108 108 109 109 109 108 108 108 109 109 109 109 108 108 108 108 108 109 108 108 109 108 108 108 108 109 109 109 108 108 108 109 109 109 109 109 110 110 110 110 110 109 109 110 110 110 110 110 111 111 111 111 111 111 111 111 111 111 111 112 112 112 112 112 112 112 112 112 112 113 113 113 113 113 113 113 113 113 113 114 114 114 114 114 114 114 114 114 114 114 114 115 115 115 115 116 116 116 116 116 116 116 116 116 117 116 117 117 117 117 117 117 118 118 118 118 118 118 118 119 119 119 119 119 120 120 120 120 121 121 120 121 121 121 121 121 121 121 121 121 122 122 122 122 122 122 123 123 124 124 124 124 124 124 124 124 124 124 125 125 125 125 126 126 126 126 126 127 127 127 127 127 128 128 128 128 128 128 129 129 129 129 129 130 129 129 130 130 130 130 131 131 131 131 131 131 132 132 132 132 133 133 133 134 134 134 134 134 134 134 134 134 134 134 134 134 135 135 135 136 136 137 137 137 137 0 0 0 0 0 0 0 0 0 
0 0 0 0 0 0 0 0 0 0 0 0 0 0 0 0 0 0 0 0 0 0 0 0 0 0 0 0 0 0 0 0 0 0 0 0 0 0 0 0 0 0 0 0 0 0 0 0 0 0 0 0 0 0 0 0 0 0 0 0 0 0 0 0 0 0 0 0 0 0 0 0 0 0 0 0 0 0 0 0 0 0 0 0 0 0 0 0 0 0 0 0 0 0 0 0 0 0 0 0 0 0 0 0 0 0 0 0 0 0 0 0 0 0 0 0 0 0 0 0 0 0 0 0 0 0 0 0 0 0 0 0 0 0 0 0 0 0 0 0 100 100 98 99 99 99 99 99 99 99 99 100 100 100 100 100 100 100 100 100 100 100 100 100 100 100 100 100 101 101 100 100 100 100 100 100 101 101 101 101 101 101 101 101 101 101 101 101 101 101 100 100 100 101 101 101 101 101 100 100 101 101 101 101 101 101 101 101 102 102 102 102 102 102 103 103 103 104 104 104 104 104 104 104 104 104 104 104 103 104 103 103 103 103 103 103 103 103 104 104 104 104 104 104 104 104 104 105 105 106 106 107 107 107 108 108 108 107 108 108 108 109 109 108 108 107 107 107 108 108 108 108 109 109 109 109 109 109 109 109 109 108 108 108 108 108 108 108 108 109 108 108 108 108 109 109 109 108 108 108 109 109 109 109 110 110 110 110 111 111 110 110 110 110 110 110 110 110 111 111 111 111 111 111 111 111 111 112 112 112 112 112 112 112 112 112 112 113 113 113 113 113 113 113 113 113 114 114 114 114 114 114 114 114 114 114 114 114 115 115 115 115 115 116 116 116 116 116 116 116 116 116 117 117 117 117 117 117 117 117 118 118 118 118 118 118 118 119 119 119 119 119 119 119 120 120 120 121 121 121 121 121 121 121 121 121 121 121 121 122 122 122 122 122 122 123 123 123 124 124 125 125 124 124 124 124 124 125 125 125 125 126 126 126 126 126 127 127 127 127 127 128 128 128 128 128 128 128 128 129 129 130 130 130 130 130 130 130 130 131 131 131 131 131 131 132 132 132 132 133 133 133 133 134 134 134 134 133 134 134 134 134 134 135 135 135 135 135 135 135 136 137 0 0 0 0 0 0 0 0 0 0 0 
0 0 0 0 0 0 0 0 0 0 0 0 0 0 0 0 0 0 0 0 0 0 0 0 0 0 0 0 0 0 0 0 0 0 0 0 0 0 0 0 0 0 0 0 0 0 0 0 0 0 0 0 0 0 0 0 0 0 0 0 0 0 0 0 0 0 0 0 0 0 0 0 0 0 0 0 0 0 0 0 0 0 0 0 0 0 0 0 0 0 0 0 0 0 0 0 0 0 0 0 0 0 0 0 0 0 0 0 0 0 0 0 0 0 0 0 0 0 0 0 0 0 0 0 0 0 0 0 0 0 0 0 0 0 0 0 0 0 0 0 100 100 99 99 99 99 99 99 99 99 99 100 100 100 100 100 100 100 100 101 101 101 101 101 101 101 101 100 101 101 101 101 101 101 101 101 101 102 101 101 101 101 101 101 101 101 101 101 101 101 100 100 101 101 102 101 101 101 101 100 101 102 102 102 102 102 102 102 102 102 102 103 103 103 103 103 104 104 104 105 105 105 104 104 104 104 104 104 104 104 104 104 104 104 104 104 104 104 104 104 104 104 104 104 105 105 105 106 107 107 107 107 107 107 108 108 108 108 108 108 109 109 109 109 109 108 107 108 108 108 108 108 109 109 109 109 109 109 109 109 109 109 108 108 108 108 108 108 108 108 109 109 109 108 109 109 109 109 109 108 109 109 110 110 110 110 110 111 111 111 111 111 110 111 110 111 111 111 111 111 111 111 111 111 111 111 111 112 112 112 112 112 112 112 112 113 113 113 113 113 113 113 113 113 113 114 114 114 114 114 114 114 114 114 114 114 114 114 115 115 115 115 116 116 116 116 116 116 116 116 116 117 117 117 117 117 117 117 117 118 118 118 118 118 118 118 119 119 119 119 119 119 119 120 120 120 120 121 121 121 121 121 121 121 121 121 121 121 122 122 122 122 122 122 123 123 123 123 124 124 124 125 125 125 125 124 125 125 125 125 125 126 126 126 126 126 127 127 127 128 128 128 128 129 129 129 128 128 128 129 129 130 130 130 130 129 130 130 130 131 131 131 131 131 131 131 132 132 132 132 133 133 133 133 134 134 134 134 134 134 134 134 134 135 135 135 135 135 135 135 135 136 0 0 0 0 0 0 0 0 0 0 0 
0 0 0 0 0 0 0 0 0 0 0 0 0 0 0 0 0 0 0 0 0 0 0 0 0 0 0 0 0 0 0 0 0 0 0 0 0 0 0 0 0 0 0 0 0 0 0 0 0 0 0 0 0 0 0 0 0 0 0 0 0 0 0 0 0 0 0 0 0 0 0 0 0 0 0 0 0 0 0 0 0 0 0 0 0 0 0 0 0 0 0 0 0 0 0 0 0 0 0 0 0 0 0 0 0 0 0 0 0 0 0 0 0 0 0 0 0 0 0 0 0 0 0 0 0 0 0 0 0 0 0 0 0 0 0 0 0 0 0 0 0 100 99 99 99 99 99 99 100 100 99 100 100 100 100 100 100 100 100 101 101 101 101 101 101 101 101 100 101 100 101 102 102 101 101 101 101 101 102 102 101 102 102 101 101 101 101 101 101 100 101 101 101 101 102 101 101 101 101 101 101 101 102 102 102 102 103 103 103 103 103 103 104 104 104 104 104 104 104 104 105 105 105 105 104 104 105 105 104 104 104 103 104 104 104 104 105 104 104 104 104 104 104 105 105 106 106 106 106 106 107 107 107 107 108 108 108 108 108 108 109 109 109 109 109 108 108 109 109 109 109 108 108 109 109 109 109 109 109 109 110 109 108 108 108 109 109 109 108 108 108 109 109 109 109 109 109 109 109 109 109 109 110 110 110 111 111 111 111 111 111 111 111 111 111 111 111 111 111 111 111 111 111 111 112 112 112 112 112 112 112 112 113 113 113 113 113 113 113 113 113 113 113 113 113 114 114 114 114 114 114 114 114 114 114 114 114 114 115 115 115 116 116 116 116 116 116 116 116 116 116 117 117 117 117 117 117 118 118 118 118 118 118 118 118 119 119 119 119 119 119 119 119 120 120 120 121 121 121 121 121 121 121 121 121 121 121 121 122 122 122 123 123 123 124 123 123 123 123 124 124 124 125 125 125 125 125 125 125 125 125 126 126 126 126 126 127 127 128 128 128 128 129 129 129 129 129 129 128 128 129 129 130 130 130 129 130 130 130 131 131 131 131 131 131 131 131 132 132 132 132 133 133 133 134 134 134 134 134 134 134 134 134 135 135 135 135 135 135 135 135 0 0 0 0 0 0 0 0 0 0 0 0 
0 0 0 0 0 0 0 0 0 0 0 0 0 0 0 0 0 0 0 0 0 0 0 0 0 0 0 0 0 0 0 0 0 0 0 0 0 0 0 0 0 0 0 0 0 0 0 0 0 0 0 0 0 0 0 0 0 0 0 0 0 0 0 0 0 0 0 0 0 0 0 0 0 0 0 0 0 0 0 0 0 0 0 0 0 0 0 0 0 0 0 0 0 0 0 0 0 0 0 0 0 0 0 0 0 0 0 0 0 0 0 0 0 0 0 0 0 0 0 0 0 0 0 0 0 0 0 0 0 0 0 0 0 0 0 0 0 0 0 0 0 100 100 99 100 99 100 100 100 99 100 100 100 100 100 100 100 101 101 101 101 101 101 101 101 101 101 101 101 101 101 101 101 101 101 101 102 101 102 102 102 102 102 102 102 101 101 101 101 101 101 101 102 102 102 101 101 101 101 101 101 102 102 102 102 102 103 103 103 103 104 104 104 104 104 104 104 104 105 105 105 105 105 105 105 104 104 104 105 105 104 104 104 104 104 104 104 104 104 104 104 104 104 104 105 106 106 106 106 106 107 108 107 108 108 108 108 108 108 109 108 108 109 109 109 109 109 108 108 108 108 108 109 109 109 109 109 109 110 110 110 109 109 109 109 109 109 109 109 109 108 108 109 109 110 110 109 110 110 109 109 109 110 110 110 110 110 111 110 111 111 111 112 112 112 112 112 112 112 112 111 111 112 112 112 112 112 112 112 112 112 112 113 113 113 113 113 113 113 113 113 113 113 113 113 114 114 114 114 114 114 114 114 114 114 114 115 115 115 115 115 116 116 116 116 116 116 116 117 117 117 117 117 117 117 117 118 118 118 118 118 118 118 118 119 119 119 119 119 119 119 119 120 120 120 120 121 121 121 122 121 121 121 121 121 121 121 121 122 122 122 122 123 123 123 123 123 123 123 124 124 124 124 124 125 125 125 125 125 125 125 126 126 126 126 126 126 127 127 128 128 128 129 129 129 129 129 129 129 129 129 129 130 131 130 130 130 130 130 131 131 131 131 131 131 131 132 132 132 132 132 133 133 133 134 134 134 134 134 134 134 134 135 135 135 135 135 135 135 135 135 0 0 0 0 0 0 0 0 0 0 0 0 
0 0 0 0 0 0 0 0 0 0 0 0 0 0 0 0 0 0 0 0 0 0 0 0 0 0 0 0 0 0 0 0 0 0 0 0 0 0 0 0 0 0 0 0 0 0 0 0 0 0 0 0 0 0 0 0 0 0 0 0 0 0 0 0 0 0 0 0 0 0 0 0 0 0 0 0 0 0 0 0 0 0 0 0 0 0 0 0 0 0 0 0 0 0 0 0 0 0 0 0 0 0 0 0 0 0 0 0 0 0 0 0 0 0 0 0 0 0 0 0 0 0 0 0 0 0 0 0 0 0 0 0 0 0 0 0 0 0 0 0 0 0 0 100 100 100 100 100 100 100 100 100 100 100 100 100 100 101 101 101 101 101 101 101 102 102 101 101 101 101 101 101 101 101 101 101 101 101 102 102 102 102 102 102 102 101 101 101 101 101 101 102 102 102 101 101 101 101 101 101 102 103 103 103 103 103 103 103 103 103 103 104 104 104 104 104 104 104 105 105 105 105 105 105 106 105 105 105 105 104 104 104 104 104 104 104 104 104 104 104 104 105 105 105 106 106 105 105 106 107 107 107 107 108 108 108 108 108 109 108 108 109 109 109 109 109 109 108 108 108 109 109 109 109 109 109 109 109 110 110 110 110 109 109 109 109 110 110 110 109 109 109 109 110 110 110 110 110 110 109 109 110 110 110 110 110 110 110 110 110 111 111 111 111 112 112 112 112 112 112 112 112 112 112 112 112 112 112 112 112 112 112 112 112 113 113 113 113 113 113 114 114 113 113 113 114 114 114 114 114 114 114 114 114 115 115 115 115 115 115 115 116 116 116 116 116 117 117 117 117 117 117 117 117 117 118 118 118 118 118 118 118 118 118 119 119 119 119 119 119 119 119 120 120 120 120 121 121 121 121 121 122 122 122 122 121 121 121 122 122 122 122 123 123 123 123 123 123 124 124 123 124 124 124 124 125 125 125 125 125 125 126 126 126 126 126 126 127 127 127 128 128 129 129 129 129 129 130 129 129 129 129 130 131 131 130 130 130 130 130 131 131 131 131 131 131 131 131 132 132 132 132 133 133 133 133 134 134 134 134 134 134 134 135 135 135 135 135 136 136 0 0 0 0 0 0 0 0 0 0 0 0 0 
0 0 0 0 0 0 0 0 0 0 0 0 0 0 0 0 0 0 0 0 0 0 0 0 0 0 0 0 0 0 0 0 0 0 0 0 0 0 0 0 0 0 0 0 0 0 0 0 0 0 0 0 0 0 0 0 0 0 0 0 0 0 0 0 0 0 0 0 0 0 0 0 0 0 0 0 0 0 0 0 0 0 0 0 0 0 0 0 0 0 0 0 0 0 0 0 0 0 0 0 0 0 0 0 0 0 0 0 0 0 0 0 0 0 0 0 0 0 0 0 0 0 0 0 0 0 0 0 0 0 0 0 0 0 0 0 0 0 0 0 0 0 0 0 101 100 100 100 100 101 101 101 101 101 101 100 100 101 101 101 101 101 101 102 102 102 101 101 101 101 101 101 101 101 101 102 102 102 101 102 102 102 102 102 102 102 102 102 101 101 101 102 102 102 102 101 102 102 101 102 101 102 102 103 102 103 103 103 103 103 103 103 103 104 104 104 105 105 105 105 104 104 104 105 105 105 105 105 105 105 105 104 105 105 104 104 104 104 104 104 104 105 104 105 105 105 105 106 106 106 106 107 107 108 108 108 108 108 109 108 108 109 109 110 110 109 109 109 109 109 109 109 109 109 109 109 109 109 109 109 110 110 110 109 110 110 110 110 110 110 110 109 110 110 110 110 110 110 110 109 110 110 110 110 110 110 110 110 111 111 111 111 111 111 111 112 112 112 112 113 113 112 112 112 112 112 112 112 112 112 112 112 113 113 113 113 113 113 113 113 113 113 113 113 113 114 114 114 114 114 114 114 114 115 115 115 115 115 115 115 116 116 116 116 116 116 116 117 117 117 117 117 117 117 118 118 118 118 118 118 118 118 118 119 119 119 119 119 119 120 120 120 120 120 120 121 121 121 121 122 122 122 122 122 122 121 121 121 122 122 122 122 122 123 123 123 123 123 124 124 124 124 124 124 124 124 125 125 125 125 125 126 126 126 126 127 127 127 127 127 128 128 129 129 129 129 129 129 129 130 130 129 129 130 131 131 130 130 130 130 131 131 131 132 132 131 131 131 132 132 133 133 133 133 133 133 133 134 134 134 134 134 134 135 135 135 135 136 136 136 0 0 0 0 0 0 0 0 0 0 0 0 0 
0 0 0 0 0 0 0 0 0 0 0 0 0 0 0 0 0 0 0 0 0 0 0 0 0 0 0 0 0 0 0 0 0 0 0 0 0 0 0 0 0 0 0 0 0 0 0 0 0 0 0 0 0 0 0 0 0 0 0 0 0 0 0 0 0 0 0 0 0 0 0 0 0 0 0 0 0 0 0 0 0 0 0 0 0 0 0 0 0 0 0 0 0 0 0 0 0 0 0 0 0 0 0 0 0 0 0 0 0 0 0 0 0 0 0 0 0 0 0 0 0 0 0 0 0 0 0 0 0 0 0 0 0 0 0 0 0 0 0 0 0 0 0 0 0 0 0 101 101 101 101 101 101 101 101 101 101 101 101 101 101 101 101 102 102 102 102 101 101 101 101 102 102 102 102 102 102 102 102 102 102 102 102 102 102 102 102 102 102 102 102 102 102 103 102 102 102 102 102 102 102 102 102 103 103 103 103 103 104 104 104 104 104 104 104 105 105 105 105 105 105 104 104 104 105 105 105 105 106 105 105 105 105 105 105 105 105 105 104 104 104 104 104 105 105 106 106 106 106 106 106 107 108 108 107 109 109 109 108 109 109 109 109 110 110 110 109 110 109 109 109 109 109 109 109 109 109 109 109 109 110 110 110 110 110 110 110 110 111 111 110 110 110 110 110 110 109 109 109 109 110 110 111 110 110 111 111 111 111 111 111 112 111 111 112 112 112 112 113 113 113 112 112 112 112 112 112 112 113 113 113 113 113 113 113 113 113 113 113 113 113 114 113 113 114 114 114 114 114 114 114 115 115 115 115 115 115 115 115 116 116 116 116 116 116 117 117 117 117 117 117 117 117 117 118 118 118 118 118 119 119 119 119 119 119 119 119 119 119 120 120 120 120 120 121 121 121 121 121 121 122 122 122 122 122 122 122 122 122 122 122 122 122 122 123 123 123 123 123 124 124 124 124 124 124 124 125 125 125 126 126 126 126 126 127 127 127 127 127 127 128 129 129 129 130 130 129 130 130 130 130 130 129 129 130 130 131 131 130 131 131 131 131 131 131 131 131 132 131 132 133 133 133 133 132 132 133 133 133 134 134 134 134 134 135 135 135 135 0 0 0 0 0 0 0 0 0 0 0 0 0 0 0 
0 0 0 0 0 0 0 0 0 0 0 0 0 0 0 0 0 0 0 0 0 0 0 0 0 0 0 0 0 0 0 0 0 0 0 0 0 0 0 0 0 0 0 0 0 0 0 0 0 0 0 0 0 0 0 0 0 0 0 0 0 0 0 0 0 0 0 0 0 0 0 0 0 0 0 0 0 0 0 0 0 0 0 0 0 0 0 0 0 0 0 0 0 0 0 0 0 0 0 0 0 0 0 0 0 0 0 0 0 0 0 0 0 0 0 0 0 0 0 0 0 0 0 0 0 0 0 0 0 0 0 0 0 0 0 0 0 0 0 0 0 0 0 0 0 0 0 0 101 101 101 102 101 101 101 101 101 101 102 102 102 102 101 102 102 102 102 102 102 102 102 102 102 102 102 102 102 102 102 102 102 102 102 102 102 102 102 102 103 103 102 103 103 103 103 102 102 102 102 103 103 103 103 104 104 103 104 104 104 104 105 105 105 105 105 105 105 106 105 105 105 105 104 105 105 104 104 105 105 105 105 105 105 105 105 105 105 105 104 105 105 104 105 106 106 106 106 106 106 107 106 107 108 107 108 109 108 108 109 109 109 109 110 110 111 110 109 110 110 110 109 109 109 109 109 109 110 110 109 110 110 110 110 110 110 111 111 111 111 111 111 111 110 110 110 110 110 110 110 109 110 110 111 111 111 111 112 111 111 112 112 112 112 112 112 112 113 113 113 113 113 113 113 113 113 113 113 113 113 113 113 113 113 113 113 113 113 113 114 114 114 114 114 114 114 114 114 114 114 114 115 115 115 115 115 115 115 115 116 116 116 116 116 116 116 117 117 117 117 117 117 117 118 118 118 118 118 118 118 119 119 119 119 119 119 119 119 119 119 120 120 120 120 121 121 121 121 121 121 121 121 122 122 122 122 122 121 121 122 123 122 122 122 122 122 123 123 123 124 123 124 124 124 124 124 124 124 124 125 126 126 126 126 126 127 127 127 127 127 127 128 128 129 129 130 130 130 130 130 130 131 131 130 129 130 130 130 131 131 131 130 131 132 132 132 132 131 131 131 131 132 132 132 133 132 132 132 132 133 133 133 134 134 134 135 0 0 0 0 0 0 0 0 0 0 0 0 0 0 0 0 0 0 
0 0 0 0 0 0 0 0 0 0 0 0 0 0 0 0 0 0 0 0 0 0 0 0 0 0 0 0 0 0 0 0 0 0 0 0 0 0 0 0 0 0 0 0 0 0 0 0 0 0 0 0 0 0 0 0 0 0 0 0 0 0 0 0 0 0 0 0 0 0 0 0 0 0 0 0 0 0 0 0 0 0 0 0 0 0 0 0 0 0 0 0 0 0 0 0 0 0 0 0 0 0 0 0 0 0 0 0 0 0 0 0 0 0 0 0 0 0 0 0 0 0 0 0 0 0 0 0 0 0 0 0 0 0 0 0 0 0 0 0 0 0 0 0 0 0 0 0 101 101 102 102 102 102 102 102 102 102 102 102 102 102 102 102 102 102 102 103 102 102 102 102 102 102 102 102 102 102 102 102 102 102 102 102 102 103 103 103 103 103 102 103 103 103 103 103 103 103 103 103 104 104 104 104 105 104 104 104 104 105 106 105 105 105 105 105 105 105 105 105 106 105 105 105 105 105 105 105 104 105 105 106 106 106 105 105 105 105 105 105 105 105 106 106 107 106 106 106 107 107 107 107 107 108 108 108 108 108 109 109 109 109 110 110 111 110 110 109 110 110 109 109 109 109 109 109 109 110 110 110 110 110 111 110 110 111 111 111 111 111 111 111 111 110 110 110 111 110 110 110 110 110 110 111 111 111 111 112 112 112 112 112 112 113 112 112 112 113 113 114 114 114 114 114 114 113 113 113 113 113 113 113 113 113 113 113 114 114 114 114 114 114 114 114 114 114 114 114 114 115 115 115 115 115 115 115 115 116 116 116 116 116 116 116 117 117 117 117 117 117 117 118 118 118 118 118 118 118 119 119 119 119 119 119 119 119 119 120 120 120 120 120 120 120 121 121 121 121 121 121 121 122 122 122 122 122 123 122 122 122 123 123 122 122 122 123 123 123 123 123 123 123 123 124 125 125 125 125 125 125 125 126 126 127 127 127 127 127 127 128 128 128 129 129 130 130 130 130 130 130 131 131 130 130 129 130 130 131 130 130 130 131 131 132 132 132 132 131 131 132 132 132 132 132 132 132 132 132 132 132 133 133 134 134 134 0 0 0 0 0 0 0 0 0 0 0 0 0 0 0 0 0 0 
0 0 0 0 0 0 0 0 0 0 0 0 0 0 0 0 0 0 0 0 0 0 0 0 0 0 0 0 0 0 0 0 0 0 0 0 0 0 0 0 0 0 0 0 0 0 0 0 0 0 0 0 0 0 0 0 0 0 0 0 0 0 0 0 0 0 0 0 0 0 0 0 0 0 0 0 0 0 0 0 0 0 0 0 0 0 0 0 0 0 0 0 0 0 0 0 0 0 0 0 0 0 0 0 0 0 0 0 0 0 0 0 0 0 0 0 0 0 0 0 0 0 0 0 0 0 0 0 0 0 0 0 0 0 0 0 0 0 0 0 0 0 0 0 0 0 0 0 0 102 102 102 102 102 102 102 102 102 102 101 101 102 103 102 102 102 102 103 103 102 102 102 102 102 102 102 102 102 102 102 102 102 102 102 102 103 103 103 103 103 102 102 102 102 102 103 103 104 104 104 103 103 104 104 104 104 104 104 104 105 105 105 105 104 105 105 105 105 105 104 105 105 106 106 105 105 106 105 105 104 104 105 106 106 106 106 106 105 105 106 106 106 106 106 106 106 106 106 107 107 108 108 108 108 108 108 108 108 109 109 109 110 109 110 111 111 111 110 110 111 110 110 109 109 109 109 109 110 110 110 110 110 111 111 111 111 111 111 111 111 111 111 111 111 111 111 111 111 110 110 110 111 111 111 111 111 111 111 111 112 112 112 112 113 113 113 113 113 113 114 114 115 114 114 114 114 113 113 113 113 113 113 114 114 114 114 114 114 114 114 114 114 114 114 114 114 114 114 115 115 115 115 115 115 115 115 115 116 116 116 116 117 117 117 117 117 117 117 117 117 118 118 118 118 118 118 118 119 119 119 119 119 119 119 119 119 119 120 120 120 120 120 120 120 120 120 121 121 121 121 121 122 122 122 122 122 123 123 122 122 123 124 123 123 123 123 123 123 123 123 124 124 125 124 125 125 125 125 126 126 126 126 126 127 127 127 127 128 128 128 128 128 129 130 130 130 130 130 130 130 131 131 131 130 130 129 129 130 130 130 130 131 131 132 132 132 132 132 132 132 132 132 132 132 132 133 133 133 132 132 133 133 133 134 0 0 0 0 0 0 0 0 0 0 0 0 0 0 0 0 0 0 0 
0 0 0 0 0 0 0 0 0 0 0 0 0 0 0 0 0 0 0 0 0 0 0 0 0 0 0 0 0 0 0 0 0 0 0 0 0 0 0 0 0 0 0 0 0 0 0 0 0 0 0 0 0 0 0 0 0 0 0 0 0 0 0 0 0 0 0 0 0 0 0 0 0 0 0 0 0 0 0 0 0 0 0 0 0 0 0 0 0 0 0 0 0 0 0 0 0 0 0 0 0 0 0 0 0 0 0 0 0 0 0 0 0 0 0 0 0 0 0 0 0 0 0 0 0 0 0 0 0 0 0 0 0 0 0 0 0 0 0 0 0 0 0 0 0 0 0 0 0 102 102 102 102 102 103 103 102 102 101 102 103 103 103 102 103 102 102 103 103 102 102 102 102 102 102 102 102 102 102 102 102 102 103 103 103 103 103 103 104 104 103 104 104 102 102 103 103 104 103 103 104 103 104 104 104 104 104 104 104 105 105 105 104 104 105 105 105 105 105 105 104 105 105 106 106 106 107 106 106 105 105 105 105 106 105 105 106 106 105 105 106 106 106 106 106 106 106 106 106 107 108 108 109 109 108 108 108 108 108 109 109 109 110 110 111 111 111 110 110 111 111 110 109 109 109 109 110 110 110 110 110 110 111 111 111 111 111 111 111 111 111 111 112 111 111 111 111 111 110 110 110 111 111 111 111 111 111 111 112 112 112 112 112 112 113 114 114 114 114 114 114 114 114 114 114 114 114 113 113 113 114 114 114 114 114 114 114 115 115 115 114 114 114 114 114 114 114 115 115 115 115 115 115 115 115 116 116 116 116 117 117 117 117 117 117 117 117 117 118 118 118 118 118 118 118 118 118 119 119 119 119 119 119 120 120 120 120 120 120 120 120 120 120 120 120 121 121 121 121 121 121 121 122 122 121 122 122 123 122 122 123 123 124 123 123 123 123 123 123 123 124 124 125 125 125 125 125 125 126 126 126 126 126 126 126 127 127 128 128 128 128 128 129 130 130 130 130 130 130 130 130 131 131 131 130 130 129 129 130 130 131 131 131 132 132 132 132 132 132 132 132 132 132 132 132 132 133 133 133 133 133 133 0 0 0 0 0 0 0 0 0 0 0 0 0 0 0 0 0 0 0 0 0 
0 0 0 0 0 0 0 0 0 0 0 0 0 0 0 0 0 0 0 0 0 0 0 0 0 0 0 0 0 0 0 0 0 0 0 0 0 0 0 0 0 0 0 0 0 0 0 0 0 0 0 0 0 0 0 0 0 0 0 0 0 0 0 0 0 0 0 0 0 0 0 0 0 0 0 0 0 0 0 0 0 0 0 0 0 0 0 0 0 0 0 0 0 0 0 0 0 0 0 0 0 0 0 0 0 0 0 0 0 0 0 0 0 0 0 0 0 0 0 0 0 0 0 0 0 0 0 0 0 0 0 0 0 0 0 0 0 0 0 0 0 0 0 0 0 0 0 0 0 0 0 0 103 103 103 103 102 102 102 103 0 102 102 102 102 102 102 102 103 103 103 103 103 103 102 103 103 103 103 103 103 103 103 103 103 103 103 104 104 104 104 104 104 103 102 102 103 104 104 103 104 103 104 104 104 104 105 105 105 105 105 104 104 104 105 105 105 105 106 105 105 105 106 106 106 107 107 107 107 106 105 105 105 105 106 106 106 106 107 106 105 106 106 106 107 107 107 107 107 107 108 108 108 109 109 108 109 109 110 110 110 110 111 111 110 110 110 110 110 110 111 111 110 110 110 110 110 110 110 110 110 111 111 111 111 111 111 111 111 111 112 112 112 111 111 111 111 110 110 111 111 111 111 111 111 111 111 112 112 112 112 112 113 113 113 114 114 114 113 113 113 114 114 114 114 114 114 114 113 113 114 114 114 114 114 114 114 115 115 114 115 115 114 114 114 115 115 115 115 115 115 116 116 116 116 116 116 116 117 117 117 117 117 117 117 117 117 118 118 118 118 118 118 118 118 118 119 119 119 119 119 119 120 120 120 120 120 120 120 120 120 120 120 120 121 121 121 121 121 122 122 122 122 122 122 122 122 122 122 122 123 123 123 123 123 124 124 124 124 125 124 124 125 125 126 126 125 126 126 127 126 126 127 126 127 127 127 127 127 128 128 128 128 129 130 130 130 130 129 130 130 131 132 131 131 130 130 129 130 131 131 132 131 132 132 132 132 132 132 132 132 133 132 132 133 132 133 133 0 0 0 0 0 0 0 0 0 0 0 0 0 0 0 0 0 0 0 0 0 0 0 0 0 
0 0 0 0 0 0 0 0 0 0 0 0 0 0 0 0 0 0 0 0 0 0 0 0 0 0 0 0 0 0 0 0 0 0 0 0 0 0 0 0 0 0 0 0 0 0 0 0 0 0 0 0 0 0 0 0 0 0 0 0 0 0 0 0 0 0 0 0 0 0 0 0 0 0 0 0 0 0 0 0 0 0 0 0 0 0 0 0 0 0 0 0 0 0 0 0 0 0 0 0 0 0 0 0 0 0 0 0 0 0 0 0 0 0 0 0 0 0 0 0 0 0 0 0 0 0 0 0 0 0 0 0 0 0 0 0 0 0 0 0 0 0 0 0 0 0 0 0 0 0 0 0 0 103 103 103 102 103 0 0 0 102 102 102 102 102 102 102 102 102 103 103 103 103 103 103 103 103 103 103 103 103 103 103 103 103 103 104 104 104 105 105 104 104 103 103 103 104 104 103 103 103 103 104 104 104 104 105 105 105 105 105 104 105 105 105 105 105 106 106 105 105 105 106 106 106 107 107 106 107 107 106 105 105 106 106 106 106 106 106 106 106 106 107 107 107 107 108 108 108 108 108 108 109 109 109 109 109 109 110 110 110 111 111 111 111 111 110 111 110 111 111 110 110 110 110 110 110 111 111 111 111 111 111 111 111 111 111 111 111 112 112 111 111 111 111 111 111 111 111 111 111 111 111 111 111 111 111 112 112 112 113 113 113 114 114 114 114 113 113 113 113 113 114 114 114 114 114 113 113 114 114 114 114 114 115 115 115 115 115 115 115 114 115 115 115 115 115 115 115 115 116 116 116 116 116 116 116 117 117 117 117 117 117 117 117 118 118 118 118 118 118 118 118 119 118 119 119 119 119 119 119 120 120 120 120 120 120 120 120 120 120 121 121 121 121 121 121 121 122 122 122 122 122 122 122 122 122 122 122 122 123 123 123 123 124 124 124 124 125 125 125 125 125 126 126 126 126 127 127 126 127 127 126 127 127 127 127 128 128 128 128 129 129 129 130 130 130 130 129 130 130 132 132 132 131 130 130 130 130 131 131 131 132 132 133 133 133 133 133 133 133 133 133 133 132 0 0 0 0 0 0 0 0 0 0 0 0 0 0 0 0 0 0 0 0 0 0 0 0 0 0 0 
0 0 0 0 0 0 0 0 0 0 0 0 0 0 0 0 0 0 0 0 0 0 0 0 0 0 0 0 0 0 0 0 0 0 0 0 0 0 0 0 0 0 0 0 0 0 0 0 0 0 0 0 0 0 0 0 0 0 0 0 0 0 0 0 0 0 0 0 0 0 0 0 0 0 0 0 0 0 0 0 0 0 0 0 0 0 0 0 0 0 0 0 0 0 0 0 0 0 0 0 0 0 0 0 0 0 0 0 0 0 0 0 0 0 0 0 0 0 0 0 0 0 0 0 0 0 0 0 0 0 0 0 0 0 0 0 0 0 0 0 0 0 0 0 0 0 0 0 0 0 0 0 0 0 0 103 103 103 0 0 0 0 0 103 103 102 102 102 102 102 102 103 103 103 103 103 103 103 103 103 103 104 104 103 103 103 103 104 104 105 105 105 105 104 103 103 103 103 103 103 103 104 104 104 104 104 104 105 105 105 105 105 104 105 105 105 106 105 106 106 105 105 106 106 106 106 106 107 107 106 106 106 106 106 106 106 106 106 106 106 106 107 106 107 107 107 108 108 108 108 108 108 108 109 109 109 110 109 110 110 110 110 110 111 111 111 111 111 111 111 110 111 111 110 110 110 110 111 111 111 111 111 111 111 111 111 111 111 111 112 112 112 112 112 112 111 111 111 111 112 112 111 111 111 112 112 112 112 112 112 112 113 113 113 113 114 114 114 114 113 113 113 113 113 113 114 114 114 114 114 114 114 114 114 114 115 115 115 115 115 115 115 115 115 115 115 115 115 115 116 116 116 116 116 116 116 116 117 117 117 117 117 117 117 117 118 118 118 118 118 118 118 118 118 119 119 119 119 119 119 119 119 120 120 120 120 120 120 120 121 121 121 121 121 121 121 121 121 121 121 122 122 122 122 122 123 123 122 122 123 123 123 123 123 123 123 123 124 124 124 124 125 125 125 126 126 126 126 126 127 127 128 127 127 127 127 127 127 127 128 128 128 128 128 129 129 130 131 131 130 130 130 131 131 131 131 129 131 130 130 131 131 131 131 132 132 133 133 133 133 133 133 133 134 133 133 0 0 0 0 0 0 0 0 0 0 0 0 0 0 0 0 0 0 0 0 0 0 0 0 0 0 0 
0 0 0 0 0 0 0 0 0 0 0 0 0 0 0 0 0 0 0 0 0 0 0 0 0 0 0 0 0 0 0 0 0 0 0 0 0 0 0 0 0 0 0 0 0 0 0 0 0 0 0 0 0 0 0 0 0 0 0 0 0 0 0 0 0 0 0 0 0 0 0 0 0 0 0 0 0 0 0 0 0 0 0 0 0 0 0 0 0 0 0 0 0 0 0 0 0 0 0 0 0 0 0 0 0 0 0 0 0 0 0 0 0 0 0 0 0 0 0 0 0 0 0 0 0 0 0 0 0 0 0 0 0 0 0 0 0 0 0 0 0 0 0 0 0 0 0 0 0 0 0 0 0 0 0 0 0 0 0 0 0 0 0 0 103 103 103 103 103 103 103 103 103 103 103 103 103 103 103 104 104 104 104 104 104 104 104 104 104 105 105 104 104 103 103 103 103 103 103 104 104 105 105 105 104 104 105 105 105 104 104 105 105 105 105 105 105 106 105 106 106 105 106 106 106 106 107 107 107 107 106 106 107 107 107 106 106 106 106 106 106 106 106 107 107 107 107 107 108 108 108 108 109 109 109 110 110 110 110 110 110 110 110 111 110 110 110 111 111 111 111 111 111 110 110 110 110 111 111 111 111 111 111 111 111 111 111 112 112 112 112 112 112 112 112 112 111 111 112 112 112 112 111 112 112 113 112 112 113 113 113 113 113 113 114 114 114 114 114 114 114 114 114 114 114 114 114 115 115 114 114 114 114 114 115 115 115 115 115 115 115 115 115 115 116 115 115 115 116 116 116 116 116 116 116 116 117 117 117 117 117 117 117 118 118 118 118 118 118 118 118 118 118 119 119 119 119 119 119 119 119 120 120 120 120 120 120 120 120 121 121 121 121 121 121 121 121 121 121 121 121 121 122 122 122 122 123 122 123 123 123 124 124 124 123 123 124 124 124 124 125 125 125 125 126 126 126 126 126 127 127 128 128 128 128 128 128 127 127 128 128 128 128 128 129 129 130 130 131 131 130 130 130 130 130 130 129 132 131 131 131 131 131 131 132 132 133 133 133 134 134 133 133 133 133 133 0 0 0 0 0 0 0 0 0 0 0 0 0 0 0 0 0 0 0 0 0 0 0 0 0 0 0 
0 0 0 0 0 0 0 0 0 0 0 0 0 0 0 0 0 0 0 0 0 0 0 0 0 0 0 0 0 0 0 0 0 0 0 0 0 0 0 0 0 0 0 0 0 0 0 0 0 0 0 0 0 0 0 0 0 0 0 0 0 0 0 0 0 0 0 0 0 0 0 0 0 0 0 0 0 0 0 0 0 0 0 0 0 0 0 0 0 0 0 0 0 0 0 0 0 0 0 0 0 0 0 0 0 0 0 0 0 0 0 0 0 0 0 0 0 0 0 0 0 0 0 0 0 0 0 0 0 0 0 0 0 0 0 0 0 0 0 0 0 0 0 0 0 0 0 0 0 0 0 0 0 0 0 0 0 0 0 0 0 0 0 0 0 0 0 0 104 104 103 103 103 103 103 103 103 103 103 104 104 104 104 104 104 104 104 105 105 105 105 104 103 104 105 105 105 104 104 104 104 105 105 104 105 105 105 105 105 105 105 104 104 105 105 106 105 106 106 106 106 105 106 106 106 106 107 106 107 107 107 106 106 107 107 107 107 106 106 107 107 107 106 107 107 107 107 108 108 109 109 109 109 109 109 110 110 110 110 110 110 110 110 111 111 111 111 110 111 111 111 111 111 111 111 110 110 111 111 111 111 111 112 112 112 112 112 112 112 112 112 112 112 112 112 112 112 112 112 112 112 112 112 112 113 113 113 112 113 113 113 113 114 114 114 114 114 114 114 114 114 114 114 114 114 114 114 114 115 115 114 114 114 115 115 115 115 115 115 115 115 115 115 115 116 116 116 116 116 116 116 116 116 116 116 117 117 117 117 117 117 117 118 118 118 118 118 118 118 118 118 118 119 119 119 119 119 119 119 119 119 120 120 120 120 120 120 120 121 121 121 121 121 121 121 121 121 121 122 122 122 122 122 123 123 122 123 123 123 123 123 123 123 124 124 124 124 124 124 125 125 125 125 126 125 125 125 126 126 126 127 128 128 129 128 129 128 128 127 128 129 129 129 129 129 129 130 130 130 131 131 131 130 130 130 130 130 131 132 131 131 131 131 131 131 132 133 133 133 133 133 133 133 133 133 133 0 0 0 0 0 0 0 0 0 0 0 0 0 0 0 0 0 0 0 0 0 0 0 0 0 0 0 
0 0 0 0 0 0 0 0 0 0 0 0 0 0 0 0 0 0 0 0 0 0 0 0 0 0 0 0 0 0 0 0 0 0 0 0 0 0 0 0 0 0 0 0 0 0 0 0 0 0 0 0 0 0 0 0 0 0 0 0 0 0 0 0 0 0 0 0 0 0 0 0 0 0 0 0 0 0 0 0 0 0 0 0 0 0 0 0 0 0 0 0 0 0 0 0 0 0 0 0 0 0 0 0 0 0 0 0 0 0 0 0 0 0 0 0 0 0 0 0 0 0 0 0 0 0 0 0 0 0 0 0 0 0 0 0 0 0 0 0 0 0 0 0 0 0 0 0 0 0 0 0 0 0 0 0 0 0 0 0 0 0 0 0 0 0 0 0 0 104 104 104 104 104 104 104 104 104 104 104 104 104 104 104 104 104 105 105 105 105 105 105 104 104 105 106 105 105 105 105 105 106 105 104 105 105 105 105 106 106 106 105 105 105 105 105 105 105 106 106 105 105 106 106 107 107 107 106 107 106 107 107 107 106 107 107 107 107 107 107 107 107 106 107 107 107 107 108 109 109 109 109 109 109 109 109 109 110 110 110 111 111 110 111 111 111 111 111 110 111 111 112 111 111 111 111 111 111 111 111 111 111 112 112 112 112 112 112 112 112 112 112 112 112 112 112 112 112 112 113 112 113 113 113 113 113 113 113 112 113 113 113 113 114 114 114 114 114 115 115 114 114 114 114 114 114 114 114 115 115 114 115 115 115 115 115 115 115 115 115 115 115 115 116 116 116 116 116 116 116 116 116 116 116 117 117 117 117 117 117 117 118 118 118 118 118 118 118 118 118 119 119 119 119 119 119 119 119 120 120 120 120 120 120 120 120 120 121 121 121 121 121 121 121 121 122 122 122 122 122 122 122 122 123 123 123 123 124 123 124 124 123 124 124 124 124 124 124 124 124 125 125 125 126 126 125 126 126 126 127 127 127 128 128 129 129 129 129 128 128 129 129 129 129 130 130 130 130 130 130 131 131 131 131 130 130 130 131 132 132 131 131 132 131 132 132 132 133 133 133 133 133 133 133 0 0 0 0 0 0 0 0 0 0 0 0 0 0 0 0 0 0 0 0 0 0 0 0 0 0 0 0 0 
0 0 0 0 0 0 0 0 0 0 0 0 0 0 0 0 0 0 0 0 0 0 0 0 0 0 0 0 0 0 0 0 0 0 0 0 0 0 0 0 0 0 0 0 0 0 0 0 0 0 0 0 0 0 0 0 0 0 0 0 0 0 0 0 0 0 0 0 0 0 0 0 0 0 0 0 0 0 0 0 0 0 0 0 0 0 0 0 0 0 0 0 0 0 0 0 0 0 0 0 0 0 0 0 0 0 0 0 0 0 0 0 0 0 0 0 0 0 0 0 0 0 0 0 0 0 0 0 0 0 0 0 0 0 0 0 0 0 0 0 0 0 0 0 0 0 0 0 0 0 0 0 0 0 0 0 0 0 0 0 0 0 0 0 0 0 0 0 0 0 0 0 0 104 104 104 104 104 104 104 104 104 104 104 104 104 105 105 105 104 104 105 104 104 105 106 106 106 106 106 106 106 106 105 105 106 105 105 105 106 106 107 106 105 105 105 105 105 106 106 106 106 105 106 106 107 107 107 107 106 106 107 107 107 107 107 107 107 107 107 107 107 107 107 107 107 108 108 108 108 108 108 108 109 109 109 109 110 111 111 110 111 111 110 111 111 111 111 111 111 111 111 111 111 111 111 111 111 111 112 112 112 112 112 112 112 112 112 112 112 112 113 112 113 113 112 112 112 113 113 113 113 114 113 113 113 113 113 113 113 114 114 114 114 114 114 114 114 115 114 114 114 114 114 114 114 115 115 115 115 115 115 115 115 115 115 115 115 115 116 116 116 115 116 116 116 116 116 116 116 116 116 116 117 117 117 117 117 117 117 118 118 118 118 118 118 118 118 118 118 119 119 119 119 119 119 119 119 120 120 120 120 120 120 120 120 121 121 121 121 121 121 121 121 122 122 122 122 122 123 123 123 123 123 124 123 123 124 124 124 123 124 125 125 124 125 124 124 124 124 125 125 125 125 125 125 126 126 126 127 127 127 128 128 128 129 129 129 128 129 129 130 130 130 130 130 130 130 130 130 130 131 131 131 131 130 130 130 131 132 132 132 132 132 132 133 133 133 133 133 133 133 133 133 133 0 0 0 0 0 0 0 0 0 0 0 0 0 0 0 0 0 0 0 0 0 0 0 0 0 0 0 0 
0 0 0 0 0 0 0 0 0 0 0 0 0 0 0 0 0 0 0 0 0 0 0 0 0 0 0 0 0 0 0 0 0 0 0 0 0 0 0 0 0 0 0 0 0 0 0 0 0 0 0 0 0 0 0 0 0 0 0 0 0 0 0 0 0 0 0 0 0 0 0 0 0 0 0 0 0 0 0 0 0 0 0 0 0 0 0 0 0 0 0 0 0 0 0 0 0 0 0 0 0 0 0 0 0 0 0 0 0 0 0 0 0 0 0 0 0 0 0 0 0 0 0 0 0 0 0 0 0 0 0 0 0 0 0 0 0 0 0 0 0 0 0 0 0 0 0 0 0 0 0 0 0 0 0 0 0 0 0 0 0 0 0 0 0 0 0 0 0 0 0 0 0 0 0 105 105 105 104 104 104 104 104 104 104 104 104 104 105 104 105 105 104 105 106 106 106 107 107 106 106 106 106 106 106 106 105 105 106 106 106 107 107 106 106 106 106 106 106 106 107 106 106 106 106 107 107 107 107 107 107 106 107 107 107 107 107 107 107 107 107 107 107 108 108 108 108 108 108 108 108 108 109 110 109 109 110 110 110 111 110 110 111 110 111 111 111 112 111 111 111 111 111 111 111 111 111 111 112 112 112 112 112 112 112 112 112 113 113 113 113 113 113 113 113 112 112 112 112 113 113 114 114 114 113 114 114 113 113 113 114 114 114 114 114 114 115 115 114 114 114 114 114 114 115 114 115 115 115 115 115 115 115 115 115 115 115 116 116 116 116 116 116 116 116 116 116 116 116 117 116 117 117 117 117 117 117 117 117 117 118 118 118 118 118 118 118 118 119 119 119 119 119 119 119 119 119 120 120 120 120 120 120 120 120 120 121 121 121 121 121 122 122 121 121 122 122 122 122 122 123 123 123 123 123 123 123 124 124 124 124 124 125 125 125 125 125 125 124 124 124 126 126 126 127 126 125 126 126 127 127 127 127 128 128 129 129 129 129 129 130 130 130 131 130 130 130 130 130 131 130 130 130 131 131 131 130 130 130 131 132 132 132 132 132 133 133 133 133 133 133 133 133 133 133 0 0 0 0 0 0 0 0 0 0 0 0 0 0 0 0 0 0 0 0 0 0 0 0 0 0 0 0 
0 0 0 0 0 0 0 0 0 0 0 0 0 0 0 0 0 0 0 0 0 0 0 0 0 0 0 0 0 0 0 0 0 0 0 0 0 0 0 0 0 0 0 0 0 0 0 0 0 0 0 0 0 0 0 0 0 0 0 0 0 0 0 0 0 0 0 0 0 0 0 0 0 0 0 0 0 0 0 0 0 0 0 0 0 0 0 0 0 0 0 0 0 0 0 0 0 0 0 0 0 0 0 0 0 0 0 0 0 0 0 0 0 0 0 0 0 0 0 0 0 0 0 0 0 0 0 0 0 0 0 0 0 0 0 0 0 0 0 0 0 0 0 0 0 0 0 0 0 0 0 0 0 0 0 0 0 0 0 0 0 0 0 0 0 0 0 0 0 0 0 0 0 0 0 0 0 0 105 105 105 105 105 104 104 104 105 105 105 105 106 106 105 105 106 106 106 106 106 107 107 107 107 107 107 107 107 106 106 106 106 107 107 107 106 106 107 106 106 106 107 107 106 106 106 106 106 107 107 107 107 107 107 107 107 108 108 108 107 107 107 107 107 108 108 108 108 108 108 108 108 109 109 109 109 109 110 110 110 110 110 110 110 110 111 111 111 111 112 111 111 111 112 112 111 111 111 111 112 112 112 112 112 112 112 113 113 113 113 113 113 113 113 113 113 113 113 113 113 113 113 114 114 114 114 114 114 113 113 113 113 114 114 114 114 115 115 115 114 114 114 114 114 114 114 115 115 115 115 115 116 115 115 115 116 116 116 116 116 116 116 116 116 116 116 116 116 116 116 117 116 117 117 117 117 117 117 117 117 118 118 118 118 118 118 118 118 119 119 119 119 119 119 119 119 119 119 120 120 120 120 120 120 120 120 120 121 121 121 121 121 121 121 122 122 122 122 122 122 122 122 123 123 123 123 124 124 125 125 125 125 125 126 126 126 126 125 125 126 125 124 125 126 126 127 127 126 126 127 127 126 127 127 127 127 128 128 129 130 129 130 131 131 130 130 130 130 131 131 131 130 131 131 131 132 132 131 131 130 130 132 133 132 133 133 133 133 133 133 133 133 133 133 133 134 0 0 0 0 0 0 0 0 0 0 0 0 0 0 0 0 0 0 0 0 0 0 0 0 0 0 0 0 
0 0 0 0 0 0 0 0 0 0 0 0 0 0 0 0 0 0 0 0 0 0 0 0 0 0 0 0 0 0 0 0 0 0 0 0 0 0 0 0 0 0 0 0 0 0 0 0 0 0 0 0 0 0 0 0 0 0 0 0 0 0 0 0 0 0 0 0 0 0 0 0 0 0 0 0 0 0 0 0 0 0 0 0 0 0 0 0 0 0 0 0 0 0 0 0 0 0 0 0 0 0 0 0 0 0 0 0 0 0 0 0 0 0 0 0 0 0 0 0 0 0 0 0 0 0 0 0 0 0 0 0 0 0 0 0 0 0 0 0 0 0 0 0 0 0 0 0 0 0 0 0 0 0 0 0 0 0 0 0 0 0 0 0 0 0 0 0 0 0 0 0 0 0 0 0 0 0 0 0 0 0 105 104 105 105 106 106 106 106 106 106 104 104 105 105 106 106 106 106 106 106 107 107 106 106 107 106 106 106 106 106 106 105 105 105 105 105 106 105 106 106 106 105 105 105 105 105 105 106 106 106 106 106 106 106 107 107 106 106 106 107 106 107 107 107 107 107 108 108 108 108 108 108 109 109 109 109 109 109 109 109 109 109 109 110 110 110 111 111 110 110 111 111 111 111 111 111 111 111 111 111 112 112 112 112 112 112 112 112 112 112 113 113 113 113 113 113 113 114 114 114 114 114 114 114 114 114 113 113 113 113 114 114 114 115 115 114 114 114 114 114 114 114 114 114 115 115 115 115 115 115 115 116 116 116 116 116 116 116 116 116 116 117 117 117 117 116 117 117 117 117 117 118 118 118 118 118 118 118 118 118 119 119 119 119 119 119 119 119 119 119 119 120 120 120 120 120 120 121 120 121 121 121 121 121 121 121 121 121 121 121 123 123 123 123 123 123 124 124 123 123 124 124 125 125 125 126 127 126 126 127 127 128 128 127 126 127 127 127 126 126 126 126 127 128 128 128 129 129 128 128 128 128 128 128 129 129 130 130 131 131 131 131 131 130 131 130 130 131 131 132 131 131 131 132 132 131 131 131 131 132 133 133 133 133 134 133 133 133 133 133 134 0 0 0 0 0 0 0 0 0 0 0 0 0 0 0 0 0 0 0 0 0 0 0 0 0 0 0 0 0 0 
0 0 0 0 0 0 0 0 0 0 0 0 0 0 0 0 0 0 0 0 0 0 0 0 0 0 0 0 0 0 0 0 0 0 0 0 0 0 0 0 0 0 0 0 0 0 0 0 0 0 0 0 0 0 0 0 0 0 0 0 0 0 0 0 0 0 0 0 0 0 0 0 0 0 0 0 0 0 0 0 0 0 0 0 0 0 0 0 0 0 0 0 0 0 0 0 0 0 0 0 0 0 0 0 0 0 0 0 0 0 0 0 0 0 0 0 0 0 0 0 0 0 0 0 0 0 0 0 0 0 0 0 0 0 0 0 0 0 0 0 0 0 0 0 0 0 0 0 0 0 0 0 0 0 0 0 0 0 0 0 0 0 0 0 0 0 0 0 0 0 0 0 0 0 0 0 0 0 0 0 0 0 0 0 105 106 106 106 106 106 106 107 105 105 105 105 106 106 106 106 106 106 107 107 107 106 107 108 107 107 107 107 106 105 105 106 106 106 107 106 106 106 106 105 105 106 105 105 105 105 105 106 106 106 106 106 107 107 107 107 107 107 107 107 107 107 107 108 108 108 108 108 109 109 109 109 109 109 109 109 109 110 109 109 109 110 110 110 111 111 110 110 111 111 111 111 111 111 111 111 112 112 112 112 112 112 112 112 112 112 112 112 113 113 113 113 114 114 114 114 114 114 115 115 114 114 114 113 113 114 114 114 114 114 114 115 115 115 114 114 114 115 115 115 115 115 115 115 115 115 115 115 115 116 116 116 116 116 116 116 116 116 116 116 116 116 116 116 117 117 117 117 117 117 118 118 118 118 118 118 118 119 119 119 119 119 119 119 119 119 119 119 120 120 120 120 120 120 120 121 121 121 121 121 121 121 121 121 121 122 121 122 122 123 123 123 123 123 124 124 124 123 124 124 125 125 126 126 127 126 126 127 128 128 128 128 128 128 128 127 127 127 127 126 127 128 128 129 129 129 129 129 128 128 129 129 129 129 129 130 131 131 131 131 131 131 131 131 131 131 132 132 131 131 131 132 132 132 132 131 131 132 133 133 133 134 133 133 133 133 134 133 134 0 0 0 0 0 0 0 0 0 0 0 0 0 0 0 0 0 0 0 0 0 0 0 0 0 0 0 0 0 0 
0 0 0 0 0 0 0 0 0 0 0 0 0 0 0 0 0 0 0 0 0 0 0 0 0 0 0 0 0 0 0 0 0 0 0 0 0 0 0 0 0 0 0 0 0 0 0 0 0 0 0 0 0 0 0 0 0 0 0 0 0 0 0 0 0 0 0 0 0 0 0 0 0 0 0 0 0 0 0 0 0 0 0 0 0 0 0 0 0 0 0 0 0 0 0 0 0 0 0 0 0 0 0 0 0 0 0 0 0 0 0 0 0 0 0 0 0 0 0 0 0 0 0 0 0 0 0 0 0 0 0 0 0 0 0 0 0 0 0 0 0 0 0 0 0 0 0 0 0 0 0 0 0 0 0 0 0 0 0 0 0 0 0 0 0 0 0 0 0 0 0 0 0 0 0 0 0 0 0 0 0 0 0 0 105 106 106 107 106 106 107 107 105 105 106 106 106 106 107 107 107 107 107 108 108 107 107 108 108 108 108 108 107 107 106 106 106 106 106 106 106 106 106 106 106 106 106 106 106 106 106 106 106 106 106 106 107 107 107 107 107 108 108 108 108 108 108 108 108 108 108 109 109 109 109 109 109 109 110 109 109 109 109 109 110 110 110 110 110 111 111 110 111 111 111 111 111 111 111 111 112 112 112 112 112 112 112 112 112 112 112 112 113 113 114 114 114 114 114 114 114 114 115 115 114 114 114 114 114 114 114 114 114 114 115 115 115 115 115 115 115 115 115 115 115 115 115 115 115 115 115 115 115 116 116 116 115 116 116 116 116 116 116 116 116 117 117 117 117 117 117 117 117 118 118 118 118 118 118 119 119 119 119 119 119 119 119 119 119 119 120 120 120 120 120 120 120 120 121 121 121 121 121 121 121 121 121 121 121 121 121 121 122 123 123 123 124 124 124 125 124 124 124 124 125 125 125 126 126 127 127 127 128 128 128 127 128 128 127 127 127 126 126 127 127 127 127 128 128 129 129 130 129 129 130 130 130 129 129 129 130 131 131 131 131 132 131 132 132 131 132 132 132 132 132 133 133 132 132 132 131 131 132 133 133 134 134 134 134 134 134 134 0 0 0 0 0 0 0 0 0 0 0 0 0 0 0 0 0 0 0 0 0 0 0 0 0 0 0 0 0 0 0 
0 0 0 0 0 0 0 0 0 0 0 0 0 0 0 0 0 0 0 0 0 0 0 0 0 0 0 0 0 0 0 0 0 0 0 0 0 0 0 0 0 0 0 0 0 0 0 0 0 0 0 0 0 0 0 0 0 0 0 0 0 0 0 0 0 0 0 0 0 0 0 0 0 0 0 0 0 0 0 0 0 0 0 0 0 0 0 0 0 0 0 0 0 0 0 0 0 0 0 0 0 0 0 0 0 0 0 0 0 0 0 0 0 0 0 0 0 0 0 0 0 0 0 0 0 0 0 0 0 0 0 0 0 0 0 0 0 0 0 0 0 0 0 0 0 0 0 0 0 0 0 0 0 0 0 0 0 0 0 0 0 0 0 0 0 0 0 0 0 0 0 0 0 0 0 0 0 0 0 0 0 0 0 0 106 106 107 107 107 107 107 107 106 106 106 106 106 106 107 107 107 107 107 108 108 108 109 108 108 108 109 109 108 108 107 107 107 107 107 106 107 107 107 107 107 107 107 107 107 107 107 107 107 106 106 106 106 107 107 108 107 108 108 108 108 108 108 108 108 108 108 109 109 109 109 109 109 109 110 110 110 109 109 110 110 110 110 110 110 111 111 111 111 111 112 111 111 111 111 112 112 112 112 112 112 112 113 113 113 113 112 113 114 114 114 114 114 114 114 114 114 114 114 114 114 114 114 114 114 114 114 114 115 115 115 115 115 114 114 115 115 115 115 115 115 116 115 115 115 115 115 115 115 115 115 115 115 115 115 116 116 116 117 117 117 117 117 117 117 117 118 117 117 117 118 118 118 118 118 119 119 119 119 119 119 119 119 119 119 120 120 120 120 120 120 120 120 120 121 121 121 121 121 121 121 121 122 121 122 121 121 121 122 123 123 123 124 124 124 124 124 124 124 124 124 125 125 126 126 127 127 128 128 127 127 127 127 127 126 126 127 127 127 127 128 127 128 128 128 128 129 130 130 131 130 130 130 130 130 130 130 131 131 131 131 132 132 132 131 132 132 133 0 0 0 0 0 133 132 132 132 132 132 133 134 134 134 134 134 0 135 134 0 0 0 0 0 0 0 0 0 0 0 0 0 0 0 0 0 0 0 0 0 0 0 0 0 0 0 0 0 0 0 
0 0 0 0 0 0 0 0 0 0 0 0 0 0 0 0 0 0 0 0 0 0 0 0 0 0 0 0 0 0 0 0 0 0 0 0 0 0 0 0 0 0 0 0 0 0 0 0 0 0 0 0 0 0 0 0 0 0 0 0 0 0 0 0 0 0 0 0 0 0 0 0 0 0 0 0 0 0 0 0 0 0 0 0 0 0 0 0 0 0 0 0 0 0 0 0 0 0 0 0 0 0 0 0 0 0 0 0 0 0 0 0 0 0 0 0 0 0 0 0 0 0 0 0 0 0 0 0 0 0 0 0 0 0 0 0 0 0 0 0 0 0 0 0 0 0 0 0 0 0 0 0 0 0 0 0 0 0 0 0 0 0 0 0 0 0 0 0 0 0 0 0 0 0 0 0 0 0 0 0 0 0 0 0 106 106 107 107 107 108 107 108 107 107 107 107 107 107 107 107 108 108 108 109 109 109 109 109 108 108 108 108 108 108 108 108 108 107 106 107 107 107 107 107 108 107 107 107 107 108 107 107 107 107 107 107 107 107 107 108 108 107 108 108 108 108 108 108 108 108 109 109 109 109 109 109 109 109 109 110 110 110 109 110 110 110 110 110 110 111 111 111 111 111 112 112 112 112 112 112 112 112 112 112 112 113 113 113 113 113 113 113 113 114 114 114 114 114 115 115 115 114 114 114 115 115 115 115 115 115 115 115 115 115 115 115 115 115 115 115 115 115 115 115 115 115 116 116 116 115 115 115 116 116 115 116 116 116 116 116 116 116 117 117 117 117 118 117 117 118 118 117 117 117 118 118 118 118 118 119 119 119 119 119 119 119 119 119 120 120 120 120 120 120 120 120 120 120 120 121 121 121 121 121 121 121 122 121 121 121 121 121 122 123 123 123 123 124 123 124 124 125 124 124 125 125 125 126 127 128 128 128 128 128 127 127 126 126 127 127 128 128 127 128 128 128 129 129 128 128 129 130 130 130 130 130 131 131 131 131 131 131 131 131 132 132 0 132 132 132 133 0 0 0 0 0 0 0 0 0 0 0 132 132 133 0 0 0 0 0 0 0 0 0 0 0 0 0 0 0 0 0 0 0 0 0 0 0 0 0 0 0 0 0 0 0 0 0 0 0 0 0 0 
0 0 0 0 0 0 0 0 0 0 0 0 0 0 0 0 0 0 0 0 0 0 0 0 0 0 0 0 0 0 0 0 0 0 0 0 0 0 0 0 0 0 0 0 0 0 0 0 0 0 0 0 0 0 0 0 0 0 0 0 0 0 0 0 0 0 0 0 0 0 0 0 0 0 0 0 0 0 0 0 0 0 0 0 0 0 0 0 0 0 0 0 0 0 0 0 0 0 0 0 0 0 0 0 0 0 0 0 0 0 0 0 0 0 0 0 0 0 0 0 0 0 0 0 0 0 0 0 0 0 0 0 0 0 0 0 0 0 0 0 0 0 0 0 0 0 0 0 0 0 0 0 0 0 0 0 0 0 0 0 0 0 0 0 0 0 0 0 0 0 0 0 0 0 0 0 0 0 0 0 0 0 0 106 107 107 107 107 107 108 108 108 107 108 108 108 108 108 107 107 108 108 109 109 109 109 109 109 109 108 108 108 108 108 108 108 108 107 107 107 107 107 107 107 107 107 107 107 107 107 108 108 108 107 107 107 107 107 107 107 107 108 108 108 108 109 109 109 108 109 109 109 109 109 109 109 109 109 109 110 110 110 110 110 111 111 111 110 110 111 111 112 111 111 112 112 112 112 112 112 112 112 112 112 113 113 113 113 113 113 113 113 114 114 114 114 114 114 115 115 115 114 114 115 115 115 115 115 116 116 116 116 116 116 116 115 115 115 115 115 115 115 115 115 115 115 115 115 116 116 116 116 115 115 116 116 116 117 117 117 116 117 117 118 118 117 118 118 118 118 118 118 117 118 118 119 119 119 119 119 119 119 119 119 119 119 119 119 119 119 119 119 119 120 120 120 120 120 120 121 121 121 121 121 121 121 122 122 122 122 121 122 122 122 122 123 123 123 123 124 124 125 125 125 125 125 126 127 127 127 127 127 128 128 127 127 127 127 128 128 129 128 128 128 129 129 130 129 129 128 128 129 130 130 129 130 130 130 130 131 131 131 131 131 0 0 0 0 0 133 133 0 0 0 0 0 0 0 0 0 0 0 0 133 0 0 0 0 0 0 0 0 0 0 0 0 0 0 0 0 0 0 0 0 0 0 0 0 0 0 0 0 0 0 0 0 0 0 0 0 0 0 0 
0 0 0 0 0 0 0 0 0 0 0 0 0 0 0 0 0 0 0 0 0 0 0 0 0 0 0 0 0 0 0 0 0 0 0 0 0 0 0 0 0 0 0 0 0 0 0 0 0 0 0 0 0 0 0 0 0 0 0 0 0 0 0 0 0 0 0 0 0 0 0 0 0 0 0 0 0 0 0 0 0 0 0 0 0 0 0 0 0 0 0 0 0 0 0 0 0 0 0 0 0 0 0 0 0 0 0 0 0 0 0 0 0 0 0 0 0 0 0 0 0 0 0 0 0 0 0 0 0 0 0 0 0 0 0 0 0 0 0 0 0 0 0 0 0 0 0 0 0 0 0 0 0 0 0 0 0 0 0 0 0 0 0 0 0 0 0 0 0 0 0 0 0 0 0 0 0 0 0 0 0 0 0 107 107 107 108 108 108 108 108 109 107 108 108 108 108 108 108 108 108 108 109 109 109 109 109 109 109 108 107 108 108 108 108 108 108 108 107 107 107 107 108 108 108 108 108 108 108 108 108 108 108 108 107 107 107 108 108 108 108 108 108 108 109 109 109 109 109 109 109 109 109 109 109 109 110 110 110 110 110 110 110 110 111 111 110 111 110 111 111 112 112 111 112 112 112 112 112 112 112 112 112 113 113 113 113 113 113 113 113 113 114 114 115 115 115 115 115 115 115 115 115 115 115 115 115 116 116 116 115 115 116 116 116 116 115 115 115 115 116 115 115 116 116 115 115 115 116 116 116 116 116 116 116 116 116 117 117 117 117 117 117 118 118 118 118 118 118 118 118 118 118 118 118 119 119 119 119 119 119 119 119 119 119 119 119 119 119 119 119 119 120 120 120 120 120 120 121 121 121 121 122 121 121 122 122 122 122 122 122 122 123 123 123 123 122 123 123 123 124 124 125 125 125 125 127 127 127 126 127 127 128 128 128 127 127 128 128 129 129 128 128 128 129 130 130 129 129 129 129 129 129 129 130 130 130 131 131 130 131 131 131 131 0 0 0 0 0 0 0 0 0 0 0 0 0 0 0 0 0 0 0 0 0 0 0 0 0 0 0 0 0 0 0 0 0 0 0 0 0 0 0 0 0 0 0 0 0 0 0 0 0 0 0 0 0 0 0 0 0 0 0 
0 0 0 0 0 0 0 0 0 0 0 0 0 0 0 0 0 0 0 0 0 0 0 0 0 0 0 0 0 0 0 0 0 0 0 0 0 0 0 0 0 0 0 0 0 0 0 0 0 0 0 0 0 0 0 0 0 0 0 0 0 0 0 0 0 0 0 0 0 0 0 0 0 0 0 0 0 0 0 0 0 0 0 0 0 0 0 0 0 0 0 0 0 0 0 0 0 0 0 0 0 0 0 0 0 0 0 0 0 0 0 0 0 0 0 0 0 0 0 0 0 0 0 0 0 0 0 0 0 0 0 0 0 0 0 0 0 0 0 0 0 0 0 0 0 0 0 0 0 0 0 0 0 0 0 0 0 0 0 0 0 0 0 0 0 0 0 0 0 0 0 0 0 0 0 0 0 0 0 0 0 0 0 0 108 108 109 109 109 109 109 110 108 108 108 108 109 109 109 109 109 109 109 109 109 109 109 108 108 107 108 108 108 107 108 107 107 108 108 107 107 108 108 108 108 108 109 109 108 108 108 108 108 108 108 108 108 108 109 108 109 108 108 108 109 109 109 109 109 109 109 109 109 109 110 110 110 110 110 110 110 110 110 111 111 111 111 111 111 111 111 112 112 111 112 112 112 113 113 112 112 112 113 113 113 113 113 113 113 113 113 113 114 114 114 115 115 115 115 115 115 115 115 115 115 115 115 116 116 116 116 115 116 116 116 116 116 116 115 116 116 116 116 116 116 115 115 116 115 115 116 116 116 116 116 116 116 117 117 117 117 117 117 118 118 118 118 119 119 118 118 118 118 118 118 119 119 119 119 119 119 119 119 119 119 119 119 119 119 119 120 119 120 121 121 121 121 120 121 121 122 122 122 121 121 122 122 122 122 122 122 122 123 123 123 123 123 123 123 124 124 124 124 125 126 126 126 126 126 127 127 127 128 128 127 127 127 128 129 129 129 129 129 129 129 130 129 129 130 129 129 130 131 131 130 130 130 131 131 130 131 132 132 0 0 0 0 0 0 0 0 0 0 0 0 0 0 0 0 0 0 0 0 0 0 0 0 0 0 0 0 0 0 0 0 0 0 0 0 0 0 0 0 0 0 0 0 0 0 0 0 0 0 0 0 0 0 0 0 0 0 0 0 
0 0 0 0 0 0 0 0 0 0 0 0 0 0 0 0 0 0 0 0 0 0 0 0 0 0 0 0 0 0 0 0 0 0 0 0 0 0 0 0 0 0 0 0 0 0 0 0 0 0 0 0 0 0 0 0 0 0 0 0 0 0 0 0 0 0 0 0 0 0 0 0 0 0 0 0 0 0 0 0 0 0 0 0 0 0 0 0 0 0 0 0 0 0 0 0 0 0 0 0 0 0 0 0 0 0 0 0 0 0 0 0 0 0 0 0 0 0 0 0 0 0 0 0 0 0 0 0 0 0 0 0 0 0 0 0 0 0 0 0 0 0 0 0 0 0 0 0 0 0 0 0 0 0 0 0 0 0 0 0 0 0 0 0 0 0 0 0 0 0 0 0 0 0 0 0 0 0 0 0 0 0 0 0 110 109 110 110 110 110 110 110 109 109 108 109 109 109 109 109 109 109 109 109 109 108 108 107 107 107 108 107 107 107 107 107 107 108 108 107 107 108 108 109 108 108 109 109 109 109 109 108 108 109 109 108 108 108 109 108 109 109 109 109 109 109 109 110 109 109 109 110 110 110 110 110 110 110 110 110 110 110 111 111 111 111 111 111 111 111 112 112 112 112 112 112 112 113 113 113 113 113 113 113 113 113 113 114 114 114 114 114 114 114 114 115 115 115 115 115 115 115 115 115 115 115 115 115 116 116 116 116 117 117 116 116 116 116 116 116 116 116 116 116 116 116 116 116 116 116 116 116 116 116 116 116 116 117 117 117 117 118 118 118 118 118 119 118 119 118 118 118 118 118 119 119 119 119 119 119 119 119 119 119 119 119 119 119 120 120 120 120 120 121 122 122 121 121 122 121 122 122 123 122 121 122 123 123 122 123 122 122 123 123 123 124 123 123 123 123 124 125 125 125 126 126 126 126 126 127 127 127 128 128 128 127 127 128 128 128 129 130 130 130 130 130 129 130 130 129 129 131 131 130 130 131 130 131 132 131 132 0 0 0 0 0 0 0 0 0 0 0 0 0 0 0 0 0 0 0 0 0 0 0 0 0 0 0 0 0 0 0 0 0 0 0 0 0 0 0 0 0 0 0 0 0 0 0 0 0 0 0 0 0 0 0 0 0 0 0 0 0 0 
0 0 0 0 0 0 0 0 0 0 0 0 0 0 0 0 0 0 0 0 0 0 0 0 0 0 0 0 0 0 0 0 0 0 0 0 0 0 0 0 0 0 0 0 0 0 0 0 0 0 0 0 0 0 0 0 0 0 0 0 0 0 0 0 0 0 0 0 0 0 0 0 0 0 0 0 0 0 0 0 0 0 0 0 0 0 0 0 0 0 0 0 0 0 0 0 0 0 0 0 0 0 0 0 0 0 0 0 0 0 0 0 0 0 0 0 0 0 0 0 0 0 0 0 0 0 0 0 0 0 0 0 0 0 0 0 0 0 0 0 0 0 0 0 0 0 0 0 0 0 0 0 0 0 0 0 0 0 0 0 0 0 0 0 0 0 0 0 0 0 0 0 0 0 0 0 0 0 0 0 0 0 0 0 0 111 111 110 110 110 110 111 109 109 109 109 109 109 109 109 109 109 109 109 109 108 107 107 107 107 107 107 107 107 107 107 107 107 108 108 107 108 109 108 108 108 108 109 109 109 109 109 109 109 109 109 108 109 109 109 109 110 109 109 109 109 110 110 110 110 110 110 110 110 110 110 110 110 111 111 111 111 111 111 111 111 111 112 111 111 112 112 112 113 112 112 112 113 113 113 113 113 113 113 113 113 114 114 114 114 114 114 114 114 114 115 115 115 115 116 116 115 115 115 115 115 115 116 116 116 116 116 116 116 117 116 116 116 116 116 116 116 116 117 116 116 116 116 116 116 116 116 116 116 116 117 117 117 117 118 118 118 118 118 118 118 118 118 119 119 118 118 118 118 119 119 119 119 119 119 119 119 119 119 119 119 120 120 120 120 121 121 120 121 121 122 121 121 122 122 123 123 122 121 122 123 123 123 123 123 123 122 123 124 124 124 123 123 123 124 124 125 125 125 126 126 126 127 127 127 127 128 128 129 129 128 128 128 128 129 129 130 131 131 131 130 130 131 131 130 130 131 130 131 131 131 131 131 132 131 0 0 0 0 0 0 0 0 0 0 0 0 0 0 0 0 0 0 0 0 0 0 0 0 0 0 0 0 0 0 0 0 0 0 0 0 0 0 0 0 0 0 0 0 0 0 0 0 0 0 0 0 0 0 0 0 0 0 0 0 0 0 0 
0 0 0 0 0 0 0 0 0 0 0 0 0 0 0 0 0 0 0 0 0 0 0 0 0 0 0 0 0 0 0 0 0 0 0 0 0 0 0 0 0 0 0 0 0 0 0 0 0 0 0 0 0 0 0 0 0 0 0 0 0 0 0 0 0 0 0 0 0 0 0 0 0 0 0 0 0 0 0 0 0 0 0 0 0 0 0 0 0 0 0 0 0 0 0 0 0 0 0 0 0 0 0 0 0 0 0 0 0 0 0 0 0 0 0 0 0 0 0 0 0 0 0 0 0 0 0 0 0 0 0 0 0 0 0 0 0 0 0 0 0 0 0 0 0 0 0 0 0 0 0 0 0 0 0 0 0 0 0 0 0 0 0 0 0 0 0 0 0 0 0 0 0 0 0 109 0 109 109 110 0 111 110 111 111 111 111 111 110 110 110 111 109 109 109 109 109 109 109 109 109 109 109 109 108 107 107 107 108 107 107 107 107 107 107 107 107 107 108 108 107 108 109 109 108 108 108 109 109 109 109 109 109 109 109 109 109 109 109 109 109 109 109 109 109 109 110 110 110 110 110 110 110 110 110 110 110 111 111 111 111 111 111 111 111 111 111 112 111 112 112 112 112 113 113 113 112 113 113 113 113 113 113 113 114 114 114 114 114 114 114 114 114 115 115 115 115 115 115 115 116 115 115 115 115 116 116 116 116 116 116 116 116 116 116 116 116 116 116 116 116 117 116 117 117 117 117 117 117 117 116 116 116 116 117 117 117 117 117 118 118 118 118 118 118 118 118 118 118 119 119 119 118 118 119 119 119 119 119 119 119 120 120 119 120 120 120 120 121 121 121 121 120 121 122 122 121 121 122 123 122 122 122 121 122 123 123 123 123 123 123 122 124 124 123 123 123 123 123 123 124 124 124 125 125 125 126 127 127 127 127 127 128 129 129 129 128 129 129 130 130 131 131 131 131 131 131 131 131 130 131 130 131 131 132 132 132 0 0 0 0 0 0 0 0 0 0 0 0 0 0 0 0 0 0 0 0 0 0 0 0 0 0 0 0 0 0 0 0 0 0 0 0 0 0 0 0 0 0 0 0 0 0 0 0 0 0 0 0 0 0 0 0 0 0 0 0 0 0 0 0 0 0 
0 0 0 0 0 0 0 0 0 0 0 0 0 0 0 0 0 0 0 0 0 0 0 0 0 0 0 0 0 0 0 0 0 0 0 0 0 0 0 0 0 0 0 0 0 0 0 0 0 0 0 0 0 0 0 0 0 0 0 0 0 0 0 0 0 0 0 0 0 0 0 0 0 0 0 0 0 0 0 0 0 0 0 0 0 0 0 0 0 0 0 0 0 0 0 0 0 0 0 0 0 0 0 0 0 0 0 0 0 0 0 0 0 0 0 0 0 0 0 0 0 0 0 0 0 0 0 0 0 0 0 0 0 0 0 0 0 0 0 0 0 0 0 0 0 0 0 0 0 0 0 0 0 0 0 0 0 0 0 0 0 0 0 0 0 0 0 0 0 0 0 0 0 0 0 110 110 110 110 111 111 111 111 110 111 111 111 110 110 110 111 111 109 109 109 108 109 109 109 109 108 108 109 109 107 107 107 107 107 108 107 107 107 107 107 107 108 108 108 108 108 108 108 108 109 109 109 109 109 110 109 110 109 109 109 110 110 110 109 109 109 110 110 110 110 110 110 110 110 110 110 110 111 110 110 110 111 111 111 111 111 111 111 111 111 111 112 111 112 112 112 112 112 112 113 113 113 113 113 113 113 113 113 113 114 114 114 114 114 114 114 114 115 115 115 115 115 115 115 115 115 115 115 116 116 116 116 116 116 116 116 116 116 116 116 116 116 116 116 116 116 116 116 117 117 117 117 117 117 117 116 116 116 117 117 117 117 117 118 118 118 118 118 118 118 118 119 119 119 119 119 119 119 119 119 119 119 119 120 119 119 120 120 120 120 120 120 120 121 121 121 121 121 121 122 122 122 122 123 123 122 122 122 122 122 123 123 123 123 123 123 122 124 124 123 123 123 123 123 124 124 124 125 125 125 126 127 127 128 127 127 128 128 129 129 129 128 129 130 130 130 131 131 131 132 132 132 131 131 130 130 130 131 132 132 0 0 0 0 0 0 0 0 0 0 0 0 0 0 0 0 0 0 0 0 0 0 0 0 0 0 0 0 0 0 0 0 0 0 0 0 0 0 0 0 0 0 0 0 0 0 0 0 0 0 0 0 0 0 0 0 0 0 0 0 0 0 0 0 0 0 0 0 
0 0 0 0 0 0 0 0 0 0 0 0 0 0 0 0 0 0 0 0 0 0 0 0 0 0 0 0 0 0 0 0 0 0 0 0 0 0 0 0 0 0 0 0 0 0 0 0 0 0 0 0 0 0 0 0 0 0 0 0 0 0 0 0 0 0 0 0 0 0 0 0 0 0 0 0 0 0 0 0 0 0 0 0 0 0 0 0 0 0 0 0 0 0 0 0 0 0 0 0 0 0 0 0 0 0 0 0 0 0 0 0 0 0 0 0 0 0 0 0 0 0 0 0 0 0 0 0 0 0 0 0 0 0 0 0 0 0 0 0 0 0 0 0 0 0 0 0 0 0 0 0 0 0 0 0 0 0 0 0 0 0 0 0 0 0 0 0 0 0 0 0 110 110 110 110 110 110 111 111 111 111 110 110 110 110 110 110 110 111 111 110 108 108 108 108 108 108 108 108 108 108 108 108 107 107 107 107 107 107 107 107 107 107 108 108 108 108 108 108 108 108 108 108 109 109 109 109 109 110 110 110 110 110 109 109 110 110 110 110 110 110 110 110 110 110 110 110 110 110 110 110 111 111 111 111 111 111 111 111 111 111 111 111 112 112 112 112 112 112 112 112 112 112 113 113 113 113 113 113 113 113 114 114 114 114 114 114 114 114 114 115 115 115 115 116 116 116 116 115 115 115 116 116 116 116 116 116 116 116 116 117 117 116 116 116 116 116 117 117 117 117 116 116 117 117 117 117 117 117 117 116 117 117 117 117 118 118 118 118 118 119 119 118 118 119 119 119 119 119 119 119 119 119 119 119 120 120 120 119 119 120 120 120 120 120 121 121 121 121 122 121 122 122 122 122 122 122 123 123 122 123 123 122 122 123 124 123 123 123 122 122 123 123 123 123 123 123 124 124 125 126 126 126 126 126 127 128 128 128 128 128 128 129 130 129 129 129 129 129 130 130 131 131 131 131 132 132 131 131 130 130 131 131 131 0 0 0 0 0 0 0 0 0 0 0 0 0 0 0 0 0 0 0 0 0 0 0 0 0 0 0 0 0 0 0 0 0 0 0 0 0 0 0 0 0 0 0 0 0 0 0 0 0 0 0 0 0 0 0 0 0 0 0 0 0 0 0 0 0 0 0 0 
0 0 0 0 0 0 0 0 0 0 0 0 0 0 0 0 0 0 0 0 0 0 0 0 0 0 0 0 0 0 0 0 0 0 0 0 0 0 0 0 0 0 0 0 0 0 0 0 0 0 0 0 0 0 0 0 0 0 0 0 0 0 0 0 0 0 0 0 0 0 0 0 0 0 0 0 0 0 0 0 0 0 0 0 0 0 0 0 0 0 0 0 0 0 0 0 0 0 0 0 0 0 0 0 0 0 0 0 0 0 0 0 0 0 0 0 0 0 0 0 0 0 0 0 0 0 0 0 0 0 0 0 0 0 0 0 0 0 0 0 0 0 0 0 0 0 0 0 0 0 0 0 0 0 0 0 0 0 0 0 0 0 0 0 0 0 0 0 0 0 0 0 0 110 110 110 111 110 111 111 110 110 110 110 110 110 111 110 110 110 110 110 108 107 107 108 108 108 108 108 108 108 107 107 107 107 107 107 107 107 107 108 108 108 108 108 108 108 108 108 108 108 108 109 109 109 109 110 110 110 110 110 110 110 110 109 110 110 110 110 110 110 110 111 111 110 110 110 110 110 111 111 111 111 111 111 111 111 111 111 111 112 112 112 112 112 112 112 112 112 112 112 112 113 113 113 114 113 113 113 113 113 114 114 114 114 114 114 114 114 115 115 116 115 115 116 116 116 116 116 115 116 116 116 116 116 116 116 116 117 117 117 117 116 116 116 116 116 117 117 117 117 117 117 117 117 117 117 117 117 117 117 117 118 117 118 118 118 118 119 119 119 119 118 119 119 119 119 119 119 119 120 119 119 119 120 120 120 119 119 119 120 120 120 120 121 121 121 121 122 122 121 122 123 123 123 122 122 123 123 123 123 123 122 122 123 124 124 123 123 123 122 122 122 122 123 124 124 125 125 126 126 126 126 126 127 127 128 128 128 129 128 129 129 130 130 129 129 130 130 130 130 130 131 131 131 132 132 131 131 131 130 130 131 131 0 0 0 0 0 0 0 0 0 0 0 0 0 0 0 0 0 0 0 0 0 0 0 0 0 0 0 0 0 0 0 0 0 0 0 0 0 0 0 0 0 0 0 0 0 0 0 0 0 0 0 0 0 0 0 0 0 0 0 0 0 0 0 0 0 0 0 0 
0 0 0 0 0 0 0 0 0 0 0 0 0 0 0 0 0 0 0 0 0 0 0 0 0 0 0 0 0 0 0 0 0 0 0 0 0 0 0 0 0 0 0 0 0 0 0 0 0 0 0 0 0 0 0 0 0 0 0 0 0 0 0 0 0 0 0 0 0 0 0 0 0 0 0 0 0 0 0 0 0 0 0 0 0 0 0 0 0 0 0 0 0 0 0 0 0 0 0 0 0 0 0 0 0 0 0 0 0 0 0 0 0 0 0 0 0 0 0 0 0 0 0 0 0 0 0 0 0 0 0 0 0 0 0 0 0 0 0 0 0 0 0 0 0 0 0 0 0 0 0 0 0 0 0 0 0 0 0 0 0 0 0 0 0 0 0 0 0 0 0 0 0 0 109 110 110 110 110 110 109 109 109 109 110 110 110 110 109 109 109 109 107 107 106 107 107 107 107 107 107 107 107 106 107 107 107 107 107 108 108 108 108 108 108 108 109 108 109 108 109 109 109 109 109 109 110 110 110 110 110 110 110 110 110 110 110 110 110 110 110 111 111 111 111 111 111 111 111 111 111 111 111 111 111 111 111 111 111 112 112 112 112 112 112 112 112 112 112 112 112 113 113 113 113 113 113 114 113 113 113 114 114 114 114 114 114 114 114 115 115 115 116 116 116 116 116 116 116 116 116 116 116 116 116 117 116 116 116 117 117 117 117 116 116 116 116 116 116 116 117 117 117 117 117 117 117 117 117 117 117 117 117 118 118 118 118 119 118 119 119 119 119 119 119 119 119 119 119 119 119 120 119 119 119 120 120 120 120 119 119 120 121 121 121 122 122 122 122 123 122 122 122 123 124 124 123 123 123 123 123 122 123 123 123 124 124 124 123 123 122 122 122 122 123 123 124 125 125 126 126 126 126 127 127 127 127 128 128 129 129 129 129 130 130 130 129 129 130 131 131 130 131 131 131 132 132 132 131 130 130 130 130 131 131 131 0 0 0 0 0 0 0 0 0 0 0 0 0 0 0 0 0 0 0 0 0 0 0 0 0 0 0 0 0 0 0 0 0 0 0 0 0 0 0 0 0 0 0 0 0 0 0 0 0 0 0 0 0 0 0 0 0 0 0 0 0 0 0 0 0 0 0 
0 0 0 0 0 0 0 0 0 0 0 0 0 0 0 0 0 0 0 0 0 0 0 0 0 0 0 0 0 0 0 0 0 0 0 0 0 0 0 0 0 0 0 0 0 0 0 0 0 0 0 0 0 0 0 0 0 0 0 0 0 0 0 0 0 0 0 0 0 0 0 0 0 0 0 0 0 0 0 0 0 0 0 0 0 0 0 0 0 0 0 0 0 0 0 0 0 0 0 0 0 0 0 0 0 0 0 0 0 0 0 0 0 0 0 0 0 0 0 0 0 0 0 0 0 0 0 0 0 0 0 0 0 0 0 0 0 0 0 0 0 0 0 0 0 0 0 0 0 0 0 0 0 0 0 0 0 0 0 0 0 0 0 0 0 0 0 0 0 0 0 0 0 0 109 109 109 110 109 109 109 109 109 108 109 109 109 109 108 108 108 108 106 106 106 106 106 106 106 106 106 106 106 107 107 107 107 108 108 108 108 108 109 109 109 109 109 109 109 109 109 109 109 109 109 109 110 110 110 110 110 110 110 110 110 110 110 110 110 110 111 111 111 111 111 111 111 111 111 111 111 111 111 111 111 111 111 111 112 112 112 112 112 112 112 112 112 112 112 113 113 113 113 113 113 113 114 114 114 113 114 114 114 114 114 114 114 115 115 115 115 115 116 116 116 116 117 116 117 116 116 116 116 116 117 117 117 117 116 117 117 117 117 116 116 116 116 116 116 117 117 117 117 118 117 117 117 117 117 117 118 117 117 118 118 118 118 118 118 119 119 119 119 119 119 119 119 119 119 119 119 119 119 119 120 120 120 120 120 119 119 120 120 120 121 121 122 122 123 123 123 122 122 123 123 124 124 124 123 123 123 122 122 123 123 124 123 123 123 123 122 122 122 123 124 125 125 125 126 125 126 126 126 127 127 128 128 128 128 129 129 129 129 130 130 130 130 130 131 131 131 131 131 132 132 132 132 132 131 131 130 130 131 131 131 131 132 0 0 0 0 0 0 0 0 0 0 0 0 0 0 0 0 0 0 0 0 0 0 0 0 0 0 0 0 0 0 0 0 0 0 0 0 0 0 0 0 0 0 0 0 0 0 0 0 0 0 0 0 0 0 0 0 0 0 0 0 0 0 0 0 0 0 
0 0 0 0 0 0 0 0 0 0 0 0 0 0 0 0 0 0 0 0 0 0 0 0 0 0 0 0 0 0 0 0 0 0 0 0 0 0 0 0 0 0 0 0 0 0 0 0 0 0 0 0 0 0 0 0 0 0 0 0 0 0 0 0 0 0 0 0 0 0 0 0 0 0 0 0 0 0 0 0 0 0 0 0 0 0 0 0 0 0 0 0 0 0 0 0 0 0 0 0 0 0 0 0 0 0 0 0 0 0 0 0 0 0 0 0 0 0 0 0 0 0 0 0 0 0 0 0 0 0 0 0 0 0 0 0 0 0 0 0 0 0 0 0 0 0 0 0 0 0 0 0 0 0 0 0 0 0 0 0 0 0 0 0 0 0 0 0 0 0 0 0 0 0 109 109 108 108 108 108 107 107 108 108 107 108 108 107 107 108 107 107 106 106 106 106 106 106 107 107 107 107 107 107 108 108 108 108 108 108 109 109 109 109 109 109 109 109 109 109 109 109 110 110 110 110 110 110 110 110 110 110 110 110 111 110 110 110 111 111 111 111 111 111 111 111 111 111 111 111 111 111 111 111 111 111 111 112 112 112 112 112 112 112 112 112 113 113 113 113 113 113 113 113 113 113 114 114 114 114 114 114 114 115 115 115 115 115 115 115 115 115 116 116 116 117 117 116 116 116 116 116 117 117 117 117 117 117 117 117 117 118 117 117 116 116 116 117 117 118 117 117 118 117 117 117 117 118 118 118 118 118 117 117 117 118 118 118 118 118 119 119 120 120 120 120 119 119 119 120 120 120 119 119 120 120 121 120 120 120 120 120 121 121 122 122 122 122 123 123 123 123 123 123 123 124 124 124 123 123 123 123 122 122 122 123 124 123 122 122 123 123 123 123 124 125 126 125 125 125 126 126 127 127 127 127 128 128 128 129 129 129 130 130 130 130 130 130 131 131 131 131 132 132 132 132 131 131 131 131 131 131 131 131 131 132 132 0 0 0 0 0 0 0 0 0 0 0 0 0 0 0 0 0 0 0 0 0 0 0 0 0 0 0 0 0 0 0 0 0 0 0 0 0 0 0 0 0 0 0 0 0 0 0 0 0 0 0 0 0 0 0 0 0 0 0 0 0 0 0 0 0 0 
0 0 0 0 0 0 0 0 0 0 0 0 0 0 0 0 0 0 0 0 0 0 0 0 0 0 0 0 0 0 0 0 0 0 0 0 0 0 0 0 0 0 0 0 0 0 0 0 0 0 0 0 0 0 0 0 0 0 0 0 0 0 0 0 0 0 0 0 0 0 0 0 0 0 0 0 0 0 0 0 0 0 0 0 0 0 0 0 0 0 0 0 0 0 0 0 0 0 0 0 0 0 0 0 0 0 0 0 0 0 0 0 0 0 0 0 0 0 0 0 0 0 0 0 0 0 0 0 0 0 0 0 0 0 0 0 0 0 0 0 0 0 0 0 0 0 109 109 109 109 109 110 110 110 0 0 0 0 0 0 0 0 0 0 0 0 0 0 0 0 0 0 0 111 109 109 108 107 107 107 107 107 107 107 107 108 107 107 107 107 107 107 106 107 107 107 107 107 107 107 108 108 108 108 108 108 108 108 109 109 109 109 109 109 109 109 109 109 109 109 109 109 110 110 110 110 110 110 110 111 110 111 111 111 111 111 110 111 111 111 111 111 111 111 111 111 111 111 111 111 111 111 111 111 111 111 112 112 112 112 112 112 112 112 112 113 113 113 113 113 113 113 113 113 114 114 114 114 114 114 114 114 115 115 115 115 115 115 115 115 115 115 116 116 116 116 117 116 116 116 117 116 117 117 117 117 117 117 117 117 117 117 117 117 116 117 117 117 117 118 117 117 117 117 117 117 117 118 118 118 118 118 118 118 118 117 118 118 118 119 119 119 119 120 120 120 119 119 120 120 120 120 120 120 120 121 121 121 120 120 120 121 121 122 122 122 123 122 123 123 123 123 123 123 123 124 124 124 124 123 123 123 123 123 122 123 123 123 123 123 124 123 123 123 124 125 125 125 126 126 126 127 127 128 128 128 128 128 128 129 129 129 130 130 131 130 130 131 131 131 131 132 131 131 132 132 131 131 131 131 131 131 131 131 131 132 132 132 0 0 0 0 0 0 0 0 0 0 0 0 0 0 0 0 0 0 0 0 0 0 0 0 0 0 0 0 0 0 0 0 0 0 0 0 0 0 0 0 0 0 0 0 0 0 0 0 0 0 0 0 0 0 0 0 0 0 0 0 0 0 0 0 0 
0 0 0 0 0 0 0 0 0 0 0 0 0 0 0 0 0 0 0 0 0 0 0 0 0 0 0 0 0 0 0 0 0 0 0 0 0 0 0 0 0 0 0 0 0 0 0 0 0 0 0 0 0 0 0 0 0 0 0 0 0 0 0 0 0 0 0 0 0 0 0 0 0 0 0 0 0 0 0 0 0 0 0 0 0 0 0 0 0 0 0 0 0 0 0 0 0 0 0 0 0 0 0 0 0 0 0 0 0 0 0 0 0 0 0 0 0 0 0 0 0 0 0 0 0 0 0 0 0 0 0 0 0 0 0 0 0 0 0 0 0 0 0 0 0 109 110 109 109 109 109 109 110 110 110 111 111 0 0 0 110 110 0 0 0 0 0 0 0 0 0 0 113 112 110 109 108 108 107 107 107 107 108 108 108 108 108 108 108 108 108 108 107 107 107 108 108 108 108 108 108 108 108 108 109 109 109 109 109 109 109 109 109 109 109 109 109 109 109 109 109 110 110 110 110 110 110 110 111 111 111 111 111 111 111 111 111 111 111 111 111 111 111 111 111 111 111 111 111 111 112 112 112 111 111 111 112 112 112 112 112 112 112 113 113 113 113 113 113 113 113 113 113 114 114 114 114 114 114 114 114 115 115 115 115 115 115 115 115 115 115 115 116 116 117 117 117 117 117 117 117 116 117 117 117 117 117 118 118 118 118 117 117 117 117 117 117 117 117 117 117 117 117 118 118 117 118 118 118 118 118 118 119 118 118 118 118 119 119 119 119 119 120 120 120 120 120 120 121 121 120 120 120 120 121 121 121 121 121 121 120 121 121 122 122 122 123 122 122 123 123 124 124 124 124 124 125 125 124 123 123 123 123 123 123 122 123 123 123 123 124 123 124 124 124 124 124 125 126 126 126 127 127 127 128 128 128 128 129 129 129 130 130 131 131 131 130 131 131 131 131 131 131 131 132 132 131 131 131 131 131 131 132 132 132 132 132 132 132 0 0 0 0 0 0 0 0 0 0 0 0 0 0 0 0 0 0 0 0 0 0 0 0 0 0 0 0 0 0 0 0 0 0 0 0 0 0 0 0 0 0 0 0 0 0 0 0 0 0 0 0 0 0 0 0 0 0 0 0 0 0 0 0 
0 0 0 0 0 0 0 0 0 0 0 0 0 0 0 0 0 0 0 0 0 0 0 0 0 0 0 0 0 0 0 0 0 0 0 0 0 0 0 0 0 0 0 0 0 0 0 0 0 0 0 0 0 0 0 0 0 0 0 0 0 0 0 0 0 0 0 0 0 0 0 0 0 0 0 0 0 0 0 0 0 0 0 0 0 0 0 0 0 0 0 0 0 0 0 0 0 0 0 0 0 0 0 0 0 0 0 0 0 0 0 0 0 0 0 0 0 0 0 0 0 0 0 0 0 0 0 0 0 0 0 0 0 0 0 0 0 0 0 0 0 0 0 0 0 109 110 110 109 109 110 109 109 110 110 110 110 111 112 112 111 111 111 112 0 0 0 0 0 0 113 113 113 112 111 110 109 108 107 107 107 108 108 108 108 108 108 108 109 109 109 109 108 108 108 108 108 108 108 108 108 109 109 109 109 109 109 109 109 109 109 109 109 109 109 109 110 109 109 110 110 110 110 110 110 110 110 111 111 111 111 111 111 111 111 111 111 111 111 111 111 111 112 112 112 112 112 112 112 112 112 112 112 112 112 112 112 112 112 112 112 112 113 113 113 113 113 113 113 113 113 114 114 114 114 114 114 114 114 114 114 115 115 115 115 115 115 116 116 116 116 116 117 116 117 117 117 117 117 117 117 117 117 117 117 118 118 118 118 118 118 118 117 117 117 118 118 117 118 117 117 117 117 118 117 117 118 118 119 119 119 119 119 118 118 118 118 119 119 119 119 119 120 120 120 120 120 121 121 121 121 120 121 121 121 121 121 121 121 121 121 121 122 122 122 122 122 122 122 123 123 123 124 124 124 124 124 124 124 124 124 123 123 123 123 123 123 123 123 123 123 123 124 125 125 126 126 126 126 126 126 126 127 127 127 128 128 128 129 129 129 130 130 131 131 131 131 131 131 131 131 131 131 131 132 132 131 131 131 131 131 131 132 132 132 132 132 132 133 133 0 0 0 0 0 0 0 0 0 0 0 0 0 0 0 0 0 0 0 0 0 0 0 0 0 0 0 0 0 0 0 0 0 0 0 0 0 0 0 0 0 0 0 0 0 0 0 0 0 0 0 0 0 0 0 0 0 0 0 0 0 0 0 
0 0 0 0 0 0 0 0 0 0 0 0 0 0 0 0 0 0 0 0 0 0 0 0 0 0 0 0 0 0 0 0 0 0 0 0 0 0 0 0 0 0 0 0 0 0 0 0 0 0 0 0 0 0 0 0 0 0 0 0 0 0 0 0 0 0 0 0 0 0 0 0 0 0 0 0 0 0 0 0 0 0 0 0 0 0 0 0 0 0 0 0 0 0 0 0 0 0 0 0 0 0 0 0 0 0 0 0 0 0 0 0 0 0 0 0 0 0 0 0 0 0 0 0 0 0 0 0 0 0 0 0 0 0 0 0 0 0 0 0 0 0 0 0 110 109 109 109 109 109 110 109 110 110 109 110 110 110 111 111 110 110 111 111 112 112 111 111 112 113 113 113 113 112 111 110 109 108 107 107 108 108 108 109 109 109 109 109 109 109 109 109 108 108 108 108 108 108 109 109 109 109 109 109 109 109 109 109 109 109 109 109 109 109 109 109 109 110 110 110 110 110 110 111 111 110 111 111 111 111 111 111 111 111 111 111 111 111 111 111 112 112 112 112 112 112 112 112 112 112 112 112 113 113 112 112 112 112 112 112 113 113 113 113 113 113 113 113 113 113 114 114 114 114 114 114 114 114 114 114 114 114 115 115 115 115 116 116 116 116 116 116 117 117 117 117 117 117 117 117 117 117 117 117 117 118 118 118 119 119 118 118 118 118 118 118 118 118 118 119 118 118 118 118 118 118 118 118 119 119 119 118 118 118 118 119 119 119 119 119 119 119 119 120 120 121 121 121 121 121 120 121 121 121 121 121 121 121 121 121 121 121 122 122 122 122 122 122 122 123 123 124 124 124 124 124 124 124 125 124 124 124 124 124 124 123 123 123 123 123 124 124 125 125 126 126 126 126 127 127 127 127 128 128 128 127 128 128 128 128 129 129 130 130 131 131 131 131 131 131 131 131 131 132 132 132 132 132 131 132 131 132 132 132 132 132 132 132 132 133 133 133 0 0 0 0 0 0 0 0 0 0 0 0 0 0 0 0 0 0 0 0 0 0 0 0 0 0 0 0 0 0 0 0 0 0 0 0 0 0 0 0 0 0 0 0 0 0 0 0 0 0 0 0 0 0 0 0 0 0 0 0 0 
0 0 0 0 0 0 0 0 0 0 0 0 0 0 0 0 0 0 0 0 0 0 0 0 0 0 0 0 0 0 0 0 0 0 0 0 0 0 0 0 0 0 0 0 0 0 0 0 0 0 0 0 0 0 0 0 0 0 0 0 0 0 0 0 0 0 0 0 0 0 0 0 0 0 0 0 0 0 0 0 0 0 0 0 0 0 0 0 0 0 0 0 0 0 0 0 0 0 0 0 0 0 0 0 0 0 0 0 0 0 0 0 0 0 0 0 0 0 0 0 0 0 0 0 0 0 0 0 0 0 0 0 0 0 0 0 0 0 0 0 0 0 0 0 110 109 109 110 109 110 110 110 110 110 109 110 110 111 110 110 110 109 110 110 111 112 112 111 112 112 113 113 112 112 111 110 109 108 107 107 108 108 109 109 109 109 109 109 109 109 109 110 108 108 108 108 109 109 109 109 109 109 109 109 109 109 109 109 109 109 109 109 109 109 110 110 110 110 110 110 110 110 111 111 111 111 111 111 111 111 112 112 111 111 111 111 111 111 111 112 112 112 112 112 112 112 112 112 113 112 113 113 113 113 113 113 112 112 112 112 113 113 113 113 113 113 114 114 114 114 114 114 114 114 114 114 114 114 114 114 115 115 115 115 116 116 116 116 116 116 116 116 117 117 118 118 118 117 117 117 117 117 117 117 117 118 118 118 118 118 118 118 118 118 118 118 118 118 118 118 119 119 119 118 118 119 119 119 119 120 119 119 119 119 119 119 119 119 119 119 119 119 119 120 120 121 121 121 121 121 121 121 122 122 121 121 121 122 121 121 121 121 121 122 122 122 122 123 123 123 123 124 124 124 124 124 124 124 125 124 124 124 124 124 124 124 123 123 123 124 124 125 125 125 125 125 126 126 126 126 127 127 127 127 128 128 128 128 128 128 129 129 129 130 131 132 131 131 131 131 131 131 131 132 132 132 132 132 132 132 132 132 132 133 132 132 132 133 133 133 133 134 0 0 0 0 0 0 0 0 0 0 0 0 0 0 0 0 0 0 0 0 0 0 0 0 0 0 0 0 0 0 0 0 0 0 0 0 0 0 0 0 0 0 0 0 0 0 0 0 0 0 0 0 0 0 0 0 0 0 0 0 0 
0 0 0 0 0 0 0 0 0 0 0 0 0 0 0 0 0 0 0 0 0 0 0 0 0 0 0 0 0 0 0 0 0 0 0 0 0 0 0 0 0 0 0 0 0 0 0 0 0 0 0 0 0 0 0 0 0 0 0 0 0 0 0 0 0 0 0 0 0 0 0 0 0 0 0 0 0 0 0 0 0 0 0 0 0 0 0 0 0 0 0 0 0 0 0 0 0 0 0 0 0 0 0 0 0 0 0 0 0 0 0 0 0 0 0 0 0 0 0 0 0 0 0 0 0 0 0 0 0 0 0 0 0 0 0 0 0 0 0 0 0 0 0 0 110 110 109 110 110 110 110 110 110 110 109 110 110 110 110 110 109 109 110 111 112 112 112 111 112 112 113 112 112 112 111 110 109 108 108 108 108 108 109 109 109 109 109 110 110 110 110 110 108 109 109 109 109 109 109 109 109 109 109 109 109 109 109 110 110 109 109 109 110 110 110 110 110 110 110 110 111 111 111 111 111 111 111 111 111 111 112 112 112 112 111 111 112 112 112 112 112 112 112 112 112 113 113 113 113 113 113 113 113 113 113 113 113 113 112 112 113 113 113 113 113 114 114 114 114 114 114 114 114 114 114 114 115 114 114 115 115 115 115 116 116 116 116 116 116 116 117 117 117 117 118 118 118 117 117 117 117 118 118 117 117 118 118 118 118 119 118 118 118 118 118 118 118 118 118 118 118 119 119 119 119 119 120 120 120 120 120 120 120 120 119 120 120 120 119 120 120 119 120 120 121 121 121 121 121 121 122 122 122 121 121 122 121 122 122 122 122 122 122 122 122 123 123 123 123 123 123 123 124 124 124 124 124 124 124 124 124 124 124 124 124 124 124 124 123 123 124 124 125 126 125 125 126 126 126 126 126 127 127 127 128 128 129 129 129 129 129 129 129 130 131 131 132 132 132 132 131 131 131 131 132 132 132 132 132 132 132 132 132 133 132 132 132 132 133 133 133 134 0 0 0 0 0 0 0 0 0 0 0 0 0 0 0 0 0 0 0 0 0 0 0 0 0 0 0 0 0 0 0 0 0 0 0 0 0 0 0 0 0 0 0 0 0 0 0 0 0 0 0 0 0 0 0 0 0 0 0 0 0 
0 0 0 0 0 0 0 0 0 0 0 0 0 0 0 0 0 0 0 0 0 0 0 0 0 0 0 0 0 0 0 0 0 0 0 0 0 0 0 0 0 0 0 0 0 0 0 0 0 0 0 0 0 0 0 0 0 0 0 0 0 0 0 0 0 0 0 0 0 0 0 0 0 0 0 0 0 0 0 0 0 0 0 0 0 0 0 0 0 0 0 0 0 0 0 0 0 0 0 0 0 0 0 0 0 0 0 0 0 0 0 0 0 0 0 0 0 0 0 0 0 0 0 0 0 0 0 0 0 0 0 0 0 0 0 0 0 0 0 0 0 0 0 0 0 110 110 110 110 111 111 110 110 110 110 110 110 110 110 109 109 110 110 111 112 112 111 111 111 112 111 112 112 111 110 110 110 109 108 108 108 109 109 109 109 109 110 110 110 110 110 110 109 109 109 109 109 109 109 109 109 109 109 110 110 110 110 109 109 110 110 110 110 110 110 111 111 111 111 111 111 111 111 111 111 111 111 111 112 112 112 112 112 112 112 112 112 112 112 112 112 112 112 112 113 113 113 113 113 113 113 113 113 113 113 114 113 113 113 113 113 113 113 113 113 114 114 114 114 114 114 114 114 115 115 115 115 115 115 115 115 115 115 115 116 116 116 116 116 116 117 117 117 118 118 118 118 118 117 117 118 118 118 118 118 118 118 118 119 119 119 119 119 119 119 119 119 119 119 119 119 119 119 119 120 120 120 120 120 120 120 120 120 120 120 120 120 120 120 120 120 120 120 120 120 121 121 121 121 121 122 122 122 122 122 122 122 122 122 122 122 122 122 122 122 122 122 123 123 123 123 124 124 124 124 124 124 124 124 124 124 124 124 124 124 124 124 124 124 124 124 125 125 126 126 126 126 126 126 126 126 127 127 127 127 128 128 129 129 129 130 130 130 130 131 132 131 132 132 132 132 131 131 132 132 132 133 133 132 132 132 132 132 133 133 132 132 133 133 133 0 0 0 0 0 0 0 0 0 0 0 0 0 0 0 0 0 0 0 0 0 0 0 0 0 0 0 0 0 0 0 0 0 0 0 0 0 0 0 0 0 0 0 0 0 0 0 0 0 0 0 0 0 0 0 0 0 0 0 0 0 0 0 
0 0 0 0 0 0 0 0 0 0 0 0 0 0 0 0 0 0 0 0 0 0 0 0 0 0 0 0 0 0 0 0 0 0 0 0 0 0 0 0 0 0 0 0 0 0 0 0 0 0 0 0 0 0 0 0 0 0 0 0 0 0 0 0 0 0 0 0 0 0 0 0 0 0 0 0 0 0 0 0 0 0 0 0 0 0 0 0 0 0 0 0 0 0 0 0 0 0 0 0 0 0 0 0 0 0 0 0 0 0 0 0 0 0 0 0 0 0 0 0 0 0 0 0 0 0 0 0 0 0 0 0 0 0 0 0 0 0 0 0 0 0 0 0 110 110 109 110 110 110 111 110 110 111 110 110 110 110 110 109 110 110 110 111 111 112 111 111 110 110 110 112 112 111 110 109 109 109 108 108 109 109 110 110 110 110 110 110 110 110 110 110 109 109 109 109 109 109 109 109 110 110 110 110 110 110 110 110 110 110 110 110 110 111 111 111 111 111 111 111 111 111 111 111 111 111 112 112 112 112 112 112 112 112 112 112 112 112 112 112 112 112 113 113 113 113 113 113 113 113 113 113 113 113 113 114 114 113 113 113 113 113 113 113 114 114 114 114 114 114 114 115 115 115 115 115 115 115 115 115 115 115 115 116 116 116 116 116 116 116 117 117 117 117 117 118 118 118 118 118 118 118 118 118 118 119 119 119 119 119 119 119 119 119 119 119 118 119 119 119 119 119 119 119 120 120 120 120 120 120 120 120 121 121 120 120 120 120 120 120 120 120 120 120 121 121 121 121 122 121 122 122 122 122 122 122 122 122 123 122 122 122 122 122 122 122 123 123 123 123 123 124 124 124 124 123 123 124 124 124 124 124 124 124 124 124 124 124 124 124 124 125 126 126 126 126 126 126 126 126 126 127 127 127 127 128 128 128 129 129 129 130 130 130 131 131 131 131 131 132 132 131 132 132 132 133 133 133 133 133 132 132 132 133 133 133 133 133 134 0 0 0 0 0 0 0 0 0 0 0 0 0 0 0 0 0 0 0 0 0 0 0 0 0 0 0 0 0 0 0 0 0 0 0 0 0 0 0 0 0 0 0 0 0 0 0 0 0 0 0 0 0 0 0 0 0 0 0 0 0 0 0 0 
0 0 0 0 0 0 0 0 0 0 0 0 0 0 0 0 0 0 0 0 0 0 0 0 0 0 0 0 0 0 0 0 0 0 0 0 0 0 0 0 0 0 0 0 0 0 0 0 0 0 0 0 0 0 0 0 0 0 0 0 0 0 0 0 0 0 0 0 0 0 0 0 0 0 0 0 0 0 0 0 0 0 0 0 0 0 0 0 0 0 0 0 0 0 0 0 0 0 0 0 0 0 0 0 0 0 0 0 0 0 0 0 0 0 0 0 0 0 0 0 0 0 0 0 0 0 0 0 0 0 0 0 0 0 0 0 0 0 0 0 0 0 0 0 0 0 110 110 110 110 109 111 111 111 110 110 109 110 109 109 110 110 110 110 111 111 112 112 110 110 110 111 112 110 109 109 109 108 108 109 109 110 110 110 110 110 110 110 110 110 110 111 109 109 109 110 110 110 110 110 110 110 110 110 110 110 110 110 110 110 110 111 111 111 111 111 111 111 111 111 111 111 111 111 111 112 112 112 112 112 112 112 112 112 112 112 113 112 112 112 113 113 113 113 113 113 113 113 113 113 113 113 113 113 113 114 114 114 114 113 113 113 114 114 114 114 114 114 114 115 115 115 115 115 115 115 115 115 115 115 115 115 116 116 116 116 116 116 116 116 116 117 117 117 117 118 118 118 118 118 118 118 118 118 118 119 119 119 118 119 119 119 119 118 119 119 118 118 119 119 119 120 119 119 120 120 120 120 121 120 120 120 121 121 121 121 120 120 120 121 120 120 120 121 121 121 121 121 122 121 122 122 123 123 123 123 123 123 123 123 122 122 122 122 123 123 123 123 123 123 123 124 124 124 124 125 124 123 124 124 124 124 124 124 124 124 124 124 124 124 125 125 126 126 126 126 126 126 126 126 126 127 127 127 128 128 128 128 128 129 129 129 129 130 131 130 130 131 131 132 132 132 132 132 132 133 133 133 133 133 133 133 133 134 134 134 134 134 134 0 0 0 0 0 0 0 0 0 0 0 0 0 0 0 0 0 0 0 0 0 0 0 0 0 0 0 0 0 0 0 0 0 0 0 0 0 0 0 0 0 0 0 0 0 0 0 0 0 0 0 0 0 0 0 0 0 0 0 0 0 0 0 0 
0 0 0 0 0 0 0 0 0 0 0 0 0 0 0 0 0 0 0 0 0 0 0 0 0 0 0 0 0 0 0 0 0 0 0 0 0 0 0 0 0 0 0 0 0 0 0 0 0 0 0 0 0 0 0 0 0 0 0 0 0 0 0 0 0 0 0 0 0 0 0 0 0 0 0 0 0 0 0 0 0 0 0 0 0 0 0 0 0 0 0 0 0 0 0 0 0 0 0 0 0 0 0 0 0 0 0 0 0 0 0 0 0 0 0 0 0 0 0 0 0 0 0 0 0 0 0 0 0 0 0 0 0 0 0 0 0 0 0 0 0 0 0 0 0 0 0 111 111 111 109 109 110 110 109 109 109 110 109 109 109 109 109 110 110 110 111 112 112 112 111 109 110 109 109 109 109 109 109 109 110 110 110 110 110 110 110 111 111 111 111 111 110 110 110 110 110 110 110 110 110 110 110 110 110 110 110 110 111 111 111 111 111 111 111 111 111 111 111 111 112 112 112 112 112 112 112 112 112 112 112 112 112 113 113 113 113 113 113 113 113 113 113 113 113 113 113 113 113 113 113 114 113 113 114 114 114 114 114 114 114 114 114 114 114 114 114 114 115 115 115 115 115 115 115 115 115 115 115 116 116 116 116 116 116 116 116 117 117 116 116 116 117 117 117 117 118 118 118 118 118 119 119 119 119 118 118 118 118 118 119 119 119 118 119 119 119 118 119 119 119 119 120 119 120 120 120 120 121 121 120 120 121 121 121 121 121 121 121 121 120 121 121 121 122 122 122 122 122 122 122 122 123 122 123 123 123 123 123 123 122 122 123 123 123 123 123 123 123 123 124 124 124 124 125 125 124 124 124 124 124 125 125 124 124 125 125 125 125 124 125 125 126 126 126 126 126 126 127 127 127 127 127 127 127 128 127 127 128 128 128 128 129 130 130 131 130 131 131 132 132 132 132 132 133 133 133 133 133 134 134 134 134 134 134 134 135 135 135 0 0 0 0 0 0 0 0 0 0 0 0 0 0 0 0 0 0 0 0 0 0 0 0 0 0 0 0 0 0 0 0 0 0 0 0 0 0 0 0 0 0 0 0 0 0 0 0 0 0 0 0 0 0 0 0 0 0 0 0 0 0 0 0 
0 0 0 0 0 0 0 0 0 0 0 0 0 0 0 0 0 0 0 0 0 0 0 0 0 0 0 0 0 0 0 0 0 0 0 0 0 0 0 0 0 0 0 0 0 0 0 0 0 0 0 0 0 0 0 0 0 0 0 0 0 0 0 0 0 0 0 0 0 0 0 0 0 0 0 0 0 0 0 0 0 0 0 0 0 0 0 0 0 0 0 0 0 0 0 0 0 0 0 0 0 0 0 0 0 0 0 0 0 0 0 0 0 0 0 0 0 0 0 0 0 0 0 0 0 0 0 0 0 0 0 0 0 0 0 0 0 0 0 0 0 0 0 0 0 0 0 0 110 110 109 109 110 109 110 110 111 111 110 111 110 109 109 109 109 110 111 112 113 113 111 111 110 110 110 110 110 110 110 109 110 110 110 110 111 111 111 111 111 111 111 111 110 110 110 110 110 110 110 110 110 110 110 110 110 110 111 111 111 111 111 111 111 111 111 111 112 111 111 112 112 112 112 112 112 112 112 112 112 112 112 112 112 113 113 113 113 113 113 113 113 113 113 113 113 114 113 114 114 114 114 114 114 114 114 114 114 114 114 114 114 114 114 114 114 114 114 114 115 115 115 115 115 115 115 115 115 116 116 116 116 116 116 116 116 116 116 116 117 117 117 117 118 117 117 117 118 118 118 118 119 119 119 119 119 118 118 118 118 118 118 118 118 119 118 119 118 119 119 119 119 119 120 120 120 120 120 120 121 121 121 121 120 120 121 121 121 121 121 121 121 121 122 122 122 122 122 122 123 123 123 122 122 122 122 122 122 122 122 122 122 123 123 123 123 123 123 123 124 124 124 124 124 124 124 124 124 125 124 124 124 124 125 125 125 125 125 125 125 125 125 125 126 126 127 126 127 127 127 127 127 127 127 127 127 127 128 128 128 129 129 129 129 129 130 131 130 131 132 132 132 132 132 132 133 133 133 134 134 134 134 134 134 134 134 134 135 0 0 0 0 0 0 0 0 0 0 0 0 0 0 0 0 0 0 0 0 0 0 0 0 0 0 0 0 0 0 0 0 0 0 0 0 0 0 0 0 0 0 0 0 0 0 0 0 0 0 0 0 0 0 0 0 0 0 0 0 0 0 0 0 0 0 
0 0 0 0 0 0 0 0 0 0 0 0 0 0 0 0 0 0 0 0 0 0 0 0 0 0 0 0 0 0 0 0 0 0 0 0 0 0 0 0 0 0 0 0 0 0 0 0 0 0 0 0 0 0 0 0 0 0 0 0 0 0 0 0 0 0 0 0 0 0 0 0 0 0 0 0 0 0 0 0 0 0 0 0 0 0 0 0 0 0 0 0 0 0 0 0 0 0 0 0 0 0 0 0 0 0 0 0 0 0 0 0 0 0 0 0 0 0 0 0 0 0 0 0 0 0 0 0 0 0 0 0 0 0 0 0 0 0 0 0 0 0 0 0 0 0 0 0 0 0 0 0 111 110 111 111 112 112 113 113 111 111 111 109 109 111 111 111 112 111 111 111 110 110 110 110 110 110 110 110 110 110 111 111 111 111 111 111 111 111 111 111 110 110 110 110 110 110 110 110 110 110 111 111 111 111 111 111 111 111 111 111 111 111 111 111 112 112 112 112 112 112 112 112 112 112 112 112 112 112 112 113 113 113 113 113 113 113 113 113 113 113 113 113 113 114 114 114 114 114 114 114 114 114 114 114 114 114 114 114 114 114 114 115 115 115 115 115 115 115 115 115 115 115 115 116 116 116 116 116 116 116 116 116 116 116 116 116 117 117 118 118 118 118 118 118 118 118 118 118 118 119 119 119 119 119 118 118 118 118 118 118 119 119 119 119 119 119 119 119 119 119 120 120 120 120 120 120 120 120 121 121 121 121 120 121 121 121 121 121 121 122 122 122 122 122 122 122 122 122 123 123 122 123 123 123 123 123 123 123 123 123 123 123 123 123 123 123 124 124 124 124 124 124 124 124 125 125 125 125 124 124 124 124 125 125 125 125 125 125 125 125 126 127 127 127 127 127 127 127 127 127 127 127 127 128 128 128 128 129 129 130 130 130 129 130 131 131 132 132 132 132 132 132 133 133 133 134 134 134 134 134 134 134 135 135 135 135 136 0 0 0 0 0 0 0 0 0 0 0 0 0 0 0 0 0 0 0 0 0 0 0 0 0 0 0 0 0 0 0 0 0 0 0 0 0 0 0 0 0 0 0 0 0 0 0 0 0 0 0 0 0 0 0 0 0 0 0 0 0 0 0 0 
0 0 0 0 0 0 0 0 0 0 0 0 0 0 0 0 0 0 0 0 0 0 0 0 0 0 0 0 0 0 0 0 0 0 0 0 0 0 0 0 0 0 0 0 0 0 0 0 0 0 0 0 0 0 0 0 0 0 0 0 0 0 0 0 0 0 0 0 0 0 0 0 0 0 0 0 0 0 0 0 0 0 0 0 0 0 0 0 0 0 0 0 0 0 0 0 0 0 0 0 0 0 0 0 0 0 0 0 0 0 0 0 0 0 0 0 0 0 0 0 0 0 0 0 0 0 0 0 0 0 0 0 0 0 0 0 0 0 0 0 0 0 0 0 0 0 0 0 0 0 0 0 112 112 112 113 113 114 114 114 112 113 113 113 109 109 109 110 111 110 111 110 109 109 109 110 110 110 110 110 110 111 111 111 111 111 111 111 111 111 111 111 110 110 110 110 110 110 110 110 110 111 111 111 111 111 111 111 111 111 111 111 112 112 112 112 112 112 112 112 112 112 112 112 112 112 113 113 112 113 113 113 113 113 113 113 113 113 113 113 113 114 114 114 114 114 114 114 114 114 114 114 114 114 114 114 114 114 114 114 114 114 115 115 115 115 115 115 115 115 115 115 115 116 116 116 116 116 116 116 116 116 116 116 116 116 116 117 117 117 118 117 118 118 118 118 118 118 118 118 118 119 119 119 119 118 119 119 119 119 119 119 119 119 119 119 119 119 119 119 120 119 120 120 120 120 120 120 120 121 121 121 121 121 121 121 121 121 121 122 122 122 123 123 122 122 122 122 123 123 122 123 122 122 123 123 123 123 123 123 123 123 123 123 123 123 124 123 124 124 124 124 124 124 124 124 125 125 124 125 125 125 125 125 125 125 125 125 125 125 125 126 127 127 127 127 127 127 127 127 127 127 127 128 128 128 128 129 130 130 130 131 131 130 130 131 130 131 132 132 132 132 132 133 133 133 134 134 134 135 134 134 134 135 135 135 135 135 136 0 0 0 0 0 0 0 0 0 0 0 0 0 0 0 0 0 0 0 0 0 0 0 0 0 0 0 0 0 0 0 0 0 0 0 0 0 0 0 0 0 0 0 0 0 0 0 0 0 0 0 0 0 0 0 0 0 0 0 0 0 0 0 0 
0 0 0 0 0 0 0 0 0 0 0 0 0 0 0 0 0 0 0 0 0 0 0 0 0 0 0 0 0 0 0 0 0 0 0 0 0 0 0 0 0 0 0 0 0 0 0 0 0 0 0 0 0 0 0 0 0 0 0 0 0 0 0 0 0 0 0 0 0 0 0 0 0 0 0 0 0 0 0 0 0 0 0 0 0 0 0 0 0 0 0 0 0 0 0 0 0 0 0 0 0 0 0 0 0 0 0 0 0 0 0 0 0 0 0 0 0 0 0 0 0 0 0 0 0 0 0 0 0 0 0 0 0 0 0 0 0 0 0 0 0 0 0 0 0 0 0 0 0 0 0 0 0 0 114 115 115 115 115 115 114 114 114 114 113 112 109 109 110 109 109 109 109 109 109 110 110 110 110 111 111 111 111 111 111 111 111 111 112 112 112 112 110 110 110 111 111 111 111 111 111 111 111 111 111 111 111 111 111 111 111 112 112 112 112 112 112 112 112 112 112 112 112 112 112 112 113 113 112 113 113 113 113 114 114 113 113 113 113 113 113 114 114 114 114 114 114 114 114 114 114 114 114 114 114 114 114 115 115 114 114 115 115 115 115 115 115 115 115 115 115 116 116 116 116 116 116 116 116 116 116 116 116 116 116 117 117 117 117 118 118 118 118 118 118 118 118 118 118 118 119 119 119 119 119 119 120 120 120 119 119 120 119 120 120 120 119 119 119 119 119 119 120 121 120 120 120 120 120 121 121 121 122 122 121 121 121 121 121 122 122 123 122 123 122 122 122 122 122 122 122 123 123 123 123 123 124 124 124 123 123 123 124 124 124 124 124 123 124 124 124 124 125 124 124 124 124 124 125 125 125 125 125 125 125 125 125 125 125 126 126 126 127 127 127 127 127 127 127 127 127 127 127 128 129 129 129 129 129 130 130 131 131 131 131 131 131 131 132 132 132 133 133 133 133 134 134 134 134 134 134 134 135 135 135 135 135 136 0 0 0 0 0 0 0 0 0 0 0 0 0 0 0 0 0 0 0 0 0 0 0 0 0 0 0 0 0 0 0 0 0 0 0 0 0 0 0 0 0 0 0 0 0 0 0 0 0 0 0 0 0 0 0 0 0 0 0 0 0 0 0 0 0 
0 0 0 0 0 0 0 0 0 0 0 0 0 0 0 0 0 0 0 0 0 0 0 0 0 0 0 0 0 0 0 0 0 0 0 0 0 0 0 0 0 0 0 0 0 0 0 0 0 0 0 0 0 0 0 0 0 0 0 0 0 0 0 0 0 0 0 0 0 0 0 0 0 0 0 0 0 0 0 0 0 0 0 0 0 0 0 0 0 0 0 0 0 0 0 0 0 0 0 0 0 0 0 0 0 0 0 0 0 0 0 0 0 0 0 0 0 0 0 0 0 0 0 0 0 0 0 0 0 0 0 0 0 0 0 0 0 0 0 0 0 0 0 0 0 0 0 0 0 0 0 0 0 0 0 115 115 115 115 115 114 114 114 114 113 112 112 111 110 110 111 110 109 110 110 110 110 110 111 111 111 111 111 111 112 112 112 112 112 112 112 112 111 111 111 111 111 111 111 111 111 111 111 111 111 111 111 111 112 112 112 112 112 112 112 112 112 112 112 112 112 112 112 112 113 113 113 113 113 113 113 113 113 114 114 114 114 114 114 114 114 114 114 114 114 114 114 114 114 114 114 114 115 114 114 114 115 115 115 115 114 114 115 115 115 115 115 115 115 116 116 116 116 116 116 116 116 116 116 116 116 117 117 117 117 117 117 117 117 118 118 118 119 118 118 118 118 118 118 118 119 119 119 119 119 119 120 120 120 120 120 120 119 120 119 119 119 120 120 119 119 119 120 121 120 120 120 120 120 121 121 121 121 122 122 122 122 122 121 121 122 122 122 122 122 122 122 123 123 122 123 123 123 123 124 124 124 124 125 124 124 124 124 124 124 124 124 124 124 125 125 125 125 124 124 124 124 124 124 124 125 125 125 126 125 125 125 125 125 126 126 126 127 127 127 127 127 127 128 128 128 128 128 128 129 130 130 130 130 130 130 131 132 132 132 131 131 131 132 132 133 133 133 133 134 134 134 134 134 134 134 134 135 135 135 135 135 0 0 0 0 0 0 0 0 0 0 0 0 0 0 0 0 0 0 0 0 0 0 0 0 0 0 0 0 0 0 0 0 0 0 0 0 0 0 0 0 0 0 0 0 0 0 0 0 0 0 0 0 0 0 0 0 0 0 0 0 0 0 0 0 0 0 
0 0 0 0 0 0 0 0 0 0 0 0 0 0 0 0 0 0 0 0 0 0 0 0 0 0 0 0 0 0 0 0 0 0 0 0 0 0 0 0 0 0 0 0 0 0 0 0 0 0 0 0 0 0 0 0 0 0 0 0 0 0 0 0 0 0 0 0 0 0 0 0 0 0 0 0 0 0 0 0 0 0 0 0 0 0 0 0 0 0 0 0 0 0 0 0 0 0 0 0 0 0 0 0 0 0 0 0 0 0 0 0 0 0 0 0 0 0 0 0 0 0 0 0 0 0 0 0 0 0 0 0 0 0 0 0 0 0 0 0 0 0 0 0 0 0 0 0 0 0 0 0 0 0 114 114 114 114 114 114 114 114 114 113 112 112 112 112 113 114 113 111 110 111 111 110 110 111 111 111 111 111 112 112 112 112 112 112 112 112 112 112 111 111 111 111 111 111 111 111 111 112 112 111 111 111 111 112 112 112 112 112 112 112 112 112 112 112 112 112 113 112 113 113 113 113 113 113 113 113 113 113 114 114 114 114 114 114 114 114 114 114 114 114 114 114 115 114 115 115 115 115 115 115 115 115 115 115 116 115 115 115 115 115 115 115 116 116 116 116 116 116 116 116 116 116 116 116 117 117 117 117 117 117 117 117 117 117 117 118 118 118 118 118 118 118 119 119 119 119 119 119 119 119 119 119 119 119 119 120 120 120 120 119 119 119 119 120 120 120 120 120 120 121 120 120 121 120 120 121 121 121 121 121 122 122 122 122 121 121 122 122 122 122 122 122 123 123 123 123 123 123 123 123 124 124 124 125 125 125 125 125 124 124 124 124 124 124 124 124 125 125 126 125 124 125 125 124 125 124 124 125 125 125 126 125 125 125 126 126 126 126 127 127 127 127 128 128 128 129 128 129 129 128 129 129 130 131 131 131 131 131 132 133 133 132 132 131 132 133 133 134 134 134 134 134 133 134 134 134 134 134 135 135 134 135 136 0 0 0 0 0 0 0 0 0 0 0 0 0 0 0 0 0 0 0 0 0 0 0 0 0 0 0 0 0 0 0 0 0 0 0 0 0 0 0 0 0 0 0 0 0 0 0 0 0 0 0 0 0 0 0 0 0 0 0 0 0 0 0 0 0 0 
0 0 0 0 0 0 0 0 0 0 0 0 0 0 0 0 0 0 0 0 0 0 0 0 0 0 0 0 0 0 0 0 0 0 0 0 0 0 0 0 0 0 0 0 0 0 0 0 0 0 0 0 0 0 0 0 0 0 0 0 0 0 0 0 0 0 0 0 0 0 0 0 0 0 0 0 0 0 0 0 0 0 0 0 0 0 0 0 0 0 0 0 0 0 0 0 0 0 0 0 0 0 0 0 0 0 0 0 0 0 0 0 0 0 0 0 0 0 0 0 0 0 0 0 0 0 0 0 0 0 0 0 0 0 0 0 0 0 0 0 0 0 0 0 0 0 0 0 0 0 0 0 0 115 113 113 113 113 113 114 114 114 114 114 114 114 114 115 115 114 113 112 111 111 111 110 110 111 111 111 112 112 112 112 112 112 112 112 112 112 112 112 111 111 111 111 111 111 111 112 112 112 112 112 112 112 112 112 112 112 112 112 112 112 112 112 112 113 112 112 113 113 113 113 113 113 113 113 113 113 113 114 114 114 114 114 114 114 114 115 114 114 114 114 114 115 115 115 115 115 115 115 115 115 115 115 115 116 116 116 115 115 115 115 115 116 116 116 116 116 116 116 116 117 117 117 117 117 117 117 117 117 117 117 117 117 117 118 118 118 118 118 118 118 118 119 119 119 119 119 119 119 119 120 120 120 119 119 119 119 119 119 119 119 119 119 120 120 120 120 120 120 120 120 120 120 120 120 120 121 121 121 121 121 122 122 122 122 121 121 122 122 122 122 122 123 123 123 123 123 123 123 123 124 124 125 125 125 125 125 125 125 125 125 125 125 124 124 124 125 125 126 126 125 125 125 125 125 125 125 125 125 125 125 125 125 125 125 126 126 126 126 127 127 127 127 128 128 129 129 130 130 130 129 129 129 130 131 132 132 132 132 132 133 133 132 132 131 132 132 133 134 134 134 134 134 133 133 134 134 134 134 135 134 135 135 136 136 0 0 0 0 0 0 0 0 0 0 0 0 0 0 0 0 0 0 0 0 0 0 0 0 0 0 0 0 0 0 0 0 0 0 0 0 0 0 0 0 0 0 0 0 0 0 0 0 0 0 0 0 0 0 0 0 0 0 0 0 0 0 0 0 0 
0 0 0 0 0 0 0 0 0 0 0 0 0 0 0 0 0 0 0 0 0 0 0 0 0 0 0 0 0 0 0 0 0 0 0 0 0 0 0 0 0 0 0 0 0 0 0 0 0 0 0 0 0 0 0 0 0 0 0 0 0 0 0 0 0 0 0 0 0 0 0 0 0 0 0 0 0 0 0 0 0 0 0 0 0 0 0 0 0 0 0 0 0 0 0 0 0 0 0 0 0 0 0 0 0 0 0 0 0 0 0 0 0 0 0 0 0 0 0 0 0 0 0 0 0 0 0 0 0 0 0 0 0 0 0 0 0 0 0 0 0 0 0 0 0 0 0 0 0 0 0 0 0 114 114 114 114 113 113 113 115 114 115 116 116 115 115 116 115 114 113 112 111 111 110 110 111 111 111 112 112 112 112 112 112 112 112 112 112 112 112 113 111 111 111 111 111 111 112 112 112 112 112 112 112 112 112 112 112 112 112 112 112 112 112 113 112 113 113 113 113 113 113 113 113 113 113 113 113 113 114 114 114 114 114 114 115 114 114 114 114 114 114 114 114 115 115 115 115 115 115 115 115 115 115 115 116 116 116 116 116 116 115 115 115 116 116 116 116 116 116 117 117 117 117 117 117 117 117 117 117 117 117 117 118 118 118 118 118 118 118 117 118 118 118 118 119 120 119 119 119 119 119 120 120 120 120 119 119 120 120 119 119 119 120 120 121 121 121 120 121 120 121 121 120 121 121 120 120 121 121 121 121 121 121 122 122 122 122 121 121 122 122 122 123 123 123 123 123 123 123 123 124 124 125 125 125 125 125 125 125 125 125 125 124 124 124 124 124 125 126 126 126 125 126 126 126 126 126 125 125 125 126 125 125 125 125 125 126 126 126 126 127 127 128 127 127 127 128 129 129 130 131 130 130 129 131 131 131 132 132 132 133 133 133 133 132 132 132 133 133 134 134 134 134 134 134 134 134 134 134 135 135 135 135 135 136 0 0 0 0 0 0 0 0 0 0 0 0 0 0 0 0 0 0 0 0 0 0 0 0 0 0 0 0 0 0 0 0 0 0 0 0 0 0 0 0 0 0 0 0 0 0 0 0 0 0 0 0 0 0 0 0 0 0 0 0 0 0 0 0 0 0 
0 0 0 0 0 0 0 0 0 0 0 0 0 0 0 0 0 0 0 0 0 0 0 0 0 0 0 0 0 0 0 0 0 0 0 0 0 0 0 0 0 0 0 0 0 0 0 0 0 0 0 0 0 0 0 0 0 0 0 0 0 0 0 0 0 0 0 0 0 0 0 0 0 0 0 0 0 0 0 0 0 0 0 0 0 0 0 0 0 0 0 0 0 0 0 0 0 0 0 0 0 0 0 0 0 0 0 0 0 0 0 0 0 0 0 0 0 0 0 0 0 0 0 0 0 0 0 0 0 0 0 0 0 0 0 0 0 0 0 0 0 0 0 0 0 0 0 0 0 0 0 115 114 115 116 116 115 114 114 113 114 115 115 115 115 115 116 116 115 114 113 114 113 112 111 110 111 111 112 112 112 112 112 112 112 112 112 112 113 113 113 113 111 111 111 112 112 112 112 112 112 112 112 112 112 112 112 112 112 112 112 112 112 112 113 113 113 113 113 113 113 113 113 113 113 113 113 113 114 114 114 114 114 114 114 114 114 114 114 115 115 115 114 114 115 115 115 115 115 115 115 115 116 116 116 116 116 116 116 116 116 116 116 116 116 116 116 116 116 117 117 117 117 117 117 117 117 117 117 117 117 117 118 118 118 118 118 118 118 118 118 118 119 118 119 119 119 119 120 119 119 119 120 120 120 120 120 120 120 121 120 120 120 120 121 121 121 121 121 120 120 121 121 121 121 121 121 120 120 121 121 121 121 121 122 122 122 121 121 121 121 122 122 122 122 123 123 123 124 123 123 124 124 124 124 124 125 125 125 125 125 125 125 125 125 125 124 125 125 125 126 126 125 125 125 125 125 125 126 126 125 125 125 125 125 125 125 126 126 126 126 126 127 127 128 128 129 129 128 128 129 129 130 131 131 130 130 130 131 131 131 132 132 133 133 133 133 132 133 133 134 134 134 134 134 134 134 135 135 134 134 135 135 135 135 135 136 0 0 0 0 0 0 0 0 0 0 0 0 0 0 0 0 0 0 0 0 0 0 0 0 0 0 0 0 0 0 0 0 0 0 0 0 0 0 0 0 0 0 0 0 0 0 0 0 0 0 0 0 0 0 0 0 0 0 0 0 0 0 0 0 0 0 
0 0 0 0 0 0 0 0 0 0 0 0 0 0 0 0 0 0 0 0 0 0 0 0 0 0 0 0 0 0 0 0 0 0 0 0 0 0 0 0 0 0 0 0 0 0 0 0 0 0 0 0 0 0 0 0 0 0 0 0 0 0 0 0 0 0 0 0 0 0 0 0 0 0 0 0 0 0 0 0 0 0 0 0 0 0 0 0 0 0 0 0 0 0 0 0 0 0 0 0 0 0 0 0 0 0 0 0 0 0 0 0 0 0 0 0 0 0 0 0 0 0 0 0 0 0 0 0 0 0 0 0 0 0 0 0 0 0 0 0 0 0 0 0 0 0 0 0 0 0 0 115 115 116 116 115 115 115 114 113 113 114 115 114 114 114 115 116 115 115 115 115 114 113 111 111 111 111 112 112 112 112 113 113 113 113 113 113 113 113 113 113 112 112 112 112 112 112 112 112 112 112 112 112 112 113 113 113 112 113 113 113 113 113 113 113 113 113 114 113 113 113 114 114 113 113 113 114 114 114 114 114 114 114 114 114 114 115 115 115 115 115 115 115 115 115 115 115 116 116 116 116 116 116 116 116 116 116 116 116 116 116 116 116 116 116 116 117 117 117 117 117 117 117 117 117 117 117 117 118 118 118 118 118 118 118 118 118 118 118 118 119 119 119 119 119 119 119 119 119 119 119 120 120 120 120 120 120 120 121 121 121 121 121 121 121 121 121 121 121 121 121 121 121 122 121 121 120 120 121 121 121 121 121 121 122 121 121 122 122 122 122 122 122 123 123 123 123 124 124 124 124 125 124 124 124 124 125 125 124 125 126 126 126 126 125 125 125 126 126 126 125 125 124 124 125 125 125 125 126 126 125 125 125 125 125 126 126 126 126 126 126 128 128 128 129 130 130 129 129 130 130 131 131 132 131 131 131 131 131 131 132 132 133 133 134 133 133 134 134 134 134 134 134 134 134 135 135 135 134 135 135 135 135 135 136 0 0 0 0 0 0 0 0 0 0 0 0 0 0 0 0 0 0 0 0 0 0 0 0 0 0 0 0 0 0 0 0 0 0 0 0 0 0 0 0 0 0 0 0 0 0 0 0 0 0 0 0 0 0 0 0 0 0 0 0 0 0 0 0 0 0 0 
0 0 0 0 0 0 0 0 0 0 0 0 0 0 0 0 0 0 0 0 0 0 0 0 0 0 0 0 0 0 0 0 0 0 0 0 0 0 0 0 0 0 0 0 0 0 0 0 0 0 0 0 0 0 0 0 0 0 0 0 0 0 0 0 0 0 0 0 0 0 0 0 0 0 0 0 0 0 0 0 0 0 0 0 0 0 0 0 0 0 0 0 0 0 0 0 0 0 0 0 0 0 0 0 0 0 0 0 0 0 0 0 0 0 0 0 0 0 0 0 0 0 0 0 0 0 0 0 0 0 0 0 0 0 0 0 0 0 0 0 0 0 0 0 0 0 0 0 0 0 0 116 116 116 115 114 114 115 115 114 113 114 114 114 114 113 115 116 117 117 116 115 114 113 112 111 111 111 112 112 113 113 113 113 113 113 113 113 113 113 113 113 112 112 112 112 112 112 112 112 112 112 112 112 112 113 113 113 113 113 113 113 113 113 113 113 113 114 114 114 114 114 114 114 114 114 114 114 114 115 114 114 114 114 114 115 115 115 115 115 115 115 116 115 115 115 115 116 116 116 116 116 116 116 116 116 116 116 116 117 117 116 116 116 116 116 117 117 117 117 117 117 117 117 117 118 118 118 118 118 118 118 118 118 118 118 118 118 118 118 118 119 120 119 119 120 120 120 120 120 120 120 120 120 121 121 120 120 120 121 121 121 121 121 121 121 121 121 121 121 121 121 121 122 121 121 121 121 120 121 121 121 121 121 122 122 122 122 122 122 122 122 122 122 123 123 124 124 124 124 125 124 125 124 125 124 124 124 124 125 125 125 125 126 126 126 125 125 126 126 126 125 125 125 124 124 125 124 125 126 126 125 125 125 125 125 126 126 126 127 126 127 128 128 129 129 129 130 130 130 129 130 130 131 131 132 132 132 132 131 132 132 132 133 134 134 134 134 135 135 134 135 135 134 134 134 135 135 135 135 135 135 135 135 135 136 0 0 0 0 0 0 0 0 0 0 0 0 0 0 0 0 0 0 0 0 0 0 0 0 0 0 0 0 0 0 0 0 0 0 0 0 0 0 0 0 0 0 0 0 0 0 0 0 0 0 0 0 0 0 0 0 0 0 0 0 0 0 0 0 0 0 0 
0 0 0 0 0 0 0 0 0 0 0 0 0 0 0 0 0 0 0 0 0 0 0 0 0 0 0 0 0 0 0 0 0 0 0 0 0 0 0 0 0 0 0 0 0 0 0 0 0 0 0 0 0 0 0 0 0 0 0 0 0 0 0 0 0 0 0 0 0 0 0 0 0 0 0 0 0 0 0 0 0 0 0 0 0 0 0 0 0 0 0 0 0 0 0 0 0 0 0 0 0 0 0 0 0 0 0 0 0 0 0 0 0 0 0 0 0 0 0 0 0 0 0 0 0 0 0 0 0 0 0 0 0 0 0 0 0 0 0 0 0 0 0 0 0 0 0 0 0 0 0 0 116 115 115 115 115 114 114 113 114 114 113 113 113 114 115 115 116 117 116 115 114 113 113 112 111 112 112 112 113 113 113 113 113 113 113 113 113 113 113 113 112 112 112 112 112 112 113 113 113 113 113 113 113 113 113 113 113 113 113 113 113 113 113 113 114 114 114 114 114 114 114 114 114 114 114 114 115 115 115 115 115 115 115 115 115 115 115 115 115 115 116 115 115 115 115 116 116 116 116 116 116 116 116 116 117 116 116 117 116 116 116 116 117 117 117 117 117 117 117 117 118 118 118 118 118 118 118 118 118 118 118 118 118 118 118 118 118 118 118 119 120 120 120 120 120 120 121 120 120 120 120 120 121 121 120 120 120 121 121 121 121 121 121 121 121 121 121 121 121 122 122 122 121 121 121 121 121 121 121 121 122 122 122 122 122 122 122 122 122 122 122 123 123 123 123 124 124 124 125 124 124 124 124 124 125 125 125 125 126 125 126 126 126 126 125 125 126 126 126 126 125 125 125 125 125 125 125 125 125 125 125 125 126 126 126 126 126 126 127 127 128 128 129 130 130 130 131 131 130 130 130 131 132 132 132 132 132 132 132 132 133 133 134 134 134 134 134 134 135 134 134 134 135 134 135 135 135 135 135 134 135 135 136 136 0 0 0 0 0 0 0 0 0 0 0 0 0 0 0 0 0 0 0 0 0 0 0 0 0 0 0 0 0 0 0 0 0 0 0 0 0 0 0 0 0 0 0 0 0 0 0 0 0 0 0 0 0 0 0 0 0 0 0 0 0 0 0 0 0 0 0 
0 0 0 0 0 0 0 0 0 0 0 0 0 0 0 0 0 0 0 0 0 0 0 0 0 0 0 0 0 0 0 0 0 0 0 0 0 0 0 0 0 0 0 0 0 0 0 0 0 0 0 0 0 0 0 0 0 0 0 0 0 0 0 0 0 0 0 0 0 0 0 0 0 0 0 0 0 0 0 0 0 0 0 0 0 0 0 0 0 0 0 0 0 0 0 0 0 0 0 0 0 0 0 0 0 0 0 0 0 0 0 0 0 0 0 0 0 0 0 0 0 0 0 0 0 0 0 0 0 0 0 0 0 0 0 0 0 0 0 0 0 0 0 0 0 0 0 0 0 0 0 0 117 116 116 117 116 115 115 115 115 114 113 113 113 113 114 114 115 116 115 114 114 113 113 112 112 112 112 113 113 113 113 113 113 113 113 114 114 114 114 114 113 113 113 113 113 113 113 113 113 113 113 113 113 113 113 113 113 113 113 113 113 113 113 114 114 114 114 115 115 115 115 115 115 115 115 115 115 115 115 115 115 115 115 115 115 116 116 115 115 116 116 116 115 115 116 116 116 116 116 116 116 116 116 116 117 117 117 117 117 116 116 116 117 117 117 117 117 118 118 118 118 118 118 118 118 118 118 118 118 118 118 118 119 119 119 119 119 119 119 119 120 120 120 120 120 120 121 121 121 120 120 120 121 121 121 121 121 121 121 121 121 121 121 121 121 121 121 121 121 122 122 122 121 121 121 121 121 121 121 121 122 122 122 122 122 122 122 122 122 122 122 123 123 123 123 124 124 124 124 124 124 124 124 125 125 125 126 126 126 126 126 126 126 126 126 125 125 126 126 126 126 125 125 125 125 125 125 125 125 125 125 126 126 126 126 126 126 127 127 127 128 129 129 130 130 131 131 131 131 130 130 131 131 131 132 132 132 133 132 133 134 134 134 134 134 134 134 133 133 133 133 134 134 134 135 135 135 135 135 134 135 135 136 0 0 0 0 0 0 0 0 0 0 0 0 0 0 0 0 0 0 0 0 0 0 0 0 0 0 0 0 0 0 0 0 0 0 0 0 0 0 0 0 0 0 0 0 0 0 0 0 0 0 0 0 0 0 0 0 0 0 0 0 0 0 0 0 0 0 0 0 
0 0 0 0 0 0 0 0 0 0 0 0 0 0 0 0 0 0 0 0 0 0 0 0 0 0 0 0 0 0 0 0 0 0 0 0 0 0 0 0 0 0 0 0 0 0 0 0 0 0 0 0 0 0 0 0 0 0 0 0 0 0 0 0 0 0 0 0 0 0 0 0 0 0 0 0 0 0 0 0 0 0 0 0 0 0 0 0 0 0 0 0 0 0 0 0 0 0 0 0 0 0 0 0 0 0 0 0 0 0 0 0 0 0 0 0 0 0 0 0 0 0 0 0 0 0 0 0 0 0 0 0 0 0 0 0 0 0 0 0 0 0 0 0 0 0 0 0 0 0 0 0 0 117 117 117 116 115 114 114 114 114 114 115 114 113 113 114 114 115 116 114 113 112 112 112 112 112 113 113 113 113 113 114 114 114 114 114 114 114 114 114 113 113 113 113 113 113 113 113 113 113 113 113 113 113 113 113 113 113 113 113 113 114 114 114 114 114 114 115 115 115 115 115 115 115 115 115 115 115 115 115 115 115 115 116 116 116 116 116 115 116 116 116 115 116 116 116 116 116 116 117 117 117 117 117 117 117 117 117 117 117 116 116 117 117 117 118 118 118 118 118 118 118 118 118 118 118 118 118 118 118 119 119 119 119 119 119 119 119 119 119 120 120 120 121 121 121 121 121 121 121 120 120 121 121 121 121 121 121 121 122 122 121 121 121 121 122 122 121 122 122 122 122 122 121 121 121 122 122 122 122 122 122 122 122 123 122 122 122 122 123 123 123 123 123 123 123 123 123 124 124 124 124 124 125 125 126 126 126 126 126 125 126 126 125 125 126 125 126 126 125 125 125 125 125 125 125 125 125 125 125 126 126 126 126 126 126 126 126 126 127 128 129 129 129 130 131 131 131 132 131 131 131 131 132 132 132 133 133 133 134 134 134 134 134 134 134 133 134 133 133 133 133 133 134 135 135 135 135 134 134 135 135 136 0 0 0 0 0 0 0 0 0 0 0 0 0 0 0 0 0 0 0 0 0 0 0 0 0 0 0 0 0 0 0 0 0 0 0 0 0 0 0 0 0 0 0 0 0 0 0 0 0 0 0 0 0 0 0 0 0 0 0 0 0 0 0 0 0 0 0 0 
0 0 0 0 0 0 0 0 0 0 0 0 0 0 0 0 0 0 0 0 0 0 0 0 0 0 0 0 0 0 0 0 0 0 0 0 0 0 0 0 0 0 0 0 0 0 0 0 0 0 0 0 0 0 0 0 0 0 0 0 0 0 0 0 0 0 0 0 0 0 0 0 0 0 0 0 0 0 0 0 0 0 0 0 0 0 0 0 0 0 0 0 0 0 0 0 0 0 0 0 0 0 0 0 0 0 0 0 0 0 0 0 0 0 0 0 0 0 0 0 0 0 0 0 0 0 0 0 0 0 0 0 0 0 0 0 0 0 0 0 0 0 0 0 0 0 0 0 0 0 0 0 117 116 117 117 116 115 115 116 116 116 115 115 115 114 113 113 114 115 116 115 114 113 113 113 112 113 113 113 114 114 114 114 114 114 114 114 114 114 114 114 113 113 113 113 113 113 113 113 113 113 114 114 114 114 114 114 114 114 114 114 114 114 115 115 115 115 115 115 115 115 115 115 115 115 115 115 115 115 115 115 116 116 116 116 116 116 116 116 116 116 116 116 116 116 116 116 116 116 117 117 117 117 117 117 117 117 118 118 118 117 116 117 117 117 118 118 118 118 118 118 118 118 118 118 118 118 118 119 119 119 119 119 119 119 119 119 119 119 119 119 120 121 120 120 121 120 120 121 121 121 121 121 121 121 121 121 121 121 121 122 122 122 121 121 122 122 122 122 122 122 122 122 122 122 122 121 122 122 122 122 122 122 122 123 123 123 122 123 123 123 123 123 123 123 123 123 123 123 124 124 124 124 125 125 125 126 126 126 126 125 125 125 125 125 125 125 125 125 125 125 125 125 125 125 125 125 125 126 126 126 126 126 126 126 127 127 128 128 127 127 128 128 129 129 130 130 130 131 131 132 132 132 131 132 132 132 133 133 133 134 134 134 134 134 133 134 134 135 134 134 134 134 133 134 134 135 134 134 134 135 135 136 136 0 0 0 0 0 0 0 0 0 0 0 0 0 0 0 0 0 0 0 0 0 0 0 0 0 0 0 0 0 0 0 0 0 0 0 0 0 0 0 0 0 0 0 0 0 0 0 0 0 0 0 0 0 0 0 0 0 0 0 0 0 0 0 0 0 0 0 0 
0 0 0 0 0 0 0 0 0 0 0 0 0 0 0 0 0 0 0 0 0 0 0 0 0 0 0 0 0 0 0 0 0 0 0 0 0 0 0 0 0 0 0 0 0 0 0 0 0 0 0 0 0 0 0 0 0 0 0 0 0 0 0 0 0 0 0 0 0 0 0 0 0 0 0 0 0 0 0 0 0 0 0 0 0 0 0 0 0 0 0 0 0 0 0 0 0 0 0 0 0 0 0 0 0 0 0 0 0 0 0 0 0 0 0 0 0 0 0 0 0 0 0 0 0 0 0 0 0 0 0 0 0 0 0 0 0 0 0 0 0 0 0 0 0 0 0 0 0 0 0 0 117 117 116 116 115 116 117 118 118 117 117 116 115 114 113 113 113 113 114 114 114 113 113 113 113 113 113 114 114 114 114 114 114 114 114 114 114 114 114 114 113 113 113 113 113 113 113 113 113 113 114 114 114 114 114 114 114 114 114 114 114 114 115 115 115 115 115 115 115 115 115 115 115 115 115 115 116 116 116 116 116 116 116 116 116 116 116 116 116 116 116 116 116 116 116 116 116 116 117 117 117 117 117 117 117 117 117 117 118 117 117 117 117 118 118 118 118 118 118 118 118 118 119 119 119 119 119 119 119 119 119 119 119 119 119 119 119 119 119 120 121 121 120 120 120 120 121 121 121 121 121 121 121 121 121 122 122 122 121 122 122 122 122 122 122 122 122 122 122 122 122 123 123 122 122 122 122 122 122 122 122 122 122 123 123 123 123 123 123 123 123 123 123 123 124 124 124 124 124 124 124 124 125 125 125 125 126 126 125 125 125 124 125 125 125 125 125 125 125 125 125 125 125 125 125 125 126 126 126 126 126 126 127 126 127 127 127 128 128 128 129 128 128 129 129 129 130 130 131 131 132 132 132 132 132 132 133 133 134 134 134 135 134 134 134 134 134 135 134 135 134 134 133 133 134 135 134 134 135 135 136 136 137 137 136 136 0 0 0 0 0 0 0 0 0 0 0 0 0 0 0 0 0 0 0 0 0 0 0 0 0 0 0 0 0 0 0 0 0 0 0 0 0 0 0 0 0 0 0 0 0 0 0 0 0 0 0 0 0 0 0 0 0 0 0 0 0 0 0 0 0 
0 0 0 0 0 0 0 0 0 0 0 0 0 0 0 0 0 0 0 0 0 0 0 0 0 0 0 0 0 0 0 0 0 0 0 0 0 0 0 0 0 0 0 0 0 0 0 0 0 0 0 0 0 0 0 0 0 0 0 0 0 0 0 0 0 0 0 0 0 0 0 0 0 0 0 0 0 0 0 0 0 0 0 0 0 0 0 0 0 0 0 0 0 0 0 0 0 0 0 0 0 0 0 0 0 0 0 0 0 0 0 0 0 0 0 0 0 0 0 0 0 0 0 0 0 0 0 0 0 0 0 0 0 0 0 0 0 0 0 0 0 0 0 0 0 0 0 0 0 0 0 0 118 117 117 116 116 117 117 117 116 116 116 116 115 115 114 114 114 114 113 113 113 113 113 113 113 113 114 114 114 114 114 114 114 114 114 114 114 115 115 115 113 113 113 113 114 114 114 114 114 114 114 114 114 114 114 114 114 114 114 114 114 115 115 115 115 115 115 115 115 115 115 115 115 115 116 116 116 116 116 116 116 116 116 116 116 116 116 116 116 116 116 117 117 117 116 116 116 117 117 117 117 117 117 117 117 117 117 117 118 117 117 117 117 118 118 118 118 118 118 118 119 119 119 119 119 119 119 119 119 119 119 119 119 119 119 119 119 120 120 120 121 121 120 121 121 121 121 121 122 121 121 121 121 121 121 122 122 122 122 122 122 122 122 122 122 122 122 122 122 122 122 122 123 123 123 122 122 122 122 122 122 122 122 123 123 123 123 123 123 123 123 123 124 124 124 124 124 124 124 124 124 125 125 125 125 126 126 125 125 125 125 125 125 125 125 125 125 125 125 125 125 125 125 125 126 126 126 126 126 126 126 127 127 127 127 128 128 128 128 129 129 128 129 129 130 130 130 131 132 132 132 132 133 132 133 132 133 133 134 134 134 134 135 134 135 135 135 135 135 135 134 134 134 133 134 134 134 134 135 135 136 136 136 136 136 136 135 0 0 0 0 0 0 0 0 0 0 0 0 0 0 0 0 0 0 0 0 0 0 0 0 0 0 0 0 0 0 0 0 0 0 0 0 0 0 0 0 0 0 0 0 0 0 0 0 0 0 0 0 0 0 0 0 0 0 0 0 0 0 0 0 
0 0 0 0 0 0 0 0 0 0 0 0 0 0 0 0 0 0 0 0 0 0 0 0 0 0 0 0 0 0 0 0 0 0 0 0 0 0 0 0 0 0 0 0 0 0 0 0 0 0 0 0 0 0 0 0 0 0 0 0 0 0 0 0 0 0 0 0 0 0 0 0 0 0 0 0 0 0 0 0 0 0 0 0 0 0 0 0 0 0 0 0 0 0 0 0 0 0 0 0 0 0 0 0 0 0 0 0 0 0 0 0 0 0 0 0 0 0 0 0 0 0 0 0 0 0 0 0 0 0 0 0 0 0 0 0 0 0 0 0 0 0 0 0 0 0 0 0 0 0 0 0 0 118 117 117 117 118 118 118 117 116 116 115 115 115 114 114 114 114 114 114 113 113 113 113 114 114 114 114 114 114 114 115 115 115 115 115 115 115 115 115 114 114 114 114 114 114 114 114 114 114 114 114 114 114 114 114 114 114 114 114 115 115 115 115 115 115 115 115 115 115 115 115 116 116 116 116 116 116 116 116 116 116 116 116 116 116 116 116 116 116 117 117 117 117 117 117 116 116 117 117 117 117 117 117 117 118 118 118 118 117 117 117 118 118 118 118 119 119 119 119 119 119 119 119 119 119 119 119 119 119 119 119 120 120 120 120 120 120 120 120 121 121 121 121 121 121 121 121 121 121 121 122 122 121 121 122 122 122 122 123 122 123 122 122 123 123 123 123 123 123 123 122 123 123 123 122 122 122 123 123 122 122 122 123 123 123 123 123 124 124 124 124 124 124 124 124 124 124 124 124 125 125 125 125 125 125 125 125 125 124 124 125 125 125 125 125 125 125 125 126 126 126 126 126 126 126 126 127 126 126 126 126 127 127 127 127 128 128 129 129 129 129 130 130 131 130 130 131 131 132 132 133 133 133 133 133 133 134 134 134 134 133 134 134 134 135 136 136 136 135 135 134 134 134 134 135 134 134 134 134 134 135 136 135 136 136 136 135 136 0 0 0 0 0 0 0 0 0 0 0 0 0 0 0 0 0 0 0 0 0 0 0 0 0 0 0 0 0 0 0 0 0 0 0 0 0 0 0 0 0 0 0 0 0 0 0 0 0 0 0 0 0 0 0 0 0 0 0 0 0 0 
0 0 0 0 0 0 0 0 0 0 0 0 0 0 0 0 0 0 0 0 0 0 0 0 0 0 0 0 0 0 0 0 0 0 0 0 0 0 0 0 0 0 0 0 0 0 0 0 0 0 0 0 0 0 0 0 0 0 0 0 0 0 0 0 0 0 0 0 0 0 0 0 0 0 0 0 0 0 0 0 0 0 0 0 0 0 0 0 0 0 0 0 0 0 0 0 0 0 0 0 0 0 0 0 0 0 0 0 0 0 0 0 0 0 0 0 0 0 0 0 0 0 0 0 0 0 0 0 0 0 0 0 0 0 0 0 0 0 0 0 0 0 0 0 0 0 0 0 0 0 0 0 0 0 118 118 118 119 119 119 118 117 116 116 116 115 116 116 116 115 114 113 114 113 114 114 114 114 114 115 115 115 115 115 115 115 115 115 115 115 115 115 114 114 114 114 114 114 114 114 114 114 114 114 114 114 114 115 115 114 115 115 115 115 115 115 115 115 115 115 115 115 116 116 116 116 116 116 116 116 116 116 116 116 116 116 116 117 117 117 117 117 117 117 117 117 117 117 117 117 117 117 117 117 118 118 118 118 118 118 118 118 118 118 118 118 118 119 119 119 119 119 119 119 119 119 119 119 119 119 120 120 120 120 120 120 120 120 120 120 120 120 121 121 121 121 121 121 121 121 121 121 122 122 122 121 121 122 122 122 123 123 123 122 122 122 122 122 123 123 123 123 123 122 123 123 123 123 123 123 123 123 123 123 123 123 123 123 124 123 124 124 124 124 124 124 124 124 124 125 125 125 125 125 125 124 125 125 125 125 124 125 125 125 125 125 125 125 126 126 126 126 126 126 126 126 126 126 126 126 127 127 127 127 127 127 127 128 128 128 129 129 130 130 130 131 131 131 131 131 131 131 132 132 133 133 133 133 134 135 135 134 134 134 133 134 134 135 135 135 135 135 134 134 134 135 135 135 135 134 134 134 134 135 135 135 135 135 136 135 136 136 0 0 0 0 0 0 0 0 0 0 0 0 0 0 0 0 0 0 0 0 0 0 0 0 0 0 0 0 0 0 0 0 0 0 0 0 0 0 0 0 0 0 0 0 0 0 0 0 0 0 0 0 0 0 0 0 0 0 0 0 0 
0 0 0 0 0 0 0 0 0 0 0 0 0 0 0 0 0 0 0 0 0 0 0 0 0 0 0 0 0 0 0 0 0 0 0 0 0 0 0 0 0 0 0 0 0 0 0 0 0 0 0 0 0 0 0 0 0 0 0 0 0 0 0 0 0 0 0 0 0 0 0 0 0 0 0 0 0 0 0 0 0 0 0 0 0 0 0 0 0 0 0 0 0 0 0 0 0 0 0 0 0 0 0 0 0 0 0 0 0 0 0 0 0 0 0 0 0 0 0 0 0 0 0 0 0 0 0 0 0 0 0 0 0 0 0 0 0 0 0 0 0 0 0 0 0 0 0 0 0 0 0 0 0 0 0 119 119 120 119 119 118 117 117 117 116 116 116 116 116 115 115 114 114 113 114 114 114 114 115 115 115 115 115 115 115 115 115 115 115 115 115 115 114 114 114 114 114 114 114 114 114 114 115 115 114 114 114 115 115 115 115 115 115 115 115 115 115 115 115 115 115 116 116 116 116 116 116 116 116 116 116 116 116 117 117 117 117 117 117 117 117 117 117 117 118 118 118 117 117 117 117 117 117 118 118 118 118 118 118 118 118 118 118 118 118 118 118 119 119 119 119 119 119 119 119 119 119 120 120 120 120 120 120 120 120 120 120 120 120 120 120 120 121 121 121 121 121 121 121 121 122 122 122 122 122 122 121 122 122 122 123 123 123 122 122 123 122 123 123 123 123 123 123 122 123 123 123 123 123 123 123 123 123 123 123 123 123 123 123 123 123 124 124 124 124 124 125 124 125 125 125 125 125 126 125 125 125 125 125 125 125 125 125 125 125 126 126 126 126 126 126 126 126 126 126 126 126 126 126 127 127 127 128 128 128 128 127 127 128 128 128 129 129 130 130 131 132 132 132 132 132 132 132 133 133 134 134 134 135 135 135 134 135 134 134 134 135 135 135 134 134 135 135 135 134 135 136 136 136 136 135 135 134 134 134 135 136 135 135 135 136 136 136 0 0 0 0 0 0 0 0 0 0 0 0 0 0 0 0 0 0 0 0 0 0 0 0 0 0 0 0 0 0 0 0 0 0 0 0 0 0 0 0 0 0 0 0 0 0 0 0 0 0 0 0 0 0 0 0 0 0 0 0 
0 0 0 0 0 0 0 0 0 0 0 0 0 0 0 0 0 0 0 0 0 0 0 0 0 0 0 0 0 0 0 0 0 0 0 0 0 0 0 0 0 0 0 0 0 0 0 0 0 0 0 0 0 0 0 0 0 0 0 0 0 0 0 0 0 0 0 0 0 0 0 0 0 0 0 0 0 0 0 0 0 0 0 0 0 0 0 0 0 0 0 0 0 0 0 0 0 0 0 0 0 0 0 0 0 0 0 0 0 0 0 0 0 0 0 0 0 0 0 0 0 0 0 0 0 0 0 0 0 0 0 0 0 0 0 0 0 0 0 0 0 0 0 0 0 0 0 0 0 0 0 0 0 0 0 0 0 119 119 118 118 117 117 117 117 116 116 115 115 116 115 115 114 114 114 114 115 115 115 115 115 115 115 115 115 115 115 115 115 116 116 116 114 114 115 115 115 115 115 115 115 115 115 115 115 115 114 115 115 115 115 115 115 115 115 115 115 115 116 116 116 116 116 116 116 116 116 116 116 116 117 117 117 117 117 117 117 117 117 117 117 117 117 117 118 118 118 118 118 118 117 117 117 117 118 118 118 118 118 118 118 118 118 118 119 119 119 119 119 119 119 119 119 119 119 120 120 120 120 120 120 120 120 120 120 120 120 120 120 120 120 120 121 121 121 121 121 121 121 121 122 122 122 122 122 122 122 122 122 123 123 123 123 123 123 123 123 123 123 123 123 123 123 123 123 123 123 123 123 123 123 123 123 123 123 123 123 123 123 123 124 124 124 124 125 125 125 125 125 125 125 125 125 125 126 125 125 125 125 125 125 125 125 125 126 126 126 126 126 126 126 126 126 126 126 126 127 127 127 127 127 127 127 127 128 128 128 127 127 128 129 129 129 130 130 131 131 131 132 132 132 132 133 133 133 133 134 135 134 134 134 133 134 134 134 134 135 135 135 135 134 134 135 135 134 135 136 136 136 136 136 136 136 135 135 134 135 136 135 135 136 136 136 136 136 0 0 0 0 0 0 0 0 0 0 0 0 0 0 0 0 0 0 0 0 0 0 0 0 0 0 0 0 0 0 0 0 0 0 0 0 0 0 0 0 0 0 0 0 0 0 0 0 0 0 0 0 0 0 0 0 0 0 
0 0 0 0 0 0 0 0 0 0 0 0 0 0 0 0 0 0 0 0 0 0 0 0 0 0 0 0 0 0 0 0 0 0 0 0 0 0 0 0 0 0 0 0 0 0 0 0 0 0 0 0 0 0 0 0 0 0 0 0 0 0 0 0 0 0 0 0 0 0 0 0 0 0 0 0 0 0 0 0 0 0 0 0 0 0 0 0 0 0 0 0 0 0 0 0 0 0 0 0 0 0 0 0 0 0 0 0 0 0 0 0 0 0 0 0 0 0 0 0 0 0 0 0 0 0 0 0 0 0 0 0 0 0 0 0 0 0 0 0 0 0 0 0 0 0 0 0 0 0 0 0 0 0 0 0 0 0 0 0 119 118 118 118 118 117 116 115 115 115 115 115 114 114 114 114 115 115 115 115 115 115 115 115 115 116 116 116 116 116 116 116 115 115 115 115 115 115 115 115 115 115 115 115 115 115 115 115 115 115 115 115 115 115 115 115 115 116 116 116 116 116 116 116 116 116 116 117 117 117 117 117 117 117 117 117 117 117 117 117 117 117 118 118 118 118 118 118 118 118 118 117 117 118 118 118 118 119 119 118 118 119 119 119 119 119 119 119 119 119 119 120 120 120 120 120 120 120 120 120 120 120 120 120 120 120 121 121 121 121 121 121 121 121 122 122 122 122 122 121 122 122 122 122 122 122 122 122 122 123 123 123 123 123 123 123 123 123 123 123 123 123 123 123 123 123 123 123 123 123 123 123 123 123 123 123 123 123 123 124 124 124 125 125 125 125 125 125 125 125 125 125 125 125 125 125 125 125 125 125 125 126 125 126 126 126 126 126 126 126 126 126 127 126 127 127 127 127 127 127 127 127 127 128 128 128 128 128 128 128 128 128 130 130 131 131 131 131 131 131 132 133 133 133 132 133 133 134 134 134 134 134 134 134 134 134 135 135 135 134 134 134 135 135 134 135 136 136 135 135 135 136 135 136 135 135 135 136 135 135 136 136 136 136 136 137 137 0 0 0 0 0 0 0 0 0 0 0 0 0 0 0 0 0 0 0 0 0 0 0 0 0 0 0 0 0 0 0 0 0 0 0 0 0 0 0 0 0 0 0 0 0 0 0 0 0 0 0 0 0 0 0 0 
0 0 0 0 0 0 0 0 0 0 0 0 0 0 0 0 0 0 0 0 0 0 0 0 0 0 0 0 0 0 0 0 0 0 0 0 0 0 0 0 0 0 0 0 0 0 0 0 0 0 0 0 0 0 0 0 0 0 0 0 0 0 0 0 0 0 0 0 0 0 0 0 0 0 0 0 0 0 0 0 0 0 0 0 0 0 0 0 0 0 0 0 0 0 0 0 0 0 0 0 0 0 0 0 0 0 0 0 0 0 0 0 0 0 0 0 0 0 0 0 0 0 0 0 0 0 0 0 0 0 0 0 0 0 0 0 0 0 0 0 0 0 0 0 0 0 0 0 0 0 0 0 0 0 0 0 0 0 0 0 0 0 119 120 119 117 117 116 115 115 114 115 114 114 114 115 115 115 115 115 115 115 116 116 116 116 116 116 116 116 116 116 115 115 115 115 115 115 115 115 115 115 115 115 115 115 115 115 115 115 115 115 115 116 115 115 115 116 116 116 116 116 116 116 116 116 117 117 117 117 117 117 117 117 117 117 117 117 118 117 117 117 118 118 118 119 118 118 118 118 118 118 117 118 118 118 118 119 119 119 119 119 119 119 119 119 119 119 119 119 120 120 120 120 120 120 120 120 120 120 120 120 120 121 121 121 121 121 121 121 121 121 122 122 122 122 122 122 123 123 122 123 123 123 122 122 122 122 122 123 123 123 123 123 123 123 123 123 123 123 123 123 123 123 123 124 124 124 123 123 123 123 123 123 123 123 123 123 123 124 124 124 125 124 125 125 125 125 125 125 125 125 125 125 125 125 125 125 125 125 126 126 126 126 126 126 126 126 126 126 127 127 127 127 127 127 127 127 127 128 128 128 128 128 128 128 129 129 129 129 129 129 129 130 130 130 130 131 131 131 132 132 133 132 133 133 134 135 135 135 136 135 135 134 135 134 134 134 134 134 134 134 134 134 135 136 136 136 135 135 135 135 135 135 135 135 135 135 135 135 136 136 136 136 136 137 137 137 0 0 0 0 0 0 0 0 0 0 0 0 0 0 0 0 0 0 0 0 0 0 0 0 0 0 0 0 0 0 0 0 0 0 0 0 0 0 0 0 0 0 0 0 0 0 0 0 0 0 0 0 0 0 0 
0 0 0 0 0 0 0 0 0 0 0 0 0 0 0 0 0 0 0 0 0 0 0 0 0 0 0 0 0 0 0 0 0 0 0 0 0 0 0 0 0 0 0 0 0 0 0 0 0 0 0 0 0 0 0 0 0 0 0 0 0 0 0 0 0 0 0 0 0 0 0 0 0 0 0 0 0 0 0 0 0 0 0 0 0 0 0 0 0 0 0 0 0 0 0 0 0 0 0 0 0 0 0 0 0 0 0 0 0 0 0 0 0 0 0 0 0 0 0 0 0 0 0 0 0 0 0 0 0 0 0 0 0 0 0 0 0 0 0 0 0 0 0 0 0 0 0 0 0 0 0 0 0 0 0 0 0 0 0 0 0 0 120 119 119 118 118 117 116 115 115 114 114 114 115 115 115 115 115 115 116 116 116 116 116 116 116 116 116 116 116 116 115 115 115 115 115 115 115 115 115 115 115 115 115 115 115 115 116 116 115 115 116 116 116 115 116 116 116 116 116 116 116 116 116 117 117 117 117 117 117 117 117 117 117 118 118 118 118 118 118 117 118 118 118 119 118 118 118 118 118 118 118 118 118 118 118 119 119 119 119 120 119 119 119 119 119 119 119 120 120 120 120 120 120 120 120 120 120 121 121 121 121 121 121 121 121 121 121 121 121 121 121 121 121 122 122 122 122 122 122 122 123 122 122 122 122 122 122 122 122 123 123 123 123 123 123 122 123 123 123 123 123 123 123 123 123 123 123 123 123 123 123 123 123 123 123 123 124 123 124 123 124 124 125 125 125 125 125 125 125 125 125 125 125 125 125 126 126 126 126 126 126 126 126 126 127 127 127 127 127 127 127 127 127 127 127 127 128 128 128 128 129 129 129 129 129 129 129 129 130 130 130 130 131 130 131 131 131 132 132 132 132 132 133 133 133 134 135 134 134 134 134 134 134 134 134 135 135 135 135 135 135 134 135 135 136 136 136 135 135 135 135 135 135 135 135 135 135 135 135 136 136 136 136 136 137 137 0 0 0 0 0 0 0 0 0 0 0 0 0 0 0 0 0 0 0 0 0 0 0 0 0 0 0 0 0 0 0 0 0 0 0 0 0 0 0 0 0 0 0 0 0 0 0 0 0 0 0 0 0 0 0 
0 0 0 0 0 0 0 0 0 0 0 0 0 0 0 0 0 0 0 0 0 0 0 0 0 0 0 0 0 0 0 0 0 0 0 0 0 0 0 0 0 0 0 0 0 0 0 0 0 0 0 0 0 0 0 0 0 0 0 0 0 0 0 0 0 0 0 0 0 0 0 0 0 0 0 0 0 0 0 0 0 0 0 0 0 0 0 0 0 0 0 0 0 0 0 0 0 0 0 0 0 0 0 0 0 0 0 0 0 0 0 0 0 0 0 0 0 0 0 0 0 0 0 0 0 0 0 0 0 0 0 0 0 0 0 0 0 0 0 0 0 0 0 0 0 0 0 0 0 0 0 0 0 0 0 0 0 0 0 0 0 0 0 119 118 118 117 117 116 116 115 115 114 114 115 115 115 115 116 116 116 116 116 116 116 116 116 116 116 116 116 116 115 115 115 115 115 116 115 115 115 115 115 115 115 115 115 115 116 116 116 116 116 117 116 116 116 116 116 116 116 117 117 116 117 117 117 117 117 117 117 117 117 118 118 118 118 118 118 118 118 118 118 118 119 119 118 118 118 119 119 119 119 118 118 118 118 119 119 120 119 120 120 119 119 120 120 119 120 120 120 120 120 120 120 120 120 121 121 121 121 121 121 121 121 121 121 121 121 121 121 121 121 121 121 122 122 122 122 122 122 122 123 122 122 122 122 122 122 122 123 123 123 123 123 123 123 123 123 123 123 123 123 123 123 123 123 124 124 123 123 123 123 123 123 123 124 124 124 124 124 124 124 124 124 125 125 126 125 125 125 125 125 125 126 126 126 126 126 126 126 126 126 126 126 127 127 127 127 127 127 127 127 127 127 127 128 127 127 128 128 128 128 129 129 130 130 130 130 130 130 130 131 131 131 131 132 132 131 131 132 132 132 132 133 133 134 135 134 134 134 134 134 135 135 135 135 135 136 136 136 136 135 135 135 135 135 135 135 135 135 135 135 136 136 136 136 136 135 135 135 136 136 136 136 136 137 137 137 0 0 0 0 0 0 0 0 0 0 0 0 0 0 0 0 0 0 0 0 0 0 0 0 0 0 0 0 0 0 0 0 0 0 0 0 0 0 0 0 0 0 0 0 0 0 0 0 0 0 0 0 0 0 
0 0 0 0 0 0 0 0 0 0 0 0 0 0 0 0 0 0 0 0 0 0 0 0 0 0 0 0 0 0 0 0 0 0 0 0 0 0 0 0 0 0 0 0 0 0 0 0 0 0 0 0 0 0 0 0 0 0 0 0 0 0 0 0 0 0 0 0 0 0 0 0 0 0 0 0 0 0 0 0 0 0 0 0 0 0 0 0 0 0 0 0 0 0 0 0 0 0 0 0 0 0 0 0 0 0 0 0 0 0 0 0 0 0 0 0 0 0 0 0 0 0 0 0 0 0 0 0 0 0 0 0 0 0 0 0 0 0 0 0 0 0 0 0 0 0 0 0 0 0 0 0 0 0 0 0 0 0 0 0 0 0 0 0 119 118 118 117 117 116 116 116 115 115 115 115 115 115 116 116 116 116 116 116 116 116 116 116 116 117 117 117 115 115 115 115 115 115 115 115 115 115 115 115 115 115 115 116 116 116 116 116 116 117 117 117 117 117 116 116 117 117 117 116 117 117 117 117 117 117 117 117 117 118 118 118 118 118 118 118 118 118 118 119 119 119 119 119 119 119 119 119 119 119 118 118 118 119 119 120 120 120 120 120 120 120 120 120 120 120 120 120 120 120 121 121 121 121 121 121 121 121 121 121 121 121 121 121 121 121 121 121 121 121 121 121 122 122 122 123 122 122 123 123 122 122 123 123 123 123 123 123 123 123 123 123 123 123 123 123 123 123 123 124 124 124 124 123 124 124 123 123 123 123 124 124 124 124 124 124 124 124 124 124 124 125 126 126 125 125 125 125 125 126 126 126 126 126 126 126 126 126 126 127 127 127 127 127 127 127 127 127 127 127 128 128 128 128 128 128 129 129 129 129 129 130 130 131 131 131 131 131 131 132 132 132 132 132 132 132 132 132 132 133 133 133 134 135 135 135 135 135 135 135 136 136 135 135 136 136 136 136 136 136 136 136 136 135 135 136 137 136 136 136 136 136 136 136 135 135 136 137 136 136 136 137 137 137 137 0 0 0 0 0 0 0 0 0 0 0 0 0 0 0 0 0 0 0 0 0 0 0 0 0 0 0 0 0 0 0 0 0 0 0 0 0 0 0 0 0 0 0 0 0 0 0 0 0 0 0 0 0 0 
0 0 0 0 0 0 0 0 0 0 0 0 0 0 0 0 0 0 0 0 0 0 0 0 0 0 0 0 0 0 0 0 0 0 0 0 0 0 0 0 0 0 0 0 0 0 0 0 0 0 0 0 0 0 0 0 0 0 0 0 0 0 0 0 0 0 0 0 0 0 0 0 0 0 0 0 0 0 0 0 0 0 0 0 0 0 0 0 0 0 0 0 0 0 0 0 0 0 0 0 0 0 0 0 0 0 0 0 0 0 0 0 0 0 0 0 0 0 0 0 0 0 0 0 0 0 0 0 0 0 0 0 0 0 0 0 0 0 0 0 0 0 0 0 0 0 0 0 0 0 0 0 0 0 0 0 0 0 0 0 0 0 0 0 118 118 118 117 117 116 115 115 115 115 115 115 116 116 116 116 116 116 116 116 116 116 116 117 117 117 117 117 115 115 115 115 115 115 115 115 115 115 115 115 115 115 115 116 116 116 116 116 116 116 116 117 117 117 117 117 117 117 117 117 117 117 117 117 118 118 118 118 118 118 118 118 118 118 118 118 118 118 118 118 118 119 119 119 119 119 119 119 119 119 119 119 119 119 120 120 120 120 120 120 120 120 120 120 120 120 120 121 121 121 121 121 121 121 121 121 121 121 121 121 121 121 121 122 122 122 122 122 122 122 122 122 122 122 122 122 123 123 123 123 123 122 122 123 123 123 123 123 123 123 123 123 123 123 123 123 124 124 124 124 124 124 124 124 123 123 123 123 123 123 124 124 125 124 124 124 124 124 125 125 125 125 125 126 126 125 125 126 126 126 126 126 126 126 126 127 127 127 127 127 127 127 127 127 127 127 127 128 128 128 128 128 128 128 128 128 128 128 129 129 130 130 131 131 131 131 131 131 132 133 132 132 132 132 133 132 132 133 133 133 133 134 134 135 135 136 136 135 135 136 136 135 135 136 136 136 136 136 136 135 135 136 136 136 136 137 137 137 137 136 136 136 136 136 136 135 136 136 136 136 136 137 137 137 0 0 0 0 0 0 0 0 0 0 0 0 0 0 0 0 0 0 0 0 0 0 0 0 0 0 0 0 0 0 0 0 0 0 0 0 0 0 0 0 0 0 0 0 0 0 0 0 0 0 0 0 0 0 0 
0 0 0 0 0 0 0 0 0 0 0 0 0 0 0 0 0 0 0 0 0 0 0 0 0 0 0 0 0 0 0 0 0 0 0 0 0 0 0 0 0 0 0 0 0 0 0 0 0 0 0 0 0 0 0 0 0 0 0 0 0 0 0 0 0 0 0 0 0 0 0 0 0 0 0 0 0 0 0 0 0 0 0 0 0 0 0 0 0 0 0 0 0 0 0 0 0 0 0 0 0 0 0 0 0 0 0 0 0 0 0 0 0 0 0 0 0 0 0 0 0 0 0 0 0 0 0 0 0 0 0 0 0 0 0 0 0 0 0 0 0 0 0 0 0 0 0 0 0 0 0 0 0 0 0 0 0 0 0 0 0 0 0 0 0 0 117 117 116 116 115 115 115 115 115 115 116 116 116 116 116 116 116 116 117 117 117 117 117 117 117 117 115 115 115 115 115 115 116 116 115 115 115 115 116 116 116 116 116 116 116 116 116 116 116 117 117 117 117 117 117 118 118 118 118 117 118 118 118 118 118 118 118 118 118 118 118 118 118 118 118 118 118 118 119 119 119 119 120 120 120 120 120 120 120 120 120 119 120 120 120 120 120 120 120 120 120 120 120 121 121 121 121 121 121 121 121 121 121 121 121 121 122 121 122 122 122 122 122 122 122 122 122 122 123 123 122 122 122 122 123 123 123 123 123 123 123 123 123 123 123 123 123 123 123 123 124 124 124 124 124 124 124 124 124 124 124 124 124 124 124 123 123 124 124 125 125 125 125 125 125 124 125 125 125 125 125 126 125 125 126 126 126 126 126 126 127 127 127 127 127 127 127 127 127 127 127 127 127 127 128 128 128 128 128 128 128 129 128 129 129 129 129 129 130 131 131 131 131 131 131 131 132 133 133 133 133 133 133 132 133 133 133 134 134 134 135 135 135 135 136 136 136 136 136 136 136 136 137 137 136 136 136 136 137 136 136 136 136 136 137 137 137 137 137 136 136 136 136 136 136 136 137 137 137 137 137 0 0 0 0 0 0 0 0 0 0 0 0 0 0 0 0 0 0 0 0 0 0 0 0 0 0 0 0 0 0 0 0 0 0 0 0 0 0 0 0 0 0 0 0 0 0 0 0 0 0 0 0 0 0 0 0 
0 0 0 0 0 0 0 0 0 0 0 0 0 0 0 0 0 0 0 0 0 0 0 0 0 0 0 0 0 0 0 0 0 0 0 0 0 0 0 0 0 0 0 0 0 0 0 0 0 0 0 0 0 0 0 0 0 0 0 0 0 0 0 0 0 0 0 0 0 0 0 0 0 0 0 0 0 0 0 0 0 0 0 0 0 0 0 0 0 0 0 0 0 0 0 0 0 0 0 0 0 0 0 0 0 0 0 0 0 0 0 0 0 0 0 0 0 0 0 0 0 0 0 0 0 0 0 0 0 0 0 0 0 0 0 0 0 0 0 0 0 0 0 0 0 0 0 0 0 0 0 0 0 0 0 0 0 0 0 0 0 0 0 0 0 117 116 116 116 115 115 115 115 115 115 116 116 116 116 116 116 117 117 117 117 117 117 117 117 117 117 117 116 116 115 116 116 116 116 116 116 116 116 116 116 116 116 116 116 116 116 116 116 116 116 117 118 118 118 117 117 118 118 118 118 118 118 118 118 118 118 118 118 118 118 119 119 119 119 118 119 119 119 119 119 119 119 119 119 120 120 120 120 120 120 120 120 119 119 120 120 120 120 120 120 120 120 120 121 121 121 121 121 121 121 121 121 122 122 122 122 122 122 122 122 122 122 122 122 122 122 122 122 123 123 123 123 123 123 123 123 124 124 123 123 123 123 123 123 123 124 124 123 123 123 124 124 124 124 124 124 124 124 124 124 124 125 125 125 124 124 124 124 124 124 125 125 125 125 125 125 125 126 125 126 125 125 126 126 126 126 126 126 127 127 127 127 127 127 127 127 127 127 127 127 127 127 127 127 128 128 128 128 128 128 128 128 129 129 128 129 129 129 130 130 131 131 131 131 132 132 132 133 133 134 134 134 134 134 133 134 134 134 135 135 135 136 136 135 135 135 136 136 136 136 136 136 136 137 137 136 136 136 136 137 137 136 136 137 137 138 137 137 136 136 136 136 136 136 136 137 136 136 136 137 137 138 0 0 0 0 0 0 0 0 0 0 0 0 0 0 0 0 0 0 0 0 0 0 0 0 0 0 0 0 0 0 0 0 0 0 0 0 0 0 0 0 0 0 0 0 0 0 0 0 0 0 0 0 0 0 0 0 
0 0 0 0 0 0 0 0 0 0 0 0 0 0 0 0 0 0 0 0 0 0 0 0 0 0 0 0 0 0 0 0 0 0 0 0 0 0 0 0 0 0 0 0 0 0 0 0 0 0 0 0 0 0 0 0 0 0 0 0 0 0 0 0 0 0 0 0 0 0 0 0 0 0 0 0 0 0 0 0 0 0 0 0 0 0 0 0 0 0 0 0 0 0 0 0 0 0 0 0 0 0 0 0 0 0 0 0 0 0 0 0 0 0 0 0 0 0 0 0 0 0 0 0 0 0 0 0 0 0 0 0 0 0 0 0 0 0 0 0 0 0 0 0 0 0 0 0 0 0 0 0 0 0 0 0 0 0 0 0 0 0 0 0 0 0 0 116 116 116 116 116 116 116 116 116 116 117 117 117 117 117 117 117 117 117 117 117 117 117 117 117 116 116 116 116 116 116 116 116 116 116 116 116 116 116 116 116 116 116 116 116 116 116 116 117 118 118 118 117 117 118 118 118 118 118 118 118 118 118 118 118 119 119 119 119 119 119 119 119 119 119 119 119 119 119 119 119 120 120 120 120 120 120 120 120 120 120 120 120 121 120 120 120 120 120 120 121 121 121 121 121 121 121 121 122 122 122 122 122 122 122 122 122 122 122 122 122 122 122 122 123 122 123 123 123 123 123 123 123 123 124 124 123 123 123 123 123 123 123 124 124 124 123 123 124 124 124 124 124 124 125 124 124 124 125 125 125 125 125 124 124 124 124 125 125 125 125 125 125 125 125 126 126 126 126 125 126 126 126 126 126 127 127 127 127 127 127 127 127 127 127 127 127 127 127 127 128 128 128 128 128 128 128 128 128 128 129 129 129 129 129 130 130 131 132 131 130 131 131 132 132 134 134 134 134 134 134 134 134 135 135 135 135 135 135 136 135 135 136 136 135 136 136 136 136 137 137 137 137 136 136 136 136 137 137 137 137 137 137 137 137 136 136 136 136 136 136 137 137 137 137 136 137 137 137 138 0 0 0 0 0 0 0 0 0 0 0 0 0 0 0 0 0 0 0 0 0 0 0 0 0 0 0 0 0 0 0 0 0 0 0 0 0 0 0 0 0 0 0 0 0 0 0 0 0 0 0 0 0 0 0 0 
0 0 0 0 0 0 0 0 0 0 0 0 0 0 0 0 0 0 0 0 0 0 0 0 0 0 0 0 0 0 0 0 0 0 0 0 0 0 0 0 0 0 0 0 0 0 0 0 0 0 0 0 0 0 0 0 0 0 0 0 0 0 0 0 0 0 0 0 0 0 0 0 0 0 0 0 0 0 0 0 0 0 0 0 0 0 0 0 0 0 0 0 0 0 0 0 0 0 0 0 0 0 0 0 0 0 0 0 0 0 0 0 0 0 0 0 0 0 0 0 0 0 0 0 0 0 0 0 0 0 0 0 0 0 0 0 0 0 0 0 0 0 0 0 0 0 0 0 0 0 0 0 0 0 0 0 0 0 0 0 0 0 0 0 0 0 0 117 117 116 116 116 116 116 116 116 117 117 117 117 117 117 117 117 117 117 117 117 117 117 117 117 116 116 116 116 116 116 116 116 116 116 116 116 116 116 116 116 117 117 117 117 117 117 117 117 117 117 117 117 117 118 118 118 118 118 118 118 118 118 118 118 118 119 119 119 119 119 119 119 119 119 119 119 119 119 119 120 120 120 120 120 120 120 120 121 121 121 120 121 121 121 120 120 120 120 121 121 121 121 121 121 121 122 122 122 122 122 122 122 122 122 122 122 122 122 122 122 122 122 122 123 122 123 123 123 123 123 123 123 124 124 124 124 124 124 123 123 123 123 123 124 124 124 124 124 124 124 124 124 125 125 124 124 125 125 125 125 125 124 124 124 124 125 125 125 125 125 126 125 125 125 126 126 126 126 126 126 126 126 127 127 127 127 127 127 127 127 127 127 127 127 127 127 127 127 128 128 128 128 128 128 128 129 129 129 129 129 130 129 130 130 130 130 131 132 131 131 131 131 131 131 133 134 134 134 134 134 134 134 135 135 135 135 135 135 135 135 135 136 136 135 135 136 136 137 137 137 136 136 136 136 137 137 137 137 137 137 138 137 137 137 137 137 136 136 137 137 137 137 137 137 136 136 137 137 138 0 0 0 0 0 0 0 0 0 0 0 0 0 0 0 0 0 0 0 0 0 0 0 0 0 0 0 0 0 0 0 0 0 0 0 0 0 0 0 0 0 0 0 0 0 0 0 0 0 0 0 0 0 0 0 0 
0 0 0 0 0 0 0 0 0 0 0 0 0 0 0 0 0 0 0 0 0 0 0 0 0 0 0 0 0 0 0 0 0 0 0 0 0 0 0 0 0 0 0 0 0 0 0 0 0 0 0 0 0 0 0 0 0 0 0 0 0 0 0 0 0 0 0 0 0 0 0 0 0 0 0 0 0 0 0 0 0 0 0 0 0 0 0 0 0 0 0 0 0 0 0 0 0 0 0 0 0 0 0 0 0 0 0 0 0 0 0 0 0 0 0 0 0 0 0 0 0 0 0 0 0 0 0 0 0 0 0 0 0 0 0 0 0 0 0 0 0 0 0 0 0 0 0 0 0 0 0 0 0 0 0 0 0 0 0 0 0 0 0 0 0 0 0 0 0 116 116 116 116 116 116 117 117 117 117 117 117 117 117 117 117 117 117 117 117 117 118 118 116 116 116 116 116 116 116 116 116 116 116 116 117 117 117 117 117 117 117 117 117 117 117 117 117 117 117 117 117 118 118 119 119 119 119 118 118 118 118 118 118 118 119 119 119 119 119 119 119 119 119 119 119 119 120 120 120 120 120 120 120 120 121 121 121 121 121 121 121 121 121 120 120 121 121 121 121 121 121 122 122 122 122 122 122 122 122 122 122 122 122 122 123 123 123 123 123 123 123 123 123 123 123 123 123 123 124 124 124 124 124 124 124 124 124 124 124 124 124 124 124 124 124 124 124 124 125 125 125 125 124 124 124 124 124 124 124 124 124 124 125 125 125 125 125 125 126 126 126 125 126 126 126 126 126 126 126 127 127 127 127 127 127 127 127 127 127 127 127 127 128 128 128 127 128 128 128 128 128 128 128 129 129 130 129 129 129 130 130 130 130 130 131 131 131 130 131 131 131 131 132 133 134 134 134 134 134 135 135 135 134 135 135 135 135 135 135 136 136 135 135 136 136 136 137 137 137 137 137 137 137 137 138 138 138 138 139 138 138 137 137 136 136 136 137 137 137 138 138 138 137 137 137 137 0 0 0 0 0 0 0 0 0 0 0 0 0 0 0 0 0 0 0 0 0 0 0 0 0 0 0 0 0 0 0 0 0 0 0 0 0 0 0 0 0 0 0 0 0 0 0 0 0 0 0 0 0 0 0 0 0 
0 0 0 0 0 0 0 0 0 0 0 0 0 0 0 0 0 0 0 0 0 0 0 0 0 0 0 0 0 0 0 0 0 0 0 0 0 0 0 0 0 0 0 0 0 0 0 0 0 0 0 0 0 0 0 0 0 0 0 0 0 0 0 0 0 0 0 0 0 0 0 0 0 0 0 0 0 0 0 0 0 0 0 0 0 0 0 0 0 0 0 0 0 0 0 0 0 0 0 0 0 0 0 0 0 0 0 0 0 0 0 0 0 0 0 0 0 0 0 0 0 0 0 0 0 0 0 0 0 0 0 0 0 0 0 0 0 0 0 0 0 0 0 0 0 0 0 0 0 0 0 0 0 0 0 0 0 0 0 0 0 0 0 0 0 0 0 0 0 116 116 116 116 117 117 117 117 117 117 117 117 117 117 117 117 117 118 118 118 118 118 118 117 117 117 117 117 117 117 117 117 117 117 117 117 117 117 117 117 117 117 117 117 117 117 117 117 117 117 117 118 118 118 119 119 119 119 118 118 118 118 118 118 118 119 119 118 119 119 119 120 120 119 119 119 120 120 120 120 120 120 120 120 120 120 121 121 121 121 121 121 121 121 121 121 121 121 122 122 121 121 122 122 122 122 122 122 122 122 122 122 122 123 123 123 123 123 123 123 123 123 123 123 123 123 123 123 123 123 124 124 124 124 124 124 124 124 124 124 124 124 124 124 124 124 124 124 125 125 125 125 125 124 125 125 125 125 125 125 125 125 125 125 125 125 125 125 125 126 126 126 126 127 126 126 126 126 127 127 127 127 127 127 127 127 127 127 127 127 127 127 127 128 128 128 128 128 128 128 129 129 129 129 129 129 130 130 129 130 130 130 130 130 130 130 131 131 131 132 132 132 132 134 134 134 135 135 134 134 134 135 135 135 135 136 135 135 135 135 135 135 135 136 136 136 136 137 137 137 138 137 137 138 138 138 138 138 139 139 139 138 137 137 137 137 137 137 137 137 137 138 137 137 137 137 137 0 0 0 0 0 0 0 0 0 0 0 0 0 0 0 0 0 0 0 0 0 0 0 0 0 0 0 0 0 0 0 0 0 0 0 0 0 0 0 0 0 0 0 0 0 0 0 0 0 0 0 0 0 0 0 0 0 
0 0 0 0 0 0 0 0 0 0 0 0 0 0 0 0 0 0 0 0 0 0 0 0 0 0 0 0 0 0 0 0 0 0 0 0 0 0 0 0 0 0 0 0 0 0 0 0 0 0 0 0 0 0 0 0 0 0 0 0 0 0 0 0 0 0 0 0 0 0 0 0 0 0 0 0 0 0 0 0 0 0 0 0 0 0 0 0 0 0 0 0 0 0 0 0 0 0 0 0 0 0 0 0 0 0 0 0 0 0 0 0 0 0 0 0 0 0 0 0 0 0 0 0 0 0 0 0 0 0 0 0 0 0 0 0 0 0 0 0 0 0 0 0 0 0 0 0 0 0 0 0 0 0 0 0 0 0 0 0 0 0 0 0 0 0 0 0 0 116 116 116 116 117 117 117 117 117 117 117 117 118 118 118 117 117 118 118 118 118 118 118 117 117 117 117 117 117 117 117 117 117 117 117 117 117 117 117 117 117 117 118 118 118 118 118 118 118 118 118 118 118 118 119 119 119 119 119 119 119 119 118 119 119 118 118 118 119 119 119 120 120 120 120 120 120 120 120 120 120 120 120 120 120 121 121 122 122 122 122 121 121 121 121 121 121 121 122 122 122 122 122 122 122 122 122 122 122 123 123 123 123 123 123 123 123 123 123 123 123 123 123 123 123 123 123 123 123 124 124 124 124 124 124 124 124 124 124 124 124 124 124 124 124 124 124 125 125 125 125 125 125 125 125 125 125 126 126 125 125 125 125 125 125 125 125 125 126 126 126 126 126 127 127 126 127 127 127 127 127 127 127 127 127 127 128 127 128 128 127 128 128 128 128 128 128 128 128 129 129 129 129 129 129 129 130 130 130 130 130 130 130 130 131 131 130 130 131 132 132 132 132 133 134 134 134 134 135 134 134 135 135 135 136 135 136 135 135 135 135 135 136 137 136 136 136 136 137 137 138 138 138 138 138 138 138 138 139 138 138 138 138 138 138 137 137 137 137 137 137 137 137 137 137 137 0 0 0 0 0 0 0 0 0 0 0 0 0 0 0 0 0 0 0 0 0 0 0 0 0 0 0 0 0 0 0 0 0 0 0 0 0 0 0 0 0 0 0 0 0 0 0 0 0 0 0 0 0 0 0 0 0 0 
0 0 0 0 0 0 0 0 0 0 0 0 0 0 0 0 0 0 0 0 0 0 0 0 0 0 0 0 0 0 0 0 0 0 0 0 0 0 0 0 0 0 0 0 0 0 0 0 0 0 0 0 0 0 0 0 0 0 0 0 0 0 0 0 0 0 0 0 0 0 0 0 0 0 0 0 0 0 0 0 0 0 0 0 0 0 0 0 0 0 0 0 0 0 0 0 0 0 0 0 0 0 0 0 0 0 0 0 0 0 0 0 0 0 0 0 0 0 0 0 0 0 0 0 0 0 0 0 0 0 0 0 0 0 0 0 0 0 0 0 0 0 0 0 0 0 0 0 0 0 0 0 0 0 0 0 0 0 0 0 0 0 0 0 0 0 0 117 116 116 116 116 117 117 117 117 117 117 117 118 118 118 118 118 118 118 118 118 118 118 118 118 117 117 117 117 117 117 117 117 117 117 117 117 117 117 117 117 118 118 118 118 118 118 118 118 118 118 118 118 118 118 118 118 118 119 119 119 119 120 119 119 119 119 119 119 119 119 119 120 120 120 120 120 120 120 120 120 120 120 120 120 120 120 121 121 122 122 122 121 121 121 121 121 121 121 121 121 122 122 122 122 122 122 122 122 122 123 123 123 123 123 123 123 123 123 123 123 123 124 124 123 123 123 124 124 123 123 124 124 124 124 124 124 124 124 124 124 124 125 125 124 124 124 125 125 125 125 125 125 125 125 125 125 125 126 126 126 126 125 125 125 125 125 125 126 126 126 126 126 126 126 127 127 127 127 127 127 127 127 127 127 128 128 128 128 128 128 128 128 128 128 128 128 128 128 128 128 129 129 129 129 129 129 130 130 130 130 130 130 130 130 130 130 131 131 130 131 131 131 131 132 133 134 133 133 133 134 134 134 134 134 134 135 135 135 135 136 136 136 136 136 136 137 137 136 137 137 138 138 138 138 138 137 138 138 138 138 138 138 138 138 138 138 137 137 137 137 137 137 137 138 137 137 138 0 0 0 0 0 0 0 0 0 0 0 0 0 0 0 0 0 0 0 0 0 0 0 0 0 0 0 0 0 0 0 0 0 0 0 0 0 0 0 0 0 0 0 0 0 0 0 0 0 0 0 0 0 0 0 0 0 0 
0 0 0 0 0 0 0 0 0 0 0 0 0 0 0 0 0 0 0 0 0 0 0 0 0 0 0 0 0 0 0 0 0 0 0 0 0 0 0 0 0 0 0 0 0 0 0 0 0 0 0 0 0 0 0 0 0 0 0 0 0 0 0 0 0 0 0 0 0 0 0 0 0 0 0 0 0 0 0 0 0 0 0 0 0 0 0 0 0 0 0 0 0 0 0 0 0 0 0 0 0 0 0 0 0 0 0 0 0 0 0 0 0 0 0 0 0 0 0 0 0 0 0 0 0 0 0 0 0 0 0 0 0 0 0 0 0 0 0 0 0 0 0 0 0 0 0 0 0 0 0 0 0 0 0 0 0 0 0 0 0 0 0 0 0 0 0 0 117 117 117 117 117 117 117 117 117 117 117 118 118 118 118 118 118 118 118 118 118 118 118 118 117 117 117 117 117 117 118 118 117 117 117 117 117 118 118 118 118 118 118 118 118 118 118 118 118 118 118 118 118 118 118 118 118 119 119 119 120 119 119 119 119 119 120 120 119 119 119 119 120 120 120 120 120 120 120 120 120 120 120 120 120 121 121 121 122 121 121 121 122 122 122 122 122 121 122 122 122 122 122 122 122 122 122 123 123 123 123 123 123 123 123 123 124 124 124 124 124 124 124 124 123 124 124 124 124 124 124 124 124 124 124 124 124 124 124 124 124 125 125 125 125 125 125 125 125 125 125 125 125 125 125 125 125 125 126 126 126 125 126 125 125 125 126 126 126 127 126 126 126 126 127 127 127 127 127 127 127 128 128 128 128 128 128 128 128 128 128 128 128 129 129 129 129 129 129 129 129 129 129 129 129 129 130 130 130 130 130 130 130 130 130 130 131 131 131 131 131 131 131 132 133 133 133 133 133 133 133 134 134 135 135 136 136 136 136 136 136 136 137 136 136 137 137 137 137 137 138 138 138 138 137 138 138 137 138 138 138 138 137 138 138 138 138 137 136 137 138 138 138 0 0 138 0 0 0 0 0 0 0 0 0 0 0 0 0 0 0 0 0 0 0 0 0 0 0 0 0 0 0 0 0 0 0 0 0 0 0 0 0 0 0 0 0 0 0 0 0 0 0 0 0 0 0 0 0 0 0 0 0 0 0 
0 0 0 0 0 0 0 0 0 0 0 0 0 0 0 0 0 0 0 0 0 0 0 0 0 0 0 0 0 0 0 0 0 0 0 0 0 0 0 0 0 0 0 0 0 0 0 0 0 0 0 0 0 0 0 0 0 0 0 0 0 0 0 0 0 0 0 0 0 0 0 0 0 0 0 0 0 0 0 0 0 0 0 0 0 0 0 0 0 0 0 0 0 0 0 0 0 0 0 0 0 0 0 0 0 0 0 0 0 0 0 0 0 0 0 0 0 0 0 0 0 0 0 0 0 0 0 0 0 0 0 0 0 0 0 0 0 0 0 0 0 0 0 0 0 0 0 0 0 0 0 0 0 0 0 0 0 0 0 0 0 0 0 0 0 0 0 0 0 118 118 118 117 117 117 117 117 117 117 118 118 118 118 118 118 118 118 118 118 118 119 119 117 117 117 118 118 118 118 118 118 118 118 118 118 118 118 118 118 118 118 118 118 118 118 118 118 118 118 118 119 119 119 118 119 119 119 119 119 120 119 119 119 120 120 120 119 119 119 119 119 120 120 120 120 120 121 120 121 120 120 120 120 121 121 122 122 121 122 122 122 123 122 122 122 122 122 122 122 122 122 122 122 123 123 123 123 123 123 123 123 124 124 124 124 124 124 124 124 124 124 124 124 124 124 124 124 124 124 124 124 124 124 124 124 125 125 125 125 125 125 125 125 125 125 125 125 125 125 125 125 125 125 126 126 126 126 126 126 126 126 126 125 125 126 126 127 127 126 126 126 126 127 127 127 127 128 128 128 128 128 128 128 128 128 128 128 128 129 129 129 129 129 129 129 129 129 129 129 129 129 129 130 130 130 130 130 130 130 130 130 130 130 130 130 131 131 131 131 131 131 132 133 133 133 133 133 133 134 135 135 135 135 136 136 136 136 136 136 137 137 137 136 136 137 138 137 137 138 138 138 138 138 139 138 138 138 138 138 138 138 137 138 138 138 137 137 138 138 138 0 0 0 0 0 0 0 0 0 0 0 0 0 0 0 0 0 0 0 0 0 0 0 0 0 0 0 0 0 0 0 0 0 0 0 0 0 0 0 0 0 0 0 0 0 0 0 0 0 0 0 0 0 0 0 0 0 0 0 0 0 0 0 
0 0 0 0 0 0 0 0 0 0 0 0 0 0 0 0 0 0 0 0 0 0 0 0 0 0 0 0 0 0 0 0 0 0 0 0 0 0 0 0 0 0 0 0 0 0 0 0 0 0 0 0 0 0 0 0 0 0 0 0 0 0 0 0 0 0 0 0 0 0 0 0 0 0 0 0 0 0 0 0 0 0 0 0 0 0 0 0 0 0 0 0 0 0 0 0 0 0 0 0 0 0 0 0 0 0 0 0 0 0 0 0 0 0 0 0 0 0 0 0 0 0 0 0 0 0 0 0 0 0 0 0 0 0 0 0 0 0 0 0 0 0 0 0 0 0 0 0 0 0 0 0 0 0 0 0 0 0 0 0 0 0 0 0 0 0 0 0 0 0 0 118 118 118 117 117 117 117 118 118 118 118 118 118 118 118 119 119 119 119 119 119 118 118 118 118 118 118 118 118 118 118 118 118 118 118 118 118 118 118 118 118 118 118 118 118 118 119 119 119 119 119 119 119 119 119 119 119 119 119 120 120 120 120 120 120 120 120 119 120 120 120 120 120 120 121 121 121 121 121 121 121 121 121 121 121 122 122 122 123 123 123 123 123 123 123 123 123 123 123 123 123 123 123 123 123 123 123 123 124 124 124 124 124 124 124 124 124 124 124 124 124 124 124 124 124 124 124 124 124 124 124 125 125 125 125 125 125 125 125 125 125 125 125 125 125 125 125 125 125 126 126 126 126 126 126 126 126 127 126 126 126 126 126 126 126 127 127 127 126 126 126 127 127 127 128 128 128 128 128 128 128 128 128 128 129 129 129 129 129 129 129 129 129 129 129 129 129 129 129 129 129 130 130 130 130 130 130 130 130 130 130 130 130 131 131 131 131 131 131 131 132 133 133 132 133 134 134 135 135 136 135 135 136 137 137 136 137 136 136 137 137 137 136 137 137 138 138 138 139 139 139 139 139 139 138 139 139 138 139 139 138 138 138 138 138 138 139 139 0 0 0 0 0 0 0 0 0 0 0 0 0 0 0 0 0 0 0 0 0 0 0 0 0 0 0 0 0 0 0 0 0 0 0 0 0 0 0 0 0 0 0 0 0 0 0 0 0 0 0 0 0 0 0 0 0 0 0 0 0 0 0 0 
0 0 0 0 0 0 0 0 0 0 0 0 0 0 0 0 0 0 0 0 0 0 0 0 0 0 0 0 0 0 0 0 0 0 0 0 0 0 0 0 0 0 0 0 0 0 0 0 0 0 0 0 0 0 0 0 0 0 0 0 0 0 0 0 0 0 0 0 0 0 0 0 0 0 0 0 0 0 0 0 0 0 0 0 0 0 0 0 0 0 0 0 0 0 0 0 0 0 0 0 0 0 0 0 0 0 0 0 0 0 0 0 0 0 0 0 0 0 0 0 0 0 0 0 0 0 0 0 0 0 0 0 0 0 0 0 0 0 0 0 0 0 0 0 0 0 0 0 0 0 0 0 0 0 0 0 0 0 0 0 0 0 0 0 0 0 0 0 0 0 0 119 119 118 118 118 118 118 118 118 118 118 118 118 119 119 119 119 119 119 119 119 118 118 118 118 118 118 118 118 118 118 118 118 118 118 118 118 118 118 119 119 119 118 119 119 119 119 119 119 119 119 119 119 119 119 119 119 119 120 120 120 120 120 120 120 120 120 120 120 120 120 120 120 120 121 121 121 121 121 121 121 121 121 122 122 122 122 122 123 123 123 123 123 123 123 123 123 123 123 122 122 122 123 123 123 123 123 124 124 124 124 124 124 124 124 124 124 124 124 124 125 124 124 124 124 124 124 125 125 125 125 125 125 125 125 125 125 125 125 125 125 125 125 125 125 126 126 126 125 126 126 126 126 126 126 127 127 127 127 127 126 127 126 126 127 127 127 127 127 127 127 128 128 128 128 128 128 128 128 128 128 128 129 129 129 129 129 130 130 130 129 129 129 129 129 129 129 129 130 130 130 130 130 130 130 130 130 130 130 130 131 131 131 131 131 132 132 132 131 131 131 133 133 133 134 135 134 135 135 136 136 136 136 137 137 137 137 137 137 137 138 137 137 137 138 0 0 139 139 139 138 138 139 139 139 138 138 137 138 138 138 138 138 138 138 139 140 0 0 0 0 0 0 0 0 0 0 0 0 0 0 0 0 0 0 0 0 0 0 0 0 0 0 0 0 0 0 0 0 0 0 0 0 0 0 0 0 0 0 0 0 0 0 0 0 0 0 0 0 0 0 0 0 0 0 0 0 0 0 0 0 0 
0 0 0 0 0 0 0 0 0 0 0 0 0 0 0 0 0 0 0 0 0 0 0 0 0 0 0 0 0 0 0 0 0 0 0 0 0 0 0 0 0 0 0 0 0 0 0 0 0 0 0 0 0 0 0 0 0 0 0 0 0 0 0 0 0 0 0 0 0 0 0 0 0 0 0 0 0 0 0 0 0 0 0 0 0 0 0 0 0 0 0 0 0 0 0 0 0 0 0 0 0 0 0 0 0 0 0 0 0 0 0 0 0 0 0 0 0 0 0 0 0 0 0 0 0 0 0 0 0 0 0 0 0 0 0 0 0 0 0 0 0 0 0 0 0 0 0 0 0 0 0 0 0 0 0 0 0 0 0 0 0 0 0 0 0 0 0 0 0 0 0 119 119 119 119 119 119 118 118 118 118 118 118 119 119 119 119 119 119 119 119 119 118 118 118 118 118 118 118 118 118 118 118 118 119 119 119 119 119 119 119 119 119 119 119 119 119 119 119 119 119 119 119 120 120 120 120 120 120 120 120 120 120 120 120 120 120 120 120 120 121 121 121 121 121 121 121 121 121 121 121 121 121 122 122 122 123 123 123 123 123 123 123 122 122 123 123 123 123 123 123 123 123 123 123 123 123 124 124 124 124 124 124 124 124 124 124 125 124 124 125 125 125 125 124 124 125 125 125 125 125 125 125 125 125 125 125 126 126 126 126 126 126 126 126 126 126 126 126 126 126 126 126 126 127 127 127 127 127 127 128 127 127 127 127 127 127 127 127 127 128 127 128 128 128 128 128 128 128 128 128 128 129 129 129 129 129 130 130 130 130 129 129 129 129 129 129 129 130 130 130 130 131 131 131 130 130 130 130 131 131 132 131 131 132 131 132 132 132 132 132 131 132 133 134 134 135 135 134 135 135 136 137 137 137 137 137 137 137 137 137 138 138 0 137 0 0 0 138 138 139 139 138 138 138 138 138 137 137 137 138 138 138 138 138 139 139 0 0 0 0 0 0 0 0 0 0 0 0 0 0 0 0 0 0 0 0 0 0 0 0 0 0 0 0 0 0 0 0 0 0 0 0 0 0 0 0 0 0 0 0 0 0 0 0 0 0 0 0 0 0 0 0 0 0 0 0 0 0 0 0 0 0 
0 0 0 0 0 0 0 0 0 0 0 0 0 0 0 0 0 0 0 0 0 0 0 0 0 0 0 0 0 0 0 0 0 0 0 0 0 0 0 0 0 0 0 0 0 0 0 0 0 0 0 0 0 0 0 0 0 0 0 0 0 0 0 0 0 0 0 0 0 0 0 0 0 0 0 0 0 0 0 0 0 0 0 0 0 0 0 0 0 0 0 0 0 0 0 0 0 0 0 0 0 0 0 0 0 0 0 0 0 0 0 0 0 0 0 0 0 0 0 0 0 0 0 0 0 0 0 0 0 0 0 0 0 0 0 0 0 0 0 0 0 0 0 0 0 0 0 0 0 0 0 0 0 0 0 0 0 0 0 0 0 0 0 0 0 0 0 0 0 0 0 119 119 118 118 118 119 118 118 119 118 118 118 119 119 119 119 119 119 119 119 119 118 118 118 118 118 118 118 118 118 119 119 119 119 119 119 119 119 119 119 119 119 119 119 119 119 119 119 119 119 119 120 120 120 120 120 120 120 120 120 120 120 120 120 120 120 121 121 121 121 121 121 121 121 121 121 121 121 121 121 122 122 122 122 123 123 123 124 124 123 123 123 123 123 124 124 123 123 124 124 124 123 123 123 123 123 124 124 124 124 124 124 124 124 124 125 125 125 125 125 125 125 125 125 125 125 125 125 125 125 125 125 126 126 126 126 126 126 126 126 126 126 126 126 126 126 126 126 126 126 126 126 127 127 127 127 128 127 127 127 127 127 127 127 127 127 127 127 128 128 128 128 128 128 128 128 128 129 129 129 129 129 129 129 129 130 130 130 129 129 129 129 129 129 130 130 130 130 130 131 131 130 130 130 130 131 131 131 132 131 132 132 131 132 132 132 132 132 132 132 132 133 133 134 134 134 134 135 135 135 136 137 137 137 137 137 137 137 138 138 138 0 0 0 0 0 138 138 138 138 139 138 138 138 138 138 138 138 138 138 138 138 138 138 139 139 0 0 0 0 0 0 0 0 0 0 0 0 0 0 0 0 0 0 0 0 0 0 0 0 0 0 0 0 0 0 0 0 0 0 0 0 0 0 0 0 0 0 0 0 0 0 0 0 0 0 0 0 0 0 0 0 0 0 0 0 0 0 0 0 0 0 
0 0 0 0 0 0 0 0 0 0 0 0 0 0 0 0 0 0 0 0 0 0 0 0 0 0 0 0 0 0 0 0 0 0 0 0 0 0 0 0 0 0 0 0 0 0 0 0 0 0 0 0 0 0 0 0 0 0 0 0 0 0 0 0 0 0 0 0 0 0 0 0 0 0 0 0 0 0 0 0 0 0 0 0 0 0 0 0 0 0 0 0 0 0 0 0 0 0 0 0 0 0 0 0 0 0 0 0 0 0 0 0 0 0 0 0 0 0 0 0 0 0 0 0 0 0 0 0 0 0 0 0 0 0 0 0 0 0 0 0 0 0 0 0 0 0 0 0 0 0 0 0 0 0 0 0 0 0 0 0 0 0 0 0 0 0 0 0 0 0 0 119 118 118 118 118 119 119 119 118 118 119 119 119 119 119 119 120 120 119 120 120 118 119 119 119 119 118 119 119 119 119 119 119 119 119 119 119 119 119 119 119 119 119 119 119 120 119 120 119 120 120 120 120 120 120 120 120 121 120 120 120 120 120 121 121 121 121 121 121 121 121 121 121 121 121 121 121 122 122 122 122 122 122 122 122 122 123 124 124 123 123 123 123 123 124 124 123 123 124 123 123 123 123 123 123 123 123 124 124 124 124 124 124 125 125 125 125 125 125 125 125 125 125 125 125 125 125 125 125 126 126 126 126 126 126 126 126 126 126 126 126 126 126 126 126 126 126 127 126 126 126 126 127 127 127 128 128 128 127 127 127 127 128 127 127 127 127 127 128 128 128 128 128 128 128 128 129 129 129 129 129 129 129 129 129 129 130 130 129 129 129 129 130 130 130 130 130 130 130 130 130 130 130 130 130 131 131 132 132 132 132 133 132 132 133 132 133 133 133 133 133 134 133 134 135 135 134 135 135 136 137 137 137 137 137 137 137 137 137 138 0 0 0 0 0 0 0 138 138 138 138 138 138 138 138 138 138 138 138 138 139 138 138 139 139 139 0 0 0 0 0 0 0 0 0 0 0 0 0 0 0 0 0 0 0 0 0 0 0 0 0 0 0 0 0 0 0 0 0 0 0 0 0 0 0 0 0 0 0 0 0 0 0 0 0 0 0 0 0 0 0 0 0 0 0 0 0 0 0 0 0 0 
0 0 0 0 0 0 0 0 0 0 0 0 0 0 0 0 0 0 0 0 0 0 0 0 0 0 0 0 0 0 0 0 0 0 0 0 0 0 0 0 0 0 0 0 0 0 0 0 0 0 0 0 0 0 0 0 0 0 0 0 0 0 0 0 0 0 0 0 0 0 0 0 0 0 0 0 0 0 0 0 0 0 0 0 0 0 0 0 0 0 0 0 0 0 0 0 0 0 0 0 0 0 0 0 0 0 0 0 0 0 0 0 0 0 0 0 0 0 0 0 0 0 0 0 0 0 0 0 0 0 0 0 0 0 0 0 0 0 0 0 0 0 0 0 0 0 0 0 0 0 0 0 0 0 0 0 0 0 0 0 0 0 0 0 0 0 0 0 0 0 0 119 119 119 119 119 119 119 119 119 119 120 119 119 119 119 119 119 120 120 120 120 119 119 119 119 119 119 119 119 119 119 119 119 119 119 119 119 119 119 119 120 120 120 120 120 120 120 120 120 120 120 120 120 120 121 120 121 121 120 120 121 121 121 121 121 121 121 121 121 121 121 121 122 122 122 122 122 122 122 122 122 122 122 122 123 123 123 124 124 124 123 123 123 123 124 124 123 124 124 124 124 124 123 123 123 124 124 124 124 124 124 124 125 125 125 125 125 125 125 125 125 125 125 125 125 125 125 126 126 126 126 126 126 126 126 126 126 126 126 126 126 126 126 127 127 127 127 127 127 127 126 126 126 127 127 127 128 128 127 127 128 128 128 128 128 127 127 127 128 128 128 128 128 128 129 129 129 129 129 129 129 129 129 129 129 130 130 130 130 129 129 130 130 130 130 131 131 130 130 130 130 130 130 0 0 0 131 132 132 132 133 134 133 134 133 133 133 133 133 133 133 134 134 134 135 135 135 135 135 136 136 137 137 137 0 0 137 0 137 0 0 0 0 0 0 0 0 0 138 138 138 138 138 138 138 138 138 138 138 139 139 139 139 139 139 140 0 0 0 0 0 0 0 0 0 0 0 0 0 0 0 0 0 0 0 0 0 0 0 0 0 0 0 0 0 0 0 0 0 0 0 0 0 0 0 0 0 0 0 0 0 0 0 0 0 0 0 0 0 0 0 0 0 0 0 0 0 0 0 0 0 0 
0 0 0 0 0 0 0 0 0 0 0 0 0 0 0 0 0 0 0 0 0 0 0 0 0 0 0 0 0 0 0 0 0 0 0 0 0 0 0 0 0 0 0 0 0 0 0 0 0 0 0 0 0 0 0 0 0 0 0 0 0 0 0 0 0 0 0 0 0 0 0 0 0 0 0 0 0 0 0 0 0 0 0 0 0 0 0 0 0 0 0 0 0 0 0 0 0 0 0 0 0 0 0 0 0 0 0 0 0 0 0 0 0 0 0 0 0 0 0 0 0 0 0 0 0 0 0 0 0 0 0 0 0 0 0 0 0 0 0 0 0 0 0 0 0 0 0 0 0 0 0 0 0 0 0 0 0 0 0 0 0 0 0 0 0 0 0 0 0 0 0 120 120 120 119 119 120 120 119 119 120 120 120 120 119 119 119 119 120 120 120 120 119 119 119 119 119 119 119 119 119 119 120 120 120 120 120 120 120 120 120 120 120 120 120 120 120 120 120 120 120 120 120 120 121 121 121 121 121 121 121 121 121 121 121 121 121 121 122 122 122 122 122 122 122 122 122 122 122 122 122 122 122 122 122 123 124 124 125 125 124 124 123 124 124 124 124 123 124 125 125 124 124 124 124 124 124 124 124 124 124 124 125 125 125 125 125 125 125 125 125 125 125 125 125 125 126 126 126 126 126 126 126 126 126 126 126 126 126 126 126 126 126 127 127 127 127 127 127 127 127 127 127 126 126 127 127 128 128 128 128 128 128 128 128 128 128 127 127 127 128 128 128 128 129 129 129 129 129 129 129 129 129 129 130 130 130 130 130 130 130 129 130 130 130 130 131 130 130 130 130 130 131 131 0 0 0 0 0 132 132 133 133 133 134 134 134 133 133 133 133 133 134 134 134 134 135 135 135 135 135 136 136 137 0 0 0 0 0 0 0 0 0 0 0 0 0 0 0 0 0 138 139 139 139 139 139 139 139 139 0 0 0 139 139 0 0 0 0 0 0 0 0 0 0 0 0 0 0 0 0 0 0 0 0 0 0 0 0 0 0 0 0 0 0 0 0 0 0 0 0 0 0 0 0 0 0 0 0 0 0 0 0 0 0 0 0 0 0 0 0 0 0 0 0 0 0 0 0 0 0 0 0 
0 0 0 0 0 0 0 0 0 0 0 0 0 0 0 0 0 0 0 0 0 0 0 0 0 0 0 0 0 0 0 0 0 0 0 0 0 0 0 0 0 0 0 0 0 0 0 0 0 0 0 0 0 0 0 0 0 0 0 0 0 0 0 0 0 0 0 0 0 0 0 0 0 0 0 0 0 0 0 0 0 0 0 0 0 0 0 0 0 0 0 0 0 0 0 0 0 0 0 0 0 0 0 0 0 0 0 0 0 0 0 0 0 0 0 0 0 0 0 0 0 0 0 0 0 0 0 0 0 0 0 0 0 0 0 0 0 0 0 0 0 0 0 0 0 0 0 0 0 0 0 0 0 0 0 0 0 0 0 0 0 0 0 0 0 0 0 0 0 0 0 0 0 120 120 0 0 120 120 120 0 0 0 0 121 120 120 120 120 120 120 120 119 119 119 119 119 119 119 119 119 119 120 120 120 120 120 120 120 120 120 120 120 120 120 120 120 120 120 120 120 120 121 121 121 121 121 121 121 121 121 121 121 121 122 122 122 122 122 122 122 122 122 122 122 122 122 122 122 122 122 122 122 122 123 123 123 124 125 126 125 124 125 125 124 125 124 124 125 125 126 125 124 124 124 124 124 124 124 124 124 124 125 125 125 125 125 125 125 125 125 125 125 125 125 126 126 126 126 126 126 126 126 126 126 126 126 126 126 126 126 126 126 127 127 127 127 127 127 128 127 127 127 127 127 127 127 128 128 128 128 128 128 128 129 128 128 128 128 128 128 128 129 129 129 129 129 129 129 129 129 129 129 129 130 130 130 130 130 130 130 130 0 0 0 130 130 130 130 130 131 131 131 132 0 0 0 0 0 0 0 0 132 133 134 134 134 134 134 134 134 134 134 134 134 134 135 135 136 0 135 136 137 0 0 0 0 0 0 0 0 0 0 0 0 0 0 0 0 0 0 0 139 139 139 139 0 0 0 0 0 0 0 0 0 0 0 0 0 0 0 0 0 0 0 0 0 0 0 0 0 0 0 0 0 0 0 0 0 0 0 0 0 0 0 0 0 0 0 0 0 0 0 0 0 0 0 0 0 0 0 0 0 0 0 0 0 0 0 0 0 0 0 0 0 0 0 0 0 0 0 0 0 
0 0 0 0 0 0 0 0 0 0 0 0 0 0 0 0 0 0 0 0 0 0 0 0 0 0 0 0 0 0 0 0 0 0 0 0 0 0 0 0 0 0 0 0 0 0 0 0 0 0 0 0 0 0 0 0 0 0 0 0 0 0 0 0 0 0 0 0 0 0 0 0 0 0 0 0 0 0 0 0 0 0 0 0 0 0 0 0 0 0 0 0 0 0 0 0 0 0 0 0 0 0 0 0 0 0 0 0 0 0 0 0 0 0 0 0 0 0 0 0 0 0 0 0 0 0 0 0 0 0 0 0 0 0 0 0 0 0 0 0 0 0 0 0 0 0 0 0 0 0 0 0 0 0 0 0 0 0 0 0 0 0 0 0 0 0 0 0 0 0 0 0 0 0 0 0 0 0 0 0 0 0 0 0 0 120 120 120 120 120 120 120 119 119 120 119 119 119 119 119 119 120 120 120 120 120 120 120 120 120 120 120 120 120 120 120 120 120 120 120 120 121 121 121 121 121 121 121 121 121 121 121 121 122 122 122 122 122 122 122 122 122 122 122 122 122 122 122 122 122 122 122 123 123 123 124 124 125 125 126 126 126 126 126 126 126 125 125 126 126 126 126 125 125 125 125 125 124 124 124 124 125 125 125 125 125 125 125 126 126 126 126 126 126 126 126 126 126 126 126 126 126 126 126 126 126 126 126 126 126 127 127 127 127 127 127 127 127 127 128 128 128 128 127 127 127 127 128 128 128 128 128 128 129 129 129 128 128 128 128 128 128 129 129 129 129 130 130 130 130 130 130 130 130 130 130 130 131 131 130 130 130 0 0 0 0 130 130 130 130 131 132 132 133 0 0 0 0 0 0 0 0 0 133 133 134 134 134 134 134 134 133 135 135 135 134 0 135 136 0 0 0 0 0 0 0 0 0 0 0 0 0 0 0 0 0 0 0 0 0 0 0 0 0 0 0 0 0 0 0 0 0 0 0 0 0 0 0 0 0 0 0 0 0 0 0 0 0 0 0 0 0 0 0 0 0 0 0 0 0 0 0 0 0 0 0 0 0 0 0 0 0 0 0 0 0 0 0 0 0 0 0 0 0 0 0 0 0 0 0 0 0 0 0 0 0 0 0 0 0 0 0 0 
0 0 0 0 0 0 0 0 0 0 0 0 0 0 0 0 0 0 0 0 0 0 0 0 0 0 0 0 0 0 0 0 0 0 0 0 0 0 0 0 0 0 0 0 0 0 0 0 0 0 0 0 0 0 0 0 0 0 0 0 0 0 0 0 0 0 0 0 0 0 0 0 0 0 0 0 0 0 0 0 0 0 0 0 0 0 0 0 0 0 0 0 0 0 0 0 0 0 0 0 0 0 0 0 0 0 0 0 0 0 0 0 0 0 0 0 0 0 0 0 0 0 0 0 0 0 0 0 0 0 0 0 0 0 0 0 0 0 0 0 0 0 0 0 0 0 0 0 0 0 0 0 0 0 0 0 0 0 0 0 0 0 0 0 0 0 0 0 0 0 0 0 0 0 0 0 0 0 0 0 0 0 0 0 0 0 0 121 121 121 121 121 119 120 120 120 120 120 120 119 119 119 120 120 120 120 120 120 120 120 120 120 120 120 120 120 120 120 120 120 120 121 121 121 121 121 121 121 121 121 121 122 122 122 122 122 122 122 122 122 122 122 122 122 122 122 122 122 122 123 123 123 123 123 123 124 125 125 125 126 126 126 125 126 126 127 126 126 126 126 125 126 125 125 125 125 125 125 125 125 125 125 125 125 125 125 126 126 126 126 126 126 126 126 126 126 126 126 126 126 126 126 126 126 126 126 126 127 127 127 127 127 127 127 127 127 127 127 127 128 128 128 128 128 127 127 127 128 128 129 129 128 129 129 128 129 128 128 128 128 128 128 129 129 130 130 130 130 130 130 130 130 130 130 130 130 131 131 131 130 130 0 0 0 0 0 0 0 0 131 132 0 0 0 0 0 0 0 0 0 0 0 0 0 133 133 134 0 0 134 134 134 135 0 0 0 0 0 0 0 0 0 0 0 0 0 0 0 0 0 0 0 0 0 0 0 0 0 0 0 0 0 0 0 0 0 0 0 0 0 0 0 0 0 0 0 0 0 0 0 0 0 0 0 0 0 0 0 0 0 0 0 0 0 0 0 0 0 0 0 0 0 0 0 0 0 0 0 0 0 0 0 0 0 0 0 0 0 0 0 0 0 0 0 0 0 0 0 0 0 0 0 0 0 0 0 0 0 0 0 0 0 0 
0 0 0 0 0 0 0 0 0 0 0 0 0 0 0 0 0 0 0 0 0 0 0 0 0 0 0 0 0 0 0 0 0 0 0 0 0 0 0 0 0 0 0 0 0 0 0 0 0 0 0 0 0 0 0 0 0 0 0 0 0 0 0 0 0 0 0 0 0 0 0 0 0 0 0 0 0 0 0 0 0 0 0 0 0 0 0 0 0 0 0 0 0 0 0 0 0 0 0 0 0 0 0 0 0 0 0 0 0 0 0 0 0 0 0 0 0 0 0 0 0 0 0 0 0 0 0 0 0 0 0 0 0 0 0 0 0 0 0 0 0 0 0 0 0 0 0 0 0 0 0 0 0 0 0 0 0 0 0 0 0 0 0 0 0 0 0 0 0 0 0 0 0 0 0 0 0 0 0 0 0 0 0 0 0 0 0 0 0 0 121 121 120 120 120 120 120 121 120 119 119 119 119 120 120 120 120 120 120 120 120 120 120 120 120 120 120 120 120 120 121 121 121 121 121 121 121 121 122 122 122 122 122 122 122 122 122 122 122 122 122 122 122 122 122 122 122 122 122 122 123 123 124 124 124 124 124 124 125 126 126 125 125 125 126 126 127 127 126 125 125 125 125 125 125 125 125 125 125 125 125 125 125 125 125 126 126 126 126 126 126 126 126 126 126 126 126 126 126 126 126 126 126 126 126 126 127 127 127 127 127 127 127 127 127 127 127 127 127 128 128 128 128 128 127 127 127 127 128 129 129 129 129 128 129 129 129 128 128 128 128 129 129 130 130 130 130 130 130 130 130 130 130 130 131 131 130 0 130 130 0 0 0 0 0 0 0 0 0 0 0 0 0 0 0 0 0 0 0 0 0 0 0 0 0 0 0 0 0 0 0 0 0 0 0 0 0 0 0 0 0 0 0 0 0 0 0 0 0 0 0 0 0 0 0 0 0 0 0 0 0 0 0 0 0 0 0 0 0 0 0 0 0 0 0 0 0 0 0 0 0 0 0 0 0 0 0 0 0 0 0 0 0 0 0 0 0 0 0 0 0 0 0 0 0 0 0 0 0 0 0 0 0 0 0 0 0 0 0 0 0 0 0 0 0 0 0 0 0 0 0 0 0 0 0 0 0 0 0 0 0 0 0 
0 0 0 0 0 0 0 0 0 0 0 0 0 0 0 0 0 0 0 0 0 0 0 0 0 0 0 0 0 0 0 0 0 0 0 0 0 0 0 0 0 0 0 0 0 0 0 0 0 0 0 0 0 0 0 0 0 0 0 0 0 0 0 0 0 0 0 0 0 0 0 0 0 0 0 0 0 0 0 0 0 0 0 0 0 0 0 0 0 0 0 0 0 0 0 0 0 0 0 0 0 0 0 0 0 0 0 0 0 0 0 0 0 0 0 0 0 0 0 0 0 0 0 0 0 0 0 0 0 0 0 0 0 0 0 0 0 0 0 0 0 0 0 0 0 0 0 0 0 0 0 0 0 0 0 0 0 0 0 0 0 0 0 0 0 0 0 0 0 0 0 0 0 0 0 0 0 0 0 0 0 0 0 0 0 0 0 0 0 0 122 122 120 120 120 120 120 121 120 120 120 119 119 119 120 120 120 120 120 120 120 121 121 120 121 121 121 121 121 121 121 121 121 121 121 121 121 122 122 122 122 122 122 122 122 122 122 122 122 122 122 122 122 122 122 122 122 122 123 123 123 123 123 124 125 125 124 125 125 126 126 126 125 125 125 126 126 127 127 126 125 125 126 125 125 126 125 125 125 125 125 125 125 126 126 126 126 126 126 126 126 126 126 126 127 127 126 126 126 126 126 127 127 127 127 127 127 127 127 127 127 127 127 127 127 127 127 127 128 128 128 128 129 129 128 127 127 128 128 128 129 129 129 129 129 129 129 129 129 128 128 129 130 130 130 130 130 130 130 130 130 130 131 131 131 131 130 0 0 0 0 0 0 0 0 0 0 0 0 0 0 0 0 0 0 0 0 0 0 0 0 0 0 0 0 0 0 0 0 0 0 0 0 0 0 0 0 0 0 0 0 0 0 0 0 0 0 0 0 0 0 0 0 0 0 0 0 0 0 0 0 0 0 0 0 0 0 0 0 0 0 0 0 0 0 0 0 0 0 0 0 0 0 0 0 0 0 0 0 0 0 0 0 0 0 0 0 0 0 0 0 0 0 0 0 0 0 0 0 0 0 0 0 0 0 0 0 0 0 0 0 0 0 0 0 0 0 0 0 0 0 0 0 0 0 0 0 0 0 0 0 0 0 
0 0 0 0 0 0 0 0 0 0 0 0 0 0 0 0 0 0 0 0 0 0 0 0 0 0 0 0 0 0 0 0 0 0 0 0 0 0 0 0 0 0 0 0 0 0 0 0 0 0 0 0 0 0 0 0 0 0 0 0 0 0 0 0 0 0 0 0 0 0 0 0 0 0 0 0 0 0 0 0 0 0 0 0 0 0 0 0 0 0 0 0 0 0 0 0 0 0 0 0 0 0 0 0 0 0 0 0 0 0 0 0 0 0 0 0 0 0 0 0 0 0 0 0 0 0 0 0 0 0 0 0 0 0 0 0 0 0 0 0 0 0 0 0 0 0 0 0 0 0 0 0 0 0 0 0 0 0 0 0 0 0 0 0 0 0 0 0 0 0 0 0 0 0 0 0 0 0 0 0 0 0 0 0 0 0 0 0 0 0 0 0 0 120 121 121 121 121 121 121 120 120 120 120 120 120 120 120 120 120 121 121 121 121 121 121 121 122 121 121 121 121 121 121 122 122 122 122 122 122 122 122 122 122 122 123 122 122 122 122 122 122 122 123 123 123 123 123 124 124 123 124 123 124 125 126 126 126 126 127 127 126 126 126 125 125 126 126 127 126 125 126 126 126 125 125 125 126 126 126 126 126 126 126 126 126 126 126 126 126 126 126 126 126 127 127 127 127 127 127 127 127 127 127 127 127 127 127 127 127 128 128 128 128 128 0 128 128 0 128 129 129 129 129 128 128 128 128 128 128 129 129 130 129 129 128 129 128 129 129 129 129 130 130 130 130 130 130 130 130 130 130 131 131 131 131 0 0 0 0 0 0 0 0 0 0 0 0 0 0 0 0 0 0 0 0 0 0 0 0 0 0 0 0 0 0 0 0 0 0 0 0 0 0 0 0 0 0 0 0 0 0 0 0 0 0 0 0 0 0 0 0 0 0 0 0 0 0 0 0 0 0 0 0 0 0 0 0 0 0 0 0 0 0 0 0 0 0 0 0 0 0 0 0 0 0 0 0 0 0 0 0 0 0 0 0 0 0 0 0 0 0 0 0 0 0 0 0 0 0 0 0 0 0 0 0 0 0 0 0 0 0 0 0 0 0 0 0 0 0 0 0 0 0 0 0 0 0 0 0 0 0 0 
0 0 0 0 0 0 0 0 0 0 0 0 0 0 0 0 0 0 0 0 0 0 0 0 0 0 0 0 0 0 0 0 0 0 0 0 0 0 0 0 0 0 0 0 0 0 0 0 0 0 0 0 0 0 0 0 0 0 0 0 0 0 0 0 0 0 0 0 0 0 0 0 0 0 0 0 0 0 0 0 0 0 0 0 0 0 0 0 0 0 0 0 0 0 0 0 0 0 0 0 0 0 0 0 0 0 0 0 0 0 0 0 0 0 0 0 0 0 0 0 0 0 0 0 0 0 0 0 0 0 0 0 0 0 0 0 0 0 0 0 0 0 0 0 0 0 0 0 0 0 0 0 0 0 0 0 0 0 0 0 0 0 0 0 0 0 0 0 0 0 0 0 0 0 0 0 0 0 0 0 0 0 0 0 0 0 0 0 0 0 0 0 0 0 0 0 0 122 122 122 121 121 121 121 121 120 120 120 120 120 120 120 121 121 121 122 122 122 122 121 121 121 122 122 122 122 122 122 122 122 122 122 123 123 123 123 123 122 122 123 123 123 124 124 124 124 124 125 125 124 125 125 125 125 126 127 127 127 127 127 126 126 126 126 126 125 126 126 127 126 126 125 126 126 126 126 125 125 125 126 125 126 126 126 126 126 126 126 126 127 127 126 126 126 127 127 127 127 127 127 127 127 127 127 127 127 128 128 128 128 128 128 129 129 128 0 0 0 0 0 0 0 129 130 129 129 128 128 129 129 129 129 129 129 129 129 129 129 129 129 129 129 130 130 130 130 130 130 130 130 130 131 131 131 131 0 0 0 0 0 0 0 0 0 0 0 0 0 0 0 0 0 0 0 0 0 0 0 0 0 0 0 0 0 0 0 0 0 0 0 0 0 0 0 0 0 0 0 0 0 0 0 0 0 0 0 0 0 0 0 0 0 0 0 0 0 0 0 0 0 0 0 0 0 0 0 0 0 0 0 0 0 0 0 0 0 0 0 0 0 0 0 0 0 0 0 0 0 0 0 0 0 0 0 0 0 0 0 0 0 0 0 0 0 0 0 0 0 0 0 0 0 0 0 0 0 0 0 0 0 0 0 0 0 0 0 0 0 0 0 0 0 0 0 0 0 0 0 0 0 0 0 0 
0 0 0 0 0 0 0 0 0 0 0 0 0 0 0 0 0 0 0 0 0 0 0 0 0 0 0 0 0 0 0 0 0 0 0 0 0 0 0 0 0 0 0 0 0 0 0 0 0 0 0 0 0 0 0 0 0 0 0 0 0 0 0 0 0 0 0 0 0 0 0 0 0 0 0 0 0 0 0 0 0 0 0 0 0 0 0 0 0 0 0 0 0 0 0 0 0 0 0 0 0 0 0 0 0 0 0 0 0 0 0 0 0 0 0 0 0 0 0 0 0 0 0 0 0 0 0 0 0 0 0 0 0 0 0 0 0 0 0 0 0 0 0 0 0 0 0 0 0 0 0 0 0 0 0 0 0 0 0 0 0 0 0 0 0 0 0 0 0 0 0 0 0 0 0 0 0 0 0 0 0 0 0 0 0 0 0 0 0 0 0 0 0 0 0 0 0 0 123 123 122 122 121 121 121 120 120 120 121 121 120 121 121 122 122 122 121 121 121 121 121 122 122 122 122 122 122 123 123 123 123 123 123 123 123 123 123 122 122 123 124 124 125 125 126 126 126 126 126 125 126 126 126 126 126 127 127 126 127 127 127 126 125 126 126 126 126 126 126 126 126 125 125 125 125 125 125 125 126 126 126 126 126 126 126 126 126 126 126 126 127 127 126 127 127 127 127 128 127 128 128 128 127 127 128 128 128 128 128 128 128 128 129 129 129 0 0 0 0 0 0 0 0 0 130 129 128 128 129 129 130 129 129 129 129 129 129 130 130 130 129 129 130 130 130 130 130 131 131 0 131 131 131 131 0 0 0 0 0 0 0 0 0 0 0 0 0 0 0 0 0 0 0 0 0 0 0 0 0 0 0 0 0 0 0 0 0 0 0 0 0 0 0 0 0 0 0 0 0 0 0 0 0 0 0 0 0 0 0 0 0 0 0 0 0 0 0 0 0 0 0 0 0 0 0 0 0 0 0 0 0 0 0 0 0 0 0 0 0 0 0 0 0 0 0 0 0 0 0 0 0 0 0 0 0 0 0 0 0 0 0 0 0 0 0 0 0 0 0 0 0 0 0 0 0 0 0 0 0 0 0 0 0 0 0 0 0 0 0 0 0 0 0 0 0 0 0 0 0 0 0 0 0 
0 0 0 0 0 0 0 0 0 0 0 0 0 0 0 0 0 0 0 0 0 0 0 0 0 0 0 0 0 0 0 0 0 0 0 0 0 0 0 0 0 0 0 0 0 0 0 0 0 0 0 0 0 0 0 0 0 0 0 0 0 0 0 0 0 0 0 0 0 0 0 0 0 0 0 0 0 0 0 0 0 0 0 0 0 0 0 0 0 0 0 0 0 0 0 0 0 0 0 0 0 0 0 0 0 0 0 0 0 0 0 0 0 0 0 0 0 0 0 0 0 0 0 0 0 0 0 0 0 0 0 0 0 0 0 0 0 0 0 0 0 0 0 0 0 0 0 0 0 0 0 0 0 0 0 0 0 0 0 0 0 0 0 0 0 0 0 0 0 0 0 0 0 0 0 0 0 0 0 0 0 0 0 0 0 0 0 0 0 0 0 0 0 0 0 0 0 0 0 124 123 123 122 122 121 121 120 121 122 121 120 121 122 122 122 122 121 121 122 122 122 122 122 122 123 123 123 123 123 123 123 123 123 123 123 123 123 123 123 123 124 125 125 126 126 127 127 128 127 126 127 127 127 127 126 126 126 126 127 127 127 127 127 126 126 126 126 126 126 126 126 126 126 126 126 126 126 126 126 127 126 126 126 126 126 126 126 126 126 126 127 127 126 127 127 127 127 128 128 128 128 128 127 127 128 128 128 128 128 128 129 129 129 129 0 0 0 0 0 0 0 0 0 0 130 129 129 129 129 130 130 0 0 0 0 0 0 129 129 130 130 129 130 130 130 131 131 131 131 0 0 0 0 0 0 0 0 0 0 0 0 0 0 0 0 0 0 0 0 0 0 0 0 0 0 0 0 0 0 0 0 0 0 0 0 0 0 0 0 0 0 0 0 0 0 0 0 0 0 0 0 0 0 0 0 0 0 0 0 0 0 0 0 0 0 0 0 0 0 0 0 0 0 0 0 0 0 0 0 0 0 0 0 0 0 0 0 0 0 0 0 0 0 0 0 0 0 0 0 0 0 0 0 0 0 0 0 0 0 0 0 0 0 0 0 0 0 0 0 0 0 0 0 0 0 0 0 0 0 0 0 0 0 0 0 0 0 0 0 0 0 0 0 0 0 0 0 0 0 0 0 0 0 
0 0 0 0 0 0 0 0 0 0 0 0 0 0 0 0 0 0 0 0 0 0 0 0 0 0 0 0 0 0 0 0 0 0 0 0 0 0 0 0 0 0 0 0 0 0 0 0 0 0 0 0 0 0 0 0 0 0 0 0 0 0 0 0 0 0 0 0 0 0 0 0 0 0 0 0 0 0 0 0 0 0 0 0 0 0 0 0 0 0 0 0 0 0 0 0 0 0 0 0 0 0 0 0 0 0 0 0 0 0 0 0 0 0 0 0 0 0 0 0 0 0 0 0 0 0 0 0 0 0 0 0 0 0 0 0 0 0 0 0 0 0 0 0 0 0 0 0 0 0 0 0 0 0 0 0 0 0 0 0 0 0 0 0 0 0 0 0 0 0 0 0 0 0 0 0 0 0 0 0 0 0 0 0 0 0 0 0 0 0 0 0 0 0 0 0 0 0 0 0 0 123 123 122 123 122 122 122 122 121 121 122 123 123 122 122 122 122 122 122 122 122 123 123 123 123 123 123 123 123 123 123 123 123 123 123 123 123 124 123 124 124 124 125 125 126 127 128 128 127 128 128 128 127 126 126 126 126 127 127 127 127 127 127 126 126 126 126 126 126 126 127 127 126 126 127 127 127 127 127 127 127 126 126 126 126 126 126 126 126 126 127 126 127 127 127 127 128 128 128 128 128 127 128 128 128 128 128 0 0 0 129 130 129 130 0 0 0 0 0 0 0 0 0 130 129 0 0 0 0 0 0 0 0 0 0 0 0 0 0 0 0 130 130 131 131 131 131 0 0 0 0 0 0 0 0 0 0 0 0 0 0 0 0 0 0 0 0 0 0 0 0 0 0 0 0 0 0 0 0 0 0 0 0 0 0 0 0 0 0 0 0 0 0 0 0 0 0 0 0 0 0 0 0 0 0 0 0 0 0 0 0 0 0 0 0 0 0 0 0 0 0 0 0 0 0 0 0 0 0 0 0 0 0 0 0 0 0 0 0 0 0 0 0 0 0 0 0 0 0 0 0 0 0 0 0 0 0 0 0 0 0 0 0 0 0 0 0 0 0 0 0 0 0 0 0 0 0 0 0 0 0 0 0 0 0 0 0 0 0 0 0 0 0 0 0 0 0 0 0 0 0 0 
0 0 0 0 0 0 0 0 0 0 0 0 0 0 0 0 0 0 0 0 0 0 0 0 0 0 0 0 0 0 0 0 0 0 0 0 0 0 0 0 0 0 0 0 0 0 0 0 0 0 0 0 0 0 0 0 0 0 0 0 0 0 0 0 0 0 0 0 0 0 0 0 0 0 0 0 0 0 0 0 0 0 0 0 0 0 0 0 0 0 0 0 0 0 0 0 0 0 0 0 0 0 0 0 0 0 0 0 0 0 0 0 0 0 0 0 0 0 0 0 0 0 0 0 0 0 0 0 0 0 0 0 0 0 0 0 0 0 0 0 0 0 0 0 0 0 0 0 0 0 0 0 0 0 0 0 0 0 0 0 0 0 0 0 0 0 0 0 0 0 0 0 0 0 0 0 0 0 0 0 0 0 0 0 0 0 0 0 0 0 0 0 0 0 0 0 0 0 0 0 0 0 123 123 124 124 123 122 122 122 123 123 123 122 122 122 122 122 122 122 122 123 123 123 123 123 123 123 123 123 123 123 123 123 123 123 123 124 124 125 125 126 125 125 126 127 128 128 128 129 129 129 128 128 128 127 126 127 126 127 127 127 127 127 126 127 127 127 127 127 127 127 128 128 127 127 128 128 128 128 127 127 126 126 127 127 127 127 126 126 126 126 126 127 127 127 128 128 128 128 128 128 128 128 128 128 128 128 0 0 0 0 0 130 131 0 0 0 0 0 0 0 0 0 0 0 0 0 0 0 0 0 0 0 0 0 0 0 0 0 0 0 0 0 0 131 131 0 0 0 0 0 0 0 0 0 0 0 0 0 0 0 0 0 0 0 0 0 0 0 0 0 0 0 0 0 0 0 0 0 0 0 0 0 0 0 0 0 0 0 0 0 0 0 0 0 0 0 0 0 0 0 0 0 0 0 0 0 0 0 0 0 0 0 0 0 0 0 0 0 0 0 0 0 0 0 0 0 0 0 0 0 0 0 0 0 0 0 0 0 0 0 0 0 0 0 0 0 0 0 0 0 0 0 0 0 0 0 0 0 0 0 0 0 0 0 0 0 0 0 0 0 0 0 0 0 0 0 0 0 0 0 0 0 0 0 0 0 0 0 0 0 0 0 0 0 0 0 0 0 0 0 0 
0 0 0 0 0 0 0 0 0 0 0 0 0 0 0 0 0 0 0 0 0 0 0 0 0 0 0 0 0 0 0 0 0 0 0 0 0 0 0 0 0 0 0 0 0 0 0 0 0 0 0 0 0 0 0 0 0 0 0 0 0 0 0 0 0 0 0 0 0 0 0 0 0 0 0 0 0 0 0 0 0 0 0 0 0 0 0 0 0 0 0 0 0 0 0 0 0 0 0 0 0 0 0 0 0 0 0 0 0 0 0 0 0 0 0 0 0 0 0 0 0 0 0 0 0 0 0 0 0 0 0 0 0 0 0 0 0 0 0 0 0 0 0 0 0 0 0 0 0 0 0 0 0 0 0 0 0 0 0 0 0 0 0 0 0 0 0 0 0 0 0 0 0 0 0 0 0 0 0 0 0 0 0 0 0 0 0 0 0 0 0 0 0 0 0 0 0 0 0 0 0 0 124 125 125 125 124 123 123 123 123 122 122 122 122 122 122 122 122 122 123 123 123 123 123 123 123 124 124 124 124 124 123 123 123 123 123 124 124 125 125 126 126 126 126 127 128 128 128 128 128 128 128 127 127 127 128 128 127 127 127 127 127 127 127 127 127 127 127 128 128 128 128 128 128 128 129 129 128 128 128 128 127 127 127 127 127 127 127 127 127 127 126 127 127 128 128 128 128 128 129 128 128 128 128 129 129 0 0 0 0 0 0 0 0 0 0 0 0 0 0 0 0 0 0 0 0 0 0 0 0 0 0 0 0 0 0 0 0 0 0 0 0 0 0 0 0 0 0 0 0 0 0 0 0 0 0 0 0 0 0 0 0 0 0 0 0 0 0 0 0 0 0 0 0 0 0 0 0 0 0 0 0 0 0 0 0 0 0 0 0 0 0 0 0 0 0 0 0 0 0 0 0 0 0 0 0 0 0 0 0 0 0 0 0 0 0 0 0 0 0 0 0 0 0 0 0 0 0 0 0 0 0 0 0 0 0 0 0 0 0 0 0 0 0 0 0 0 0 0 0 0 0 0 0 0 0 0 0 0 0 0 0 0 0 0 0 0 0 0 0 0 0 0 0 0 0 0 0 0 0 0 0 0 0 0 0 0 0 0 0 0 0 0 0 0 0 0 0 0 0 0 0 
0 0 0 0 0 0 0 0 0 0 0 0 0 0 0 0 0 0 0 0 0 0 0 0 0 0 0 0 0 0 0 0 0 0 0 0 0 0 0 0 0 0 0 0 0 0 0 0 0 0 0 0 0 0 0 0 0 0 0 0 0 0 0 0 0 0 0 0 0 0 0 0 0 0 0 0 0 0 0 0 0 0 0 0 0 0 0 0 0 0 0 0 0 0 0 0 0 0 0 0 0 0 0 0 0 0 0 0 0 0 0 0 0 0 0 0 0 0 0 0 0 0 0 0 0 0 0 0 0 0 0 0 0 0 0 0 0 0 0 0 0 0 0 0 0 0 0 0 0 0 0 0 0 0 0 0 0 0 0 0 0 0 0 0 0 0 0 0 0 0 0 0 0 0 0 0 0 0 0 0 0 0 0 0 0 0 0 0 0 0 0 0 0 0 0 0 0 0 0 0 0 0 0 0 126 126 126 125 124 123 123 122 122 122 122 122 122 123 123 123 123 123 123 123 124 124 124 124 124 124 124 124 123 124 124 124 125 125 124 125 125 126 127 127 127 128 129 129 128 127 127 127 127 127 127 127 128 128 127 127 127 127 127 127 127 127 128 128 128 128 128 129 130 130 130 129 130 130 130 129 129 129 128 128 128 128 128 128 128 127 127 127 127 127 127 128 128 128 128 129 128 129 128 129 129 0 0 0 0 0 0 0 0 0 0 0 0 0 0 0 0 0 0 0 0 0 0 0 0 0 0 0 0 0 0 0 0 0 0 0 0 0 0 0 0 0 0 0 0 0 0 0 0 0 0 0 0 0 0 0 0 0 0 0 0 0 0 0 0 0 0 0 0 0 0 0 0 0 0 0 0 0 0 0 0 0 0 0 0 0 0 0 0 0 0 0 0 0 0 0 0 0 0 0 0 0 0 0 0 0 0 0 0 0 0 0 0 0 0 0 0 0 0 0 0 0 0 0 0 0 0 0 0 0 0 0 0 0 0 0 0 0 0 0 0 0 0 0 0 0 0 0 0 0 0 0 0 0 0 0 0 0 0 0 0 0 0 0 0 0 0 0 0 0 0 0 0 0 0 0 0 0 0 0 0 0 0 0 0 0 0 0 0 0 0 0 0 0 0 0 0 0 0 
0 0 0 0 0 0 0 0 0 0 0 0 0 0 0 0 0 0 0 0 0 0 0 0 0 0 0 0 0 0 0 0 0 0 0 0 0 0 0 0 0 0 0 0 0 0 0 0 0 0 0 0 0 0 0 0 0 0 0 0 0 0 0 0 0 0 0 0 0 0 0 0 0 0 0 0 0 0 0 0 0 0 0 0 0 0 0 0 0 0 0 0 0 0 0 0 0 0 0 0 0 0 0 0 0 0 0 0 0 0 0 0 0 0 0 0 0 0 0 0 0 0 0 0 0 0 0 0 0 0 0 0 0 0 0 0 0 0 0 0 0 0 0 0 0 0 0 0 0 0 0 0 0 0 0 0 0 0 0 0 0 0 0 0 0 0 0 0 0 0 0 0 0 0 0 0 0 0 0 0 0 0 0 0 0 0 0 0 0 0 0 0 0 0 0 0 0 0 0 0 0 0 0 0 0 127 126 125 124 123 122 122 123 123 123 123 123 123 123 123 123 123 124 124 124 124 124 124 124 124 124 123 124 124 124 125 125 126 126 126 126 127 128 128 129 129 129 129 128 128 127 127 127 127 127 127 127 127 127 127 127 127 128 127 128 128 128 128 129 129 129 129 130 131 131 131 132 131 130 129 129 129 128 128 128 128 128 128 128 128 127 127 127 127 127 128 128 128 128 129 129 129 129 129 0 0 0 0 0 0 0 0 0 0 0 0 0 0 0 0 0 0 0 0 0 0 0 0 0 0 0 0 0 0 0 0 0 0 0 0 0 0 0 0 0 0 0 0 0 0 0 0 0 0 0 0 0 0 0 0 0 0 0 0 0 0 0 0 0 0 0 0 0 0 0 0 0 0 0 0 0 0 0 0 0 0 0 0 0 0 0 0 0 0 0 0 0 0 0 0 0 0 0 0 0 0 0 0 0 0 0 0 0 0 0 0 0 0 0 0 0 0 0 0 0 0 0 0 0 0 0 0 0 0 0 0 0 0 0 0 0 0 0 0 0 0 0 0 0 0 0 0 0 0 0 0 0 0 0 0 0 0 0 0 0 0 0 0 0 0 0 0 0 0 0 0 0 0 0 0 0 0 0 0 0 0 0 0 0 0 0 0 0 0 0 0 0 0 0 0 0 0 0 
0 0 0 0 0 0 0 0 0 0 0 0 0 0 0 0 0 0 0 0 0 0 0 0 0 0 0 0 0 0 0 0 0 0 0 0 0 0 0 0 0 0 0 0 0 0 0 0 0 0 0 0 0 0 0 0 0 0 0 0 0 0 0 0 0 0 0 0 0 0 0 0 0 0 0 0 0 0 0 0 0 0 0 0 0 0 0 0 0 0 0 0 0 0 0 0 0 0 0 0 0 0 0 0 0 0 0 0 0 0 0 0 0 0 0 0 0 0 0 0 0 0 0 0 0 0 0 0 0 0 0 0 0 0 0 0 0 0 0 0 0 0 0 0 0 0 0 0 0 0 0 0 0 0 0 0 0 0 0 0 0 0 0 0 0 0 0 0 0 0 0 0 0 0 0 0 0 0 0 0 0 0 0 0 0 0 0 0 0 0 0 0 0 0 0 0 0 0 0 0 0 0 0 0 0 126 125 124 123 123 122 123 123 123 123 123 123 123 123 123 124 123 124 124 124 124 124 124 124 124 124 124 123 124 125 125 125 125 126 126 127 127 127 127 128 129 129 129 129 129 128 128 128 128 128 127 127 127 128 128 128 128 128 128 128 129 128 129 130 130 130 129 131 132 0 0 0 0 131 130 129 128 128 128 128 128 129 128 128 128 128 127 127 128 128 128 128 128 128 128 129 129 0 0 0 0 0 0 0 0 0 0 0 0 0 0 0 0 0 0 0 0 0 0 0 0 0 0 0 0 0 0 0 0 0 0 0 0 0 0 0 0 0 0 0 0 0 0 0 0 0 0 0 0 0 0 0 0 0 0 0 0 0 0 0 0 0 0 0 0 0 0 0 0 0 0 0 0 0 0 0 0 0 0 0 0 0 0 0 0 0 0 0 0 0 0 0 0 0 0 0 0 0 0 0 0 0 0 0 0 0 0 0 0 0 0 0 0 0 0 0 0 0 0 0 0 0 0 0 0 0 0 0 0 0 0 0 0 0 0 0 0 0 0 0 0 0 0 0 0 0 0 0 0 0 0 0 0 0 0 0 0 0 0 0 0 0 0 0 0 0 0 0 0 0 0 0 0 0 0 0 0 0 0 0 0 0 0 0 0 0 0 0 0 0 0 0 0 0 0 0 0 0 
0 0 0 0 0 0 0 0 0 0 0 0 0 0 0 0 0 0 0 0 0 0 0 0 0 0 0 0 0 0 0 0 0 0 0 0 0 0 0 0 0 0 0 0 0 0 0 0 0 0 0 0 0 0 0 0 0 0 0 0 0 0 0 0 0 0 0 0 0 0 0 0 0 0 0 0 0 0 0 0 0 0 0 0 0 0 0 0 0 0 0 0 0 0 0 0 0 0 0 0 0 0 0 0 0 0 0 0 0 0 0 0 0 0 0 0 0 0 0 0 0 0 0 0 0 0 0 0 0 0 0 0 0 0 0 0 0 0 0 0 0 0 0 0 0 0 0 0 0 0 0 0 0 0 0 0 0 0 0 0 0 0 0 0 0 0 0 0 0 0 0 0 0 0 0 0 0 0 0 0 0 0 0 0 0 0 0 0 0 0 0 0 0 0 0 0 0 0 0 0 0 0 0 0 0 124 124 123 123 122 122 123 123 123 123 123 123 123 124 123 123 123 124 124 124 124 124 124 124 124 124 124 124 124 124 124 125 126 127 127 128 128 127 127 128 128 129 130 130 130 130 130 130 129 129 129 129 129 128 128 128 128 128 128 128 129 130 130 130 131 132 131 132 0 0 0 0 0 0 0 0 0 128 128 128 128 129 129 129 128 128 128 127 127 128 128 128 128 129 129 129 129 0 0 0 0 0 0 0 0 0 0 0 0 0 0 0 0 0 0 0 0 0 0 0 0 0 0 0 0 0 0 0 0 0 0 0 0 0 0 0 0 0 0 0 0 0 0 0 0 0 0 0 0 0 0 0 0 0 0 0 0 0 0 0 0 0 0 0 0 0 0 0 0 0 0 0 0 0 0 0 0 0 0 0 0 0 0 0 0 0 0 0 0 0 0 0 0 0 0 0 0 0 0 0 0 0 0 0 0 0 0 0 0 0 0 0 0 0 0 0 0 0 0 0 0 0 0 0 0 0 0 0 0 0 0 0 0 0 0 0 0 0 0 0 0 0 0 0 0 0 0 0 0 0 0 0 0 0 0 0 0 0 0 0 0 0 0 0 0 0 0 0 0 0 0 0 0 0 0 0 0 0 0 0 0 0 0 0 0 0 0 0 0 0 0 0 0 0 0 0 0 0 
0 0 0 0 0 0 0 0 0 0 0 0 0 0 0 0 0 0 0 0 0 0 0 0 0 0 0 0 0 0 0 0 0 0 0 0 0 0 0 0 0 0 0 0 0 0 0 0 0 0 0 0 0 0 0 0 0 0 0 0 0 0 0 0 0 0 0 0 0 0 0 0 0 0 0 0 0 0 0 0 0 0 0 0 0 0 0 0 0 0 0 0 0 0 0 0 0 0 0 0 0 0 0 0 0 0 0 0 0 0 0 0 0 0 0 0 0 0 0 0 0 0 0 0 0 0 0 0 0 0 0 0 0 0 0 0 0 0 0 0 0 0 0 0 0 0 0 0 0 0 0 0 0 0 0 0 0 0 0 0 0 0 0 0 0 0 0 0 0 0 0 0 0 0 0 0 0 0 0 0 0 0 0 0 0 0 0 0 0 0 0 0 0 0 0 0 0 0 0 0 0 0 0 0 0 0 123 123 123 123 123 123 122 123 123 123 124 124 123 123 123 123 124 124 124 124 124 124 124 124 125 125 125 125 125 125 125 125 126 126 126 127 126 126 127 127 127 128 128 128 129 129 129 129 129 130 130 131 129 128 129 129 129 129 129 130 131 131 132 133 0 0 0 0 0 0 0 0 0 0 0 0 128 128 128 128 128 129 129 129 128 128 127 127 127 128 128 128 129 129 129 129 0 0 0 0 0 0 0 0 0 0 0 0 0 0 0 0 0 0 0 0 0 0 0 0 0 0 0 0 0 0 0 0 0 0 0 0 0 0 0 0 0 0 0 0 0 0 0 0 0 0 0 0 0 0 0 0 0 0 0 0 0 0 0 0 0 0 0 0 0 0 0 0 0 0 0 0 0 0 0 0 0 0 0 0 0 0 0 0 0 0 0 0 0 0 0 0 0 0 0 0 0 0 0 0 0 0 0 0 0 0 0 0 0 0 0 0 0 0 0 0 0 0 0 0 0 0 0 0 0 0 0 0 0 0 0 0 0 0 0 0 0 0 0 0 0 0 0 0 0 0 0 0 0 0 0 0 0 0 0 0 0 0 0 0 0 0 0 0 0 0 0 0 0 0 0 0 0 0 0 0 0 0 0 0 0 0 0 0 0 0 0 0 0 0 0 0 0 0 0 0 0 
0 0 0 0 0 0 0 0 0 0 0 0 0 0 0 0 0 0 0 0 0 0 0 0 0 0 0 0 0 0 0 0 0 0 0 0 0 0 0 0 0 0 0 0 0 0 0 0 0 0 0 0 0 0 0 0 0 0 0 0 0 0 0 0 0 0 0 0 0 0 0 0 0 0 0 0 0 0 0 0 0 0 0 0 0 0 0 0 0 0 0 0 0 0 0 0 0 0 0 0 0 0 0 0 0 0 0 0 0 0 0 0 0 0 0 0 0 0 0 0 0 0 0 0 0 0 0 0 0 0 0 0 0 0 0 0 0 0 0 0 0 0 0 0 0 0 0 0 0 0 0 0 0 0 0 0 0 0 0 0 0 0 0 0 0 0 0 0 0 0 0 0 0 0 0 0 0 0 0 0 0 0 0 0 0 0 0 0 0 0 0 0 0 0 0 0 0 0 0 0 0 0 0 0 0 0 123 123 123 123 123 123 123 123 124 124 124 124 123 123 123 123 123 124 124 124 124 125 125 125 126 126 126 126 125 126 126 125 125 125 126 126 126 126 126 127 127 127 127 127 127 127 127 128 128 128 129 130 129 129 130 130 130 130 131 130 131 132 133 0 0 0 0 0 0 0 0 0 0 0 0 0 128 128 128 128 128 128 129 129 128 128 127 127 127 127 128 128 128 128 128 0 0 0 0 0 0 0 0 0 0 0 0 0 0 0 0 0 0 0 0 0 0 0 0 0 0 0 0 0 0 0 0 0 0 0 0 0 0 0 0 0 0 0 0 0 0 0 0 0 0 0 0 0 0 0 0 0 0 0 0 0 0 0 0 0 0 0 0 0 0 0 0 0 0 0 0 0 0 0 0 0 0 0 0 0 0 0 0 0 0 0 0 0 0 0 0 0 0 0 0 0 0 0 0 0 0 0 0 0 0 0 0 0 0 0 0 0 0 0 0 0 0 0 0 0 0 0 0 0 0 0 0 0 0 0 0 0 0 0 0 0 0 0 0 0 0 0 0 0 0 0 0 0 0 0 0 0 0 0 0 0 0 0 0 0 0 0 0 0 0 0 0 0 0 0 0 0 0 0 0 0 0 0 0 0 0 0 0 0 0 0 0 0 0 0 0 0 0 0 0 0 0 
0 0 0 0 0 0 0 0 0 0 0 0 0 0 0 0 0 0 0 0 0 0 0 0 0 0 0 0 0 0 0 0 0 0 0 0 0 0 0 0 0 0 0 0 0 0 0 0 0 0 0 0 0 0 0 0 0 0 0 0 0 0 0 0 0 0 0 0 0 0 0 0 0 0 0 0 0 0 0 0 0 0 0 0 0 0 0 0 0 0 0 0 0 0 0 0 0 0 0 0 0 0 0 0 0 0 0 0 0 0 0 0 0 0 0 0 0 0 0 0 0 0 0 0 0 0 0 0 0 0 0 0 0 0 0 0 0 0 0 0 0 0 0 0 0 0 0 0 0 0 0 0 0 0 0 0 0 0 0 0 0 0 0 0 0 0 0 0 0 0 0 0 0 0 0 0 0 0 0 0 0 0 0 0 0 0 0 0 0 0 0 0 0 0 0 0 0 0 0 0 0 0 0 0 0 0 0 123 122 123 123 123 123 123 124 124 124 124 124 124 124 124 124 124 124 124 124 124 125 125 127 127 127 126 126 126 126 126 126 125 126 126 126 126 126 126 127 126 127 127 127 128 128 128 128 129 129 130 129 130 130 130 131 131 131 131 132 133 0 0 0 0 0 0 0 0 0 0 0 0 0 0 0 128 128 129 129 129 128 128 128 127 127 127 127 127 127 128 128 128 0 0 0 0 0 0 0 0 0 0 0 0 0 0 0 0 0 0 0 0 0 0 0 0 0 0 0 0 0 0 0 0 0 0 0 0 0 0 0 0 0 0 0 0 0 0 0 0 0 0 0 0 0 0 0 0 0 0 0 0 0 0 0 0 0 0 0 0 0 0 0 0 0 0 0 0 0 0 0 0 0 0 0 0 0 0 0 0 0 0 0 0 0 0 0 0 0 0 0 0 0 0 0 0 0 0 0 0 0 0 0 0 0 0 0 0 0 0 0 0 0 0 0 0 0 0 0 0 0 0 0 0 0 0 0 0 0 0 0 0 0 0 0 0 0 0 0 0 0 0 0 0 0 0 0 0 0 0 0 0 0 0 0 0 0 0 0 0 0 0 0 0 0 0 0 0 0 0 0 0 0 0 0 0 0 0 0 0 0 0 0 0 0 0 0 0 0 0 0 0 0 0 0 
0 0 0 0 0 0 0 0 0 0 0 0 0 0 0 0 0 0 0 0 0 0 0 0 0 0 0 0 0 0 0 0 0 0 0 0 0 0 0 0 0 0 0 0 0 0 0 0 0 0 0 0 0 0 0 0 0 0 0 0 0 0 0 0 0 0 0 0 0 0 0 0 0 0 0 0 0 0 0 0 0 0 0 0 0 0 0 0 0 0 0 0 0 0 0 0 0 0 0 0 0 0 0 0 0 0 0 0 0 0 0 0 0 0 0 0 0 0 0 0 0 0 0 0 0 0 0 0 0 0 0 0 0 0 0 0 0 0 0 0 0 0 0 0 0 0 0 0 0 0 0 0 0 0 0 0 0 0 0 0 0 0 0 0 0 0 0 0 0 0 0 0 0 0 0 0 0 0 0 0 0 0 0 0 0 0 0 0 0 0 0 0 0 0 0 0 0 0 0 0 0 0 0 0 0 0 0 122 123 123 123 123 123 123 123 123 123 124 124 124 125 124 124 125 125 124 124 125 124 125 126 126 126 127 127 127 127 127 127 126 126 127 127 127 127 127 127 128 128 127 128 129 129 129 129 130 130 131 130 131 132 131 132 132 133 133 0 0 0 0 0 0 0 0 0 0 0 0 0 0 0 0 0 0 129 129 130 129 129 129 129 129 129 129 128 127 127 127 128 128 0 0 0 0 0 0 0 0 0 0 0 0 0 0 0 0 0 0 0 0 0 0 0 0 0 0 0 0 0 0 0 0 0 0 0 0 0 0 0 0 0 0 0 0 0 0 0 0 0 0 0 0 0 0 0 0 0 0 0 0 0 0 0 0 0 0 0 0 0 0 0 0 0 0 0 0 0 0 0 0 0 0 0 0 0 0 0 0 0 0 0 0 0 0 0 0 0 0 0 0 0 0 0 0 0 0 0 0 0 0 0 0 0 0 0 0 0 0 0 0 0 0 0 0 0 0 0 0 0 0 0 0 0 0 0 0 0 0 0 0 0 0 0 0 0 0 0 0 0 0 0 0 0 0 0 0 0 0 0 0 0 0 0 0 0 0 0 0 0 0 0 0 0 0 0 0 0 0 0 0 0 0 0 0 0 0 0 0 0 0 0 0 0 0 0 0 0 0 0 0 0 0 0 
0 0 0 0 0 0 0 0 0 0 0 0 0 0 0 0 0 0 0 0 0 0 0 0 0 0 0 0 0 0 0 0 0 0 0 0 0 0 0 0 0 0 0 0 0 0 0 0 0 0 0 0 0 0 0 0 0 0 0 0 0 0 0 0 0 0 0 0 0 0 0 0 0 0 0 0 0 0 0 0 0 0 0 0 0 0 0 0 0 0 0 0 0 0 0 0 0 0 0 0 0 0 0 0 0 0 0 0 0 0 0 0 0 0 0 0 0 0 0 0 0 0 0 0 0 0 0 0 0 0 0 0 0 0 0 0 0 0 0 0 0 0 0 0 0 0 0 0 0 0 0 0 0 0 0 0 0 0 0 0 0 0 0 0 0 0 0 0 0 0 0 0 0 0 0 0 0 0 0 0 0 0 0 0 0 0 0 0 0 0 0 0 0 0 0 0 0 0 0 0 0 0 0 0 0 0 0 0 123 123 124 125 124 124 124 125 125 124 125 126 126 125 125 126 126 125 125 125 125 125 125 126 127 128 128 128 127 127 126 127 127 127 127 128 128 128 128 128 129 129 128 129 130 130 131 132 131 132 132 132 133 133 134 134 134 0 0 0 0 0 0 0 0 0 0 0 0 0 0 0 0 0 0 0 0 129 129 129 129 129 129 129 129 129 129 129 128 127 128 128 0 0 0 0 0 0 0 0 0 0 0 0 0 0 0 0 0 0 0 0 0 0 0 0 0 0 0 0 0 0 0 0 0 0 0 0 0 0 0 0 0 0 0 0 0 0 0 0 0 0 0 0 0 0 0 0 0 0 0 0 0 0 0 0 0 0 0 0 0 0 0 0 0 0 0 0 0 0 0 0 0 0 0 0 0 0 0 0 0 0 0 0 0 0 0 0 0 0 0 0 0 0 0 0 0 0 0 0 0 0 0 0 0 0 0 0 0 0 0 0 0 0 0 0 0 0 0 0 0 0 0 0 0 0 0 0 0 0 0 0 0 0 0 0 0 0 0 0 0 0 0 0 0 0 0 0 0 0 0 0 0 0 0 0 0 0 0 0 0 0 0 0 0 0 0 0 0 0 0 0 0 0 0 0 0 0 0 0 0 0 0 0 0 0 0 0 0 0 0 0 0 0 0 
0 0 0 0 0 0 0 0 0 0 0 0 0 0 0 0 0 0 0 0 0 0 0 0 0 0 0 0 0 0 0 0 0 0 0 0 0 0 0 0 0 0 0 0 0 0 0 0 0 0 0 0 0 0 0 0 0 0 0 0 0 0 0 0 0 0 0 0 0 0 0 0 0 0 0 0 0 0 0 0 0 0 0 0 0 0 0 0 0 0 0 0 0 0 0 0 0 0 0 0 0 0 0 0 0 0 0 0 0 0 0 0 0 0 0 0 0 0 0 0 0 0 0 0 0 0 0 0 0 0 0 0 0 0 0 0 0 0 0 0 0 0 0 0 0 0 0 0 0 0 0 0 0 0 0 0 0 0 0 0 0 0 0 0 0 0 0 0 0 0 0 0 0 0 0 0 0 0 0 0 0 0 0 0 0 0 0 0 0 0 0 0 0 0 0 0 0 0 0 0 0 0 0 0 0 0 0 0 0 125 125 125 125 126 126 126 126 126 126 127 127 127 127 127 128 127 127 127 127 127 127 126 127 128 129 128 127 127 127 128 128 127 127 127 128 128 128 129 130 130 130 130 132 132 132 133 133 133 133 134 134 134 0 0 0 0 0 0 0 0 0 0 0 0 0 0 0 0 0 0 0 0 0 0 0 0 129 129 129 129 129 129 129 129 128 128 128 128 128 0 0 0 0 0 0 0 0 0 0 0 0 0 0 0 0 0 0 0 0 0 0 0 0 0 0 0 0 0 0 0 0 0 0 0 0 0 0 0 0 0 0 0 0 0 0 0 0 0 0 0 0 0 0 0 0 0 0 0 0 0 0 0 0 0 0 0 0 0 0 0 0 0 0 0 0 0 0 0 0 0 0 0 0 0 0 0 0 0 0 0 0 0 0 0 0 0 0 0 0 0 0 0 0 0 0 0 0 0 0 0 0 0 0 0 0 0 0 0 0 0 0 0 0 0 0 0 0 0 0 0 0 0 0 0 0 0 0 0 0 0 0 0 0 0 0 0 0 0 0 0 0 0 0 0 0 0 0 0 0 0 0 0 0 0 0 0 0 0 0 0 0 0 0 0 0 0 0 0 0 0 0 0 0 0 0 0 0 0 0 0 0 0 0 0 0 0 0 0 0 0 0 0 0 
0 0 0 0 0 0 0 0 0 0 0 0 0 0 0 0 0 0 0 0 0 0 0 0 0 0 0 0 0 0 0 0 0 0 0 0 0 0 0 0 0 0 0 0 0 0 0 0 0 0 0 0 0 0 0 0 0 0 0 0 0 0 0 0 0 0 0 0 0 0 0 0 0 0 0 0 0 0 0 0 0 0 0 0 0 0 0 0 0 0 0 0 0 0 0 0 0 0 0 0 0 0 0 0 0 0 0 0 0 0 0 0 0 0 0 0 0 0 0 0 0 0 0 0 0 0 0 0 0 0 0 0 0 0 0 0 0 0 0 0 0 0 0 0 0 0 0 0 0 0 0 0 0 0 0 0 0 0 0 0 0 0 0 0 0 0 0 0 0 0 0 0 0 0 0 0 0 0 0 0 0 0 0 0 0 0 0 0 0 0 0 0 0 0 0 0 0 0 0 0 0 0 0 0 0 0 0 0 0 125 126 126 126 127 126 127 127 127 127 127 127 128 128 128 128 128 128 129 129 128 128 128 128 129 129 129 129 128 128 128 129 128 128 128 127 128 129 130 131 131 132 133 133 133 133 0 0 134 0 0 0 0 0 0 0 0 0 0 0 0 0 0 0 0 0 0 0 0 0 0 0 0 0 0 0 0 0 129 129 129 129 129 129 129 129 128 128 128 0 0 0 0 0 0 0 0 0 0 0 0 0 0 0 0 0 0 0 0 0 0 0 0 0 0 0 0 0 0 0 0 0 0 0 0 0 0 0 0 0 0 0 0 0 0 0 0 0 0 0 0 0 0 0 0 0 0 0 0 0 0 0 0 0 0 0 0 0 0 0 0 0 0 0 0 0 0 0 0 0 0 0 0 0 0 0 0 0 0 0 0 0 0 0 0 0 0 0 0 0 0 0 0 0 0 0 0 0 0 0 0 0 0 0 0 0 0 0 0 0 0 0 0 0 0 0 0 0 0 0 0 0 0 0 0 0 0 0 0 0 0 0 0 0 0 0 0 0 0 0 0 0 0 0 0 0 0 0 0 0 0 0 0 0 0 0 0 0 0 0 0 0 0 0 0 0 0 0 0 0 0 0 0 0 0 0 0 0 0 0 0 0 0 0 0 0 0 0 0 0 0 0 0 0 
0 0 0 0 0 0 0 0 0 0 0 0 0 0 0 0 0 0 0 0 0 0 0 0 0 0 0 0 0 0 0 0 0 0 0 0 0 0 0 0 0 0 0 0 0 0 0 0 0 0 0 0 0 0 0 0 0 0 0 0 0 0 0 0 0 0 0 0 0 0 0 0 0 0 0 0 0 0 0 0 0 0 0 0 0 0 0 0 0 0 0 0 0 0 0 0 0 0 0 0 0 0 0 0 0 0 0 0 0 0 0 0 0 0 0 0 0 0 0 0 0 0 0 0 0 0 0 0 0 0 0 0 0 0 0 0 0 0 0 0 0 0 0 0 0 0 0 0 0 0 0 0 0 0 0 0 0 0 0 0 0 0 0 0 0 0 0 0 0 0 0 0 0 0 0 0 0 0 0 0 0 0 0 0 0 0 0 0 0 0 0 0 0 0 0 0 0 0 0 0 0 0 0 0 0 0 0 0 0 0 127 127 127 127 127 128 128 127 127 127 128 128 128 129 128 129 129 129 129 129 129 129 128 129 129 130 130 129 128 128 129 130 130 129 128 128 128 129 130 130 131 133 134 134 0 0 0 0 0 0 0 0 0 0 0 0 0 0 0 0 0 0 0 0 0 0 0 0 0 0 0 0 0 0 0 0 0 0 129 129 129 130 129 130 129 129 129 128 128 0 0 0 0 0 0 0 0 0 0 0 0 0 0 0 0 0 0 0 0 0 0 0 0 0 0 0 0 0 0 0 0 0 0 0 0 0 0 0 0 0 0 0 0 0 0 0 0 0 0 0 0 0 0 0 0 0 0 0 0 0 0 0 0 0 0 0 0 0 0 0 0 0 0 0 0 0 0 0 0 0 0 0 0 0 0 0 0 0 0 0 0 0 0 0 0 0 0 0 0 0 0 0 0 0 0 0 0 0 0 0 0 0 0 0 0 0 0 0 0 0 0 0 0 0 0 0 0 0 0 0 0 0 0 0 0 0 0 0 0 0 0 0 0 0 0 0 0 0 0 0 0 0 0 0 0 0 0 0 0 0 0 0 0 0 0 0 0 0 0 0 0 0 0 0 0 0 0 0 0 0 0 0 0 0 0 0 0 0 0 0 0 0 0 0 0 0 0 0 0 0 0 0 0 
0 0 0 0 0 0 0 0 0 0 0 0 0 0 0 0 0 0 0 0 0 0 0 0 0 0 0 0 0 0 0 0 0 0 0 0 0 0 0 0 0 0 0 0 0 0 0 0 0 0 0 0 0 0 0 0 0 0 0 0 0 0 0 0 0 0 0 0 0 0 0 0 0 0 0 0 0 0 0 0 0 0 0 0 0 0 0 0 0 0 0 0 0 0 0 0 0 0 0 0 0 0 0 0 0 0 0 0 0 0 0 0 0 0 0 0 0 0 0 0 0 0 0 0 0 0 0 0 0 0 0 0 0 0 0 0 0 0 0 0 0 0 0 0 0 0 0 0 0 0 0 0 0 0 0 0 0 0 0 0 0 0 0 0 0 0 0 0 0 0 0 0 0 0 0 0 0 0 0 0 0 0 0 0 0 0 0 0 0 0 0 0 0 0 0 0 0 0 0 0 0 0 0 0 0 0 0 0 0 0 128 128 129 129 129 129 128 127 127 128 128 129 129 129 129 129 129 129 129 129 129 129 129 129 129 130 130 130 129 129 130 131 130 129 129 129 129 130 130 130 131 133 0 0 0 0 0 0 0 0 0 0 0 0 0 0 0 0 0 0 0 0 0 0 0 0 0 0 0 0 0 0 0 0 0 0 0 0 129 130 130 130 130 130 130 129 129 129 129 128 0 0 0 0 0 0 0 0 0 0 0 0 0 0 0 0 0 0 0 0 0 0 0 0 0 0 0 0 0 0 0 0 0 0 0 0 0 0 0 0 0 0 0 0 0 0 0 0 0 0 0 0 0 0 0 0 0 0 0 0 0 0 0 0 0 0 0 0 0 0 0 0 0 0 0 0 0 0 0 0 0 0 0 0 0 0 0 0 0 0 0 0 0 0 0 0 0 0 0 0 0 0 0 0 0 0 0 0 0 0 0 0 0 0 0 0 0 0 0 0 0 0 0 0 0 0 0 0 0 0 0 0 0 0 0 0 0 0 0 0 0 0 0 0 0 0 0 0 0 0 0 0 0 0 0 0 0 0 0 0 0 0 0 0 0 0 0 0 0 0 0 0 0 0 0 0 0 0 0 0 0 0 0 0 0 0 0 0 0 0 0 0 0 0 0 0 0 0 0 0 0 0 0 
0 0 0 0 0 0 0 0 0 0 0 0 0 0 0 0 0 0 0 0 0 0 0 0 0 0 0 0 0 0 0 0 0 0 0 0 0 0 0 0 0 0 0 0 0 0 0 0 0 0 0 0 0 0 0 0 0 0 0 0 0 0 0 0 0 0 0 0 0 0 0 0 0 0 0 0 0 0 0 0 0 0 0 0 0 0 0 0 0 0 0 0 0 0 0 0 0 0 0 0 0 0 0 0 0 0 0 0 0 0 0 0 0 0 0 0 0 0 0 0 0 0 0 0 0 0 0 0 0 0 0 0 0 0 0 0 0 0 0 0 0 0 0 0 0 0 0 0 0 0 0 0 0 0 0 0 0 0 0 0 0 0 0 0 0 0 0 0 0 0 0 0 0 0 0 0 0 0 0 0 0 0 0 0 0 0 0 0 0 0 0 0 0 0 0 0 0 0 0 0 0 0 0 0 0 0 0 0 0 0 129 130 130 129 129 129 128 128 128 128 128 129 129 129 129 129 129 129 129 129 129 129 130 130 130 130 131 130 130 129 129 130 131 131 131 131 131 131 132 132 133 0 0 0 0 0 0 0 0 0 0 0 0 0 0 0 0 0 0 0 0 0 0 0 0 0 0 0 0 0 0 0 0 0 0 0 0 0 130 130 129 129 130 130 130 130 130 130 130 129 0 0 0 0 0 0 0 0 0 0 0 0 0 0 0 0 0 0 0 0 0 0 0 0 0 0 0 0 0 0 0 0 0 0 0 0 0 0 0 0 0 0 0 0 0 0 0 0 0 0 0 0 0 0 0 0 0 0 0 0 0 0 0 0 0 0 0 0 0 0 0 0 0 0 0 0 0 0 0 0 0 0 0 0 0 0 0 0 0 0 0 0 0 0 0 0 0 0 0 0 0 0 0 0 0 0 0 0 0 0 0 0 0 0 0 0 0 0 0 0 0 0 0 0 0 0 0 0 0 0 0 0 0 0 0 0 0 0 0 0 0 0 0 0 0 0 0 0 0 0 0 0 0 0 0 0 0 0 0 0 0 0 0 0 0 0 0 0 0 0 0 0 0 0 0 0 0 0 0 0 0 0 0 0 0 0 0 0 0 0 0 0 0 0 0 0 0 0 0 0 0 0 0 
0 0 0 0 0 0 0 0 0 0 0 0 0 0 0 0 0 0 0 0 0 0 0 0 0 0 0 0 0 0 0 0 0 0 0 0 0 0 0 0 0 0 0 0 0 0 0 0 0 0 0 0 0 0 0 0 0 0 0 0 0 0 0 0 0 0 0 0 0 0 0 0 0 0 0 0 0 0 0 0 0 0 0 0 0 0 0 0 0 0 0 0 0 0 0 0 0 0 0 0 0 0 0 0 0 0 0 0 0 0 0 0 0 0 0 0 0 0 0 0 0 0 0 0 0 0 0 0 0 0 0 0 0 0 0 0 0 0 0 0 0 0 0 0 0 0 0 0 0 0 0 0 0 0 0 0 0 0 0 0 0 0 0 0 0 0 0 0 0 0 0 0 0 0 0 0 0 0 0 0 0 0 0 0 0 0 0 0 0 0 0 0 0 0 0 0 0 0 0 0 0 0 0 0 0 0 0 0 0 0 131 131 130 129 129 129 129 128 128 128 129 129 129 129 129 129 129 129 129 129 129 130 130 130 131 131 131 131 131 130 130 131 133 133 133 133 133 133 133 133 0 0 0 0 0 0 0 0 0 0 0 0 0 0 0 0 0 0 0 0 0 0 0 0 0 0 0 0 0 0 0 0 0 0 0 0 0 0 129 129 129 129 130 130 130 130 0 0 0 0 0 0 0 0 0 0 0 0 0 0 0 0 0 0 0 0 0 0 0 0 0 0 0 0 0 0 0 0 0 0 0 0 0 0 0 0 0 0 0 0 0 0 0 0 0 0 0 0 0 0 0 0 0 0 0 0 0 0 0 0 0 0 0 0 0 0 0 0 0 0 0 0 0 0 0 0 0 0 0 0 0 0 0 0 0 0 0 0 0 0 0 0 0 0 0 0 0 0 0 0 0 0 0 0 0 0 0 0 0 0 0 0 0 0 0 0 0 0 0 0 0 0 0 0 0 0 0 0 0 0 0 0 0 0 0 0 0 0 0 0 0 0 0 0 0 0 0 0 0 0 0 0 0 0 0 0 0 0 0 0 0 0 0 0 0 0 0 0 0 0 0 0 0 0 0 0 0 0 0 0 0 0 0 0 0 0 0 0 0 0 0 0 0 0 0 0 0 0 0 0 0 0 0 
0 0 0 0 0 0 0 0 0 0 0 0 0 0 0 0 0 0 0 0 0 0 0 0 0 0 0 0 0 0 0 0 0 0 0 0 0 0 0 0 0 0 0 0 0 0 0 0 0 0 0 0 0 0 0 0 0 0 0 0 0 0 0 0 0 0 0 0 0 0 0 0 0 0 0 0 0 0 0 0 0 0 0 0 0 0 0 0 0 0 0 0 0 0 0 0 0 0 0 0 0 0 0 0 0 0 0 0 0 0 0 0 0 0 0 0 0 0 0 0 0 0 0 0 0 0 0 0 0 0 0 0 0 0 0 0 0 0 0 0 0 0 0 0 0 0 0 0 0 0 0 0 0 0 0 0 0 0 0 0 0 0 0 0 0 0 0 0 0 0 0 0 0 0 0 0 0 0 0 0 0 0 0 0 0 0 0 0 0 0 0 0 0 0 0 0 0 0 0 0 0 0 0 0 0 0 0 0 0 0 131 130 130 129 128 128 128 129 129 129 129 129 129 130 129 129 129 129 130 130 130 130 131 131 132 132 132 132 132 131 131 132 134 0 0 0 0 0 0 0 0 0 0 0 0 0 0 0 0 0 0 0 0 0 0 0 0 0 0 0 0 0 0 0 0 0 0 0 0 0 0 0 0 0 0 0 0 0 0 0 129 130 130 130 0 0 0 0 0 0 0 0 0 0 0 0 0 0 0 0 0 0 0 0 0 0 0 0 0 0 0 0 0 0 0 0 0 0 0 0 0 0 0 0 0 0 0 0 0 0 0 0 0 0 0 0 0 0 0 0 0 0 0 0 0 0 0 0 0 0 0 0 0 0 0 0 0 0 0 0 0 0 0 0 0 0 0 0 0 0 0 0 0 0 0 0 0 0 0 0 0 0 0 0 0 0 0 0 0 0 0 0 0 0 0 0 0 0 0 0 0 0 0 0 0 0 0 0 0 0 0 0 0 0 0 0 0 0 0 0 0 0 0 0 0 0 0 0 0 0 0 0 0 0 0 0 0 0 0 0 0 0 0 0 0 0 0 0 0 0 0 0 0 0 0 0 0 0 0 0 0 0 0 0 0 0 0 0 0 0 0 0 0 0 0 0 0 0 0 0 0 0 0 0 0 0 0 0 0 0 0 0 0 
0 0 0 0 0 0 0 0 0 0 0 0 0 0 0 0 0 0 0 0 0 0 0 0 0 0 0 0 0 0 0 0 0 0 0 0 0 0 0 0 0 0 0 0 0 0 0 0 0 0 0 0 0 0 0 0 0 0 0 0 0 0 0 0 0 0 0 0 0 0 0 0 0 0 0 0 0 0 0 0 0 0 0 0 0 0 0 0 0 0 0 0 0 0 0 0 0 0 0 0 0 0 0 0 0 0 0 0 0 0 0 0 0 0 0 0 0 0 0 0 0 0 0 0 0 0 0 0 0 0 0 0 0 0 0 0 0 0 0 0 0 0 0 0 0 0 0 0 0 0 0 0 0 0 0 0 0 0 0 0 0 0 0 0 0 0 0 0 0 0 0 0 0 0 0 0 0 0 0 0 0 0 0 0 0 0 0 0 0 0 0 0 0 0 0 0 0 0 0 0 0 0 0 0 0 0 0 0 0 132 132 132 130 129 128 128 128 129 129 129 129 129 130 130 130 129 130 130 130 131 131 131 131 132 133 133 133 134 133 132 133 133 0 0 0 0 0 0 0 0 0 0 0 0 0 0 0 0 0 0 0 0 0 0 0 0 0 0 0 0 0 0 0 0 0 0 0 0 0 0 0 0 0 0 0 0 0 0 0 0 0 0 0 0 0 0 0 0 0 0 0 0 0 0 0 0 0 0 0 0 0 0 0 0 0 0 0 0 0 0 0 0 0 0 0 0 0 0 0 0 0 0 0 0 0 0 0 0 0 0 0 0 0 0 0 0 0 0 0 0 0 0 0 0 0 0 0 0 0 0 0 0 0 0 0 0 0 0 0 0 0 0 0 0 0 0 0 0 0 0 0 0 0 0 0 0 0 0 0 0 0 0 0 0 0 0 0 0 0 0 0 0 0 0 0 0 0 0 0 0 0 0 0 0 0 0 0 0 0 0 0 0 0 0 0 0 0 0 0 0 0 0 0 0 0 0 0 0 0 0 0 0 0 0 0 0 0 0 0 0 0 0 0 0 0 0 0 0 0 0 0 0 0 0 0 0 0 0 0 0 0 0 0 0 0 0 0 0 0 0 0 0 0 0 0 0 0 0 0 0 0 0 0 0 0 0 0 0 0 0 0 0 0 
0 0 0 0 0 0 0 0 0 0 0 0 0 0 0 0 0 0 0 0 0 0 0 0 0 0 0 0 0 0 0 0 0 0 0 0 0 0 0 0 0 0 0 0 0 0 0 0 0 0 0 0 0 0 0 0 0 0 0 0 0 0 0 0 0 0 0 0 0 0 0 0 0 0 0 0 0 0 0 0 0 0 0 0 0 0 0 0 0 0 0 0 0 0 0 0 0 0 0 0 0 0 0 0 0 0 0 0 0 0 0 0 0 0 0 0 0 0 0 0 0 0 0 0 0 0 0 0 0 0 0 0 0 0 0 0 0 0 0 0 0 0 0 0 0 0 0 0 0 0 0 0 0 0 0 0 0 0 0 0 0 0 0 0 0 0 0 0 0 0 0 0 0 0 0 0 0 0 0 0 0 0 0 0 0 0 0 0 0 0 0 0 0 0 0 0 0 0 0 0 0 0 0 0 0 0 0 0 0 133 132 131 130 129 129 129 128 129 129 129 129 129 130 130 130 130 130 131 131 132 132 133 133 132 134 134 0 0 0 0 0 0 0 0 0 0 0 0 0 0 0 0 0 0 0 0 0 0 0 0 0 0 0 0 0 0 0 0 0 0 0 0 0 0 0 0 0 0 0 0 0 0 0 0 0 0 0 0 0 0 0 0 0 0 0 0 0 0 0 0 0 0 0 0 0 0 0 0 0 0 0 0 0 0 0 0 0 0 0 0 0 0 0 0 0 0 0 0 0 0 0 0 0 0 0 0 0 0 0 0 0 0 0 0 0 0 0 0 0 0 0 0 0 0 0 0 0 0 0 0 0 0 0 0 0 0 0 0 0 0 0 0 0 0 0 0 0 0 0 0 0 0 0 0 0 0 0 0 0 0 0 0 0 0 0 0 0 0 0 0 0 0 0 0 0 0 0 0 0 0 0 0 0 0 0 0 0 0 0 0 0 0 0 0 0 0 0 0 0 0 0 0 0 0 0 0 0 0 0 0 0 0 0 0 0 0 0 0 0 0 0 0 0 0 0 0 0 0 0 0 0 0 0 0 0 0 0 0 0 0 0 0 0 0 0 0 0 0 0 0 0 0 0 0 0 0 0 0 0 0 0 0 0 0 0 0 0 0 0 0 0 0 0 
0 0 0 0 0 0 0 0 0 0 0 0 0 0 0 0 0 0 0 0 0 0 0 0 0 0 0 0 0 0 0 0 0 0 0 0 0 0 0 0 0 0 0 0 0 0 0 0 0 0 0 0 0 0 0 0 0 0 0 0 0 0 0 0 0 0 0 0 0 0 0 0 0 0 0 0 0 0 0 0 0 0 0 0 0 0 0 0 0 0 0 0 0 0 0 0 0 0 0 0 0 0 0 0 0 0 0 0 0 0 0 0 0 0 0 0 0 0 0 0 0 0 0 0 0 0 0 0 0 0 0 0 0 0 0 0 0 0 0 0 0 0 0 0 0 0 0 0 0 0 0 0 0 0 0 0 0 0 0 0 0 0 0 0 0 0 0 0 0 0 0 0 0 0 0 0 0 0 0 0 0 0 0 0 0 0 0 0 0 0 0 0 0 0 0 0 0 0 0 0 0 0 0 0 0 0 0 0 0 132 131 130 129 129 129 129 129 129 130 130 130 130 130 130 130 131 131 131 132 132 133 133 134 133 134 135 0 0 0 0 0 0 0 0 0 0 0 0 0 0 0 0 0 0 0 0 0 0 0 0 0 0 0 0 0 0 0 0 0 0 0 0 0 0 0 0 0 0 0 0 0 0 0 0 0 0 0 0 0 0 0 0 0 0 0 0 0 0 0 0 0 0 0 0 0 0 0 0 0 0 0 0 0 0 0 0 0 0 0 0 0 0 0 0 0 0 0 0 0 0 0 0 0 0 0 0 0 0 0 0 0 0 0 0 0 0 0 0 0 0 0 0 0 0 0 0 0 0 0 0 0 0 0 0 0 0 0 0 0 0 0 0 0 0 0 0 0 0 0 0 0 0 0 0 0 0 0 0 0 0 0 0 0 0 0 0 0 0 0 0 0 0 0 0 0 0 0 0 0 0 0 0 0 0 0 0 0 0 0 0 0 0 0 0 0 0 0 0 0 0 0 0 0 0 0 0 0 0 0 0 0 0 0 0 0 0 0 0 0 0 0 0 0 0 0 0 0 0 0 0 0 0 0 0 0 0 0 0 0 0 0 0 0 0 0 0 0 0 0 0 0 0 0 0 0 0 0 0 0 0 0 0 0 0 0 0 0 0 0 0 0 0 0 
0 0 0 0 0 0 0 0 0 0 0 0 0 0 0 0 0 0 0 0 0 0 0 0 0 0 0 0 0 0 0 0 0 0 0 0 0 0 0 0 0 0 0 0 0 0 0 0 0 0 0 0 0 0 0 0 0 0 0 0 0 0 0 0 0 0 0 0 0 0 0 0 0 0 0 0 0 0 0 0 0 0 0 0 0 0 0 0 0 0 0 0 0 0 0 0 0 0 0 0 0 0 0 0 0 0 0 0 0 0 0 0 0 0 0 0 0 0 0 0 0 0 0 0 0 0 0 0 0 0 0 0 0 0 0 0 0 0 0 0 0 0 0 0 0 0 0 0 0 0 0 0 0 0 0 0 0 0 0 0 0 0 0 0 0 0 0 0 0 0 0 0 0 0 0 0 0 0 0 0 0 0 0 0 0 0 0 0 0 0 0 0 0 0 0 0 0 0 0 0 0 0 0 0 0 0 0 0 0 0 130 129 129 129 129 129 130 130 130 130 130 130 130 130 131 131 131 132 132 133 133 134 134 134 135 0 0 0 0 0 0 0 0 0 0 0 0 0 0 0 0 0 0 0 0 0 0 0 0 0 0 0 0 0 0 0 0 0 0 0 0 0 0 0 0 0 0 0 0 0 0 0 0 0 0 0 0 0 0 0 0 0 0 0 0 0 0 0 0 0 0 0 0 0 0 0 0 0 0 0 0 0 0 0 0 0 0 0 0 0 0 0 0 0 0 0 0 0 0 0 0 0 0 0 0 0 0 0 0 0 0 0 0 0 0 0 0 0 0 0 0 0 0 0 0 0 0 0 0 0 0 0 0 0 0 0 0 0 0 0 0 0 0 0 0 0 0 0 0 0 0 0 0 0 0 0 0 0 0 0 0 0 0 0 0 0 0 0 0 0 0 0 0 0 0 0 0 0 0 0 0 0 0 0 0 0 0 0 0 0 0 0 0 0 0 0 0 0 0 0 0 0 0 0 0 0 0 0 0 0 0 0 0 0 0 0 0 0 0 0 0 0 0 0 0 0 0 0 0 0 0 0 0 0 0 0 0 0 0 0 0 0 0 0 0 0 0 0 0 0 0 0 0 0 0 0 0 0 0 0 0 0 0 0 0 0 0 0 0 0 0 0 0 
0 0 0 0 0 0 0 0 0 0 0 0 0 0 0 0 0 0 0 0 0 0 0 0 0 0 0 0 0 0 0 0 0 0 0 0 0 0 0 0 0 0 0 0 0 0 0 0 0 0 0 0 0 0 0 0 0 0 0 0 0 0 0 0 0 0 0 0 0 0 0 0 0 0 0 0 0 0 0 0 0 0 0 0 0 0 0 0 0 0 0 0 0 0 0 0 0 0 0 0 0 0 0 0 0 0 0 0 0 0 0 0 0 0 0 0 0 0 0 0 0 0 0 0 0 0 0 0 0 0 0 0 0 0 0 0 0 0 0 0 0 0 0 0 0 0 0 0 0 0 0 0 0 0 0 0 0 0 0 0 0 0 0 0 0 0 0 0 0 0 0 0 0 0 0 0 0 0 0 0 0 0 0 0 0 0 0 0 0 0 0 0 0 0 0 0 0 0 0 0 0 0 0 0 0 0 0 0 0 0 0 0 129 128 129 129 130 130 130 130 130 130 131 131 131 131 131 132 133 133 134 135 135 0 0 0 0 0 0 0 0 0 0 0 0 0 0 0 0 0 0 0 0 0 0 0 0 0 0 0 0 0 0 0 0 0 0 0 0 0 0 0 0 0 0 0 0 0 0 0 0 0 0 0 0 0 0 0 0 0 0 0 0 0 0 0 0 0 0 0 0 0 0 0 0 0 0 0 0 0 0 0 0 0 0 0 0 0 0 0 0 0 0 0 0 0 0 0 0 0 0 0 0 0 0 0 0 0 0 0 0 0 0 0 0 0 0 0 0 0 0 0 0 0 0 0 0 0 0 0 0 0 0 0 0 0 0 0 0 0 0 0 0 0 0 0 0 0 0 0 0 0 0 0 0 0 0 0 0 0 0 0 0 0 0 0 0 0 0 0 0 0 0 0 0 0 0 0 0 0 0 0 0 0 0 0 0 0 0 0 0 0 0 0 0 0 0 0 0 0 0 0 0 0 0 0 0 0 0 0 0 0 0 0 0 0 0 0 0 0 0 0 0 0 0 0 0 0 0 0 0 0 0 0 0 0 0 0 0 0 0 0 0 0 0 0 0 0 0 0 0 0 0 0 0 0 0 0 0 0 0 0 0 0 0 0 0 0 0 0 0 0 0 
0 0 0 0 0 0 0 0 0 0 0 0 0 0 0 0 0 0 0 0 0 0 0 0 0 0 0 0 0 0 0 0 0 0 0 0 0 0 0 0 0 0 0 0 0 0 0 0 0 0 0 0 0 0 0 0 0 0 0 0 0 0 0 0 0 0 0 0 0 0 0 0 0 0 0 0 0 0 0 0 0 0 0 0 0 0 0 0 0 0 0 0 0 0 0 0 0 0 0 0 0 0 0 0 0 0 0 0 0 0 0 0 0 0 0 0 0 0 0 0 0 0 0 0 0 0 0 0 0 0 0 0 0 0 0 0 0 0 0 0 0 0 0 0 0 0 0 0 0 0 0 0 0 0 0 0 0 0 0 0 0 0 0 0 0 0 0 0 0 0 0 0 0 0 0 0 0 0 0 0 0 0 0 0 0 0 0 0 0 0 0 0 0 0 0 0 0 0 0 0 0 0 0 0 0 0 0 0 0 0 0 0 0 128 130 130 130 130 130 130 130 131 131 131 131 131 132 132 132 133 133 134 135 0 0 0 0 0 0 0 0 0 0 0 0 0 0 0 0 0 0 0 0 0 0 0 0 0 0 0 0 0 0 0 0 0 0 0 0 0 0 0 0 0 0 0 0 0 0 0 0 0 0 0 0 0 0 0 0 0 0 0 0 0 0 0 0 0 0 0 0 0 0 0 0 0 0 0 0 0 0 0 0 0 0 0 0 0 0 0 0 0 0 0 0 0 0 0 0 0 0 0 0 0 0 0 0 0 0 0 0 0 0 0 0 0 0 0 0 0 0 0 0 0 0 0 0 0 0 0 0 0 0 0 0 0 0 0 0 0 0 0 0 0 0 0 0 0 0 0 0 0 0 0 0 0 0 0 0 0 0 0 0 0 0 0 0 0 0 0 0 0 0 0 0 0 0 0 0 0 0 0 0 0 0 0 0 0 0 0 0 0 0 0 0 0 0 0 0 0 0 0 0 0 0 0 0 0 0 0 0 0 0 0 0 0 0 0 0 0 0 0 0 0 0 0 0 0 0 0 0 0 0 0 0 0 0 0 0 0 0 0 0 0 0 0 0 0 0 0 0 0 0 0 0 0 0 0 0 0 0 0 0 0 0 0 0 0 0 0 0 0 0 
0 0 0 0 0 0 0 0 0 0 0 0 0 0 0 0 0 0 0 0 0 0 0 0 0 0 0 0 0 0 0 0 0 0 0 0 0 0 0 0 0 0 0 0 0 0 0 0 0 0 0 0 0 0 0 0 0 0 0 0 0 0 0 0 0 0 0 0 0 0 0 0 0 0 0 0 0 0 0 0 0 0 0 0 0 0 0 0 0 0 0 0 0 0 0 0 0 0 0 0 0 0 0 0 0 0 0 0 0 0 0 0 0 0 0 0 0 0 0 0 0 0 0 0 0 0 0 0 0 0 0 0 0 0 0 0 0 0 0 0 0 0 0 0 0 0 0 0 0 0 0 0 0 0 0 0 0 0 0 0 0 0 0 0 0 0 0 0 0 0 0 0 0 0 0 0 0 0 0 0 0 0 0 0 0 0 0 0 0 0 0 0 0 0 0 0 0 0 0 0 0 0 0 0 0 0 0 0 0 0 0 0 0 129 130 130 131 130 130 130 130 131 131 131 131 132 132 133 133 134 134 134 135 0 0 0 0 0 0 0 0 0 0 0 0 0 0 0 0 0 0 0 0 0 0 0 0 0 0 0 0 0 0 0 0 0 0 0 0 0 0 0 0 0 0 0 0 0 0 0 0 0 0 0 0 0 0 0 0 0 0 0 0 0 0 0 0 0 0 0 0 0 0 0 0 0 0 0 0 0 0 0 0 0 0 0 0 0 0 0 0 0 0 0 0 0 0 0 0 0 0 0 0 0 0 0 0 0 0 0 0 0 0 0 0 0 0 0 0 0 0 0 0 0 0 0 0 0 0 0 0 0 0 0 0 0 0 0 0 0 0 0 0 0 0 0 0 0 0 0 0 0 0 0 0 0 0 0 0 0 0 0 0 0 0 0 0 0 0 0 0 0 0 0 0 0 0 0 0 0 0 0 0 0 0 0 0 0 0 0 0 0 0 0 0 0 0 0 0 0 0 0 0 0 0 0 0 0 0 0 0 0 0 0 0 0 0 0 0 0 0 0 0 0 0 0 0 0 0 0 0 0 0 0 0 0 0 0 0 0 0 0 0 0 0 0 0 0 0 0 0 0 0 0 0 0 0 0 0 0 0 0 0 0 0 0 0 0 0 0 0 0 0 
0 0 0 0 0 0 0 0 0 0 0 0 0 0 0 0 0 0 0 0 0 0 0 0 0 0 0 0 0 0 0 0 0 0 0 0 0 0 0 0 0 0 0 0 0 0 0 0 0 0 0 0 0 0 0 0 0 0 0 0 0 0 0 0 0 0 0 0 0 0 0 0 0 0 0 0 0 0 0 0 0 0 0 0 0 0 0 0 0 0 0 0 0 0 0 0 0 0 0 0 0 0 0 0 0 0 0 0 0 0 0 0 0 0 0 0 0 0 0 0 0 0 0 0 0 0 0 0 0 0 0 0 0 0 0 0 0 0 0 0 0 0 0 0 0 0 0 0 0 0 0 0 0 0 0 0 0 0 0 0 0 0 0 0 0 0 0 0 0 0 0 0 0 0 0 0 0 0 0 0 0 0 0 0 0 0 0 0 0 0 0 0 0 0 0 0 0 0 0 0 0 0 0 0 0 0 0 0 0 0 0 0 0 0 131 131 131 131 130 130 131 131 132 132 132 133 133 134 134 135 136 136 136 0 0 0 0 0 0 0 0 0 0 0 0 0 0 0 0 0 0 0 0 0 0 0 0 0 0 0 0 0 0 0 0 0 0 0 0 0 0 0 0 0 0 0 0 0 0 0 0 0 0 0 0 0 0 0 0 0 0 0 0 0 0 0 0 0 0 0 0 0 0 0 0 0 0 0 0 0 0 0 0 0 0 0 0 0 0 0 0 0 0 0 0 0 0 0 0 0 0 0 0 0 0 0 0 0 0 0 0 0 0 0 0 0 0 0 0 0 0 0 0 0 0 0 0 0 0 0 0 0 0 0 0 0 0 0 0 0 0 0 0 0 0 0 0 0 0 0 0 0 0 0 0 0 0 0 0 0 0 0 0 0 0 0 0 0 0 0 0 0 0 0 0 0 0 0 0 0 0 0 0 0 0 0 0 0 0 0 0 0 0 0 0 0 0 0 0 0 0 0 0 0 0 0 0 0 0 0 0 0 0 0 0 0 0 0 0 0 0 0 0 0 0 0 0 0 0 0 0 0 0 0 0 0 0 0 0 0 0 0 0 0 0 0 0 0 0 0 0 0 0 0 0 0 0 0 0 0 0 0 0 0 0 0 0 0 0 0 0 0 0 
0 0 0 0 0 0 0 0 0 0 0 0 0 0 0 0 0 0 0 0 0 0 0 0 0 0 0 0 0 0 0 0 0 0 0 0 0 0 0 0 0 0 0 0 0 0 0 0 0 0 0 0 0 0 0 0 0 0 0 0 0 0 0 0 0 0 0 0 0 0 0 0 0 0 0 0 0 0 0 0 0 0 0 0 0 0 0 0 0 0 0 0 0 0 0 0 0 0 0 0 0 0 0 0 0 0 0 0 0 0 0 0 0 0 0 0 0 0 0 0 0 0 0 0 0 0 0 0 0 0 0 0 0 0 0 0 0 0 0 0 0 0 0 0 0 0 0 0 0 0 0 0 0 0 0 0 0 0 0 0 0 0 0 0 0 0 0 0 0 0 0 0 0 0 0 0 0 0 0 0 0 0 0 0 0 0 0 0 0 0 0 0 0 0 0 0 0 0 0 0 0 0 0 0 0 0 0 0 0 0 0 0 0 0 132 132 131 131 131 131 130 131 132 133 133 134 134 135 135 135 135 136 135 0 0 0 0 0 0 0 0 0 0 0 0 0 0 0 0 0 0 0 0 0 0 0 0 0 0 0 0 0 0 0 0 0 0 0 0 0 0 0 0 0 0 0 0 0 0 0 0 0 0 0 0 0 0 0 0 0 0 0 0 0 0 0 0 0 0 0 0 0 0 0 0 0 0 0 0 0 0 0 0 0 0 0 0 0 0 0 0 0 0 0 0 0 0 0 0 0 0 0 0 0 0 0 0 0 0 0 0 0 0 0 0 0 0 0 0 0 0 0 0 0 0 0 0 0 0 0 0 0 0 0 0 0 0 0 0 0 0 0 0 0 0 0 0 0 0 0 0 0 0 0 0 0 0 0 0 0 0 0 0 0 0 0 0 0 0 0 0 0 0 0 0 0 0 0 0 0 0 0 0 0 0 0 0 0 0 0 0 0 0 0 0 0 0 0 0 0 0 0 0 0 0 0 0 0 0 0 0 0 0 0 0 0 0 0 0 0 0 0 0 0 0 0 0 0 0 0 0 0 0 0 0 0 0 0 0 0 0 0 0 0 0 0 0 0 0 0 0 0 0 0 0 0 0 0 0 0 0 0 0 0 0 0 0 0 0 0 0 0 0 
0 0 0 0 0 0 0 0 0 0 0 0 0 0 0 0 0 0 0 0 0 0 0 0 0 0 0 0 0 0 0 0 0 0 0 0 0 0 0 0 0 0 0 0 0 0 0 0 0 0 0 0 0 0 0 0 0 0 0 0 0 0 0 0 0 0 0 0 0 0 0 0 0 0 0 0 0 0 0 0 0 0 0 0 0 0 0 0 0 0 0 0 0 0 0 0 0 0 0 0 0 0 0 0 0 0 0 0 0 0 0 0 0 0 0 0 0 0 0 0 0 0 0 0 0 0 0 0 0 0 0 0 0 0 0 0 0 0 0 0 0 0 0 0 0 0 0 0 0 0 0 0 0 0 0 0 0 0 0 0 0 0 0 0 0 0 0 0 0 0 0 0 0 0 0 0 0 0 0 0 0 0 0 0 0 0 0 0 0 0 0 0 0 0 0 0 0 0 0 0 0 0 0 0 0 0 0 0 0 0 0 0 0 0 132 132 132 132 132 132 131 131 131 132 133 134 134 135 135 135 135 136 0 0 0 0 0 0 0 0 0 0 0 0 0 0 0 0 0 0 0 0 0 0 0 0 0 0 0 0 0 0 0 0 0 0 0 0 0 0 0 0 0 0 0 0 0 0 0 0 0 0 0 0 0 0 0 0 0 0 0 0 0 0 0 0 0 0 0 0 0 0 0 0 0 0 0 0 0 0 0 0 0 0 0 0 0 0 0 0 0 0 0 0 0 0 0 0 0 0 0 0 0 0 0 0 0 0 0 0 0 0 0 0 0 0 0 0 0 0 0 0 0 0 0 0 0 0 0 0 0 0 0 0 0 0 0 0 0 0 0 0 0 0 0 0 0 0 0 0 0 0 0 0 0 0 0 0 0 0 0 0 0 0 0 0 0 0 0 0 0 0 0 0 0 0 0 0 0 0 0 0 0 0 0 0 0 0 0 0 0 0 0 0 0 0 0 0 0 0 0 0 0 0 0 0 0 0 0 0 0 0 0 0 0 0 0 0 0 0 0 0 0 0 0 0 0 0 0 0 0 0 0 0 0 0 0 0 0 0 0 0 0 0 0 0 0 0 0 0 0 0 0 0 0 0 0 0 0 0 0 0 0 0 0 0 0 0 0 0 0 0 0 
0 0 0 0 0 0 0 0 0 0 0 0 0 0 0 0 0 0 0 0 0 0 0 0 0 0 0 0 0 0 0 0 0 0 0 0 0 0 0 0 0 0 0 0 0 0 0 0 0 0 0 0 0 0 0 0 0 0 0 0 0 0 0 0 0 0 0 0 0 0 0 0 0 0 0 0 0 0 0 0 0 0 0 0 0 0 0 0 0 0 0 0 0 0 0 0 0 0 0 0 0 0 0 0 0 0 0 0 0 0 0 0 0 0 0 0 0 0 0 0 0 0 0 0 0 0 0 0 0 0 0 0 0 0 0 0 0 0 0 0 0 0 0 0 0 0 0 0 0 0 0 0 0 0 0 0 0 0 0 0 0 0 0 0 0 0 0 0 0 0 0 0 0 0 0 0 0 0 0 0 0 0 0 0 0 0 0 0 0 0 0 0 0 0 0 0 0 0 0 0 0 0 0 0 0 0 0 0 0 0 0 0 0 0 0 132 132 132 133 133 132 132 132 132 132 133 134 134 134 134 135 136 0 0 0 0 0 0 0 0 0 0 0 0 0 0 0 0 0 0 0 0 0 0 0 0 0 0 0 0 0 0 0 0 0 0 0 0 0 0 0 0 0 0 0 0 0 0 0 0 0 0 0 0 0 0 0 0 0 0 0 0 0 0 0 0 0 0 0 0 0 0 0 0 0 0 0 0 0 0 0 0 0 0 0 0 0 0 0 0 0 0 0 0 0 0 0 0 0 0 0 0 0 0 0 0 0 0 0 0 0 0 0 0 0 0 0 0 0 0 0 0 0 0 0 0 0 0 0 0 0 0 0 0 0 0 0 0 0 0 0 0 0 0 0 0 0 0 0 0 0 0 0 0 0 0 0 0 0 0 0 0 0 0 0 0 0 0 0 0 0 0 0 0 0 0 0 0 0 0 0 0 0 0 0 0 0 0 0 0 0 0 0 0 0 0 0 0 0 0 0 0 0 0 0 0 0 0 0 0 0 0 0 0 0 0 0 0 0 0 0 0 0 0 0 0 0 0 0 0 0 0 0 0 0 0 0 0 0 0 0 0 0 0 0 0 0 0 0 0 0 0 0 0 0 0 0 0 0 0 0 0 0 0 0 0 0 0 0 0 0 0 0 
0 0 0 0 0 0 0 0 0 0 0 0 0 0 0 0 0 0 0 0 0 0 0 0 0 0 0 0 0 0 0 0 0 0 0 0 0 0 0 0 0 0 0 0 0 0 0 0 0 0 0 0 0 0 0 0 0 0 0 0 0 0 0 0 0 0 0 0 0 0 0 0 0 0 0 0 0 0 0 0 0 0 0 0 0 0 0 0 0 0 0 0 0 0 0 0 0 0 0 0 0 0 0 0 0 0 0 0 0 0 0 0 0 0 0 0 0 0 0 0 0 0 0 0 0 0 0 0 0 0 0 0 0 0 0 0 0 0 0 0 0 0 0 0 0 0 0 0 0 0 0 0 0 0 0 0 0 0 0 0 0 0 0 0 0 0 0 0 0 0 0 0 0 0 0 0 0 0 0 0 0 0 0 0 0 0 0 0 0 0 0 0 0 0 0 0 0 0 0 0 0 0 0 0 0 0 0 0 0 0 0 0 0 0 0 133 132 133 133 133 133 133 133 134 133 133 133 133 134 134 136 137 0 0 0 0 0 0 0 0 0 0 0 0 0 0 0 0 0 0 0 0 0 0 0 0 0 0 0 0 0 0 0 0 0 0 0 0 0 0 0 0 0 0 0 0 0 0 0 0 0 0 0 0 0 0 0 0 0 0 0 0 0 0 0 0 0 0 0 0 0 0 0 0 0 0 0 0 0 0 0 0 0 0 0 0 0 0 0 0 0 0 0 0 0 0 0 0 0 0 0 0 0 0 0 0 0 0 0 0 0 0 0 0 0 0 0 0 0 0 0 0 0 0 0 0 0 0 0 0 0 0 0 0 0 0 0 0 0 0 0 0 0 0 0 0 0 0 0 0 0 0 0 0 0 0 0 0 0 0 0 0 0 0 0 0 0 0 0 0 0 0 0 0 0 0 0 0 0 0 0 0 0 0 0 0 0 0 0 0 0 0 0 0 0 0 0 0 0 0 0 0 0 0 0 0 0 0 0 0 0 0 0 0 0 0 0 0 0 0 0 0 0 0 0 0 0 0 0 0 0 0 0 0 0 0 0 0 0 0 0 0 0 0 0 0 0 0 0 0 0 0 0 0 0 0 0 0 0 0 0 0 0 0 0 0 0 0 0 0 0 0 0 
0 0 0 0 0 0 0 0 0 0 0 0 0 0 0 0 0 0 0 0 0 0 0 0 0 0 0 0 0 0 0 0 0 0 0 0 0 0 0 0 0 0 0 0 0 0 0 0 0 0 0 0 0 0 0 0 0 0 0 0 0 0 0 0 0 0 0 0 0 0 0 0 0 0 0 0 0 0 0 0 0 0 0 0 0 0 0 0 0 0 0 0 0 0 0 0 0 0 0 0 0 0 0 0 0 0 0 0 0 0 0 0 0 0 0 0 0 0 0 0 0 0 0 0 0 0 0 0 0 0 0 0 0 0 0 0 0 0 0 0 0 0 0 0 0 0 0 0 0 0 0 0 0 0 0 0 0 0 0 0 0 0 0 0 0 0 0 0 0 0 0 0 0 0 0 0 0 0 0 0 0 0 0 0 0 0 0 0 0 0 0 0 0 0 0 0 0 0 0 0 0 0 0 0 0 0 0 0 0 0 0 0 0 0 0 134 133 133 133 133 134 134 134 135 135 134 133 134 135 135 136 137 0 0 0 0 0 0 0 0 0 0 0 0 0 0 0 0 0 0 0 0 0 0 0 0 0 0 0 0 0 0 0 0 0 0 0 0 0 0 0 0 0 0 0 0 0 0 0 0 0 0 0 0 0 0 0 0 0 0 0 0 0 0 0 0 0 0 0 0 0 0 0 0 0 0 0 0 0 0 0 0 0 0 0 0 0 0 0 0 0 0 0 0 0 0 0 0 0 0 0 0 0 0 0 0 0 0 0 0 0 0 0 0 0 0 0 0 0 0 0 0 0 0 0 0 0 0 0 0 0 0 0 0 0 0 0 0 0 0 0 0 0 0 0 0 0 0 0 0 0 0 0 0 0 0 0 0 0 0 0 0 0 0 0 0 0 0 0 0 0 0 0 0 0 0 0 0 0 0 0 0 0 0 0 0 0 0 0 0 0 0 0 0 0 0 0 0 0 0 0 0 0 0 0 0 0 0 0 0 0 0 0 0 0 0 0 0 0 0 0 0 0 0 0 0 0 0 0 0 0 0 0 0 0 0 0 0 0 0 0 0 0 0 0 0 0 0 0 0 0 0 0 0 0 0 0 0 0 0 0 0 0 0 0 0 0 0 0 0 0 0 0 
0 0 0 0 0 0 0 0 0 0 0 0 0 0 0 0 0 0 0 0 0 0 0 0 0 0 0 0 0 0 0 0 0 0 0 0 0 0 0 0 0 0 0 0 0 0 0 0 0 0 0 0 0 0 0 0 0 0 0 0 0 0 0 0 0 0 0 0 0 0 0 0 0 0 0 0 0 0 0 0 0 0 0 0 0 0 0 0 0 0 0 0 0 0 0 0 0 0 0 0 0 0 0 0 0 0 0 0 0 0 0 0 0 0 0 0 0 0 0 0 0 0 0 0 0 0 0 0 0 0 0 0 0 0 0 0 0 0 0 0 0 0 0 0 0 0 0 0 0 0 0 0 0 0 0 0 0 0 0 0 0 0 0 0 0 0 0 0 0 0 0 0 0 0 0 0 0 0 0 0 0 0 0 0 0 0 0 0 0 0 0 0 0 0 0 0 0 0 0 0 0 0 0 0 0 0 0 0 0 0 0 0 0 0 0 0 134 133 133 133 133 134 134 135 136 135 134 134 135 136 136 137 137 0 0 0 0 0 0 0 0 0 0 0 0 0 0 0 0 0 0 0 0 0 0 0 0 0 0 0 0 0 0 0 0 0 0 0 0 0 0 0 0 0 0 0 0 0 0 0 0 0 0 0 0 0 0 0 0 0 0 0 0 0 0 0 0 0 0 0 0 0 0 0 0 0 0 0 0 0 0 0 0 0 0 0 0 0 0 0 0 0 0 0 0 0 0 0 0 0 0 0 0 0 0 0 0 0 0 0 0 0 0 0 0 0 0 0 0 0 0 0 0 0 0 0 0 0 0 0 0 0 0 0 0 0 0 0 0 0 0 0 0 0 0 0 0 0 0 0 0 0 0 0 0 0 0 0 0 0 0 0 0 0 0 0 0 0 0 0 0 0 0 0 0 0 0 0 0 0 0 0 0 0 0 0 0 0 0 0 0 0 0 0 0 0 0 0 0 0 0 0 0 0 0 0 0 0 0 0 0 0 0 0 0 0 0 0 0 0 0 0 0 0 0 0 0 0 0 0 0 0 0 0 0 0 0 0 0 0 0 0 0 0 0 0 0 0 0 0 0 0 0 0 0 0 0 0 0 0 0 0 0 0 0 0 0 0 0 0 0 0 0 
0 0 0 0 0 0 0 0 0 0 0 0 0 0 0 0 0 0 0 0 0 0 0 0 0 0 0 0 0 0 0 0 0 0 0 0 0 0 0 0 0 0 0 0 0 0 0 0 0 0 0 0 0 0 0 0 0 0 0 0 0 0 0 0 0 0 0 0 0 0 0 0 0 0 0 0 0 0 0 0 0 0 0 0 0 0 0 0 0 0 0 0 0 0 0 0 0 0 0 0 0 0 0 0 0 0 0 0 0 0 0 0 0 0 0 0 0 0 0 0 0 0 0 0 0 0 0 0 0 0 0 0 0 0 0 0 0 0 0 0 0 0 0 0 0 0 0 0 0 0 0 0 0 0 0 0 0 0 0 0 0 0 0 0 0 0 0 0 0 0 0 0 0 0 0 0 0 0 0 0 0 0 0 0 0 0 0 0 0 0 0 0 0 0 0 0 0 0 0 0 0 0 0 0 0 0 0 0 0 0 0 0 0 0 0 0 0 134 133 133 134 134 134 135 136 135 135 135 135 135 135 136 137 0 0 0 0 0 0 0 0 0 0 0 0 0 0 0 0 0 0 0 0 0 0 0 0 0 0 0 0 0 0 0 0 0 0 0 0 0 0 0 0 0 0 0 0 0 0 0 0 0 0 0 0 0 0 0 0 0 0 0 0 0 0 0 0 0 0 0 0 0 0 0 0 0 0 0 0 0 0 0 0 0 0 0 0 0 0 0 0 0 0 0 0 0 0 0 0 0 0 0 0 0 0 0 0 0 0 0 0 0 0 0 0 0 0 0 0 0 0 0 0 0 0 0 0 0 0 0 0 0 0 0 0 0 0 0 0 0 0 0 0 0 0 0 0 0 0 0 0 0 0 0 0 0 0 0 0 0 0 0 0 0 0 0 0 0 0 0 0 0 0 0 0 0 0 0 0 0 0 0 0 0 0 0 0 0 0 0 0 0 0 0 0 0 0 0 0 0 0 0 0 0 0 0 0 0 0 0 0 0 0 0 0 0 0 0 0 0 0 0 0 0 0 0 0 0 0 0 0 0 0 0 0 0 0 0 0 0 0 0 0 0 0 0 0 0 0 0 0 0 0 0 0 0 0 0 0 0 0 0 0 0 0 0 0 0 0 0 0 0 0 
0 0 0 0 0 0 0 0 0 0 0 0 0 0 0 0 0 0 0 0 0 0 0 0 0 0 0 0 0 0 0 0 0 0 0 0 0 0 0 0 0 0 0 0 0 0 0 0 0 0 0 0 0 0 0 0 0 0 0 0 0 0 0 0 0 0 0 0 0 0 0 0 0 0 0 0 0 0 0 0 0 0 0 0 0 0 0 0 0 0 0 0 0 0 0 0 0 0 0 0 0 0 0 0 0 0 0 0 0 0 0 0 0 0 0 0 0 0 0 0 0 0 0 0 0 0 0 0 0 0 0 0 0 0 0 0 0 0 0 0 0 0 0 0 0 0 0 0 0 0 0 0 0 0 0 0 0 0 0 0 0 0 0 0 0 0 0 0 0 0 0 0 0 0 0 0 0 0 0 0 0 0 0 0 0 0 0 0 0 0 0 0 0 0 0 0 0 0 0 0 0 0 0 0 0 0 0 0 0 0 0 0 0 0 0 0 0 135 134 134 134 135 135 135 137 136 136 135 136 136 136 136 137 138 0 0 0 0 0 0 0 0 0 0 0 0 0 0 0 0 0 0 0 0 0 0 0 0 0 0 0 0 0 0 0 0 0 0 0 0 0 0 0 0 0 0 0 0 0 0 0 0 0 0 0 0 0 0 0 0 0 0 0 0 0 0 0 0 0 0 0 0 0 0 0 0 0 0 0 0 0 0 0 0 0 0 0 0 0 0 0 0 0 0 0 0 0 0 0 0 0 0 0 0 0 0 0 0 0 0 0 0 0 0 0 0 0 0 0 0 0 0 0 0 0 0 0 0 0 0 0 0 0 0 0 0 0 0 0 0 0 0 0 0 0 0 0 0 0 0 0 0 0 0 0 0 0 0 0 0 0 0 0 0 0 0 0 0 0 0 0 0 0 0 0 0 0 0 0 0 0 0 0 0 0 0 0 0 0 0 0 0 0 0 0 0 0 0 0 0 0 0 0 0 0 0 0 0 0 0 0 0 0 0 0 0 0 0 0 0 0 0 0 0 0 0 0 0 0 0 0 0 0 0 0 0 0 0 0 0 0 0 0 0 0 0 0 0 0 0 0 0 0 0 0 0 0 0 0 0 0 0 0 0 0 0 0 0 0 0 0 0 0 
0 0 0 0 0 0 0 0 0 0 0 0 0 0 0 0 0 0 0 0 0 0 0 0 0 0 0 0 0 0 0 0 0 0 0 0 0 0 0 0 0 0 0 0 0 0 0 0 0 0 0 0 0 0 0 0 0 0 0 0 0 0 0 0 0 0 0 0 0 0 0 0 0 0 0 0 0 0 0 0 0 0 0 0 0 0 0 0 0 0 0 0 0 0 0 0 0 0 0 0 0 0 0 0 0 0 0 0 0 0 0 0 0 0 0 0 0 0 0 0 0 0 0 0 0 0 0 0 0 0 0 0 0 0 0 0 0 0 0 0 0 0 0 0 0 0 0 0 0 0 0 0 0 0 0 0 0 0 0 0 0 0 0 0 0 0 0 0 0 0 0 0 0 0 0 0 0 0 0 0 0 0 0 0 0 0 0 0 0 0 0 0 0 0 0 0 0 0 0 0 0 0 0 0 0 0 0 0 0 0 0 0 0 0 0 0 0 135 134 134 134 135 135 136 137 137 136 136 136 137 138 138 138 139 0 0 0 0 0 0 0 0 0 0 0 0 0 0 0 0 0 0 0 0 0 0 0 0 0 0 0 0 0 0 0 0 0 0 0 0 0 0 0 0 0 0 0 0 0 0 0 0 0 0 0 0 0 0 0 0 0 0 0 0 0 0 0 0 0 0 0 0 0 0 0 0 0 0 0 0 0 0 0 0 0 0 0 0 0 0 0 0 0 0 0 0 0 0 0 0 0 0 0 0 0 0 0 0 0 0 0 0 0 0 0 0 0 0 0 0 0 0 0 0 0 0 0 0 0 0 0 0 0 0 0 0 0 0 0 0 0 0 0 0 0 0 0 0 0 0 0 0 0 0 0 0 0 0 0 0 0 0 0 0 0 0 0 0 0 0 0 0 0 0 0 0 0 0 0 0 0 0 0 0 0 0 0 0 0 0 0 0 0 0 0 0 0 0 0 0 0 0 0 0 0 0 0 0 0 0 0 0 0 0 0 0 0 0 0 0 0 0 0 0 0 0 0 0 0 0 0 0 0 0 0 0 0 0 0 0 0 0 0 0 0 0 0 0 0 0 0 0 0 0 0 0 0 0 0 0 0 0 0 0 0 0 0 0 0 0 0 0 0 
0 0 0 0 0 0 0 0 0 0 0 0 0 0 0 0 0 0 0 0 0 0 0 0 0 0 0 0 0 0 0 0 0 0 0 0 0 0 0 0 0 0 0 0 0 0 0 0 0 0 0 0 0 0 0 0 0 0 0 0 0 0 0 0 0 0 0 0 0 0 0 0 0 0 0 0 0 0 0 0 0 0 0 0 0 0 0 0 0 0 0 0 0 0 0 0 0 0 0 0 0 0 0 0 0 0 0 0 0 0 0 0 0 0 0 0 0 0 0 0 0 0 0 0 0 0 0 0 0 0 0 0 0 0 0 0 0 0 0 0 0 0 0 0 0 0 0 0 0 0 0 0 0 0 0 0 0 0 0 0 0 0 0 0 0 0 0 0 0 0 0 0 0 0 0 0 0 0 0 0 0 0 0 0 0 0 0 0 0 0 0 0 0 0 0 0 0 0 0 0 0 0 0 0 0 0 0 0 0 0 0 0 0 0 0 0 0 135 135 134 134 134 135 135 136 136 137 137 136 136 137 138 139 0 0 0 0 0 0 0 0 0 0 0 0 0 0 0 0 0 0 0 0 0 0 0 0 0 0 0 0 0 0 0 0 0 0 0 0 0 0 0 0 0 0 0 0 0 0 0 0 0 0 0 0 0 0 0 0 0 0 0 0 0 0 0 0 0 0 0 0 0 0 0 0 0 0 0 0 0 0 0 0 0 0 0 0 0 0 0 0 0 0 0 0 0 0 0 0 0 0 0 0 0 0 0 0 0 0 0 0 0 0 0 0 0 0 0 0 0 0 0 0 0 0 0 0 0 0 0 0 0 0 0 0 0 0 0 0 0 0 0 0 0 0 0 0 0 0 0 0 0 0 0 0 0 0 0 0 0 0 0 0 0 0 0 0 0 0 0 0 0 0 0 0 0 0 0 0 0 0 0 0 0 0 0 0 0 0 0 0 0 0 0 0 0 0 0 0 0 0 0 0 0 0 0 0 0 0 0 0 0 0 0 0 0 0 0 0 0 0 0 0 0 0 0 0 0 0 0 0 0 0 0 0 0 0 0 0 0 0 0 0 0 0 0 0 0 0 0 0 0 0 0 0 0 0 0 0 0 0 0 0 0 0 0 0 0 0 0 0 0 0 
0 0 0 0 0 0 0 0 0 0 0 0 0 0 0 0 0 0 0 0 0 0 0 0 0 0 0 0 0 0 0 0 0 0 0 0 0 0 0 0 0 0 0 0 0 0 0 0 0 0 0 0 0 0 0 0 0 0 0 0 0 0 0 0 0 0 0 0 0 0 0 0 0 0 0 0 0 0 0 0 0 0 0 0 0 0 0 0 0 0 0 0 0 0 0 0 0 0 0 0 0 0 0 0 0 0 0 0 0 0 0 0 0 0 0 0 0 0 0 0 0 0 0 0 0 0 0 0 0 0 0 0 0 0 0 0 0 0 0 0 0 0 0 0 0 0 0 0 0 0 0 0 0 0 0 0 0 0 0 0 0 0 0 0 0 0 0 0 0 0 0 0 0 0 0 0 0 0 0 0 0 0 0 0 0 0 0 0 0 0 0 0 0 0 0 0 0 0 0 0 0 0 0 0 0 0 0 0 0 0 0 0 0 0 0 0 137 136 135 135 135 135 135 136 136 136 137 138 138 137 138 138 138 0 0 0 0 0 0 0 0 0 0 0 0 0 0 0 0 0 0 0 0 0 0 0 0 0 0 0 0 0 0 0 0 0 0 0 0 0 0 0 0 0 0 0 0 0 0 0 0 0 0 0 0 0 0 0 0 0 0 0 0 0 0 0 0 0 0 0 0 0 0 0 0 0 0 0 0 0 0 0 0 0 0 0 0 0 0 0 0 0 0 0 0 0 0 0 0 0 0 0 0 0 0 0 0 0 0 0 0 0 0 0 0 0 0 0 0 0 0 0 0 0 0 0 0 0 0 0 0 0 0 0 0 0 0 0 0 0 0 0 0 0 0 0 0 0 0 0 0 0 0 0 0 0 0 0 0 0 0 0 0 0 0 0 0 0 0 0 0 0 0 0 0 0 0 0 0 0 0 0 0 0 0 0 0 0 0 0 0 0 0 0 0 0 0 0 0 0 0 0 0 0 0 0 0 0 0 0 0 0 0 0 0 0 0 0 0 0 0 0 0 0 0 0 0 0 0 0 0 0 0 0 0 0 0 0 0 0 0 0 0 0 0 0 0 0 0 0 0 0 0 0 0 0 0 0 0 0 0 0 0 0 0 0 0 0 0 0 0 0 0 
0 0 0 0 0 0 0 0 0 0 0 0 0 0 0 0 0 0 0 0 0 0 0 0 0 0 0 0 0 0 0 0 0 0 0 0 0 0 0 0 0 0 0 0 0 0 0 0 0 0 0 0 0 0 0 0 0 0 0 0 0 0 0 0 0 0 0 0 0 0 0 0 0 0 0 0 0 0 0 0 0 0 0 0 0 0 0 0 0 0 0 0 0 0 0 0 0 0 0 0 0 0 0 0 0 0 0 0 0 0 0 0 0 0 0 0 0 0 0 0 0 0 0 0 0 0 0 0 0 0 0 0 0 0 0 0 0 0 0 0 0 0 0 0 0 0 0 0 0 0 0 0 0 0 0 0 0 0 0 0 0 0 0 0 0 0 0 0 0 0 0 0 0 0 0 0 0 0 0 0 0 0 0 0 0 0 0 0 0 0 0 0 0 0 0 0 0 0 0 0 0 0 0 0 0 0 0 0 0 0 0 0 0 0 0 137 137 137 136 136 136 136 136 137 138 137 137 138 139 138 138 138 138 139 0 0 0 0 0 0 0 0 0 0 0 0 0 0 0 0 0 0 0 0 0 0 0 0 0 0 0 0 0 0 0 0 0 0 0 0 0 0 0 0 0 0 0 0 0 0 0 0 0 0 0 0 0 0 0 0 0 0 0 0 0 0 0 0 0 0 0 0 0 0 0 0 0 0 0 0 0 0 0 0 0 0 0 0 0 0 0 0 0 0 0 0 0 0 0 0 0 0 0 0 0 0 0 0 0 0 0 0 0 0 0 0 0 0 0 0 0 0 0 0 0 0 0 0 0 0 0 0 0 0 0 0 0 0 0 0 0 0 0 0 0 0 0 0 0 0 0 0 0 0 0 0 0 0 0 0 0 0 0 0 0 0 0 0 0 0 0 0 0 0 0 0 0 0 0 0 0 0 0 0 0 0 0 0 0 0 0 0 0 0 0 0 0 0 0 0 0 0 0 0 0 0 0 0 0 0 0 0 0 0 0 0 0 0 0 0 0 0 0 0 0 0 0 0 0 0 0 0 0 0 0 0 0 0 0 0 0 0 0 0 0 0 0 0 0 0 0 0 0 0 0 0 0 0 0 0 0 0 0 0 0 0 0 0 0 0 0 0 0 
0 0 0 0 0 0 0 0 0 0 0 0 0 0 0 0 0 0 0 0 0 0 0 0 0 0 0 0 0 0 0 0 0 0 0 0 0 0 0 0 0 0 0 0 0 0 0 0 0 0 0 0 0 0 0 0 0 0 0 0 0 0 0 0 0 0 0 0 0 0 0 0 0 0 0 0 0 0 0 0 0 0 0 0 0 0 0 0 0 0 0 0 0 0 0 0 0 0 0 0 0 0 0 0 0 0 0 0 0 0 0 0 0 0 0 0 0 0 0 0 0 0 0 0 0 0 0 0 0 0 0 0 0 0 0 0 0 0 0 0 0 0 0 0 0 0 0 0 0 0 0 0 0 0 0 0 0 0 0 0 0 0 0 0 0 0 0 0 0 0 0 0 0 0 0 0 0 0 0 0 0 0 0 0 0 0 0 0 0 0 0 0 0 0 0 0 0 0 0 0 0 0 0 0 0 0 0 0 0 0 0 0 0 137 137 137 137 137 137 137 137 137 137 137 138 138 137 138 139 139 138 139 139 139 140 0 0 0 0 0 0 0 0 0 0 0 0 0 0 0 0 0 0 0 0 0 0 0 0 0 0 0 0 0 0 0 0 0 0 0 0 0 0 0 0 0 0 0 0 0 0 0 0 0 0 0 0 0 0 0 0 0 0 0 0 0 0 0 0 0 0 0 0 0 0 0 0 0 0 0 0 0 0 0 0 0 0 0 0 0 0 0 0 0 0 0 0 0 0 0 0 0 0 0 0 0 0 0 0 0 0 0 0 0 0 0 0 0 0 0 0 0 0 0 0 0 0 0 0 0 0 0 0 0 0 0 0 0 0 0 0 0 0 0 0 0 0 0 0 0 0 0 0 0 0 0 0 0 0 0 0 0 0 0 0 0 0 0 0 0 0 0 0 0 0 0 0 0 0 0 0 0 0 0 0 0 0 0 0 0 0 0 0 0 0 0 0 0 0 0 0 0 0 0 0 0 0 0 0 0 0 0 0 0 0 0 0 0 0 0 0 0 0 0 0 0 0 0 0 0 0 0 0 0 0 0 0 0 0 0 0 0 0 0 0 0 0 0 0 0 0 0 0 0 0 0 0 0 0 0 0 0 0 0 0 0 0 0 0 0 0 0 0 
0 0 0 0 0 0 0 0 0 0 0 0 0 0 0 0 0 0 0 0 0 0 0 0 0 0 0 0 0 0 0 0 0 0 0 0 0 0 0 0 0 0 0 0 0 0 0 0 0 0 0 0 0 0 0 0 0 0 0 0 0 0 0 0 0 0 0 0 0 0 0 0 0 0 0 0 0 0 0 0 0 0 0 0 0 0 0 0 0 0 0 0 0 0 0 0 0 0 0 0 0 0 0 0 0 0 0 0 0 0 0 0 0 0 0 0 0 0 0 0 0 0 0 0 0 0 0 0 0 0 0 0 0 0 0 0 0 0 0 0 0 0 0 0 0 0 0 0 0 0 0 0 0 0 0 0 0 0 0 0 0 0 0 0 0 0 0 0 0 0 0 0 0 0 0 0 0 0 0 0 0 0 0 0 0 0 0 0 0 0 0 0 0 0 0 0 0 0 0 0 0 0 0 0 0 0 0 0 0 0 0 137 137 137 137 138 138 137 138 138 138 138 138 138 138 138 138 138 139 139 139 139 139 140 0 0 0 0 0 0 0 0 0 0 0 0 0 0 0 0 0 0 0 0 0 0 0 0 0 0 0 0 0 0 0 0 0 0 0 0 0 0 0 0 0 0 0 0 0 0 0 0 0 0 0 0 0 0 0 0 0 0 0 0 0 0 0 0 0 0 0 0 0 0 0 0 0 0 0 0 0 0 0 0 0 0 0 0 0 0 0 0 0 0 0 0 0 0 0 0 0 0 0 0 0 0 0 0 0 0 0 0 0 0 0 0 0 0 0 0 0 0 0 0 0 0 0 0 0 0 0 0 0 0 0 0 0 0 0 0 0 0 0 0 0 0 0 0 0 0 0 0 0 0 0 0 0 0 0 0 0 0 0 0 0 0 0 0 0 0 0 0 0 0 0 0 0 0 0 0 0 0 0 0 0 0 0 0 0 0 0 0 0 0 0 0 0 0 0 0 0 0 0 0 0 0 0 0 0 0 0 0 0 0 0 0 0 0 0 0 0 0 0 0 0 0 0 0 0 0 0 0 0 0 0 0 0 0 0 0 0 0 0 0 0 0 0 0 0 0 0 0 0 0 0 0 0 0 0 0 0 0 0 0 0 0 0 0 0 0 0 0 0 
0 0 0 0 0 0 0 0 0 0 0 0 0 0 0 0 0 0 0 0 0 0 0 0 0 0 0 0 0 0 0 0 0 0 0 0 0 0 0 0 0 0 0 0 0 0 0 0 0 0 0 0 0 0 0 0 0 0 0 0 0 0 0 0 0 0 0 0 0 0 0 0 0 0 0 0 0 0 0 0 0 0 0 0 0 0 0 0 0 0 0 0 0 0 0 0 0 0 0 0 0 0 0 0 0 0 0 0 0 0 0 0 0 0 0 0 0 0 0 0 0 0 0 0 0 0 0 0 0 0 0 0 0 0 0 0 0 0 0 0 0 0 0 0 0 0 0 0 0 0 0 0 0 0 0 0 0 0 0 0 0 0 0 0 0 0 0 0 0 0 0 0 0 0 0 0 0 0 0 0 0 0 0 0 0 0 0 0 0 0 0 0 0 0 0 0 0 0 0 0 0 0 0 0 0 0 0 0 0 0 0 0 137 137 137 138 137 137 137 137 138 138 138 139 139 139 139 139 139 139 139 139 139 0 0 0 0 0 0 0 0 0 0 0 0 0 0 0 0 0 0 0 0 0 0 0 0 0 0 0 0 0 0 0 0 0 0 0 0 0 0 0 0 0 0 0 0 0 0 0 0 0 0 0 0 0 0 0 0 0 0 0 0 0 0 0 0 0 0 0 0 0 0 0 0 0 0 0 0 0 0 0 0 0 0 0 0 0 0 0 0 0 0 0 0 0 0 0 0 0 0 0 0 0 0 0 0 0 0 0 0 0 0 0 0 0 0 0 0 0 0 0 0 0 0 0 0 0 0 0 0 0 0 0 0 0 0 0 0 0 0 0 0 0 0 0 0 0 0 0 0 0 0 0 0 0 0 0 0 0 0 0 0 0 0 0 0 0 0 0 0 0 0 0 0 0 0 0 0 0 0 0 0 0 0 0 0 0 0 0 0 0 0 0 0 0 0 0 0 0 0 0 0 0 0 0 0 0 0 0 0 0 0 0 0 0 0 0 0 0 0 0 0 0 0 0 0 0 0 0 0 0 0 0 0 0 0 0 0 0 0 0 0 0 0 0 0 0 0 0 0 0 0 0 0 0 0 0 0 0 0 0 0 0 0 0 0 0 0 0 0 0 0 
0 0 0 0 0 0 0 0 0 0 0 0 0 0 0 0 0 0 0 0 0 0 0 0 0 0 0 0 0 0 0 0 0 0 0 0 0 0 0 0 0 0 0 0 0 0 0 0 0 0 0 0 0 0 0 0 0 0 0 0 0 0 0 0 0 0 0 0 0 0 0 0 0 0 0 0 0 0 0 0 0 0 0 0 0 0 0 0 0 0 0 0 0 0 0 0 0 0 0 0 0 0 0 0 0 0 0 0 0 0 0 0 0 0 0 0 0 0 0 0 0 0 0 0 0 0 0 0 0 0 0 0 0 0 0 0 0 0 0 0 0 0 0 0 0 0 0 0 0 0 0 0 0 0 0 0 0 0 0 0 0 0 0 0 0 0 0 0 0 0 0 0 0 0 0 0 0 0 0 0 0 0 0 0 0 0 0 0 0 0 0 0 0 0 0 0 0 0 0 0 0 0 0 0 0 0 0 0 0 0 0 0 137 137 137 137 137 138 138 138 138 138 138 138 139 139 139 139 139 139 139 140 0 0 0 0 0 0 0 0 0 0 0 0 0 0 0 0 0 0 0 0 0 0 0 0 0 0 0 0 0 0 0 0 0 0 0 0 0 0 0 0 0 0 0 0 0 0 0 0 0 0 0 0 0 0 0 0 0 0 0 0 0 0 0 0 0 0 0 0 0 0 0 0 0 0 0 0 0 0 0 0 0 0 0 0 0 0 0 0 0 0 0 0 0 0 0 0 0 0 0 0 0 0 0 0 0 0 0 0 0 0 0 0 0 0 0 0 0 0 0 0 0 0 0 0 0 0 0 0 0 0 0 0 0 0 0 0 0 0 0 0 0 0 0 0 0 0 0 0 0 0 0 0 0 0 0 0 0 0 0 0 0 0 0 0 0 0 0 0 0 0 0 0 0 0 0 0 0 0 0 0 0 0 0 0 0 0 0 0 0 0 0 0 0 0 0 0 0 0 0 0 0 0 0 0 0 0 0 0 0 0 0 0 0 0 0 0 0 0 0 0 0 0 0 0 0 0 0 0 0 0 0 0 0 0 0 0 0 0 0 0 0 0 0 0 0 0 0 0 0 0 0 0 0 0 0 0 0 0 0 0 0 0 0 0 0 0 0 0 0 0 0 
0 0 0 0 0 0 0 0 0 0 0 0 0 0 0 0 0 0 0 0 0 0 0 0 0 0 0 0 0 0 0 0 0 0 0 0 0 0 0 0 0 0 0 0 0 0 0 0 0 0 0 0 0 0 0 0 0 0 0 0 0 0 0 0 0 0 0 0 0 0 0 0 0 0 0 0 0 0 0 0 0 0 0 0 0 0 0 0 0 0 0 0 0 0 0 0 0 0 0 0 0 0 0 0 0 0 0 0 0 0 0 0 0 0 0 0 0 0 0 0 0 0 0 0 0 0 0 0 0 0 0 0 0 0 0 0 0 0 0 0 0 0 0 0 0 0 0 0 0 0 0 0 0 0 0 0 0 0 0 0 0 0 0 0 0 0 0 0 0 0 0 0 0 0 0 0 0 0 0 0 0 0 0 0 0 0 0 0 0 0 0 0 0 0 0 0 0 0 0 0 0 0 0 0 0 0 0 0 0 0 0 0 0 138 138 138 138 138 139 138 138 138 138 138 138 138 138 139 139 139 140 0 0 0 0 0 0 0 0 0 0 0 0 0 0 0 0 0 0 0 0 0 0 0 0 0 0 0 0 0 0 0 0 0 0 0 0 0 0 0 0 0 0 0 0 0 0 0 0 0 0 0 0 0 0 0 0 0 0 0 0 0 0 0 0 0 0 0 0 0 0 0 0 0 0 0 0 0 0 0 0 0 0 0 0 0 0 0 0 0 0 0 0 0 0 0 0 0 0 0 0 0 0 0 0 0 0 0 0 0 0 0 0 0 0 0 0 0 0 0 0 0 0 0 0 0 0 0 0 0 0 0 0 0 0 0 0 0 0 0 0 0 0 0 0 0 0 0 0 0 0 0 0 0 0 0 0 0 0 0 0 0 0 0 0 0 0 0 0 0 0 0 0 0 0 0 0 0 0 0 0 0 0 0 0 0 0 0 0 0 0 0 0 0 0 0 0 0 0 0 0 0 0 0 0 0 0 0 0 0 0 0 0 0 0 0 0 0 0 0 0 0 0 0 0 0 0 0 0 0 0 0 0 0 0 0 0 0 0 0 0 0 0 0 0 0 0 0 0 0 0 0 0 0 0 0 0 0 0 0 0 0 0 0 0 0 0 0 0 0 0 0 0 
0 0 0 0 0 0 0 0 0 0 0 0 0 0 0 0 0 0 0 0 0 0 0 0 0 0 0 0 0 0 0 0 0 0 0 0 0 0 0 0 0 0 0 0 0 0 0 0 0 0 0 0 0 0 0 0 0 0 0 0 0 0 0 0 0 0 0 0 0 0 0 0 0 0 0 0 0 0 0 0 0 0 0 0 0 0 0 0 0 0 0 0 0 0 0 0 0 0 0 0 0 0 0 0 0 0 0 0 0 0 0 0 0 0 0 0 0 0 0 0 0 0 0 0 0 0 0 0 0 0 0 0 0 0 0 0 0 0 0 0 0 0 0 0 0 0 0 0 0 0 0 0 0 0 0 0 0 0 0 0 0 0 0 0 0 0 0 0 0 0 0 0 0 0 0 0 0 0 0 0 0 0 0 0 0 0 0 0 0 0 0 0 0 0 0 0 0 0 0 0 0 0 0 0 0 0 0 0 0 0 0 0 0 139 139 138 139 139 138 138 138 138 138 138 139 139 139 139 139 140 0 0 0 0 0 0 0 0 0 0 0 0 0 0 0 0 0 0 0 0 0 0 0 0 0 0 0 0 0 0 0 0 0 0 0 0 0 0 0 0 0 0 0 0 0 0 0 0 0 0 0 0 0 0 0 0 0 0 0 0 0 0 0 0 0 0 0 0 0 0 0 0 0 0 0 0 0 0 0 0 0 0 0 0 0 0 0 0 0 0 0 0 0 0 0 0 0 0 0 0 0 0 0 0 0 0 0 0 0 0 0 0 0 0 0 0 0 0 0 0 0 0 0 0 0 0 0 0 0 0 0 0 0 0 0 0 0 0 0 0 0 0 0 0 0 0 0 0 0 0 0 0 0 0 0 0 0 0 0 0 0 0 0 0 0 0 0 0 0 0 0 0 0 0 0 0 0 0 0 0 0 0 0 0 0 0 0 0 0 0 0 0 0 0 0 0 0 0 0 0 0 0 0 0 0 0 0 0 0 0 0 0 0 0 0 0 0 0 0 0 0 0 0 0 0 0 0 0 0 0 0 0 0 0 0 0 0 0 0 0 0 0 0 0 0 0 0 0 0 0 0 0 0 0 0 0 0 0 0 0 0 0 0 0 0 0 0 0 0 0 0 0 0 
0 0 0 0 0 0 0 0 0 0 0 0 0 0 0 0 0 0 0 0 0 0 0 0 0 0 0 0 0 0 0 0 0 0 0 0 0 0 0 0 0 0 0 0 0 0 0 0 0 0 0 0 0 0 0 0 0 0 0 0 0 0 0 0 0 0 0 0 0 0 0 0 0 0 0 0 0 0 0 0 0 0 0 0 0 0 0 0 0 0 0 0 0 0 0 0 0 0 0 0 0 0 0 0 0 0 0 0 0 0 0 0 0 0 0 0 0 0 0 0 0 0 0 0 0 0 0 0 0 0 0 0 0 0 0 0 0 0 0 0 0 0 0 0 0 0 0 0 0 0 0 0 0 0 0 0 0 0 0 0 0 0 0 0 0 0 0 0 0 0 0 0 0 0 0 0 0 0 0 0 0 0 0 0 0 0 0 0 0 0 0 0 0 0 0 0 0 0 0 0 0 0 0 0 0 0 0 0 0 0 0 0 0 0 138 138 138 138 138 0 0 138 139 139 139 139 139 140 0 0 0 0 0 0 0 0 0 0 0 0 0 0 0 0 0 0 0 0 0 0 0 0 0 0 0 0 0 0 0 0 0 0 0 0 0 0 0 0 0 0 0 0 0 0 0 0 0 0 0 0 0 0 0 0 0 0 0 0 0 0 0 0 0 0 0 0 0 0 0 0 0 0 0 0 0 0 0 0 0 0 0 0 0 0 0 0 0 0 0 0 0 0 0 0 0 0 0 0 0 0 0 0 0 0 0 0 0 0 0 0 0 0 0 0 0 0 0 0 0 0 0 0 0 0 0 0 0 0 0 0 0 0 0 0 0 0 0 0 0 0 0 0 0 0 0 0 0 0 0 0 0 0 0 0 0 0 0 0 0 0 0 0 0 0 0 0 0 0 0 0 0 0 0 0 0 0 0 0 0 0 0 0 0 0 0 0 0 0 0 0 0 0 0 0 0 0 0 0 0 0 0 0 0 0 0 0 0 0 0 0 0 0 0 0 0 0 0 0 0 0 0 0 0 0 0 0 0 0 0 0 0 0 0 0 0 0 0 0 0 0 0 0 0 0 0 0 0 0 0 0 0 0 0 0 0 0 0 0 0 0 0 0 0 0 0 0 0 0 0 0 0 0 0 
0 0 0 0 0 0 0 0 0 0 0 0 0 0 0 0 0 0 0 0 0 0 0 0 0 0 0 0 0 0 0 0 0 0 0 0 0 0 0 0 0 0 0 0 0 0 0 0 0 0 0 0 0 0 0 0 0 0 0 0 0 0 0 0 0 0 0 0 0 0 0 0 0 0 0 0 0 0 0 0 0 0 0 0 0 0 0 0 0 0 0 0 0 0 0 0 0 0 0 0 0 0 0 0 0 0 0 0 0 0 0 0 0 0 0 0 0 0 0 0 0 0 0 0 0 0 0 0 0 0 0 0 0 0 0 0 0 0 0 0 0 0 0 0 0 0 0 0 0 0 0 0 0 0 0 0 0 0 0 0 0 0 0 0 0 0 0 0 0 0 0 0 0 0 0 0 0 0 0 0 0 0 0 0 0 0 0 0 0 0 0 0 0 0 0 0 0 0 0 0 0 0 0 0 0 0 0 0 0 0 0 0 0 0 0 138 138 138 0 0 0 0 139 139 139 140 0 0 0 0 0 0 0 0 0 0 0 0 0 0 0 0 0 0 0 0 0 0 0 0 0 0 0 0 0 0 0 0 0 0 0 0 0 0 0 0 0 0 0 0 0 0 0 0 0 0 0 0 0 0 0 0 0 0 0 0 0 0 0 0 0 0 0 0 0 0 0 0 0 0 0 0 0 0 0 0 0 0 0 0 0 0 0 0 0 0 0 0 0 0 0 0 0 0 0 0 0 0 0 0 0 0 0 0 0 0 0 0 0 0 0 0 0 0 0 0 0 0 0 0 0 0 0 0 0 0 0 0 0 0 0 0 0 0 0 0 0 0 0 0 0 0 0 0 0 0 0 0 0 0 0 0 0 0 0 0 0 0 0 0 0 0 0 0 0 0 0 0 0 0 0 0 0 0 0 0 0 0 0 0 0 0 0 0 0 0 0 0 0 0 0 0 0 0 0 0 0 0 0 0 0 0 0 0 0 0 0 0 0 0 0 0 0 0 0 0 0 0 0 0 0 0 0 0 0 0 0 0 0 0 0 0 0 0 0 0 0 0 0 0 0 0 0 0 0 0 0 0 0 0 0 0 0 0 0 0 0 0 0 0 0 0 0 0 0 0 0 0 0 0 0 0 0 
