0 0 0 0 0 0 0 0 0 0 0 0 0 0 0 0 0 0 0 0 0 0 0 0 0 0 0 0 0 0 0 0 0 0 0 0 0 0 0 0 0 0 0 0 0 0 0 0 0 0 0 0 0 0 0 0 0 0 0 0 0 0 0 0 0 0 0 0 0 0 0 0 0 0 0 0 0 0 0 0 0 0 0 0 0 0 0 0 0 0 0 0 0 0 0 0 0 0 0 0 0 15 0 0 0 0 0 0 0 0 0 0 0 0 0 0 0 0 0 0 0 0 0 0 0 0 0 0 0 0 0 0 0 0 0 0 0 0 0 0 0 0 0 0 0 0 0 0 0 0 0 0 0 0 0 0 0 0 0 0 0 0 0 0 0 0 0 0 0 0 0 0 0 0 0 0 0 0 0 0 0 0 0 0 0 0 0 0 0 0 0 0 0 0 0 0 0 0 0 0 0 0 0 0 0 0 0 0 0 0 0 0 0 0 0 0 0 0 0 0 0 0 0 0 0 0 0 0 0 0 0 0 0 0 0 0 0 0 0 0 0 0 0 0 0 0 0 0 0 0 0 0 0 0 0 0 0 0 0 0 0 0 0 0 0 0 0 0 0 0 0 0 0 0 0 0 0 0 0 0 0 0 0 0 0 0 0 0 0 0 0 0 0 0 0 0 0 0 0 0 0 0 0 0 0 0 0 0 0 0 0 0 0 0 0 0 0 0 0 0 0 0 0 0 0 0 0 0 0 0 0 0 0 0 0 0 0 0 0 0 0 0 0 0 0 0 0 0 0 0 0 0 0 0 0 0 0 0 0 0 0 0 0 0 0 0 0 0 0 0 0 0 0 0 0 0 0 0 0 0 0 0 0 0 0 0 0 0 0 0 0 0 0 0 0 0 0 0 0 0 0 0 0 0 0 0 0 0 0 0 0 0 0 0 0 0 0 0 0 0 0 0 0 0 0 0 0 0 0 0 0 0 0 0 0 0 0 0 0 0 0 0 0 0 0 0 0 0 0 0 0 0 0 0 0 0 0 0 0 0 0 0 0 0 0 0 0 0 0 0 0 0 0 0 0 0 0 0 0 0 0 0 0 0 0 0 0 0 0 0 0 0 0 0 0 0 0 0 0 0 0 0 0 
0 0 0 0 0 0 0 0 0 0 0 0 0 0 0 0 0 0 0 0 0 0 0 0 0 0 0 0 0 0 0 0 0 0 0 0 0 0 0 0 0 0 0 0 0 0 0 0 0 0 0 0 0 0 0 0 0 0 0 0 0 0 0 0 0 0 0 0 0 0 0 0 0 0 0 0 0 0 0 0 0 0 0 0 0 0 0 0 0 0 0 0 0 0 0 0 0 0 0 0 15 15 15 15 15 15 15 0 0 0 0 0 0 0 0 0 0 0 0 0 0 0 0 0 0 0 0 0 0 0 0 0 0 0 0 0 0 0 0 0 0 0 0 0 0 0 0 0 0 0 0 0 0 0 0 0 0 0 0 0 0 0 0 0 0 0 0 0 0 0 0 0 0 0 0 0 0 0 0 0 0 0 0 0 0 0 0 0 0 0 0 0 0 0 0 0 0 0 0 0 0 0 0 0 0 0 0 0 0 0 0 0 0 0 0 0 0 0 0 0 0 0 0 0 0 0 0 0 0 0 0 0 0 0 0 0 0 0 0 0 0 0 0 0 0 0 0 0 0 0 0 0 0 0 0 0 0 0 0 0 0 0 0 0 0 0 0 0 0 0 0 0 0 0 0 0 0 0 0 0 0 0 0 0 0 0 0 0 0 0 0 0 0 0 0 0 0 0 0 0 0 0 0 0 0 0 0 0 0 0 0 0 0 0 0 0 0 0 0 0 0 0 0 0 0 0 0 0 0 0 0 0 0 0 0 0 0 0 0 0 0 0 0 0 0 0 0 0 0 0 0 0 0 0 0 0 0 0 0 0 0 0 0 0 0 0 0 0 0 0 0 0 0 0 0 0 0 0 0 0 0 0 0 0 0 0 0 0 0 0 0 0 0 0 0 0 0 0 0 0 0 0 0 0 0 0 0 0 0 0 0 0 0 0 0 0 0 0 0 0 0 0 0 0 0 0 0 0 0 0 0 0 0 0 0 0 0 0 0 0 0 0 0 0 0 0 0 0 0 0 0 0 0 0 0 0 0 0 0 0 0 0 0 0 0 0 0 0 0 0 0 0 0 0 0 0 0 0 0 0 0 0 0 0 0 0 0 0 0 0 0 0 0 0 0 0 0 0 0 0 0 0 0 
0 0 0 0 0 0 0 0 0 0 0 0 0 0 0 0 0 0 0 0 0 0 0 0 0 0 0 0 0 0 0 0 0 0 0 0 0 0 0 0 0 0 0 0 0 0 0 0 0 0 0 0 0 0 0 0 0 0 0 0 0 0 0 0 0 0 0 0 0 0 0 0 0 0 0 0 0 0 0 0 0 0 0 0 0 0 0 0 0 0 14 14 14 14 15 15 15 0 15 15 15 15 15 15 15 15 15 15 0 0 0 0 0 0 0 0 0 0 0 0 0 0 0 0 0 0 0 0 0 0 0 0 0 17 17 17 17 17 17 18 18 18 18 18 18 0 0 0 0 0 0 0 0 18 0 0 0 0 0 0 0 0 0 0 0 0 0 0 0 0 0 0 0 0 0 0 0 0 0 0 0 0 0 0 0 0 0 0 0 0 0 0 0 0 0 0 0 0 0 0 0 0 0 0 0 0 0 0 0 0 0 0 0 0 0 0 0 0 0 0 0 0 0 0 0 0 0 0 0 0 0 0 0 0 0 0 0 0 0 0 0 0 0 0 0 0 0 0 0 0 0 0 0 0 0 0 0 0 0 0 0 0 0 0 0 0 0 0 0 0 0 0 0 0 0 0 0 0 0 0 0 0 0 0 0 0 0 0 0 0 0 0 0 0 0 0 0 0 0 0 0 0 0 0 0 0 0 0 0 0 0 0 0 0 0 0 0 0 0 0 0 0 0 0 0 0 0 0 0 0 0 0 0 0 0 0 0 0 0 0 0 0 0 0 0 0 0 0 0 0 0 0 0 0 0 0 0 0 0 0 0 0 0 0 0 0 0 0 0 0 0 0 0 0 0 0 0 0 0 0 0 0 0 0 0 0 0 0 0 0 0 0 0 0 0 0 0 0 0 0 0 0 0 0 0 0 0 0 0 0 0 0 0 0 0 0 0 0 0 0 0 0 0 0 0 0 0 0 0 0 0 0 0 0 0 0 0 0 0 0 0 0 0 0 0 0 0 0 0 0 0 0 0 0 0 0 0 0 0 0 0 0 0 0 0 0 0 0 0 0 0 0 0 0 0 0 0 0 0 0 0 0 0 0 0 0 0 0 0 0 0 0 0 0 0 0 0 0 0 0 0 0 0 
0 0 0 0 0 0 0 0 0 0 0 0 0 0 0 0 0 0 0 0 0 0 0 0 0 0 0 0 0 0 0 0 0 0 0 0 0 0 0 0 0 0 0 0 0 0 0 0 0 0 0 0 0 0 0 0 0 0 0 0 0 0 0 0 0 0 0 0 0 0 0 0 0 0 0 0 0 0 0 0 0 0 0 0 0 0 0 0 14 14 14 14 15 15 15 15 15 15 15 15 15 15 15 15 15 15 15 15 15 16 16 0 0 0 0 0 0 0 0 0 0 0 0 0 0 0 0 0 0 0 0 17 17 17 17 17 17 18 18 18 18 18 18 18 18 0 0 0 0 0 0 0 19 19 19 0 0 0 0 0 0 0 0 0 0 0 0 0 0 0 0 0 0 0 0 0 0 0 0 0 0 0 0 0 0 0 0 0 0 0 0 0 0 0 0 0 0 0 0 0 0 0 0 0 0 0 0 0 0 0 0 0 0 0 0 0 0 0 0 0 0 0 0 0 0 0 0 0 0 0 0 0 0 0 0 0 0 0 0 0 0 0 0 0 0 0 0 0 0 0 0 0 0 0 0 0 0 0 0 0 0 0 0 0 0 0 0 0 0 0 0 0 0 0 0 0 0 0 0 0 0 0 0 0 0 0 0 0 0 0 0 0 0 0 0 0 0 0 0 0 0 0 0 0 0 0 0 0 0 0 0 0 0 0 0 0 0 0 0 0 0 0 0 0 0 0 0 0 0 0 0 0 0 0 0 0 0 0 0 0 0 0 0 0 0 0 0 0 0 0 0 0 0 0 0 0 0 0 0 0 0 0 0 0 0 0 0 0 0 0 0 0 0 0 0 0 0 0 0 0 0 0 0 0 0 0 0 0 0 0 0 0 0 0 0 0 0 0 0 0 0 0 0 0 0 0 0 0 0 0 0 0 0 0 0 0 0 0 0 0 0 0 0 0 0 0 0 0 0 0 0 0 0 0 0 0 0 0 0 0 0 0 0 0 0 0 0 0 0 0 0 0 0 0 0 0 0 0 0 0 0 0 0 0 0 0 0 0 0 0 0 0 0 0 0 0 0 0 0 0 0 0 0 0 0 0 0 0 0 0 0 0 0 0 0 0 0 0 0 0 0 0 0 
0 0 0 0 0 0 0 0 0 0 0 0 0 0 0 0 0 0 0 0 0 0 0 0 0 0 0 0 0 0 0 0 0 0 0 0 0 0 0 0 0 0 0 0 0 0 0 0 0 0 0 0 0 0 0 0 0 0 0 0 0 0 0 0 0 0 0 0 0 0 0 0 0 0 0 0 0 0 0 0 0 0 0 0 0 0 0 14 14 14 14 14 15 15 15 15 15 15 15 15 15 15 15 15 15 15 16 16 16 16 16 16 0 0 0 0 0 0 0 0 0 0 0 0 0 0 0 0 17 17 17 17 17 17 17 18 18 18 18 18 18 18 18 18 18 0 0 0 0 0 0 19 19 19 19 19 19 0 0 0 0 0 0 19 20 0 0 0 0 0 0 0 0 0 0 0 0 0 0 0 0 0 0 0 0 0 0 0 0 0 0 0 0 0 0 0 0 0 0 0 0 0 0 0 0 0 0 0 0 0 0 0 0 0 0 0 0 0 0 0 0 0 0 0 0 0 0 0 0 0 0 0 0 0 0 0 0 0 0 0 0 0 0 0 0 0 0 0 0 0 0 0 0 0 0 0 0 0 0 0 0 0 0 0 0 0 0 0 0 0 0 0 0 0 0 0 0 0 0 0 0 0 0 0 0 0 0 0 0 0 0 0 0 0 0 0 0 0 0 0 0 0 0 0 0 0 0 0 0 0 0 0 0 0 0 0 0 0 0 0 0 0 0 0 0 0 0 0 0 0 0 0 0 0 0 0 0 0 0 0 0 0 0 0 0 0 0 0 0 0 0 0 0 0 0 0 0 0 0 0 0 0 0 0 0 0 0 0 0 0 0 0 0 0 0 0 0 0 0 0 0 0 0 0 0 0 0 0 0 0 0 0 0 0 0 0 0 0 0 0 0 0 0 0 0 0 0 0 0 0 0 0 0 0 0 0 0 0 0 0 0 0 0 0 0 0 0 0 0 0 0 0 0 0 0 0 0 0 0 0 0 0 0 0 0 0 0 0 0 0 0 0 0 0 0 0 0 0 0 0 0 0 0 0 0 0 0 0 0 0 0 0 0 0 0 0 0 0 0 0 0 0 0 0 0 0 0 0 0 0 0 0 0 0 0 0 0 0 0 0 0 0 0 
0 0 0 0 0 0 0 0 0 0 0 0 0 0 0 0 0 0 0 0 0 0 0 0 0 0 0 0 0 0 0 0 0 0 0 0 0 0 0 0 0 0 0 0 0 0 0 0 0 0 0 0 0 0 0 0 0 0 0 0 0 0 0 0 0 0 0 0 0 0 0 0 0 0 0 0 0 0 0 0 0 0 0 14 14 14 14 14 14 14 15 15 15 15 15 15 15 15 15 15 15 15 15 15 16 16 16 16 16 16 16 16 16 16 0 0 0 0 0 0 0 0 0 0 17 17 17 17 17 17 17 17 17 18 18 18 18 18 18 18 18 18 18 18 18 18 0 0 19 19 19 19 19 19 19 19 19 19 0 0 19 19 20 20 20 20 20 0 0 0 0 0 0 0 0 0 0 0 0 0 0 0 0 0 0 0 0 0 0 0 0 0 0 0 0 0 0 0 0 0 0 0 0 0 0 0 0 0 0 0 0 0 0 0 0 0 0 0 0 0 0 0 0 0 0 0 0 0 0 0 0 0 0 0 0 0 0 0 0 0 0 0 0 0 0 0 0 0 0 0 0 0 0 0 0 0 0 0 0 0 0 0 0 0 0 0 0 0 0 0 0 0 0 0 0 0 0 0 0 0 0 0 0 0 0 0 0 0 0 0 0 0 0 0 0 0 0 0 0 0 0 0 0 0 0 0 0 0 0 0 0 0 0 0 0 0 0 0 0 0 0 0 0 0 0 0 0 0 0 0 0 0 0 0 0 0 0 0 0 0 0 0 0 0 0 0 0 0 0 0 0 0 0 0 0 0 0 0 0 0 0 0 0 0 0 0 0 0 0 0 0 0 0 0 0 0 0 0 0 0 0 0 0 0 0 0 0 0 0 0 0 0 0 0 0 0 0 0 0 0 0 0 0 0 0 0 0 0 0 0 0 0 0 0 0 0 0 0 0 0 0 0 0 0 0 0 0 0 0 0 0 0 0 0 0 0 0 0 0 0 0 0 0 0 0 0 0 0 0 0 0 0 0 0 0 0 0 0 0 0 0 0 0 0 0 0 0 0 0 0 0 0 0 0 0 0 0 0 0 0 0 0 0 0 0 0 0 0 0 0 0 0 0 0 0 0 0 0 0 0 0 0 0 
0 0 0 0 0 0 0 0 0 0 0 0 0 0 0 0 0 0 0 0 0 0 0 0 0 0 0 0 0 0 0 0 0 0 0 0 0 0 0 0 0 0 0 0 0 0 0 0 0 0 0 0 0 0 0 0 0 0 0 0 0 0 0 0 0 0 0 0 0 0 0 0 0 0 0 0 0 0 0 0 0 0 0 14 14 14 14 14 15 15 15 15 15 15 15 15 15 15 15 15 15 15 15 16 16 16 16 16 16 16 16 16 16 16 16 16 16 16 0 0 0 0 17 17 17 17 17 17 17 17 17 17 18 18 18 18 18 18 18 18 18 18 18 18 18 18 19 19 19 19 19 19 19 19 19 19 19 19 19 19 20 20 20 20 20 20 20 0 0 0 0 0 0 0 0 0 0 0 0 0 0 0 0 0 0 0 0 0 0 0 0 0 0 0 0 0 0 0 0 0 0 0 0 0 0 0 0 0 0 0 0 0 0 0 0 0 0 0 0 0 0 0 0 0 0 0 0 0 0 0 0 0 0 0 0 0 0 0 0 0 0 0 0 0 0 0 0 0 0 0 0 0 0 0 0 0 0 0 0 0 0 0 0 0 0 0 0 0 0 0 0 0 0 0 0 0 0 0 0 0 0 0 0 0 0 0 0 0 0 0 0 0 0 0 0 0 0 0 0 0 0 0 0 0 0 0 0 0 0 0 0 0 0 0 0 0 0 0 0 0 0 0 0 0 0 0 0 0 0 0 0 0 0 0 0 0 0 0 0 0 0 0 0 0 0 0 0 0 0 0 0 0 0 0 0 0 0 0 0 0 0 0 0 0 0 0 0 0 0 0 0 0 0 0 0 0 0 0 0 0 0 0 0 0 0 0 0 0 0 0 0 0 0 0 0 0 0 0 0 0 0 0 0 0 0 0 0 0 0 0 0 0 0 0 0 0 0 0 0 0 0 0 0 0 0 0 0 0 0 0 0 0 0 0 0 0 0 0 0 0 0 0 0 0 0 0 0 0 0 0 0 0 0 0 0 0 0 0 0 0 0 0 0 0 0 0 0 0 0 0 0 0 0 0 0 0 0 0 0 0 0 0 0 0 0 0 0 0 0 0 0 0 0 0 0 0 0 0 0 0 0 0 0 
0 0 0 0 0 0 0 0 0 0 0 0 0 0 0 0 0 0 0 0 0 0 0 0 0 0 0 0 0 0 0 0 0 0 0 0 0 0 0 0 0 0 0 0 0 0 0 0 0 0 0 0 0 0 0 0 0 0 0 0 0 0 0 0 0 0 0 0 0 0 0 0 0 0 0 0 0 0 0 0 0 0 0 0 14 14 15 15 15 15 15 15 15 15 15 15 15 15 15 15 15 16 16 16 16 16 16 16 16 16 16 16 16 16 16 17 17 17 17 17 17 17 17 17 17 17 17 17 17 17 18 18 18 18 18 18 18 18 18 18 18 18 18 18 18 19 19 19 19 19 19 19 19 19 19 19 19 19 20 20 20 20 20 20 20 20 20 20 20 20 0 0 0 0 0 0 0 0 0 0 0 0 0 0 0 0 0 0 0 0 0 0 0 0 0 0 0 0 0 0 0 0 0 0 0 0 0 0 0 0 0 0 0 0 0 0 0 0 0 0 0 0 0 0 0 0 0 0 0 0 0 0 0 0 0 0 0 0 0 0 0 0 0 0 0 0 0 0 0 0 0 0 0 0 0 0 0 0 0 0 0 0 0 0 0 0 0 0 0 0 0 0 0 0 0 0 0 0 0 0 0 0 0 0 0 0 0 0 0 0 0 0 0 0 0 0 0 0 0 0 0 0 0 0 0 0 0 0 0 0 0 0 0 0 0 0 0 0 0 0 0 0 0 0 0 0 0 0 0 0 0 0 0 0 0 0 0 0 0 0 0 0 0 0 0 0 0 0 0 0 0 0 0 0 0 0 0 0 0 0 0 0 0 0 0 0 0 0 0 0 0 0 0 0 0 0 0 0 0 0 0 0 0 0 0 0 0 0 0 0 0 0 0 0 0 0 0 0 0 0 0 0 0 0 0 0 0 0 0 0 0 0 0 0 0 0 0 0 0 0 0 0 0 0 0 0 0 0 0 0 0 0 0 0 0 0 0 0 0 0 0 0 0 0 0 0 0 0 0 0 0 0 0 0 0 0 0 0 0 0 0 0 0 0 0 0 0 0 0 0 0 0 0 0 0 0 0 0 0 0 0 0 0 0 0 0 0 0 0 0 0 0 0 0 0 0 0 0 0 0 0 0 0 
0 0 0 0 0 0 0 0 0 0 0 0 0 0 0 0 0 0 0 0 0 0 0 0 0 0 0 0 0 0 0 0 0 0 0 0 0 0 0 0 0 0 0 0 0 0 0 0 0 0 0 0 0 0 0 0 0 0 0 0 0 0 0 0 0 0 0 0 0 0 0 0 0 0 0 0 0 0 0 0 0 0 0 0 0 15 15 15 15 15 15 15 15 15 15 15 15 15 15 16 16 16 16 16 16 16 16 16 16 16 16 16 16 16 17 17 17 17 17 17 17 17 17 17 17 17 17 17 18 18 18 18 18 18 18 18 18 18 18 18 18 18 19 19 19 19 19 19 19 19 19 19 19 19 19 19 20 20 20 20 20 20 20 20 20 20 20 20 20 20 20 21 0 0 0 0 0 0 0 0 0 0 0 0 0 0 0 0 0 0 0 0 0 0 0 0 0 0 0 0 0 0 0 0 0 0 0 0 0 0 0 0 0 0 0 0 0 0 0 0 0 0 0 0 0 0 0 0 0 0 0 0 0 0 0 0 0 0 0 0 0 0 0 0 0 0 0 0 0 0 0 0 0 0 0 0 0 0 0 0 0 0 0 0 0 0 0 0 0 0 0 0 0 0 0 0 0 0 0 0 0 0 0 0 0 0 0 0 0 0 0 0 0 0 0 0 0 0 0 0 0 0 0 0 0 0 0 0 0 0 0 0 0 0 0 0 0 0 0 0 0 0 0 0 0 0 0 0 0 0 0 0 0 0 0 0 0 0 0 0 0 0 0 0 0 0 0 0 0 0 0 0 0 0 0 0 0 0 0 0 0 0 0 0 0 0 0 0 0 0 0 0 0 0 0 0 0 0 0 0 0 0 0 0 0 0 0 0 0 0 0 0 0 0 0 0 0 0 0 0 0 0 0 0 0 0 0 0 0 0 0 0 0 0 0 0 0 0 0 0 0 0 0 0 0 0 0 0 0 0 0 0 0 0 0 0 0 0 0 0 0 0 0 0 0 0 0 0 0 0 0 0 0 0 0 0 0 0 0 0 0 0 0 0 0 0 0 0 0 0 0 0 0 0 0 0 0 0 0 0 0 0 0 0 0 0 0 0 0 0 0 0 0 0 0 0 0 0 0 0 0 0 0 
0 0 0 0 0 0 0 0 0 0 0 0 0 0 0 0 0 0 0 0 0 0 0 0 0 0 0 0 0 0 0 0 0 0 0 0 0 0 0 0 0 0 0 0 0 0 0 0 0 0 0 0 0 0 0 0 0 0 0 0 0 0 0 0 0 0 0 0 0 0 0 0 0 0 0 0 0 0 0 0 0 0 0 14 15 15 15 15 15 15 15 15 15 15 15 15 15 16 16 16 16 16 16 16 16 16 16 16 16 16 16 16 17 17 17 17 17 17 17 17 17 17 17 17 17 17 18 18 18 18 18 18 18 18 18 18 18 18 18 18 19 19 19 19 19 19 19 19 19 19 19 19 19 19 20 20 20 20 20 20 20 20 20 20 20 20 20 20 20 21 21 21 21 21 21 0 0 0 0 0 0 0 0 0 0 0 0 0 0 0 0 0 0 0 0 0 0 0 0 0 0 0 0 0 0 0 0 0 0 0 0 0 0 0 0 0 0 0 0 0 0 0 0 0 0 0 0 0 0 0 0 0 0 0 0 0 0 0 0 0 0 0 0 0 0 0 0 0 0 0 0 0 0 0 0 0 0 0 0 0 0 0 0 0 0 0 0 0 0 0 0 0 0 0 0 0 0 0 0 0 0 0 0 0 0 0 0 0 0 0 0 0 0 0 0 0 0 0 0 0 0 0 0 0 0 0 0 0 0 0 0 0 0 0 0 0 0 0 0 0 0 0 0 0 0 0 0 0 0 0 0 0 0 0 0 0 0 0 0 0 0 0 0 0 0 0 0 0 0 0 0 0 0 0 0 0 0 0 0 0 0 0 0 0 0 0 0 0 0 0 0 0 0 0 0 0 0 0 0 0 0 0 0 0 0 0 0 0 0 0 0 0 0 0 0 0 0 0 0 0 0 0 0 0 0 0 0 0 0 0 0 0 0 0 0 0 0 0 0 0 0 0 0 0 0 0 0 0 0 0 0 0 0 0 0 0 0 0 0 0 0 0 0 0 0 0 0 0 0 0 0 0 0 0 0 0 0 0 0 0 0 0 0 0 0 0 0 0 0 0 0 0 0 0 0 0 0 0 0 0 0 0 0 0 0 0 0 0 0 0 0 0 0 0 0 0 0 0 0 0 0 0 0 
0 0 0 0 0 0 0 0 0 0 0 0 0 0 0 0 0 0 0 0 0 0 0 0 0 0 0 0 0 0 0 0 0 0 0 0 0 0 0 0 0 0 0 0 0 0 0 0 0 0 0 0 0 0 0 0 0 0 0 0 0 0 0 0 0 0 0 0 0 0 0 0 0 0 0 0 0 0 0 0 0 14 15 15 15 15 15 15 15 15 15 15 15 15 15 15 16 16 16 16 16 16 16 16 16 16 16 16 16 16 17 17 17 17 17 17 17 17 17 17 17 17 17 17 18 18 18 18 18 18 18 18 18 18 18 18 18 18 19 19 19 19 19 19 19 19 19 19 19 19 19 19 20 20 20 20 20 20 20 20 20 20 20 20 20 20 20 21 21 21 21 21 21 21 0 0 0 0 0 0 0 0 0 0 0 0 0 0 0 0 0 0 0 0 0 0 0 0 0 0 0 0 0 0 0 0 0 0 0 0 0 0 0 0 0 0 0 0 0 0 0 0 0 0 0 0 0 0 0 0 0 0 0 0 0 0 0 0 0 0 0 0 0 0 0 0 0 0 0 0 0 0 0 0 0 0 0 0 0 0 0 0 0 0 0 0 0 0 0 0 0 0 0 0 0 0 0 0 0 0 0 0 0 0 0 0 0 0 0 0 0 0 0 0 0 0 0 0 0 0 0 0 0 0 0 0 0 0 0 0 0 0 0 0 0 0 0 0 0 0 0 0 0 0 0 0 0 0 0 0 0 0 0 0 0 0 0 0 0 0 0 0 0 0 0 0 0 0 0 0 0 0 0 0 0 0 0 0 0 0 0 0 0 0 0 0 0 0 0 0 0 0 0 0 0 0 0 0 0 0 0 0 0 0 0 0 0 0 0 0 0 0 0 0 0 0 0 0 0 0 0 0 0 0 0 0 0 0 0 0 0 0 0 0 0 0 0 0 0 0 0 0 0 0 0 0 0 0 0 0 0 0 0 0 0 0 0 0 0 0 0 0 0 0 0 0 0 0 0 0 0 0 0 0 0 0 0 0 0 0 0 0 0 0 0 0 0 0 0 0 0 0 0 0 0 0 0 0 0 0 0 0 0 0 0 0 0 0 0 0 0 0 0 0 0 0 0 0 0 0 0 0 0 
0 0 0 0 0 0 0 0 0 0 0 0 0 0 0 0 0 0 0 0 0 0 0 0 0 0 0 0 0 0 0 0 0 0 0 0 0 0 0 0 0 0 0 0 0 0 0 0 0 0 0 0 0 0 0 0 0 0 0 0 0 0 0 0 0 0 0 0 0 0 0 0 0 0 0 0 0 0 14 14 14 15 15 15 15 15 15 15 15 15 15 15 15 15 16 16 16 16 16 16 16 16 16 16 16 16 16 16 17 17 17 17 17 17 17 17 17 17 17 17 17 17 18 18 18 18 18 18 18 18 18 18 18 18 18 18 18 19 19 19 19 19 19 19 19 19 19 19 19 19 20 20 20 20 20 20 20 20 20 20 20 20 20 20 21 21 21 21 21 21 21 21 21 21 21 21 0 0 0 0 0 0 0 0 0 0 0 0 0 0 0 0 0 0 0 0 0 0 0 0 0 0 0 0 0 0 0 0 0 0 0 0 0 0 0 0 0 0 0 0 0 0 0 0 0 0 0 0 0 0 0 0 0 0 0 0 0 0 0 0 0 0 0 0 0 0 0 0 0 0 0 0 0 0 0 0 0 0 0 0 0 0 0 0 0 0 0 0 0 0 0 0 0 0 0 0 0 0 0 0 0 0 0 0 0 0 0 0 0 0 0 0 0 0 0 0 0 0 0 0 0 0 0 0 0 0 0 0 0 0 0 0 0 0 0 0 0 0 0 0 0 0 0 0 0 0 0 0 0 0 0 0 0 0 0 0 0 0 0 0 0 0 0 0 0 0 0 0 0 0 0 0 0 0 0 0 0 0 0 0 0 0 0 0 0 0 0 0 0 0 0 0 0 0 0 0 0 0 0 0 0 0 0 0 0 0 0 0 0 0 0 0 0 0 0 0 0 0 0 0 0 0 0 0 0 0 0 0 0 0 0 0 0 0 0 0 0 0 0 0 0 0 0 0 0 0 0 0 0 0 0 0 0 0 0 0 0 0 0 0 0 0 0 0 0 0 0 0 0 0 0 0 0 0 0 0 0 0 0 0 0 0 0 0 0 0 0 0 0 0 0 0 0 0 0 0 0 0 0 0 0 0 0 0 0 0 0 0 0 0 0 0 0 0 0 0 0 0 0 0 0 0 0 
0 0 0 0 0 0 0 0 0 0 0 0 0 0 0 0 0 0 0 0 0 0 0 0 0 0 0 0 0 0 0 0 0 0 0 0 0 0 0 0 0 0 0 0 0 0 0 0 0 0 0 0 0 0 0 0 0 0 0 0 0 0 0 0 0 0 0 0 0 0 0 0 0 0 0 0 0 0 14 15 15 15 15 15 15 15 15 15 15 15 15 15 16 16 16 16 16 16 16 16 16 16 16 16 16 16 16 17 17 17 17 17 17 17 17 17 17 17 17 17 17 18 18 18 18 18 18 18 18 18 18 18 18 18 18 19 19 19 19 19 19 19 19 19 19 19 19 19 19 20 20 20 20 20 20 20 20 20 20 20 20 20 21 21 21 21 21 21 21 21 21 21 21 21 21 21 21 22 0 0 0 0 0 0 0 0 0 0 0 0 0 0 0 0 0 0 0 0 0 0 0 0 0 0 0 0 0 0 0 0 0 0 0 0 0 0 0 0 0 0 0 0 0 0 0 0 0 0 0 0 0 0 0 0 0 0 0 0 0 0 0 0 0 0 0 0 0 0 0 0 0 0 0 0 0 0 0 0 0 0 0 0 0 0 0 0 0 0 0 0 0 0 0 0 0 0 0 0 0 0 0 0 0 0 0 0 0 0 0 0 0 0 0 0 0 0 0 0 0 0 0 0 0 0 0 0 0 0 0 0 0 0 0 0 0 0 0 0 0 0 0 0 0 0 0 0 0 0 0 0 0 0 0 0 0 0 0 0 0 0 0 0 0 0 0 0 0 0 0 0 0 0 0 0 0 0 0 0 0 0 0 0 0 0 0 0 0 0 0 0 0 0 0 0 0 0 0 0 0 0 0 0 0 0 0 0 0 0 0 0 0 0 0 0 0 0 0 0 0 0 0 0 0 0 0 0 0 0 0 0 0 0 0 0 0 0 0 0 0 0 0 0 0 0 0 0 0 0 0 0 0 0 0 0 0 0 0 0 0 0 0 0 0 0 0 0 0 0 0 0 0 0 0 0 0 0 0 0 0 0 0 0 0 0 0 0 0 0 0 0 0 0 0 0 0 0 0 0 0 0 0 0 0 0 0 0 0 0 0 0 0 0 0 0 0 0 0 0 0 0 0 0 0 
0 0 0 0 0 0 0 0 0 0 0 0 0 0 0 0 0 0 0 0 0 0 0 0 0 0 0 0 0 0 0 0 0 0 0 0 0 0 0 0 0 0 0 0 0 0 0 0 0 0 0 0 0 0 0 0 0 0 0 0 0 0 0 0 0 0 0 0 0 0 0 0 0 0 0 0 0 15 15 15 15 15 15 15 15 15 15 15 15 15 15 16 16 16 16 16 16 16 16 16 16 16 16 16 16 17 17 17 17 17 17 17 17 17 17 17 17 17 17 18 18 18 18 18 18 18 18 18 18 18 18 18 18 19 19 19 19 19 19 19 19 19 19 19 19 19 20 20 20 20 20 20 20 20 20 20 20 20 20 20 21 21 21 21 21 21 21 21 21 21 21 21 21 21 21 22 22 22 22 0 0 0 0 0 0 0 0 0 0 0 0 0 0 0 0 0 0 0 0 0 0 0 0 0 0 0 0 0 0 0 0 0 0 0 0 0 0 0 0 0 0 0 0 0 0 0 0 0 0 0 0 0 0 0 0 0 0 0 0 0 0 0 0 0 0 0 0 0 0 0 0 0 0 0 0 0 0 0 0 0 0 0 0 0 0 0 0 0 0 0 0 0 0 0 0 0 0 0 0 0 0 0 0 0 0 0 0 0 0 0 0 0 0 0 0 0 0 0 0 0 0 0 0 0 0 0 0 0 0 0 0 0 0 0 0 0 0 0 0 0 0 0 0 0 0 0 0 0 0 0 0 0 0 0 0 0 0 0 0 0 0 0 0 0 0 0 0 0 0 0 0 0 0 0 0 0 0 0 0 0 0 0 0 0 0 0 0 0 0 0 0 0 0 0 0 0 0 0 0 0 0 0 0 0 0 0 0 0 0 0 0 0 0 0 0 0 0 0 0 0 0 0 0 0 0 0 0 0 0 0 0 0 0 0 0 0 0 0 0 0 0 0 0 0 0 0 0 0 0 0 0 0 0 0 0 0 0 0 0 0 0 0 0 0 0 0 0 0 0 0 0 0 0 0 0 0 0 0 0 0 0 0 0 0 0 0 0 0 0 0 0 0 0 0 0 0 0 0 0 0 0 0 0 0 0 0 0 0 0 0 0 0 0 0 0 0 0 0 0 0 0 0 0 
0 0 0 0 0 0 0 0 0 0 0 0 0 0 0 0 0 0 0 0 0 0 0 0 0 0 0 0 0 0 0 0 0 0 0 0 0 0 0 0 0 0 0 0 0 0 0 0 0 0 0 0 0 0 0 0 0 0 0 0 0 0 0 0 0 0 0 0 0 0 0 0 0 0 0 0 15 15 15 15 15 15 15 15 15 15 15 15 15 16 16 16 16 16 16 16 16 16 16 16 16 16 16 17 17 17 17 17 17 17 17 17 17 17 17 17 17 18 18 18 18 18 18 18 18 18 18 18 18 18 18 18 19 19 19 19 19 19 19 19 19 19 19 19 20 20 20 20 20 20 20 20 20 20 20 20 20 20 21 21 21 21 21 21 21 21 21 21 21 21 21 21 22 22 22 22 22 22 22 0 0 0 0 0 0 0 0 0 0 0 0 0 0 0 0 0 0 0 0 0 0 0 0 0 0 0 0 0 0 0 0 0 0 0 0 0 0 0 0 0 0 0 0 0 0 0 0 0 0 0 0 0 0 0 0 0 0 0 0 0 0 0 0 0 0 0 0 0 0 0 0 0 0 0 0 0 0 0 0 0 0 0 0 0 0 0 0 0 0 0 0 0 0 0 0 0 0 0 0 0 0 0 0 0 0 0 0 0 0 0 0 0 0 0 0 0 0 0 0 0 0 0 0 0 0 0 0 0 0 0 0 0 0 0 0 0 0 0 0 0 0 0 0 0 0 0 0 0 0 0 0 0 0 0 0 0 0 0 0 0 0 0 0 0 0 0 0 0 0 0 0 0 0 0 0 0 0 0 0 0 0 0 0 0 0 0 0 0 0 0 0 0 0 0 0 0 0 0 0 0 0 0 0 0 0 0 0 0 0 0 0 0 0 0 0 0 0 0 0 0 0 0 0 0 0 0 0 0 0 0 0 0 0 0 0 0 0 0 0 0 0 0 0 0 0 0 0 0 0 0 0 0 0 0 0 0 0 0 0 0 0 0 0 0 0 0 0 0 0 0 0 0 0 0 0 0 0 0 0 0 0 0 0 0 0 0 0 0 0 0 0 0 0 0 0 0 0 0 0 0 0 0 0 0 0 0 0 0 0 0 0 0 0 0 0 0 0 0 0 0 0 0 0 
0 0 0 0 0 0 0 0 0 0 0 0 0 0 0 0 0 0 0 0 0 0 0 0 0 0 0 0 0 0 0 0 0 0 0 0 0 0 0 0 0 0 0 0 0 0 0 0 0 0 0 0 0 0 0 0 0 0 0 0 0 0 0 0 0 0 0 0 0 0 0 0 0 0 15 15 15 15 15 15 15 15 15 15 15 15 15 15 16 16 16 16 16 16 16 16 16 16 16 16 16 17 17 17 17 17 17 17 17 17 17 17 17 17 17 18 18 18 18 18 18 18 18 18 18 18 18 18 18 19 19 19 19 19 19 19 19 19 19 19 19 19 20 20 20 20 20 20 20 20 20 20 20 20 20 20 21 21 21 21 21 21 21 21 21 21 21 21 21 21 22 22 22 22 22 22 22 22 22 22 22 0 0 0 0 0 0 0 0 0 0 0 0 0 0 0 0 0 0 0 0 0 0 0 0 0 0 0 0 0 0 0 0 0 0 0 0 0 0 0 0 0 0 0 0 0 0 0 0 0 0 0 0 0 0 0 0 0 0 0 0 0 0 0 0 0 0 0 0 0 0 0 0 0 0 0 0 0 0 0 0 0 0 0 0 0 0 0 0 0 0 0 0 0 0 0 0 0 0 0 0 0 0 0 0 0 0 0 0 0 0 0 0 0 0 0 0 0 0 0 0 0 0 0 0 0 0 0 0 0 0 0 0 0 0 0 0 0 0 0 0 0 0 0 0 0 0 0 0 0 0 0 0 0 0 0 0 0 0 0 0 0 0 0 0 0 0 0 0 0 0 0 0 0 0 0 0 0 0 0 0 0 0 0 0 0 0 0 0 0 0 0 0 0 0 0 0 0 0 0 0 0 0 0 0 0 0 0 0 0 0 0 0 0 0 0 0 0 0 0 0 0 0 0 0 0 0 0 0 0 0 0 0 0 0 0 0 0 0 0 0 0 0 0 0 0 0 0 0 0 0 0 0 0 0 0 0 0 0 0 0 0 0 0 0 0 0 0 0 0 0 0 0 0 0 0 0 0 0 0 0 0 0 0 0 0 0 0 0 0 0 0 0 0 0 0 0 0 0 0 0 0 0 0 0 0 0 0 0 0 0 0 0 0 0 0 0 0 0 0 0 0 0 
0 0 0 0 0 0 0 0 0 0 0 0 0 0 0 0 0 0 0 0 0 0 0 0 0 0 0 0 0 0 0 0 0 0 0 0 0 0 0 0 0 0 0 0 0 0 0 0 0 0 0 0 0 0 0 0 0 0 0 0 0 0 0 0 0 0 0 0 0 0 0 0 0 15 15 15 15 15 15 15 15 15 15 15 15 15 16 16 16 16 16 16 16 16 16 16 16 16 16 16 17 17 17 17 17 17 17 17 17 17 17 17 17 18 18 18 18 18 18 18 18 18 18 18 18 18 18 19 19 19 19 19 19 19 19 19 19 19 19 19 19 20 20 20 20 20 20 20 20 20 20 20 20 20 20 21 21 21 21 21 21 21 21 21 21 21 21 21 22 22 22 22 22 22 22 22 22 22 22 22 22 22 0 0 0 0 0 0 0 0 0 0 0 0 0 0 0 0 0 0 0 0 0 0 0 0 0 0 0 0 0 0 0 0 0 0 0 0 0 0 0 0 0 0 0 0 0 0 0 0 0 0 0 0 0 0 0 0 0 0 0 0 0 0 0 0 0 0 0 0 0 0 0 0 0 0 0 0 0 0 0 0 0 0 0 0 0 0 0 0 0 0 0 0 0 0 0 0 0 0 0 0 0 0 0 0 0 0 0 0 0 0 0 0 0 0 0 0 0 0 0 0 0 0 0 0 0 0 0 0 0 0 0 0 0 0 0 0 0 0 0 0 0 0 0 0 0 0 0 0 0 0 0 0 0 0 0 0 0 0 0 0 0 0 0 0 0 0 0 0 0 0 0 0 0 0 0 0 0 0 0 0 0 0 0 0 0 0 0 0 0 0 0 0 0 0 0 0 0 0 0 0 0 0 0 0 0 0 0 0 0 0 0 0 0 0 0 0 0 0 0 0 0 0 0 0 0 0 0 0 0 0 0 0 0 0 0 0 0 0 0 0 0 0 0 0 0 0 0 0 0 0 0 0 0 0 0 0 0 0 0 0 0 0 0 0 0 0 0 0 0 0 0 0 0 0 0 0 0 0 0 0 0 0 0 0 0 0 0 0 0 0 0 0 0 0 0 0 0 0 0 0 0 0 0 0 0 0 0 0 0 0 0 0 0 0 0 0 0 0 0 0 0 
0 0 0 0 0 0 0 0 0 0 0 0 0 0 0 0 0 0 0 0 0 0 0 0 0 0 0 0 0 0 0 0 0 0 0 0 0 0 0 0 0 0 0 0 0 0 0 0 0 0 0 0 0 0 0 0 0 0 0 0 0 0 0 0 14 14 14 0 0 0 0 0 15 15 15 15 15 15 15 15 15 15 15 15 15 16 16 16 16 16 16 16 16 16 16 16 16 16 16 17 17 17 17 17 17 17 17 17 17 17 17 17 18 18 18 18 18 18 18 18 18 18 18 18 18 19 19 19 19 19 19 19 19 19 19 19 19 19 19 20 20 20 20 20 20 20 20 20 20 20 20 20 20 21 21 21 21 21 21 21 21 21 21 21 21 21 22 22 22 22 22 22 22 22 22 22 22 22 22 23 23 23 23 0 0 0 0 0 0 0 0 0 0 0 0 0 0 0 0 0 0 0 0 0 0 0 0 0 0 0 0 0 0 0 0 0 0 0 0 0 0 0 0 0 0 0 0 0 0 0 0 0 0 0 0 0 0 0 0 0 0 0 0 0 0 0 0 0 0 0 0 0 0 0 0 0 0 0 0 0 0 0 0 0 0 0 0 0 0 0 0 0 0 0 0 0 0 0 0 0 0 0 0 0 0 0 0 0 0 0 0 0 0 0 0 0 0 0 0 0 0 0 0 0 0 0 0 0 0 0 0 0 0 0 0 0 0 0 0 0 0 0 0 0 0 0 0 0 0 0 0 0 0 0 0 0 0 0 0 0 0 0 0 0 0 0 0 0 0 0 0 0 0 0 0 0 0 0 0 0 0 0 0 0 0 0 0 0 0 0 0 0 0 0 0 0 0 0 0 0 0 0 0 0 0 0 0 0 0 0 0 0 0 0 0 0 0 0 0 0 0 0 0 0 0 0 0 0 0 0 0 0 0 0 0 0 0 0 0 0 0 0 0 0 0 0 0 0 0 0 0 0 0 0 0 0 0 0 0 0 0 0 0 0 0 0 0 0 0 0 0 0 0 0 0 0 0 0 0 0 0 0 0 0 0 0 0 0 0 0 0 0 0 0 0 0 0 0 0 0 0 0 0 0 0 0 0 0 0 0 0 0 0 0 0 0 0 0 0 0 0 0 0 
0 0 0 0 0 0 0 0 0 0 0 0 0 0 0 0 0 0 0 0 0 0 0 0 0 0 0 0 0 0 0 0 0 0 12 12 12 0 0 0 0 0 0 0 0 0 0 0 0 0 0 0 0 0 0 0 0 0 0 0 0 0 14 14 14 14 14 0 14 14 15 15 15 15 15 15 15 15 15 15 15 15 15 16 16 16 16 16 16 16 16 16 16 16 16 16 16 17 17 17 17 17 17 17 17 17 17 17 17 17 18 18 18 18 18 18 18 18 18 18 18 18 18 19 19 19 19 19 19 19 19 19 19 19 19 19 19 20 20 20 20 20 20 20 20 20 20 20 20 20 20 21 21 21 21 21 21 21 21 21 21 21 21 21 22 22 22 22 22 22 22 22 22 22 22 22 22 23 23 23 23 23 23 0 0 0 0 0 0 0 0 0 0 0 0 0 0 0 0 0 0 0 0 0 0 0 0 0 0 0 0 0 0 0 0 0 0 0 0 0 0 0 0 0 0 0 0 0 0 0 0 0 0 0 0 0 0 0 0 0 0 0 0 0 0 0 0 0 0 0 0 0 0 0 0 0 0 0 0 0 0 0 0 0 0 0 0 0 0 0 0 0 0 0 0 0 0 0 0 0 0 0 0 0 0 0 0 0 0 0 0 0 0 0 0 0 0 0 0 0 0 0 0 0 0 0 0 0 0 0 0 0 0 0 0 0 0 0 0 0 0 0 0 0 0 0 0 0 0 0 0 0 0 0 0 0 0 0 0 0 0 0 0 0 0 0 0 0 0 0 0 0 0 0 0 0 0 0 0 0 0 0 0 0 0 0 0 0 0 0 0 0 0 0 0 0 0 0 0 0 0 0 0 0 0 0 0 0 0 0 0 0 0 0 0 0 0 0 0 0 0 0 0 0 0 0 0 0 0 0 0 0 0 0 0 0 0 0 0 0 0 0 0 0 0 0 0 0 0 0 0 0 0 0 0 0 0 0 0 0 0 0 0 0 0 0 0 0 0 0 0 0 0 0 0 0 0 0 0 0 0 0 0 0 0 0 0 0 0 0 0 0 0 0 0 0 0 0 0 0 0 0 0 0 0 0 0 0 0 0 0 0 0 0 0 0 0 0 0 0 0 0 0 
0 0 0 0 0 0 0 0 0 0 0 0 0 0 0 0 0 0 0 0 0 0 0 0 0 0 0 0 0 0 0 0 0 12 12 12 12 12 12 0 0 0 0 0 0 0 0 0 0 0 0 0 0 0 0 0 0 0 0 0 14 14 14 14 14 14 14 14 14 15 15 15 15 15 15 15 15 15 15 15 15 15 16 16 16 16 16 16 16 16 16 16 16 16 16 16 17 17 17 17 17 17 17 17 17 17 17 17 18 18 18 18 18 18 18 18 18 18 18 18 18 19 19 19 19 19 19 19 19 19 19 19 19 19 19 19 20 20 20 20 20 20 20 20 20 20 20 20 20 21 21 21 21 21 21 21 21 21 21 21 21 21 22 22 22 22 22 22 22 22 22 22 22 22 22 22 23 23 23 23 23 23 23 0 0 0 0 0 0 0 0 0 0 0 0 0 0 0 0 0 0 0 0 0 0 0 0 0 0 0 0 0 0 0 0 0 0 0 0 0 0 0 0 0 0 0 0 0 0 0 0 0 0 0 0 0 0 0 0 0 0 0 0 0 0 0 0 0 0 0 0 0 0 0 0 0 0 0 0 0 0 0 0 0 0 0 0 0 0 0 0 0 0 0 0 0 0 0 0 0 0 0 0 0 0 0 0 0 0 0 0 0 0 0 0 0 0 0 0 0 0 0 0 0 0 0 0 0 0 0 0 0 0 0 0 0 0 0 0 0 0 0 0 0 0 0 0 0 0 0 0 0 0 0 0 0 0 0 0 0 0 0 0 0 0 0 0 0 0 0 0 0 0 0 0 0 0 0 0 0 0 0 0 0 0 0 0 0 0 0 0 0 0 0 0 0 0 0 0 0 0 0 0 0 0 0 0 0 0 0 0 0 0 0 0 0 0 0 0 0 0 0 0 0 0 0 0 0 0 0 0 0 0 0 0 0 0 0 0 0 0 0 0 0 0 0 0 0 0 0 0 0 0 0 0 0 0 0 0 0 0 0 0 0 0 0 0 0 0 0 0 0 0 0 0 0 0 0 0 0 0 0 0 0 0 0 0 0 0 0 0 0 0 0 0 0 0 0 0 0 0 0 0 0 0 0 0 0 0 0 0 0 0 0 0 0 0 0 0 0 0 0 0 
0 0 0 0 0 0 0 0 0 0 0 0 0 0 0 0 0 0 0 0 0 0 0 0 0 0 0 0 0 0 0 0 12 12 12 12 12 12 12 0 0 0 0 0 0 0 0 0 0 0 0 0 0 0 0 0 0 14 14 14 14 14 14 14 14 14 14 15 15 15 15 15 15 15 15 15 15 15 15 15 15 16 16 16 16 16 16 16 16 16 16 16 16 16 17 17 17 17 17 17 17 17 17 17 17 17 17 18 18 18 18 18 18 18 18 18 18 18 18 18 19 19 19 19 19 19 19 19 19 19 19 19 19 19 19 20 20 20 20 20 20 20 20 20 20 20 20 21 21 21 21 21 21 21 21 21 21 21 21 21 22 22 22 22 22 22 22 22 22 22 22 22 22 22 23 23 23 23 23 23 23 23 23 23 0 0 0 0 0 0 0 0 0 0 0 0 0 0 0 0 0 0 0 0 0 0 0 0 0 0 0 0 0 0 0 0 0 0 0 0 0 0 0 0 0 0 0 0 0 0 0 0 0 0 0 0 0 0 0 0 0 0 0 0 0 0 0 0 0 0 0 0 0 0 0 0 0 0 0 0 0 0 0 0 0 0 0 0 0 0 0 0 0 0 0 0 0 0 0 0 0 0 0 0 0 0 0 0 0 0 0 0 0 0 0 0 0 0 0 0 0 0 0 0 0 0 0 0 0 0 0 0 0 0 0 0 0 0 0 0 0 0 0 0 0 0 0 0 0 0 0 0 0 0 0 0 0 0 0 0 0 0 0 0 0 0 0 0 0 0 0 0 0 0 0 0 0 0 0 0 0 0 0 0 0 0 0 0 0 0 0 0 0 0 0 0 0 0 0 0 0 0 0 0 0 0 0 0 0 0 0 0 0 0 0 0 0 0 0 0 0 0 0 0 0 0 0 0 0 0 0 0 0 0 0 0 0 0 0 0 0 0 0 0 0 0 0 0 0 0 0 0 0 0 0 0 0 0 0 0 0 0 0 0 0 0 0 0 0 0 0 0 0 0 0 0 0 0 0 0 0 0 0 0 0 0 0 0 0 0 0 0 0 0 0 0 0 0 0 0 0 0 0 0 0 0 0 0 0 0 0 0 0 0 0 0 0 0 0 0 0 0 0 
0 0 0 0 0 0 0 0 0 0 0 0 0 0 0 0 0 0 0 0 0 0 0 0 0 0 0 0 0 0 0 12 12 12 12 12 12 12 12 0 0 0 0 0 0 0 0 0 0 0 0 0 0 0 0 0 14 14 14 14 14 14 14 14 14 14 15 15 15 15 15 15 15 15 15 15 15 15 15 16 16 16 16 16 16 16 16 16 16 16 16 16 16 17 17 17 17 17 17 17 17 17 17 17 17 18 18 18 18 18 18 18 18 18 18 18 18 18 19 19 19 19 19 19 19 19 19 19 19 19 19 19 20 20 20 20 20 20 20 20 20 20 20 20 20 21 21 21 21 21 21 21 21 21 21 21 21 21 22 22 22 22 22 22 22 22 22 22 22 22 22 23 23 23 23 23 23 23 23 23 23 23 23 23 23 0 0 0 0 0 0 0 0 0 0 0 0 0 0 0 0 0 0 0 0 0 0 0 0 0 0 0 0 0 0 0 0 0 0 0 0 0 0 0 0 0 0 0 0 0 0 0 0 0 0 0 0 0 0 0 0 0 0 0 0 0 0 0 0 0 0 0 0 0 0 0 0 0 0 0 0 0 0 0 0 0 0 0 0 0 0 0 0 0 0 0 0 0 0 0 0 0 0 0 0 0 0 0 0 0 0 0 0 0 0 0 0 0 0 0 0 0 0 0 0 0 0 0 0 0 0 0 0 0 0 0 0 0 0 0 0 0 0 0 0 0 0 0 0 0 0 0 0 0 0 0 0 0 0 0 0 0 0 0 0 0 0 0 0 0 0 0 0 0 0 0 0 0 0 0 0 0 0 0 0 0 0 0 0 0 0 0 0 0 0 0 0 0 0 0 0 0 0 0 0 0 0 0 0 0 0 0 0 0 0 0 0 0 0 0 0 0 0 0 0 0 0 0 0 0 0 0 0 0 0 0 0 0 0 0 0 0 0 0 0 0 0 0 0 0 0 0 0 0 0 0 0 0 0 0 0 0 0 0 0 0 0 0 0 0 0 0 0 0 0 0 0 0 0 0 0 0 0 0 0 0 0 0 0 0 0 0 0 0 0 0 0 0 0 0 0 0 0 0 0 0 0 0 0 0 0 0 0 0 0 0 0 0 0 0 0 0 0 
0 0 0 0 0 0 0 0 0 0 0 0 0 0 0 0 0 0 0 0 0 0 0 0 0 0 0 0 0 0 12 12 12 12 12 12 12 12 12 13 0 0 0 0 0 0 0 0 0 0 0 0 0 0 0 0 0 14 14 14 14 14 14 14 15 15 15 15 15 15 15 15 15 15 15 15 15 15 16 16 16 16 16 16 16 16 16 16 16 16 17 17 17 17 17 17 17 17 17 17 17 17 17 17 18 18 18 18 18 18 18 18 18 18 18 18 19 19 19 19 19 19 19 19 19 19 19 19 19 19 20 20 20 20 20 20 20 20 20 20 20 20 20 21 21 21 21 21 21 21 21 21 21 21 21 21 22 22 22 22 22 22 22 22 22 22 22 22 22 23 23 23 23 23 23 23 23 23 23 23 23 23 24 24 0 0 0 0 0 0 0 0 0 0 0 0 0 0 0 0 0 0 0 0 0 0 0 0 0 0 0 0 0 0 0 0 0 0 0 0 0 0 0 0 0 0 0 0 0 0 0 0 0 0 0 0 0 0 0 0 0 0 0 0 0 0 0 0 0 0 0 0 0 0 0 0 0 0 0 0 0 0 0 0 0 0 0 0 0 0 0 0 0 0 0 0 0 0 0 0 0 0 0 0 0 0 0 0 0 0 0 0 0 0 0 0 0 0 0 0 0 0 0 0 0 0 0 0 0 0 0 0 0 0 0 0 0 0 0 0 0 0 0 0 0 0 0 0 0 0 0 0 0 0 0 0 0 0 0 0 0 0 0 0 0 0 0 0 0 0 0 0 0 0 0 0 0 0 0 0 0 0 0 0 0 0 0 0 0 0 0 0 0 0 0 0 0 0 0 0 0 0 0 0 0 0 0 0 0 0 0 0 0 0 0 0 0 0 0 0 0 0 0 0 0 0 0 0 0 0 0 0 0 0 0 0 0 0 0 0 0 0 0 0 0 0 0 0 0 0 0 0 0 0 0 0 0 0 0 0 0 0 0 0 0 0 0 0 0 0 0 0 0 0 0 0 0 0 0 0 0 0 0 0 0 0 0 0 0 0 0 0 0 0 0 0 0 0 0 0 0 0 0 0 0 0 0 0 0 0 0 0 0 0 0 0 0 0 0 0 0 0 0 
0 0 0 0 0 0 0 0 0 0 0 0 0 0 0 0 0 0 0 0 0 0 0 0 0 0 0 0 0 0 12 12 12 12 12 12 12 12 13 13 13 13 0 0 0 0 13 13 13 13 0 0 14 14 14 14 0 0 14 14 14 14 14 15 15 15 15 15 15 15 15 15 15 15 15 15 16 16 16 16 16 16 16 16 16 16 16 16 16 17 17 17 17 17 17 17 17 17 17 17 17 17 18 18 18 18 18 18 18 18 18 18 18 18 18 19 19 19 19 19 19 19 19 19 19 19 19 19 20 20 20 20 20 20 20 20 20 20 20 20 20 20 21 21 21 21 21 21 21 21 21 21 21 21 22 22 22 22 22 22 22 22 22 22 22 22 22 23 23 23 23 23 23 23 23 23 23 23 23 23 24 24 24 24 24 0 0 0 0 0 0 0 0 0 0 0 0 0 0 0 0 0 0 0 0 0 0 0 0 0 0 0 0 0 0 0 0 0 0 0 0 0 0 0 0 0 0 0 0 0 0 0 0 0 0 0 0 0 0 0 0 0 0 0 0 0 0 0 0 0 0 0 0 0 0 0 0 0 0 0 0 0 0 0 0 0 0 0 0 0 0 0 0 0 0 0 0 0 0 0 0 0 0 0 0 0 0 0 0 0 0 0 0 0 0 0 0 0 0 0 0 0 0 0 0 0 0 0 0 0 0 0 0 0 0 0 0 0 0 0 0 0 0 0 0 0 0 0 0 0 0 0 0 0 0 0 0 0 0 0 0 0 0 0 0 0 0 0 0 0 0 0 0 0 0 0 0 0 0 0 0 0 0 0 0 0 0 0 0 0 0 0 0 0 0 0 0 0 0 0 0 0 0 0 0 0 0 0 0 0 0 0 0 0 0 0 0 0 0 0 0 0 0 0 0 0 0 0 0 0 0 0 0 0 0 0 0 0 0 0 0 0 0 0 0 0 0 0 0 0 0 0 0 0 0 0 0 0 0 0 0 0 0 0 0 0 0 0 0 0 0 0 0 0 0 0 0 0 0 0 0 0 0 0 0 0 0 0 0 0 0 0 0 0 0 0 0 0 0 0 0 0 0 0 0 0 0 0 0 0 0 0 0 0 0 0 0 0 0 0 0 0 0 
0 0 0 0 0 0 0 0 0 0 0 0 0 0 0 0 0 0 0 0 0 0 0 0 0 0 0 0 0 0 0 12 12 12 12 12 12 13 13 13 13 13 13 13 13 13 13 13 13 14 14 14 14 14 14 14 14 14 14 14 14 15 15 15 15 15 15 15 15 15 15 15 15 15 15 16 16 16 16 16 16 16 16 16 16 16 16 17 17 17 17 17 17 17 17 17 17 17 17 17 17 18 18 18 18 18 18 18 18 18 18 18 18 19 19 19 19 19 19 19 19 19 19 19 19 19 20 20 20 20 20 20 20 20 20 20 20 20 20 20 20 21 21 21 21 21 21 21 21 21 21 21 22 22 22 22 22 22 22 22 22 22 22 22 23 23 23 23 23 23 23 23 23 23 23 23 23 23 24 24 24 24 24 24 24 24 0 0 0 0 0 0 0 0 0 0 0 0 0 0 0 0 0 0 0 0 0 0 0 0 0 0 0 0 0 0 0 0 0 0 0 0 0 0 0 0 0 0 0 0 0 0 0 0 0 0 0 0 0 0 0 0 0 0 0 0 0 0 0 0 0 0 0 0 0 0 0 0 0 0 0 0 0 0 0 0 0 0 0 0 0 0 0 0 0 0 0 0 0 0 0 0 0 0 0 0 0 0 0 0 0 0 0 0 0 0 0 0 0 0 0 0 0 0 0 0 0 0 0 0 0 0 0 0 0 0 0 0 0 0 0 0 0 0 0 0 0 0 0 0 0 0 0 0 0 0 0 0 0 0 0 0 0 0 0 0 0 0 0 0 0 0 0 0 0 0 0 0 0 0 0 0 0 0 0 0 0 0 0 0 0 0 0 0 0 0 0 0 0 0 0 0 0 0 0 0 0 0 0 0 0 0 0 0 0 0 0 0 0 0 0 0 0 0 0 0 0 0 0 0 0 0 0 0 0 0 0 0 0 0 0 0 0 0 0 0 0 0 0 0 0 0 0 0 0 0 0 0 0 0 0 0 0 0 0 0 0 0 0 0 0 0 0 0 0 0 0 0 0 0 0 0 0 0 0 0 0 0 0 0 0 0 0 0 0 0 0 0 0 0 0 0 0 0 0 0 0 0 0 0 0 0 0 0 0 0 0 0 0 0 0 0 0 
0 0 0 0 0 0 0 0 0 0 0 0 0 0 0 0 0 0 0 0 0 0 0 0 0 0 0 0 0 0 0 12 12 12 12 12 13 13 13 13 13 13 13 13 13 13 13 14 14 14 14 14 14 14 14 14 14 14 14 15 15 15 15 15 15 15 15 15 15 15 15 15 15 16 16 16 16 16 16 16 16 16 16 16 16 17 17 17 17 17 17 17 17 17 17 17 17 17 17 18 18 18 18 18 18 18 18 18 18 18 18 18 19 19 19 19 19 19 19 19 19 19 19 19 20 20 20 20 20 20 20 20 20 20 20 20 20 20 21 21 21 21 21 21 21 21 21 21 21 21 21 22 22 22 22 22 22 22 22 22 22 22 22 23 23 23 23 23 23 23 23 23 23 23 23 23 23 24 24 24 24 24 24 24 24 24 24 24 0 0 0 0 0 0 0 0 0 0 0 0 0 0 0 0 0 0 0 0 0 0 0 0 0 0 0 0 0 0 0 0 0 0 0 0 0 0 0 0 0 0 0 0 0 0 0 0 0 0 0 0 0 0 0 0 0 0 0 0 0 0 0 0 0 0 0 0 0 0 0 0 0 0 0 0 0 0 0 0 0 0 0 0 0 0 0 0 0 0 0 0 0 0 0 0 0 0 0 0 0 0 0 0 0 0 0 0 0 0 0 0 0 0 0 0 0 0 0 0 0 0 0 0 0 0 0 0 0 0 0 0 0 0 0 0 0 0 0 0 0 0 0 0 0 0 0 0 0 0 0 0 0 0 0 0 0 0 0 0 0 0 0 0 0 0 0 0 0 0 0 0 0 0 0 0 0 0 0 0 0 0 0 0 0 0 0 0 0 0 0 0 0 0 0 0 0 0 0 0 0 0 0 0 0 0 0 0 0 0 0 0 0 0 0 0 0 0 0 0 0 0 0 0 0 0 0 0 0 0 0 0 0 0 0 0 0 0 0 0 0 0 0 0 0 0 0 0 0 0 0 0 0 0 0 0 0 0 0 0 0 0 0 0 0 0 0 0 0 0 0 0 0 0 0 0 0 0 0 0 0 0 0 0 0 0 0 0 0 0 0 0 0 0 0 0 0 0 0 0 0 0 0 0 0 0 0 0 0 0 0 0 0 0 0 
0 0 0 0 0 0 0 0 0 0 0 0 0 0 0 0 0 0 0 0 0 0 0 0 0 0 0 0 0 0 0 12 12 12 13 13 13 13 13 13 13 13 13 13 13 13 14 14 14 14 14 14 14 14 14 14 14 14 14 15 15 15 15 15 15 15 15 15 15 15 15 16 16 16 16 16 16 16 16 16 16 16 16 16 17 17 17 17 17 17 17 17 17 17 17 17 17 17 18 18 18 18 18 18 18 18 18 18 18 18 19 19 19 19 19 19 19 19 19 19 19 19 20 20 20 20 20 20 20 20 20 20 20 20 20 21 21 21 21 21 21 21 21 21 21 21 21 21 21 22 22 22 22 22 22 22 22 22 22 22 22 23 23 23 23 23 23 23 23 23 23 23 23 23 24 24 24 24 24 24 24 24 24 24 24 24 24 24 25 25 0 0 0 0 0 0 0 0 0 0 0 0 0 0 0 0 0 0 0 0 0 0 0 0 0 0 0 0 0 0 0 0 0 0 0 0 0 0 0 0 0 0 0 0 0 0 0 0 0 0 0 0 0 0 0 0 0 0 0 0 0 0 0 0 0 0 0 0 0 0 0 0 0 0 0 0 0 0 0 0 0 0 0 0 0 0 0 0 0 0 0 0 0 0 0 0 0 0 0 0 0 0 0 0 0 0 0 0 0 0 0 0 0 0 0 0 0 0 0 0 0 0 0 0 0 0 0 0 0 0 0 0 0 0 0 0 0 0 0 0 0 0 0 0 0 0 0 0 0 0 0 0 0 0 0 0 0 0 0 0 0 0 0 0 0 0 0 0 0 0 0 0 0 0 0 0 0 0 0 0 0 0 0 0 0 0 0 0 0 0 0 0 0 0 0 0 0 0 0 0 0 0 0 0 0 0 0 0 0 0 0 0 0 0 0 0 0 0 0 0 0 0 0 0 0 0 0 0 0 0 0 0 0 0 0 0 0 0 0 0 0 0 0 0 0 0 0 0 0 0 0 0 0 0 0 0 0 0 0 0 0 0 0 0 0 0 0 0 0 0 0 0 0 0 0 0 0 0 0 0 0 0 0 0 0 0 0 0 0 0 0 0 0 0 0 0 0 0 0 0 0 0 0 0 0 0 0 0 0 0 0 0 0 
0 0 0 0 0 0 0 0 0 0 0 0 0 0 0 0 0 0 0 0 0 0 0 0 12 12 12 12 12 12 12 12 12 13 13 13 13 13 13 13 13 13 13 13 13 14 14 14 14 14 14 14 14 14 14 14 14 15 15 15 15 15 15 15 15 15 15 15 15 16 16 16 16 16 16 16 16 16 16 16 16 16 16 17 17 17 17 17 17 17 17 17 17 17 17 17 18 18 18 18 18 18 18 18 18 18 18 18 18 19 19 19 19 19 19 19 19 19 19 19 19 20 20 20 20 20 20 20 20 20 20 20 20 20 21 21 21 21 21 21 21 21 21 21 21 21 21 22 22 22 22 22 22 22 22 22 22 22 22 23 23 23 23 23 23 23 23 23 23 23 23 23 24 24 24 24 24 24 24 24 24 24 24 24 24 25 25 25 25 25 25 25 27 27 27 27 27 27 0 0 0 0 0 0 0 0 0 0 0 0 0 0 0 0 0 0 0 0 0 0 0 0 0 0 0 0 0 0 0 0 0 0 0 0 0 0 0 0 0 0 0 0 0 0 0 0 0 0 0 0 0 0 0 0 0 0 0 0 0 0 0 0 0 0 0 0 0 0 0 0 0 0 0 0 0 0 0 0 0 0 0 0 0 0 0 0 0 0 0 0 0 0 0 0 0 0 0 0 0 0 0 0 0 0 0 0 0 0 0 0 0 0 0 0 0 0 0 0 0 0 0 0 0 0 0 0 0 0 0 0 0 0 0 0 0 0 0 0 0 0 0 0 0 0 0 0 0 0 0 0 0 0 0 0 0 0 0 0 0 0 0 0 0 0 0 0 0 0 0 0 0 0 0 0 0 0 0 0 0 0 0 0 0 0 0 0 0 0 0 0 0 0 0 0 0 0 0 0 0 0 0 0 0 0 0 0 0 0 0 0 0 0 0 0 0 0 0 0 0 0 0 0 0 0 0 0 0 0 0 0 0 0 0 0 0 0 0 0 0 0 0 0 0 0 0 0 0 0 0 0 0 0 0 0 0 0 0 0 0 0 0 0 0 0 0 0 0 0 0 0 0 0 0 0 0 0 0 0 0 0 0 0 0 0 0 0 0 0 0 0 0 0 0 0 0 0 0 0 0 0 0 0 0 
0 0 0 0 0 0 0 0 0 0 0 0 0 0 0 0 0 0 0 0 0 0 12 12 12 12 12 12 12 12 12 13 13 13 13 13 13 13 13 13 13 13 13 14 14 14 14 14 14 14 14 14 14 14 14 14 15 15 15 15 15 15 15 15 15 15 15 15 16 16 16 16 16 16 16 16 16 16 16 16 16 17 17 17 17 17 17 17 17 17 17 17 17 17 17 18 18 18 18 18 18 18 18 18 18 18 18 19 19 19 19 19 19 19 19 19 19 19 19 20 20 20 20 20 20 20 20 20 20 20 20 20 21 21 21 21 21 21 21 21 21 21 21 21 21 21 22 22 22 22 22 22 22 22 22 22 22 22 23 23 23 23 23 23 23 23 23 23 23 23 24 24 24 24 24 24 24 24 24 24 24 24 24 25 25 25 25 25 25 25 25 25 27 27 27 27 27 27 27 27 0 0 0 0 0 0 0 0 0 0 0 0 0 0 0 0 0 0 0 0 0 0 0 0 0 0 0 0 0 0 0 0 0 0 0 0 0 0 0 0 0 0 0 0 0 0 0 0 0 0 0 0 0 0 0 0 0 0 0 0 0 0 0 0 0 0 0 0 0 0 0 0 0 0 0 0 0 0 0 0 0 0 0 0 0 0 0 0 0 0 0 0 0 0 0 0 0 0 0 0 0 0 0 0 0 0 0 0 0 0 0 0 0 0 0 0 0 0 0 0 0 0 0 0 0 0 0 0 0 0 0 0 0 0 0 0 0 0 0 0 0 0 0 0 0 0 0 0 0 0 0 0 0 0 0 0 0 0 0 0 0 0 0 0 0 0 0 0 0 0 0 0 0 0 0 0 0 0 0 0 0 0 0 0 0 0 0 0 0 0 0 0 0 0 0 0 0 0 0 0 0 0 0 0 0 0 0 0 0 0 0 0 0 0 0 0 0 0 0 0 0 0 0 0 0 0 0 0 0 0 0 0 0 0 0 0 0 0 0 0 0 0 0 0 0 0 0 0 0 0 0 0 0 0 0 0 0 0 0 0 0 0 0 0 0 0 0 0 0 0 0 0 0 0 0 0 0 0 0 0 0 0 0 0 0 0 0 0 0 0 0 0 0 0 0 0 0 0 0 0 0 0 0 
0 0 0 0 0 0 0 0 0 0 0 0 0 0 0 0 0 0 0 0 0 0 12 12 12 12 12 12 12 12 13 13 13 13 13 13 13 13 13 13 13 13 14 14 14 14 14 14 14 14 14 14 14 14 15 15 15 15 15 15 15 15 15 15 15 15 16 16 16 16 16 16 16 16 16 16 16 16 16 17 17 17 17 17 17 17 17 17 17 17 17 17 17 17 18 18 18 18 18 18 18 18 18 18 18 19 19 19 19 19 19 19 19 19 19 19 19 19 20 20 20 20 20 20 20 20 20 20 20 20 21 21 21 21 21 21 21 21 21 21 21 21 21 21 21 22 22 22 22 22 22 22 22 22 22 22 23 23 23 23 23 23 23 23 23 23 23 23 24 24 24 24 24 24 24 24 24 24 24 24 24 25 25 25 25 25 25 25 25 25 25 25 27 27 27 27 27 27 27 27 0 0 0 0 0 0 0 0 0 0 0 0 0 0 0 0 0 0 0 0 0 0 0 0 0 0 0 0 0 0 0 0 0 0 0 0 0 0 0 0 0 0 0 0 0 0 0 0 0 0 0 0 0 0 0 0 0 0 0 0 0 0 0 0 0 0 0 0 0 0 0 0 0 0 0 0 0 0 0 0 0 0 0 0 0 0 0 0 0 0 0 0 0 0 0 0 0 0 0 0 0 0 0 0 0 0 0 0 0 0 0 0 0 0 0 0 0 0 0 0 0 0 0 0 0 0 0 0 0 0 0 0 0 0 0 0 0 0 0 0 0 0 0 0 0 0 0 0 0 0 0 0 0 0 0 0 0 0 0 0 0 0 0 0 0 0 0 0 0 0 0 0 0 0 0 0 0 0 0 0 0 0 0 0 0 0 0 0 0 0 0 0 0 0 0 0 0 0 0 0 0 0 0 0 0 0 0 0 0 0 0 0 0 0 0 0 0 0 0 0 0 0 0 0 0 0 0 0 0 0 0 0 0 0 0 0 0 0 0 0 0 0 0 0 0 0 0 0 0 0 0 0 0 0 0 0 0 0 0 0 0 0 0 0 0 0 0 0 0 0 0 0 0 0 0 0 0 0 0 0 0 0 0 0 0 0 0 0 0 0 0 0 0 0 0 0 0 0 0 0 0 0 0 
0 0 0 0 0 0 0 0 0 0 0 0 0 0 0 0 0 0 0 0 0 0 12 12 12 12 12 12 13 13 13 13 13 13 13 13 13 13 13 13 13 13 14 14 14 14 14 14 14 14 14 14 14 15 15 15 15 15 15 15 15 15 15 15 15 16 16 16 16 16 16 16 16 16 16 16 16 17 17 17 17 17 17 17 17 17 17 17 17 17 18 18 18 18 18 18 18 18 18 18 18 18 18 18 19 19 19 19 19 19 19 19 19 19 19 19 20 20 20 20 20 20 20 20 20 20 20 20 21 21 21 21 21 21 21 21 21 21 21 21 21 22 22 22 22 22 22 22 22 22 22 22 22 22 22 23 23 23 23 23 23 23 23 23 23 23 24 24 24 24 24 24 24 24 24 24 24 24 24 25 25 25 25 25 25 25 25 25 25 25 25 25 27 27 27 27 27 27 28 28 28 0 0 0 0 0 0 0 0 0 0 0 0 0 0 0 0 0 0 0 0 0 0 0 0 0 0 0 0 0 0 0 0 0 0 0 0 0 0 0 0 0 0 0 0 0 0 0 0 0 0 0 0 0 0 0 0 0 0 0 0 0 0 0 0 0 0 0 0 0 0 0 0 0 0 0 0 0 0 0 0 0 0 0 0 0 0 0 0 0 0 0 0 0 0 0 0 0 0 0 0 0 0 0 0 0 0 0 0 0 0 0 0 0 0 0 0 0 0 0 0 0 0 0 0 0 0 0 0 0 0 0 0 0 0 0 0 0 0 0 0 0 0 0 0 0 0 0 0 0 0 0 0 0 0 0 0 0 0 0 0 0 0 0 0 0 0 0 0 0 0 0 0 0 0 0 0 0 0 0 0 0 0 0 0 0 0 0 0 0 0 0 0 0 0 0 0 0 0 0 0 0 0 0 0 0 0 0 0 0 0 0 0 0 0 0 0 0 0 0 0 0 0 0 0 0 0 0 0 0 0 0 0 0 0 0 0 0 0 0 0 0 0 0 0 0 0 0 0 0 0 0 0 0 0 0 0 0 0 0 0 0 0 0 0 0 0 0 0 0 0 0 0 0 0 0 0 0 0 0 0 0 0 0 0 0 0 0 0 0 0 0 0 0 0 0 0 0 0 0 0 0 0 
0 0 0 0 0 0 0 0 0 0 11 11 11 11 12 0 0 0 0 12 12 0 0 12 12 12 12 13 13 13 13 13 13 13 13 13 13 13 13 13 13 13 14 14 14 14 14 14 14 14 14 15 15 15 15 15 15 15 15 15 15 15 15 16 16 16 16 16 16 16 16 16 16 16 16 16 17 17 17 17 17 17 17 17 17 17 17 17 17 18 18 18 18 18 18 18 18 18 18 18 18 18 19 19 19 19 19 19 19 19 19 19 19 19 19 20 20 20 20 20 20 20 20 20 20 20 20 21 21 21 21 21 21 21 21 21 21 21 21 22 22 22 22 22 22 22 22 22 22 22 22 22 23 23 23 23 23 23 23 23 23 23 23 23 23 24 24 24 24 24 24 24 24 24 24 24 24 25 25 25 25 25 25 25 25 25 25 25 25 25 26 26 27 27 27 27 28 28 28 28 28 0 0 0 0 0 0 0 0 0 0 0 0 0 0 0 0 0 0 0 0 0 0 0 0 0 0 0 0 0 0 0 0 0 0 0 0 0 0 0 0 0 0 0 0 0 0 0 0 0 0 0 0 0 0 0 0 0 0 0 0 0 0 0 0 0 0 0 0 0 0 0 0 0 0 0 0 0 0 0 0 0 0 0 0 0 0 0 0 0 0 0 0 0 0 0 0 0 0 0 0 0 0 0 0 0 0 0 0 0 0 0 0 0 0 0 0 0 0 0 0 0 0 0 0 0 0 0 0 0 0 0 0 0 0 0 0 0 0 0 0 0 0 0 0 0 0 0 0 0 0 0 0 0 0 0 0 0 0 0 0 0 0 0 0 0 0 0 0 0 0 0 0 0 0 0 0 0 0 0 0 0 0 0 0 0 0 0 0 0 0 0 0 0 0 0 0 0 0 0 0 0 0 0 0 0 0 0 0 0 0 0 0 0 0 0 0 0 0 0 0 0 0 0 0 0 0 0 0 0 0 0 0 0 0 0 0 0 0 0 0 0 0 0 0 0 0 0 0 0 0 0 0 0 0 0 0 0 0 0 0 0 0 0 0 0 0 0 0 0 0 0 0 0 0 0 0 0 0 0 0 0 0 0 0 0 0 0 0 0 0 0 0 0 0 0 0 0 0 0 0 0 0 
0 0 0 0 0 0 0 0 11 11 11 11 12 12 12 12 12 12 12 12 12 12 12 12 12 13 13 13 13 13 13 13 13 13 13 13 13 13 13 14 14 14 14 14 14 14 14 14 14 14 15 15 15 15 15 15 15 15 15 15 15 15 16 16 16 16 16 16 16 16 16 16 16 16 17 17 17 17 17 17 17 17 17 17 17 17 17 18 18 18 18 18 18 18 18 18 18 18 18 18 18 19 19 19 19 19 19 19 19 19 19 19 19 20 20 20 20 20 20 20 20 20 20 20 20 21 21 21 21 21 21 21 21 21 21 21 21 21 22 22 22 22 22 22 22 22 22 22 22 22 23 23 23 23 23 23 23 23 23 23 23 23 23 24 24 24 24 24 24 24 24 24 24 24 24 25 25 25 25 25 25 25 25 25 25 25 25 25 26 26 26 26 27 27 28 28 28 28 28 28 28 28 0 0 0 0 0 0 0 0 0 0 0 0 0 0 0 0 0 0 0 0 0 0 0 0 0 0 0 0 0 0 0 0 0 0 0 0 0 0 0 0 0 0 0 0 0 0 0 0 0 0 0 0 0 0 0 0 0 0 0 0 0 0 0 0 0 0 0 0 0 0 0 0 0 0 0 0 0 0 0 0 0 0 0 0 0 0 0 0 0 0 0 0 0 0 0 0 0 0 0 0 0 0 0 0 0 0 0 0 0 0 0 0 0 0 0 0 0 0 0 0 0 0 0 0 0 0 0 0 0 0 0 0 0 0 0 0 0 0 0 0 0 0 0 0 0 0 0 0 0 0 0 0 0 0 0 0 0 0 0 0 0 0 0 0 0 0 0 0 0 0 0 0 0 0 0 0 0 0 0 0 0 0 0 0 0 0 0 0 0 0 0 0 0 0 0 0 0 0 0 0 0 0 0 0 0 0 0 0 0 0 0 0 0 0 0 0 0 0 0 0 0 0 0 0 0 0 0 0 0 0 0 0 0 0 0 0 0 0 0 0 0 0 0 0 0 0 0 0 0 0 0 0 0 0 0 0 0 0 0 0 0 0 0 0 0 0 0 0 0 0 0 0 0 0 0 0 0 0 0 0 0 0 0 0 0 0 0 0 0 0 0 0 0 0 0 0 0 0 0 0 0 
11 0 0 0 0 0 11 11 11 11 11 11 12 12 12 12 12 12 12 12 12 12 12 13 13 13 13 13 13 13 13 13 13 13 13 13 13 13 14 14 14 14 14 14 14 14 14 14 14 15 15 15 15 15 15 15 15 15 15 15 16 16 16 16 16 16 16 16 16 16 16 16 16 17 17 17 17 17 17 17 17 17 17 17 17 18 18 18 18 18 18 18 18 18 18 18 18 18 18 19 19 19 19 19 19 19 19 19 19 19 19 19 20 20 20 20 20 20 20 20 20 20 20 20 21 21 21 21 21 21 21 21 21 21 21 21 22 22 22 22 22 22 22 22 22 22 22 22 23 23 23 23 23 23 23 23 23 23 23 23 23 24 24 24 24 24 24 24 24 24 24 24 24 25 25 25 25 25 25 25 25 25 25 25 25 25 26 26 26 26 26 26 28 28 28 28 28 28 28 28 28 28 0 0 0 0 0 0 0 0 0 0 0 0 0 0 0 0 0 0 0 0 0 0 0 0 0 0 0 0 0 0 0 0 0 0 0 0 0 0 0 0 0 0 0 0 0 0 0 0 0 0 0 0 0 0 0 0 0 0 0 0 0 0 0 0 0 0 0 0 0 0 0 0 0 0 0 0 0 0 0 0 0 0 0 0 0 0 0 0 0 0 0 0 0 0 0 0 0 0 0 0 0 0 0 0 0 0 0 0 0 0 0 0 0 0 0 0 0 0 0 0 0 0 0 0 0 0 0 0 0 0 0 0 0 0 0 0 0 0 0 0 0 0 0 0 0 0 0 0 0 0 0 0 0 0 0 0 0 0 0 0 0 0 0 0 0 0 0 0 0 0 0 0 0 0 0 0 0 0 0 0 0 0 0 0 0 0 0 0 0 0 0 0 0 0 0 0 0 0 0 0 0 0 0 0 0 0 0 0 0 0 0 0 0 0 0 0 0 0 0 0 0 0 0 0 0 0 0 0 0 0 0 0 0 0 0 0 0 0 0 0 0 0 0 0 0 0 0 0 0 0 0 0 0 0 0 0 0 0 0 0 0 0 0 0 0 0 0 0 0 0 0 0 0 0 0 0 0 0 0 0 0 0 0 0 0 0 0 0 0 0 0 0 0 0 0 0 0 0 0 0 0 
0 11 11 11 11 11 11 11 11 11 12 12 12 12 12 12 12 12 12 12 12 12 13 13 13 13 13 13 13 13 13 13 13 13 13 14 14 14 14 14 14 14 14 14 14 14 14 15 15 15 15 15 15 15 15 15 15 15 15 16 16 16 16 16 16 16 16 16 16 16 16 17 17 17 17 17 17 17 17 17 17 17 17 17 18 18 18 18 18 18 18 18 18 18 18 18 18 18 19 19 19 19 19 19 19 19 19 19 19 19 20 20 20 20 20 20 20 20 20 20 20 20 21 21 21 21 21 21 21 21 21 21 21 21 22 22 22 22 22 22 22 22 22 22 22 22 22 23 23 23 23 23 23 23 23 23 23 23 23 24 24 24 24 24 24 24 24 24 24 24 24 25 25 25 25 25 25 25 25 25 25 25 25 25 26 26 26 26 26 26 26 26 28 28 28 28 28 28 28 28 28 28 28 0 0 0 0 0 29 29 29 0 0 0 0 0 0 0 0 0 0 0 0 0 0 0 0 0 0 0 0 0 0 0 0 0 0 0 0 0 0 0 0 0 0 0 0 0 0 0 0 0 0 0 0 0 0 0 0 0 0 0 0 0 0 0 0 0 0 0 0 0 0 0 0 0 0 0 0 0 0 0 0 0 0 0 0 0 0 0 0 0 0 0 0 0 0 0 0 0 0 0 0 0 0 0 0 0 0 0 0 0 0 0 0 0 0 0 0 0 0 0 0 0 0 0 0 0 0 0 0 0 0 0 0 0 0 0 0 0 0 0 0 0 0 0 0 0 0 0 0 0 0 0 0 0 0 0 0 0 0 0 0 0 0 0 0 0 0 0 0 0 0 0 0 0 0 0 0 0 0 0 0 0 0 0 0 0 0 0 0 0 0 0 0 0 0 0 0 0 0 0 0 0 0 0 0 0 0 0 0 0 0 0 0 0 0 0 0 0 0 0 0 0 0 0 0 0 0 0 0 0 0 0 0 0 0 0 0 0 0 0 0 0 0 0 0 0 0 0 0 0 0 0 0 0 0 0 0 0 0 0 0 0 0 0 0 0 0 0 0 0 0 0 0 0 0 0 0 0 0 0 0 0 0 0 0 0 0 0 0 0 0 0 0 0 0 0 0 0 0 0 0 
0 11 11 11 11 11 11 11 12 12 12 12 12 12 12 12 12 12 12 12 12 13 13 13 13 13 13 13 13 13 13 13 13 13 14 14 14 14 14 14 14 14 14 14 14 14 15 15 15 15 15 15 15 15 15 15 15 16 16 16 16 16 16 16 16 16 16 16 16 16 17 17 17 17 17 17 17 17 17 17 17 17 18 18 18 18 18 18 18 18 18 18 18 18 18 18 18 19 19 19 19 19 19 19 19 19 19 19 20 20 20 20 20 20 20 20 20 20 20 20 21 21 21 21 21 21 21 21 21 21 21 21 22 22 22 22 22 22 22 22 22 22 22 22 22 23 23 23 23 23 23 23 23 23 23 23 23 24 24 24 24 24 24 24 24 24 24 24 24 25 25 25 25 25 25 25 25 25 25 25 25 26 26 26 26 26 26 26 26 26 26 26 28 28 28 28 28 28 28 28 28 29 29 29 0 0 29 29 29 29 29 0 0 0 0 0 0 0 0 0 0 0 0 0 0 0 0 0 0 0 0 0 0 0 0 0 0 0 0 0 0 0 0 0 0 0 0 0 0 0 0 0 0 0 0 0 0 0 0 0 0 0 0 0 0 0 0 0 0 0 0 0 0 0 0 0 0 0 0 0 0 0 0 0 0 0 0 0 0 0 0 0 0 0 0 0 0 0 0 0 0 0 0 0 0 0 0 0 0 0 0 0 0 0 0 0 0 0 0 0 0 0 0 0 0 0 0 0 0 0 0 0 0 0 0 0 0 0 0 0 0 0 0 0 0 0 0 0 0 0 0 0 0 0 0 0 0 0 0 0 0 0 0 0 0 0 0 0 0 0 0 0 0 0 0 0 0 0 0 0 0 0 0 0 0 0 0 0 0 0 0 0 0 0 0 0 0 0 0 0 0 0 0 0 0 0 0 0 0 0 0 0 0 0 0 0 0 0 0 0 0 0 0 0 0 0 0 0 0 0 0 0 0 0 0 0 0 0 0 0 0 0 0 0 0 0 0 0 0 0 0 0 0 0 0 0 0 0 0 0 0 0 0 0 0 0 0 0 0 0 0 0 0 0 0 0 0 0 0 0 0 0 0 0 0 0 0 0 0 0 0 0 0 0 0 0 0 0 0 0 0 0 0 
0 11 11 11 11 11 12 12 12 12 12 12 12 12 12 12 12 12 12 13 13 13 13 13 13 13 13 13 13 13 13 13 14 14 14 14 14 14 14 14 14 14 14 14 14 15 15 15 15 15 15 15 15 15 15 15 16 16 16 16 16 16 16 16 16 16 16 16 17 17 17 17 17 17 17 17 17 17 17 17 17 18 18 18 18 18 18 18 18 18 18 18 18 18 18 18 19 19 19 19 19 19 19 19 19 19 19 20 20 20 20 20 20 20 20 20 20 20 20 21 21 21 21 21 21 21 21 21 21 21 21 22 22 22 22 22 22 22 22 22 22 22 22 22 23 23 23 23 23 23 23 23 23 23 23 24 24 24 24 24 24 24 24 24 24 24 24 24 25 25 25 25 25 25 25 25 25 25 25 26 26 26 26 26 26 26 26 26 26 26 26 26 28 28 28 28 28 28 29 29 29 29 29 29 29 29 29 29 29 29 29 0 0 0 0 0 0 0 0 0 0 0 0 0 0 0 0 0 0 0 0 0 0 0 0 0 0 0 0 0 0 0 0 0 0 0 0 0 0 0 0 0 0 0 0 0 0 0 0 0 0 0 0 0 0 0 0 0 0 0 0 0 0 0 0 0 0 0 0 0 0 0 0 0 0 0 0 0 0 0 0 0 0 0 0 0 0 0 0 0 0 0 0 0 0 0 0 0 0 0 0 0 0 0 0 0 0 0 0 0 0 0 0 0 0 0 0 0 0 0 0 0 0 0 0 0 0 0 0 0 0 0 0 0 0 0 0 0 0 0 0 0 0 0 0 0 0 0 0 0 0 0 0 0 0 0 0 0 0 0 0 0 0 0 0 0 0 0 0 0 0 0 0 0 0 0 0 0 0 0 0 0 0 0 0 0 0 0 0 0 0 0 0 0 0 0 0 0 0 0 0 0 0 0 0 0 0 0 0 0 0 0 0 0 0 0 0 0 0 0 0 0 0 0 0 0 0 0 0 0 0 0 0 0 0 0 0 0 0 0 0 0 0 0 0 0 0 0 0 0 0 0 0 0 0 0 0 0 0 0 0 0 0 0 0 0 0 0 0 0 0 0 0 0 0 0 0 0 0 0 0 0 0 0 0 0 0 0 0 0 0 0 0 
0 0 11 11 11 12 12 12 12 12 12 12 12 12 12 12 12 12 13 13 13 13 13 13 13 13 13 13 13 13 13 14 14 14 14 14 14 14 14 14 14 14 14 14 15 15 15 15 15 15 15 15 15 15 15 16 16 16 16 16 16 16 16 16 16 16 16 17 17 17 17 17 17 17 17 17 17 17 17 17 18 18 18 18 18 18 18 18 18 18 18 19 18 18 19 19 19 19 19 19 19 19 19 19 19 20 20 20 20 20 20 20 20 20 20 20 20 20 21 21 21 21 21 21 21 21 21 21 21 22 22 22 22 22 22 22 22 22 22 22 22 22 23 23 23 23 23 23 23 23 23 23 23 24 24 24 24 24 24 24 24 24 24 24 24 25 25 25 25 25 25 25 25 25 25 25 25 26 26 26 26 26 26 26 26 26 26 26 26 26 27 27 28 28 28 28 29 29 29 29 29 29 29 29 29 29 29 29 29 30 30 0 0 0 0 0 0 0 0 0 0 0 0 0 0 0 0 0 0 0 0 0 0 0 0 0 0 0 0 0 0 0 0 0 0 0 0 0 0 0 0 0 0 0 0 0 0 0 0 0 0 0 0 0 0 0 0 0 0 0 0 0 0 0 0 0 0 0 0 0 0 0 0 0 0 0 0 0 0 0 0 0 0 0 0 0 0 0 0 0 0 0 0 0 0 0 0 0 0 0 0 0 0 0 0 0 0 0 0 0 0 0 0 0 0 0 0 0 0 0 0 0 0 0 0 0 0 0 0 0 0 0 0 0 0 0 0 0 0 0 0 0 0 0 0 0 0 0 0 0 0 0 0 0 0 0 0 0 0 0 0 0 0 0 0 0 0 0 0 0 0 0 0 0 0 0 0 0 0 0 0 0 0 0 0 0 0 0 0 0 0 0 0 0 0 0 0 0 0 0 0 0 0 0 0 0 0 0 0 0 0 0 0 0 0 0 0 0 0 0 0 0 0 0 0 0 0 0 0 0 0 0 0 0 0 0 0 0 0 0 0 0 0 0 0 0 0 0 0 0 0 0 0 0 0 0 0 0 0 0 0 0 0 0 0 0 0 0 0 0 0 0 0 0 0 0 0 0 0 0 0 0 0 0 0 0 0 0 0 0 0 0 0 
0 0 11 12 12 12 12 12 12 12 12 12 12 12 12 12 13 13 13 13 13 13 13 13 13 13 13 13 13 14 14 14 14 14 14 14 14 14 14 14 14 14 15 15 15 15 15 15 15 15 15 15 15 16 16 16 16 16 16 16 16 16 16 16 16 17 17 17 17 17 17 17 17 17 17 17 17 17 18 18 18 18 18 18 18 18 18 18 18 18 19 19 19 19 19 19 19 19 19 19 19 19 19 19 20 20 20 20 20 20 20 20 20 20 20 21 21 21 21 21 21 21 21 21 21 21 21 22 22 22 22 22 22 22 22 22 22 22 22 23 23 23 23 23 23 23 23 23 23 23 23 24 24 24 24 24 24 24 24 24 24 24 24 24 25 25 25 25 25 25 25 25 25 25 25 26 26 26 26 26 26 26 26 26 26 26 26 26 27 27 27 27 28 28 29 29 29 29 29 29 29 29 29 29 29 29 29 30 30 30 30 30 0 0 0 0 0 0 0 0 0 0 0 0 0 0 0 0 0 0 0 0 0 0 0 0 0 0 0 0 0 0 0 0 0 0 0 0 0 0 0 0 0 0 0 0 0 0 0 0 0 0 0 0 0 0 0 0 0 0 0 0 0 0 0 0 0 0 0 0 0 0 0 0 0 0 0 0 0 0 0 0 0 0 0 0 0 0 0 0 0 0 0 0 0 0 0 0 0 0 0 0 0 0 0 0 0 0 0 0 0 0 0 0 0 0 0 0 0 0 0 0 0 0 0 0 0 0 0 0 0 0 0 0 0 0 0 0 0 0 0 0 0 0 0 0 0 0 0 0 0 0 0 0 0 0 0 0 0 0 0 0 0 0 0 0 0 0 0 0 0 0 0 0 0 0 0 0 0 0 0 0 0 0 0 0 0 0 0 0 0 0 0 0 0 0 0 0 0 0 0 0 0 0 0 0 0 0 0 0 0 0 0 0 0 0 0 0 0 0 0 0 0 0 0 0 0 0 0 0 0 0 0 0 0 0 0 0 0 0 0 0 0 0 0 0 0 0 0 0 0 0 0 0 0 0 0 0 0 0 0 0 0 0 0 0 0 0 0 0 0 0 0 0 0 0 0 0 0 0 0 0 0 0 0 0 0 0 0 0 0 0 0 
0 0 0 0 12 12 12 12 12 12 12 12 12 12 12 13 13 13 13 13 13 13 13 13 13 13 13 13 14 14 14 14 14 14 14 14 14 14 14 14 14 14 15 15 15 15 15 15 15 15 15 15 16 16 16 16 16 16 16 16 16 16 16 16 17 17 17 17 17 17 17 17 17 17 17 17 18 18 18 18 18 18 18 18 18 18 18 18 19 19 19 19 19 19 19 19 19 19 19 19 19 19 20 20 20 20 20 20 20 20 20 20 20 20 21 21 21 21 21 21 21 21 21 21 21 21 22 22 22 22 22 22 22 22 22 22 22 22 23 23 23 23 23 23 23 23 23 23 23 24 24 24 24 24 24 24 24 24 24 24 24 24 25 25 25 25 25 25 25 25 25 25 25 26 26 26 26 26 26 26 26 26 26 26 26 26 27 27 27 27 27 27 29 29 29 29 29 29 29 29 29 29 29 29 29 30 30 30 30 30 30 30 30 30 30 30 0 0 0 0 0 0 0 0 0 0 0 0 0 0 0 0 0 0 0 0 0 0 0 0 0 0 0 0 0 0 0 0 0 0 0 0 0 0 0 0 0 0 0 0 0 0 0 0 0 0 0 0 0 0 0 0 0 0 0 0 0 0 0 0 0 0 0 0 0 0 0 0 0 0 0 0 0 0 0 0 0 0 0 0 0 0 0 0 0 0 0 0 0 0 0 0 0 0 0 0 0 0 0 0 0 0 0 0 0 0 0 0 0 0 0 0 0 0 0 0 0 0 0 0 0 0 0 0 0 0 0 0 0 0 0 0 0 0 0 0 0 0 0 0 0 0 0 0 0 0 0 0 0 0 0 0 0 0 0 0 0 0 0 0 0 0 0 0 0 0 0 0 0 0 0 0 0 0 0 0 0 0 0 0 0 0 0 0 0 0 0 0 0 0 0 0 0 0 0 0 0 0 0 0 0 0 0 0 0 0 0 0 0 0 0 0 0 0 0 0 0 0 0 0 0 0 0 0 0 0 0 0 0 0 0 0 0 0 0 0 0 0 0 0 0 0 0 0 0 0 0 0 0 0 0 0 0 0 0 0 0 0 0 0 0 0 0 0 0 0 0 0 0 0 0 0 0 0 0 0 0 0 0 0 0 0 0 
0 0 0 0 0 12 12 12 12 12 12 12 12 13 13 13 13 13 13 13 13 13 13 13 13 13 13 14 14 14 14 14 14 14 14 14 14 14 14 14 15 15 15 15 15 15 15 15 15 15 15 16 16 16 16 16 16 16 16 16 16 16 17 17 17 17 17 17 17 17 17 17 17 17 18 18 18 18 18 18 18 18 18 18 18 18 18 19 19 19 19 19 19 19 19 19 19 19 19 19 19 20 20 20 20 20 20 20 20 20 20 20 21 21 21 21 21 21 21 21 21 21 21 21 22 22 22 22 22 22 22 22 22 22 22 22 23 23 23 23 23 23 23 23 23 23 23 23 24 24 24 24 24 24 24 24 24 24 24 24 25 25 25 25 25 25 25 25 25 25 25 25 26 26 26 26 26 26 26 26 26 26 26 26 27 27 27 27 27 27 27 27 29 29 29 29 29 29 29 29 29 29 29 30 30 30 30 30 30 30 30 30 30 30 30 30 31 0 0 0 0 0 0 0 0 0 0 0 0 0 0 0 0 0 0 0 0 0 0 0 0 0 0 0 0 0 0 0 0 0 0 0 0 0 0 0 0 0 0 0 0 0 0 0 0 0 0 0 0 0 0 0 0 0 0 0 0 0 0 0 0 0 0 0 0 0 0 0 0 0 0 0 0 0 0 0 0 0 0 0 0 0 0 0 0 0 0 0 0 0 0 0 0 0 0 0 0 0 0 0 0 0 0 0 0 0 0 0 0 0 0 0 0 0 0 0 0 0 0 0 0 0 0 0 0 0 0 0 0 0 0 0 0 0 0 0 0 0 0 0 0 0 0 0 0 0 0 0 0 0 0 0 0 0 0 0 0 0 0 0 0 0 0 0 0 0 0 0 0 0 0 0 0 0 0 0 0 0 0 0 0 0 0 0 0 0 0 0 0 0 0 0 0 0 0 0 0 0 0 0 0 0 0 0 0 0 0 0 0 0 0 0 0 0 0 0 0 0 0 0 0 0 0 0 0 0 0 0 0 0 0 0 0 0 0 0 0 0 0 0 0 0 0 0 0 0 0 0 0 0 0 0 0 0 0 0 0 0 0 0 0 0 0 0 0 0 0 0 0 0 0 0 0 0 0 0 0 0 0 0 0 0 0 
0 0 0 0 0 12 12 12 12 12 12 12 13 13 13 13 13 13 13 13 13 13 13 13 13 14 14 14 14 14 14 14 14 14 14 14 14 14 15 15 15 15 15 15 15 15 15 15 15 15 16 16 16 16 16 16 16 16 16 16 16 17 17 17 17 17 17 17 17 17 17 17 18 18 18 18 18 18 18 18 18 18 18 18 18 19 19 19 19 19 19 19 19 19 19 19 19 19 19 19 20 20 20 20 20 20 20 20 20 20 20 21 21 21 21 21 21 21 21 21 21 21 21 22 22 22 22 22 22 22 22 22 22 22 23 23 23 23 23 23 23 23 23 23 23 23 23 24 24 24 24 24 24 24 24 24 24 24 25 25 25 25 25 25 25 25 25 25 25 25 26 26 26 26 26 26 26 26 26 26 26 26 27 27 27 27 27 27 27 27 27 27 29 29 29 29 29 29 29 29 29 30 30 30 30 30 30 30 30 30 30 30 30 30 31 31 31 31 0 0 0 0 0 0 0 0 0 0 0 0 0 0 0 0 0 0 0 0 0 0 0 0 0 0 0 0 0 0 0 0 0 0 0 0 0 0 0 0 0 0 0 0 0 0 0 0 0 0 0 0 0 0 0 0 0 0 0 0 0 0 0 0 0 0 0 0 0 0 0 0 0 0 0 0 0 0 0 0 0 0 0 0 0 0 0 0 0 0 0 0 0 0 0 0 0 0 0 0 0 0 0 0 0 0 0 0 0 0 0 0 0 0 0 0 0 0 0 0 0 0 0 0 0 0 0 0 0 0 0 0 0 0 0 0 0 0 0 0 0 0 0 0 0 0 0 0 0 0 0 0 0 0 0 0 0 0 0 0 0 0 0 0 0 0 0 0 0 0 0 0 0 0 0 0 0 0 0 0 0 0 0 0 0 0 0 0 0 0 0 0 0 0 0 0 0 0 0 0 0 0 0 0 0 0 0 0 0 0 0 0 0 0 0 0 0 0 0 0 0 0 0 0 0 0 0 0 0 0 0 0 0 0 0 0 0 0 0 0 0 0 0 0 0 0 0 0 0 0 0 0 0 0 0 0 0 0 0 0 0 0 0 0 0 0 0 0 0 0 0 0 0 0 0 0 0 0 0 0 0 0 0 0 0 
0 0 0 0 0 12 12 12 12 12 12 13 13 13 13 13 13 13 13 13 13 13 13 13 14 14 14 14 14 14 14 14 14 14 14 14 14 15 15 15 15 15 15 15 15 15 15 15 16 16 16 16 16 16 16 16 16 16 16 16 17 17 17 17 17 17 17 17 17 17 17 18 18 18 18 18 18 18 18 18 18 18 18 18 19 19 19 19 19 19 19 19 19 19 19 19 19 19 19 20 20 20 20 20 20 20 20 20 20 21 21 21 21 21 21 21 21 21 21 21 21 21 22 22 22 22 22 22 22 22 22 22 22 23 23 23 23 23 23 23 23 23 23 23 23 23 24 24 24 24 24 24 24 24 24 24 25 25 25 25 25 25 25 25 25 25 25 25 26 26 26 26 26 26 26 26 26 26 26 26 27 27 27 27 27 27 27 27 27 27 27 27 29 29 29 29 29 29 29 30 30 30 30 30 30 30 30 30 30 30 30 30 31 31 31 31 31 31 31 31 0 0 0 0 0 0 0 0 0 0 0 0 0 0 0 0 0 0 0 0 0 0 0 0 0 0 0 0 0 0 0 0 0 0 0 0 0 0 0 0 0 0 0 0 0 0 0 0 0 0 0 0 0 0 0 0 0 0 0 0 0 0 0 0 0 0 0 0 0 0 0 0 0 0 0 0 0 0 0 0 0 0 0 0 0 0 0 0 0 0 0 0 0 0 0 0 0 0 0 0 0 0 0 0 0 0 0 0 0 0 0 0 0 0 0 0 0 0 0 0 0 0 0 0 0 0 0 0 0 0 0 0 0 0 0 0 0 0 0 0 0 0 0 0 0 0 0 0 0 0 0 0 0 0 0 0 0 0 0 0 0 0 0 0 0 0 0 0 0 0 0 0 0 0 0 0 0 0 0 0 0 0 0 0 0 0 0 0 0 0 0 0 0 0 0 0 0 0 0 0 0 0 0 0 0 0 0 0 0 0 0 0 0 0 0 0 0 0 0 0 0 0 0 0 0 0 0 0 0 0 0 0 0 0 0 0 0 0 0 0 0 0 0 0 0 0 0 0 0 0 0 0 0 0 0 0 0 0 0 0 0 0 0 0 0 0 0 0 0 0 0 0 0 0 0 0 0 0 0 0 0 0 0 
0 0 0 0 0 12 12 12 13 13 13 13 13 13 13 13 13 13 13 13 13 14 14 14 14 14 14 14 14 14 14 14 15 15 15 15 15 15 15 15 15 15 14 14 15 15 15 15 15 15 15 15 15 15 15 15 15 16 16 16 16 16 16 16 16 16 16 16 16 17 17 17 17 17 17 17 17 17 17 17 17 17 17 18 18 18 18 18 18 18 18 18 19 19 19 19 19 19 19 19 19 20 20 20 20 20 20 20 20 20 20 20 20 21 21 21 21 21 21 21 21 21 21 21 21 22 22 22 22 22 22 22 22 22 22 22 22 22 23 23 23 23 23 23 23 23 23 23 23 24 24 24 24 24 24 24 24 24 24 24 24 25 25 25 25 25 25 25 25 25 25 25 25 26 26 26 26 26 26 26 26 26 26 26 26 27 27 27 27 27 27 27 29 29 29 29 29 29 30 30 30 30 30 30 30 30 30 30 30 30 30 31 31 31 31 31 31 31 31 31 31 0 0 0 0 0 0 0 0 0 0 0 0 0 0 0 0 0 0 0 0 0 0 0 0 0 0 0 0 0 0 0 0 0 0 0 0 0 0 0 0 0 0 0 0 0 0 0 0 0 0 0 0 0 0 0 0 0 0 0 0 0 0 0 0 0 0 0 0 0 0 0 0 0 0 0 0 0 0 0 0 0 0 0 0 0 0 0 0 0 0 0 0 0 0 0 0 0 0 0 0 0 0 0 0 0 0 0 0 0 0 0 0 0 0 0 0 0 0 0 0 0 0 0 0 0 0 0 0 0 0 0 0 0 0 0 0 0 0 0 0 0 0 0 0 0 0 0 0 0 0 0 0 0 0 0 0 0 0 0 0 0 0 0 0 0 0 0 0 0 0 0 0 0 0 0 0 0 0 0 0 0 0 0 0 0 0 0 0 0 0 0 0 0 0 0 0 0 0 0 0 0 0 0 0 0 0 0 0 0 0 0 0 0 0 0 0 0 0 0 0 0 0 0 0 0 0 0 0 0 0 0 0 0 0 0 0 0 0 0 0 0 0 0 0 0 0 0 0 0 0 0 0 0 0 0 0 0 0 0 0 0 0 0 0 0 0 0 0 0 0 0 0 0 0 0 0 0 0 0 0 0 0 
0 0 0 0 12 12 13 13 13 13 13 13 13 13 13 13 13 13 13 14 14 14 14 14 14 14 14 14 14 14 14 15 15 15 15 15 15 15 15 15 15 15 15 15 15 15 15 15 15 15 15 15 15 15 15 16 16 16 16 16 16 16 16 16 16 16 16 17 17 17 17 17 17 17 17 17 17 17 17 17 18 18 18 18 18 18 18 18 18 18 18 18 19 19 19 19 19 19 19 19 20 20 20 20 20 20 20 20 20 20 20 21 21 21 21 21 21 21 21 21 21 21 21 21 22 22 22 22 22 22 22 22 22 22 22 22 23 23 23 23 23 23 23 23 23 23 23 24 24 24 24 24 24 24 24 24 24 24 24 25 25 25 25 25 25 25 25 25 25 25 25 26 26 26 26 26 26 26 26 26 26 26 26 27 27 27 27 27 27 27 27 27 29 29 29 29 30 30 30 30 30 30 30 30 30 30 30 30 30 31 31 31 31 31 31 31 31 31 31 31 31 0 0 0 0 0 0 0 0 0 0 0 0 0 0 0 0 0 0 0 0 0 0 0 0 0 0 0 0 0 0 0 0 0 0 0 0 0 0 0 0 0 0 0 0 0 0 0 0 0 0 0 0 0 0 0 0 0 0 0 0 0 0 0 0 0 0 0 0 0 0 0 0 0 0 0 0 0 0 0 0 0 0 0 0 0 0 0 0 0 0 0 0 0 0 0 0 0 0 0 0 0 0 0 0 0 0 0 0 0 0 0 0 0 0 0 0 0 0 0 0 0 0 0 0 0 0 0 0 0 0 0 0 0 0 0 0 0 0 0 0 0 0 0 0 0 0 0 0 0 0 0 0 0 0 0 0 0 0 0 0 0 0 0 0 0 0 0 0 0 0 0 0 0 0 0 0 0 0 0 0 0 0 0 0 0 0 0 0 0 0 0 0 0 0 0 0 0 0 0 0 0 0 0 0 0 0 0 0 0 0 0 0 0 0 0 0 0 0 0 0 0 0 0 0 0 0 0 0 0 0 0 0 0 0 0 0 0 0 0 0 0 0 0 0 0 0 0 0 0 0 0 0 0 0 0 0 0 0 0 0 0 0 0 0 0 0 0 0 0 0 0 0 0 0 0 0 0 0 0 0 0 0 
0 0 0 0 12 13 13 13 13 13 13 13 13 13 13 13 13 14 14 14 14 14 14 14 14 14 14 14 14 15 15 15 15 15 15 15 15 15 15 15 15 15 15 15 15 15 15 15 15 15 15 15 15 15 16 16 16 16 16 16 16 16 16 16 16 17 17 17 17 17 17 17 17 17 17 17 17 17 18 18 18 18 18 18 18 18 18 18 18 18 18 19 19 19 19 19 19 19 20 20 20 20 20 20 20 20 20 20 20 21 21 21 21 21 21 21 21 21 21 21 21 21 22 22 22 22 22 22 22 22 22 22 22 22 23 23 23 23 23 23 23 23 23 23 23 23 24 24 24 24 24 24 24 24 24 24 24 25 25 25 25 25 25 25 25 25 25 25 25 26 26 26 26 26 26 26 26 26 26 26 26 27 27 27 27 27 27 27 27 27 27 27 29 29 30 30 30 30 30 30 30 30 30 30 30 30 30 31 31 31 31 31 31 31 31 31 31 31 31 31 0 0 0 0 0 0 0 0 0 0 0 0 0 0 0 0 0 0 0 0 0 0 0 0 0 0 0 0 0 0 0 0 0 0 0 0 0 0 0 0 0 0 0 0 0 0 0 0 0 0 0 0 0 0 0 0 0 0 0 0 0 0 0 0 0 0 0 0 0 0 0 0 0 0 0 0 0 0 0 0 0 0 0 0 0 0 0 0 0 0 0 0 0 0 0 0 0 0 0 0 0 0 0 0 0 0 0 0 0 0 0 0 0 0 0 0 0 0 0 0 0 0 0 0 0 0 0 0 0 0 0 0 0 0 0 0 0 0 0 0 0 0 0 0 0 0 0 0 0 0 0 0 0 0 0 0 0 0 0 0 0 0 0 0 0 0 0 0 0 0 0 0 0 0 0 0 0 0 0 0 0 0 0 0 0 0 0 0 0 0 0 0 0 0 0 0 0 0 0 0 0 0 0 0 0 0 0 0 0 0 0 0 0 0 0 0 0 0 0 0 0 0 0 0 0 0 0 0 0 0 0 0 0 0 0 0 0 0 0 0 0 0 0 0 0 0 0 0 0 0 0 0 0 0 0 0 0 0 0 0 0 0 0 0 0 0 0 0 0 0 0 0 0 0 0 0 0 0 0 0 0 0 0 
0 0 0 0 13 13 13 13 13 13 13 13 13 13 13 13 14 14 14 14 14 14 14 14 14 14 14 14 15 15 15 15 15 15 15 15 15 15 15 15 16 16 15 15 15 15 15 15 15 15 15 15 15 16 16 16 16 16 16 16 16 16 16 16 17 17 17 17 17 17 17 17 17 17 17 17 18 18 18 18 18 18 18 18 18 18 18 18 18 18 19 19 19 19 19 19 20 20 20 20 20 20 20 20 20 20 20 20 21 21 21 21 21 21 21 21 21 21 21 21 21 22 22 22 22 22 22 22 22 22 22 22 23 23 23 23 23 23 23 23 23 23 23 23 24 24 24 24 24 24 24 24 24 24 24 25 25 25 25 25 25 25 25 25 25 25 25 26 26 26 26 26 26 26 26 26 26 26 26 27 27 27 27 27 27 27 27 27 27 27 27 28 30 30 30 30 30 30 30 30 30 30 30 30 31 31 31 31 31 31 31 31 31 31 31 31 31 31 32 32 32 0 0 0 0 0 0 0 0 0 0 0 0 0 0 0 0 0 0 0 0 0 0 0 0 0 0 0 0 0 0 0 0 0 0 0 0 0 0 0 0 0 0 0 0 0 0 0 0 0 0 0 0 0 0 0 0 0 0 0 0 0 0 0 0 0 0 0 0 0 0 0 0 0 0 0 0 0 0 0 0 0 0 0 0 0 0 0 0 0 0 0 0 0 0 0 0 0 0 0 0 0 0 0 0 0 0 0 0 0 0 0 0 0 0 0 0 0 0 0 0 0 0 0 0 0 0 0 0 0 0 0 0 0 0 0 0 0 0 0 0 0 0 0 0 0 0 0 0 0 0 0 0 0 0 0 0 0 0 0 0 0 0 0 0 0 0 0 0 0 0 0 0 0 0 0 0 0 0 0 0 0 0 0 0 0 0 0 0 0 0 0 0 0 0 0 0 0 0 0 0 0 0 0 0 0 0 0 0 0 0 0 0 0 0 0 0 0 0 0 0 0 0 0 0 0 0 0 0 0 0 0 0 0 0 0 0 0 0 0 0 0 0 0 0 0 0 0 0 0 0 0 0 0 0 0 0 0 0 0 0 0 0 0 0 0 0 0 0 0 0 0 0 0 0 0 0 0 0 0 0 0 0 
0 0 0 0 13 13 13 13 13 13 13 13 13 13 13 14 14 14 14 14 14 14 14 14 14 14 14 15 15 15 15 15 15 15 15 15 15 15 15 16 16 16 15 15 15 15 15 15 15 15 16 16 16 16 16 16 16 16 16 16 16 16 17 17 17 17 17 17 17 17 17 17 17 17 18 18 18 18 18 18 18 18 18 18 18 18 18 18 19 19 19 19 19 19 19 20 20 20 20 20 20 20 20 20 20 20 21 21 21 21 21 21 21 21 21 21 21 21 21 22 22 22 22 22 22 22 22 22 22 22 23 23 23 23 23 23 23 23 23 23 23 23 24 24 24 24 24 24 24 24 24 24 24 25 25 25 25 25 25 25 25 25 25 25 25 26 26 26 26 26 26 26 26 26 26 26 26 27 27 27 27 27 27 27 27 27 27 27 27 28 28 28 30 30 30 30 30 30 30 30 30 30 31 31 31 31 31 31 31 31 31 31 31 31 31 31 32 32 32 32 32 0 0 32 0 0 0 0 0 0 0 0 0 0 0 0 0 0 0 0 0 0 0 0 0 0 0 0 0 0 0 0 0 0 0 0 0 0 0 0 0 0 0 0 0 0 0 0 0 0 0 0 0 0 0 0 0 0 0 0 0 0 0 0 0 0 0 0 0 0 0 0 0 0 0 0 0 0 0 0 0 0 0 0 0 0 0 0 0 0 0 0 0 0 0 0 0 0 0 0 0 0 0 0 0 0 0 0 0 0 0 0 0 0 0 0 0 0 0 0 0 0 0 0 0 0 0 0 0 0 0 0 0 0 0 0 0 0 0 0 0 0 0 0 0 0 0 0 0 0 0 0 0 0 0 0 0 0 0 0 0 0 0 0 0 0 0 0 0 0 0 0 0 0 0 0 0 0 0 0 0 0 0 0 0 0 0 0 0 0 0 0 0 0 0 0 0 0 0 0 0 0 0 0 0 0 0 0 0 0 0 0 0 0 0 0 0 0 0 0 0 0 0 0 0 0 0 0 0 0 0 0 0 0 0 0 0 0 0 0 0 0 0 0 0 0 0 0 0 0 0 0 0 0 0 0 0 0 0 0 0 0 0 0 0 0 0 0 0 0 0 0 0 0 0 0 0 0 0 0 0 0 0 
0 0 0 0 0 13 13 13 13 13 13 13 13 14 14 14 14 14 14 14 14 14 14 14 14 14 15 15 15 15 15 15 15 15 15 15 15 15 16 16 16 16 15 15 15 15 15 16 16 16 16 16 16 16 16 16 16 16 16 16 16 17 17 17 17 17 17 17 17 17 17 17 17 18 18 18 18 18 18 18 18 18 18 18 18 19 19 19 19 19 19 19 19 20 20 20 20 20 20 20 20 20 20 20 21 21 21 21 21 21 21 21 21 21 21 21 21 22 22 22 22 22 22 22 22 22 22 22 23 23 23 23 23 23 23 23 23 23 23 23 24 24 24 24 24 24 24 24 24 24 24 25 25 25 25 25 25 25 25 25 25 25 25 26 26 26 26 26 26 26 26 26 26 26 26 27 27 27 27 27 27 27 27 27 27 27 28 28 28 28 28 28 30 30 30 30 30 30 30 30 31 31 31 31 31 31 31 31 31 31 31 31 31 32 32 32 32 32 32 32 32 32 32 32 0 0 0 0 0 0 0 0 0 0 0 0 0 0 0 0 0 0 0 0 0 0 0 0 0 0 0 0 0 0 0 0 0 0 0 0 0 0 0 0 0 0 0 0 0 0 0 0 0 0 0 0 0 0 0 0 0 0 0 0 0 0 0 0 0 0 0 0 0 0 0 0 0 0 0 0 0 0 0 0 0 0 0 0 0 0 0 0 0 0 0 0 0 0 0 0 0 0 0 0 0 0 0 0 0 0 0 0 0 0 0 0 0 0 0 0 0 0 0 0 0 0 0 0 0 0 0 0 0 0 0 0 0 0 0 0 0 0 0 0 0 0 0 0 0 0 0 0 0 0 0 0 0 0 0 0 0 0 0 0 0 0 0 0 0 0 0 0 0 0 0 0 0 0 0 0 0 0 0 0 0 0 0 0 0 0 0 0 0 0 0 0 0 0 0 0 0 0 0 0 0 0 0 0 0 0 0 0 0 0 0 0 0 0 0 0 0 0 0 0 0 0 0 0 0 0 0 0 0 0 0 0 0 0 0 0 0 0 0 0 0 0 0 0 0 0 0 0 0 0 0 0 0 0 0 0 0 0 0 0 0 0 0 0 0 0 0 0 0 0 0 0 0 0 0 0 0 0 0 
0 0 0 0 0 0 0 0 13 13 13 14 14 14 14 14 14 14 14 14 14 14 14 14 15 15 15 15 15 15 15 15 15 15 15 15 16 16 16 16 16 16 15 15 15 15 16 16 16 16 16 16 16 16 16 16 16 16 16 17 17 17 17 17 17 17 17 17 17 17 17 18 18 18 18 18 18 18 18 18 18 18 18 19 19 19 19 19 19 19 19 19 20 20 20 20 20 20 20 20 20 20 21 21 21 21 21 21 21 21 21 21 21 21 21 22 22 22 22 22 22 22 22 22 22 22 22 23 23 23 23 23 23 23 23 23 23 23 24 24 24 24 24 24 24 24 24 24 24 25 25 25 25 25 25 25 25 25 25 25 25 26 26 26 26 26 26 26 26 26 26 26 26 27 27 27 27 27 27 27 27 27 27 27 28 28 28 28 28 28 28 28 30 30 30 30 30 30 31 31 31 31 31 31 31 31 31 31 31 31 31 32 32 32 32 32 32 32 32 32 32 32 32 32 32 0 0 0 0 0 0 0 0 0 0 0 33 33 33 0 0 0 0 0 0 0 0 0 0 0 0 0 0 0 0 0 0 0 0 0 0 0 0 0 0 0 0 0 0 0 0 0 0 0 0 0 0 0 0 0 0 0 0 0 0 0 0 0 0 0 0 0 0 0 0 0 0 0 0 0 0 0 0 0 0 0 0 0 0 0 0 0 0 0 0 0 0 0 0 0 0 0 0 0 0 0 0 0 0 0 0 0 0 0 0 0 0 0 0 0 0 0 0 0 0 0 0 0 0 0 0 0 0 0 0 0 0 0 0 0 0 0 0 0 0 0 0 0 0 0 0 0 0 0 0 0 0 0 0 0 0 0 0 0 0 0 0 0 0 0 0 0 0 0 0 0 0 0 0 0 0 0 0 0 0 0 0 0 0 0 0 0 0 0 0 0 0 0 0 0 0 0 0 0 0 0 0 0 0 0 0 0 0 0 0 0 0 0 0 0 0 0 0 0 0 0 0 0 0 0 0 0 0 0 0 0 0 0 0 0 0 0 0 0 0 0 0 0 0 0 0 0 0 0 0 0 0 0 0 0 0 0 0 0 0 0 0 0 0 0 0 0 0 0 0 0 0 0 0 0 0 0 0 
0 0 0 0 0 0 0 0 0 13 14 14 14 14 14 14 14 14 14 14 14 14 14 15 15 15 15 15 15 15 15 15 15 15 15 16 16 16 16 16 16 16 15 15 16 16 16 16 16 16 16 16 16 16 16 16 16 16 17 17 17 17 17 17 17 17 17 17 17 18 18 18 18 18 18 18 18 18 18 18 18 19 19 19 19 19 19 19 19 19 19 19 20 20 20 20 20 20 20 20 21 21 21 21 21 21 21 21 21 21 21 21 21 22 22 22 22 22 22 22 22 22 22 22 22 22 23 23 23 23 23 23 23 23 23 23 23 24 24 24 24 24 24 24 24 24 24 24 25 25 25 25 25 25 25 25 25 25 25 26 26 26 26 26 26 26 26 26 26 26 27 27 27 27 27 27 27 27 27 27 27 27 28 28 28 28 28 28 28 28 28 28 30 30 30 30 31 31 31 31 31 31 31 31 31 31 31 31 31 32 32 32 32 32 32 32 32 32 32 32 32 32 33 33 33 0 0 0 0 0 0 0 0 0 0 33 33 34 34 34 34 0 0 0 0 0 0 0 0 0 0 0 0 0 0 0 0 0 0 0 0 0 0 0 0 0 0 0 0 0 0 0 0 0 0 0 0 0 0 0 0 0 0 0 0 0 0 0 0 0 0 0 0 0 0 0 0 0 0 0 0 0 0 0 0 0 0 0 0 0 0 0 0 0 0 0 0 0 0 0 0 0 0 0 0 0 0 0 0 0 0 0 0 0 0 0 0 0 0 0 0 0 0 0 0 0 0 0 0 0 0 0 0 0 0 0 0 0 0 0 0 0 0 0 0 0 0 0 0 0 0 0 0 0 0 0 0 0 0 0 0 0 0 0 0 0 0 0 0 0 0 0 0 0 0 0 0 0 0 0 0 0 0 0 0 0 0 0 0 0 0 0 0 0 0 0 0 0 0 0 0 0 0 0 0 0 0 0 0 0 0 0 0 0 0 0 0 0 0 0 0 0 0 0 0 0 0 0 0 0 0 0 0 0 0 0 0 0 0 0 0 0 0 0 0 0 0 0 0 0 0 0 0 0 0 0 0 0 0 0 0 0 0 0 0 0 0 0 0 0 0 0 0 0 0 0 0 0 0 0 0 0 0 
0 0 0 0 0 0 0 0 0 14 14 14 14 14 14 14 14 14 14 14 14 15 15 15 15 15 15 15 15 15 15 15 15 16 16 16 16 16 16 16 16 16 16 16 16 16 16 16 16 16 16 16 16 16 16 17 17 17 17 17 17 17 17 17 17 17 17 18 18 18 18 18 18 18 18 18 18 18 18 19 19 19 19 19 19 19 19 19 19 19 19 19 20 20 20 20 20 20 20 21 21 21 21 21 21 21 21 21 21 21 21 22 22 22 22 22 22 22 22 22 22 22 22 23 23 23 23 23 23 23 23 23 23 23 23 24 24 24 24 24 24 24 24 24 24 24 25 25 25 25 25 25 25 25 25 25 25 26 26 26 26 26 26 26 26 26 26 26 27 27 27 27 27 27 27 27 27 27 27 27 28 28 28 28 28 28 28 28 28 28 28 28 30 30 31 31 31 31 31 31 31 31 31 31 31 31 32 32 32 32 32 32 32 32 32 32 32 32 32 32 33 33 33 33 33 0 0 0 0 0 0 0 0 0 0 34 34 34 34 34 0 0 0 0 0 0 0 0 0 0 0 0 0 0 0 0 0 0 0 0 0 0 0 0 0 0 0 0 0 0 0 0 0 0 0 0 0 0 0 0 0 0 0 0 0 0 0 0 0 0 0 0 0 0 0 0 0 0 0 0 0 0 0 0 0 0 0 0 0 0 0 0 0 0 0 0 0 0 0 0 0 0 0 0 0 0 0 0 0 0 0 0 0 0 0 0 0 0 0 0 0 0 0 0 0 0 0 0 0 0 0 0 0 0 0 0 0 0 0 0 0 0 0 0 0 0 0 0 0 0 0 0 0 0 0 0 0 0 0 0 0 0 0 0 0 0 0 0 0 0 0 0 0 0 0 0 0 0 0 0 0 0 0 0 0 0 0 0 0 0 0 0 0 0 0 0 0 0 0 0 0 0 0 0 0 0 0 0 0 0 0 0 0 0 0 0 0 0 0 0 0 0 0 0 0 0 0 0 0 0 0 0 0 0 0 0 0 0 0 0 0 0 0 0 0 0 0 0 0 0 0 0 0 0 0 0 0 0 0 0 0 0 0 0 0 0 0 0 0 0 0 0 0 0 0 0 0 0 0 0 0 0 0 
0 0 0 0 0 0 0 0 0 14 14 14 14 14 14 14 14 14 14 14 15 15 15 15 15 15 15 15 15 15 15 16 16 16 16 16 16 16 16 16 16 16 16 16 16 16 16 16 16 16 16 16 16 17 17 17 17 17 17 17 17 17 17 17 17 17 18 18 18 18 18 18 18 18 18 18 18 19 19 19 19 19 19 19 19 19 19 19 19 19 19 20 20 20 20 20 20 21 21 21 21 21 21 21 21 21 21 21 21 22 22 22 22 22 22 22 22 22 22 22 22 23 23 23 23 23 23 23 23 23 23 23 23 24 24 24 24 24 24 24 24 24 24 24 24 25 25 25 25 25 25 25 25 25 25 26 26 26 26 26 26 26 26 26 26 26 27 27 27 27 27 27 27 27 27 27 27 27 28 28 28 28 28 28 28 28 28 28 28 28 29 29 31 31 31 31 31 31 31 31 31 31 31 31 32 32 32 32 32 32 32 32 32 32 32 32 32 33 33 33 33 33 33 33 33 33 0 0 0 33 33 34 34 34 34 34 34 34 34 34 0 0 0 0 0 0 0 0 0 0 0 0 0 0 0 0 0 0 0 0 0 0 0 0 0 0 0 0 0 0 0 0 0 0 0 0 0 0 0 0 0 0 0 0 0 0 0 0 0 0 0 0 0 0 0 0 0 0 0 0 0 0 0 0 0 0 0 0 0 0 0 0 0 0 0 0 0 0 0 0 0 0 0 0 0 0 0 0 0 0 0 0 0 0 0 0 0 0 0 0 0 0 0 0 0 0 0 0 0 0 0 0 0 0 0 0 0 0 0 0 0 0 0 0 0 0 0 0 0 0 0 0 0 0 0 0 0 0 0 0 0 0 0 0 0 0 0 0 0 0 0 0 0 0 0 0 0 0 0 0 0 0 0 0 0 0 0 0 0 0 0 0 0 0 0 0 0 0 0 0 0 0 0 0 0 0 0 0 0 0 0 0 0 0 0 0 0 0 0 0 0 0 0 0 0 0 0 0 0 0 0 0 0 0 0 0 0 0 0 0 0 0 0 0 0 0 0 0 0 0 0 0 0 0 0 0 0 0 0 0 0 0 0 0 0 0 0 0 0 0 0 0 0 0 0 0 0 0 0 0 0 0 0 
0 0 0 0 0 0 0 0 0 0 14 14 14 14 14 14 14 15 15 15 15 15 15 15 15 15 15 15 15 16 16 16 16 16 16 16 16 16 16 16 16 17 16 16 16 16 16 16 16 16 16 17 17 17 17 17 17 17 17 17 17 17 17 17 17 18 18 18 18 18 18 18 18 18 18 19 19 19 19 19 19 19 19 19 19 19 19 19 19 20 20 20 20 20 20 20 21 21 21 21 21 21 21 21 21 21 21 21 22 22 22 22 22 22 22 22 22 22 22 22 23 23 23 23 23 23 23 23 23 23 23 24 24 24 24 24 24 24 24 24 24 24 25 25 25 25 25 25 25 25 25 25 25 26 26 26 26 26 26 26 26 26 26 26 26 27 27 27 27 27 27 27 27 27 27 27 28 28 28 28 28 28 28 28 28 28 28 28 29 29 29 29 31 31 31 31 31 31 31 31 31 31 32 32 32 32 32 32 32 32 32 32 32 32 32 33 33 33 33 33 33 33 33 33 33 33 33 33 33 34 34 34 34 34 34 34 34 34 34 0 0 0 0 0 0 0 0 0 0 0 0 0 0 0 0 0 0 0 0 0 0 0 0 0 0 0 0 0 0 0 0 0 0 0 0 0 0 0 0 0 0 0 0 0 0 0 0 0 0 0 0 0 0 0 0 0 0 0 0 0 0 0 0 0 0 0 0 0 0 0 0 0 0 0 0 0 0 0 0 0 0 0 0 0 0 0 0 0 0 0 0 0 0 0 0 0 0 0 0 0 0 0 0 0 0 0 0 0 0 0 0 0 0 0 0 0 0 0 0 0 0 0 0 0 0 0 0 0 0 0 0 0 0 0 0 0 0 0 0 0 0 0 0 0 0 0 0 0 0 0 0 0 0 0 0 0 0 0 0 0 0 0 0 0 0 0 0 0 0 0 0 0 0 0 0 0 0 0 0 0 0 0 0 0 0 0 0 0 0 0 0 0 0 0 0 0 0 0 0 0 0 0 0 0 0 0 0 0 0 0 0 0 0 0 0 0 0 0 0 0 0 0 0 0 0 0 0 0 0 0 0 0 0 0 0 0 0 0 0 0 0 0 0 0 0 0 0 0 0 0 0 0 0 0 0 0 0 0 0 0 0 0 0 
0 0 0 0 0 0 0 0 0 0 14 14 14 14 14 14 15 15 15 15 15 15 15 15 15 15 15 15 16 16 16 16 16 16 16 16 16 16 16 16 17 17 16 16 16 16 16 16 16 17 17 17 17 17 17 17 17 17 17 17 17 17 17 18 18 18 18 18 18 18 18 18 18 18 19 19 19 19 19 19 19 19 19 19 19 19 19 20 20 20 20 20 20 20 20 20 21 21 21 21 21 21 21 21 21 22 22 22 22 22 22 22 22 22 22 22 22 22 23 23 23 23 23 23 23 23 23 23 23 24 24 24 24 24 24 24 24 24 24 24 24 25 25 25 25 25 25 25 25 25 25 26 26 26 26 26 26 26 26 26 26 26 26 27 27 27 27 27 27 27 27 27 27 27 28 28 28 28 28 28 28 28 28 28 28 29 29 29 29 29 29 29 31 31 31 31 31 31 31 31 32 32 32 32 32 32 32 32 32 32 32 32 32 33 33 33 33 33 33 33 33 33 33 33 33 33 34 34 34 34 34 34 34 34 34 34 34 34 0 0 0 0 0 0 0 0 0 0 0 0 0 0 0 0 0 0 0 0 0 0 0 0 0 0 0 0 0 0 0 0 0 0 0 0 0 0 0 0 0 0 0 0 0 0 0 0 0 0 0 0 0 0 0 0 0 0 0 0 0 0 0 0 0 0 0 0 0 0 0 0 0 0 0 0 0 0 0 0 0 0 0 0 0 0 0 0 0 0 0 0 0 0 0 0 0 0 0 0 0 0 0 0 0 0 0 0 0 0 0 0 0 0 0 0 0 0 0 0 0 0 0 0 0 0 0 0 0 0 0 0 0 0 0 0 0 0 0 0 0 0 0 0 0 0 0 0 0 0 0 0 0 0 0 0 0 0 0 0 0 0 0 0 0 0 0 0 0 0 0 0 0 0 0 0 0 0 0 0 0 0 0 0 0 0 0 0 0 0 0 0 0 0 0 0 0 0 0 0 0 0 0 0 0 0 0 0 0 0 0 0 0 0 0 0 0 0 0 0 0 0 0 0 0 0 0 0 0 0 0 0 0 0 0 0 0 0 0 0 0 0 0 0 0 0 0 0 0 0 0 0 0 0 0 0 0 0 0 0 0 0 0 0 0 
0 0 0 0 0 0 0 0 0 0 14 14 14 14 14 15 15 15 15 15 15 15 15 15 15 15 16 16 16 16 16 16 16 16 16 16 16 16 17 17 17 17 16 16 16 16 16 17 17 17 17 17 17 17 17 17 17 17 17 17 18 18 18 18 18 18 18 18 18 18 18 18 19 19 19 19 19 19 19 19 19 19 19 19 20 20 20 20 20 20 20 20 20 21 21 21 21 21 21 21 21 21 21 21 22 22 22 22 22 22 22 22 22 22 22 22 23 23 23 23 23 23 23 23 23 23 23 24 24 24 24 24 24 24 24 24 24 24 24 25 25 25 25 25 25 25 25 25 25 25 26 26 26 26 26 26 26 26 26 26 26 27 27 27 27 27 27 27 27 27 27 27 28 28 28 28 28 28 28 28 28 28 28 29 29 29 29 29 29 29 29 29 31 31 31 31 31 31 32 32 32 32 32 32 32 32 32 32 32 32 33 33 33 33 33 33 33 33 33 33 33 33 33 33 34 34 34 34 34 34 34 34 34 34 34 34 34 34 0 0 0 0 0 0 0 0 0 0 0 0 0 0 0 0 0 0 0 0 0 0 0 0 0 0 0 0 0 0 0 0 0 0 0 0 0 0 0 0 0 0 0 0 0 0 0 0 0 0 0 0 0 0 0 0 0 0 0 0 0 0 0 0 0 0 0 0 0 0 0 0 0 0 0 0 0 0 0 0 0 0 0 0 0 0 0 0 0 0 0 0 0 0 0 0 0 0 0 0 0 0 0 0 0 0 0 0 0 0 0 0 0 0 0 0 0 0 0 0 0 0 0 0 0 0 0 0 0 0 0 0 0 0 0 0 0 0 0 0 0 0 0 0 0 0 0 0 0 0 0 0 0 0 0 0 0 0 0 0 0 0 0 0 0 0 0 0 0 0 0 0 0 0 0 0 0 0 0 0 0 0 0 0 0 0 0 0 0 0 0 0 0 0 0 0 0 0 0 0 0 0 0 0 0 0 0 0 0 0 0 0 0 0 0 0 0 0 0 0 0 0 0 0 0 0 0 0 0 0 0 0 0 0 0 0 0 0 0 0 0 0 0 0 0 0 0 0 0 0 0 0 0 0 0 0 0 0 0 0 0 0 0 0 0 
0 0 0 0 0 0 0 0 0 0 14 14 14 15 15 15 15 15 15 15 15 15 15 15 15 16 16 16 16 16 16 16 16 16 16 16 16 17 17 17 17 17 16 16 16 17 17 17 17 17 17 17 17 17 17 17 17 17 18 18 18 18 18 18 18 18 18 18 18 18 18 19 19 19 19 19 19 19 19 19 19 19 20 20 20 20 20 20 20 20 20 20 21 21 21 21 21 21 21 21 21 21 21 22 22 22 22 22 22 22 22 22 22 22 23 23 23 23 23 23 23 23 23 23 23 23 24 24 24 24 24 24 24 24 24 24 24 24 25 25 25 25 25 25 25 25 25 25 26 26 26 26 26 26 26 26 26 26 26 27 27 27 27 27 27 27 27 27 27 27 28 28 28 28 28 28 28 28 28 28 28 29 29 29 29 29 29 29 29 29 29 29 31 31 31 31 32 32 32 32 32 32 32 32 32 32 32 32 33 33 33 33 33 33 33 33 33 33 33 33 33 34 34 34 34 34 34 34 34 34 34 34 34 34 34 34 35 35 0 0 0 0 0 0 0 0 0 0 0 0 0 0 0 0 0 0 0 0 0 0 0 0 0 0 0 0 0 0 0 0 0 0 0 0 0 0 0 0 0 0 0 0 0 0 0 0 0 0 0 0 0 0 0 0 0 0 0 0 0 0 0 0 0 0 0 0 0 0 0 0 0 0 0 0 0 0 0 0 0 0 0 0 0 0 0 0 0 0 0 0 0 0 0 0 0 0 0 0 0 0 0 0 0 0 0 0 0 0 0 0 0 0 0 0 0 0 0 0 0 0 0 0 0 0 0 0 0 0 0 0 0 0 0 0 0 0 0 0 0 0 0 0 0 0 0 0 0 0 0 0 0 0 0 0 0 0 0 0 0 0 0 0 0 0 0 0 0 0 0 0 0 0 0 0 0 0 0 0 0 0 0 0 0 0 0 0 0 0 0 0 0 0 0 0 0 0 0 0 0 0 0 0 0 0 0 0 0 0 0 0 0 0 0 0 0 0 0 0 0 0 0 0 0 0 0 0 0 0 0 0 0 0 0 0 0 0 0 0 0 0 0 0 0 0 0 0 0 0 0 0 0 0 0 0 0 0 0 0 0 0 0 0 0 
0 0 0 0 0 0 0 0 0 0 0 15 15 15 15 15 15 15 15 15 15 15 15 16 16 16 16 16 16 16 16 16 16 16 16 17 17 17 17 17 17 17 16 17 17 17 17 17 17 17 17 17 17 17 17 17 18 18 18 18 18 18 18 18 18 18 18 18 18 18 19 19 19 19 19 19 19 19 19 19 20 20 20 20 20 20 20 20 20 20 20 20 21 21 21 21 21 21 21 21 21 21 22 22 22 22 22 22 22 22 22 22 23 23 23 23 23 23 23 23 23 23 23 23 24 24 24 24 24 24 24 24 24 24 24 24 25 25 25 25 25 25 25 25 25 25 26 26 26 26 26 26 26 26 26 26 26 27 27 27 27 27 27 27 27 27 27 27 28 28 28 28 28 28 28 28 28 28 28 29 29 29 29 29 29 29 29 29 29 29 29 30 31 31 32 32 32 32 32 32 32 32 32 32 32 32 33 33 33 33 33 33 33 33 33 33 33 33 33 34 34 34 34 34 34 34 34 34 34 34 34 34 34 35 35 35 35 35 0 0 0 0 0 0 0 0 0 0 0 0 0 0 0 0 0 0 0 0 0 0 0 0 0 0 0 0 0 0 0 0 0 0 0 0 0 0 0 0 0 0 0 0 0 0 0 0 0 0 0 0 0 0 0 0 0 0 0 0 0 0 0 0 0 0 0 0 0 0 0 0 0 0 0 0 0 0 0 0 0 0 0 0 0 0 0 0 0 0 0 0 0 0 0 0 0 0 0 0 0 0 0 0 0 0 0 0 0 0 0 0 0 0 0 0 0 0 0 0 0 0 0 0 0 0 0 0 0 0 0 0 0 0 0 0 0 0 0 0 0 0 0 0 0 0 0 0 0 0 0 0 0 0 0 0 0 0 0 0 0 0 0 0 0 0 0 0 0 0 0 0 0 0 0 0 0 0 0 0 0 0 0 0 0 0 0 0 0 0 0 0 0 0 0 0 0 0 0 0 0 0 0 0 0 0 0 0 0 0 0 0 0 0 0 0 0 0 0 0 0 0 0 0 0 0 0 0 0 0 0 0 0 0 0 0 0 0 0 0 0 0 0 0 0 0 0 0 0 0 0 0 0 0 0 0 0 0 0 0 0 0 0 0 0 
0 0 0 0 0 0 0 0 0 0 0 15 15 15 15 15 15 15 15 15 15 15 16 16 16 16 16 16 16 16 16 16 16 16 17 17 17 17 17 17 17 17 17 17 17 17 17 17 17 17 17 17 17 17 18 18 18 18 18 18 18 18 18 18 18 18 18 18 19 19 19 19 19 19 19 19 19 19 19 20 20 20 20 20 20 20 20 20 20 20 20 21 21 21 21 21 21 21 21 22 22 22 22 22 22 22 22 22 22 22 23 23 23 23 23 23 23 23 23 23 23 23 24 24 24 24 24 24 24 24 24 24 24 24 25 25 25 25 25 25 25 25 25 25 26 26 26 26 26 26 26 26 26 26 26 27 27 27 27 27 27 27 27 27 27 27 28 28 28 28 28 28 28 28 28 28 28 29 29 29 29 29 29 29 29 29 29 29 30 30 30 30 32 32 32 32 32 32 32 32 32 32 32 32 33 33 33 33 33 33 33 33 33 33 33 33 33 34 34 34 34 34 34 34 34 34 34 34 34 34 35 35 35 35 35 35 35 35 0 0 0 0 0 0 0 0 0 0 0 0 0 0 0 0 0 0 0 0 0 0 0 0 0 0 0 0 0 0 0 0 0 0 0 0 0 0 0 0 0 0 0 0 0 0 0 0 0 0 0 0 0 0 0 0 0 0 0 0 0 0 0 0 0 0 0 0 0 0 0 0 0 0 0 0 0 0 0 0 0 0 0 0 0 0 0 0 0 0 0 0 0 0 0 0 0 0 0 0 0 0 0 0 0 0 0 0 0 0 0 0 0 0 0 0 0 0 0 0 0 0 0 0 0 0 0 0 0 0 0 0 0 0 0 0 0 0 0 0 0 0 0 0 0 0 0 0 0 0 0 0 0 0 0 0 0 0 0 0 0 0 0 0 0 0 0 0 0 0 0 0 0 0 0 0 0 0 0 0 0 0 0 0 0 0 0 0 0 0 0 0 0 0 0 0 0 0 0 0 0 0 0 0 0 0 0 0 0 0 0 0 0 0 0 0 0 0 0 0 0 0 0 0 0 0 0 0 0 0 0 0 0 0 0 0 0 0 0 0 0 0 0 0 0 0 0 0 0 0 0 0 0 0 0 0 0 0 0 0 0 0 0 0 0 
0 0 0 0 0 0 0 0 0 0 0 0 15 15 15 15 15 15 15 15 16 16 16 16 16 16 16 16 16 16 16 16 17 17 17 17 17 17 17 17 17 17 17 17 17 17 17 17 17 17 17 17 18 18 18 18 18 18 18 18 18 18 18 18 18 19 19 19 19 19 19 19 19 19 19 19 19 20 20 20 20 20 20 20 20 20 20 20 21 21 21 21 21 21 21 21 21 22 22 22 22 22 22 22 22 22 22 22 22 23 23 23 23 23 23 23 23 23 23 23 23 24 24 24 24 24 24 24 24 24 24 24 25 25 25 25 25 25 25 25 25 25 26 26 26 26 26 26 26 26 26 26 26 27 27 27 27 27 27 27 27 27 27 27 28 28 28 28 28 28 28 28 28 28 28 29 29 29 29 29 29 29 29 29 29 29 30 30 30 30 30 30 32 32 32 32 32 32 32 32 32 32 33 33 33 33 33 33 33 33 33 33 33 33 34 34 34 34 34 34 34 34 34 34 34 34 34 34 35 35 35 35 35 35 35 35 35 35 0 0 0 0 0 0 0 0 0 0 0 0 0 0 0 0 0 0 0 0 0 0 0 0 0 0 0 0 0 0 0 0 0 0 0 0 0 0 0 0 0 0 0 0 0 0 0 0 0 0 0 0 0 0 0 0 0 0 0 0 0 0 0 0 0 0 0 0 0 0 0 0 0 0 0 0 0 0 0 0 0 0 0 0 0 0 0 0 0 0 0 0 0 0 0 0 0 0 0 0 0 0 0 0 0 0 0 0 0 0 0 0 0 0 0 0 0 0 0 0 0 0 0 0 0 0 0 0 0 0 0 0 0 0 0 0 0 0 0 0 0 0 0 0 0 0 0 0 0 0 0 0 0 0 0 0 0 0 0 0 0 0 0 0 0 0 0 0 0 0 0 0 0 0 0 0 0 0 0 0 0 0 0 0 0 0 0 0 0 0 0 0 0 0 0 0 0 0 0 0 0 0 0 0 0 0 0 0 0 0 0 0 0 0 0 0 0 0 0 0 0 0 0 0 0 0 0 0 0 0 0 0 0 0 0 0 0 0 0 0 0 0 0 0 0 0 0 0 0 0 0 0 0 0 0 0 0 0 0 0 0 0 0 0 0 
0 0 0 0 0 0 0 0 0 0 0 0 0 0 15 15 15 15 15 16 16 16 16 16 16 16 16 16 16 16 17 17 17 17 17 17 17 17 17 17 17 17 17 17 17 17 17 17 17 17 18 18 18 18 18 18 18 18 18 18 18 18 18 19 19 19 19 19 19 19 19 19 19 19 19 19 20 20 20 20 20 20 20 20 20 20 20 21 21 21 21 21 21 21 22 22 22 22 22 22 22 22 22 22 22 22 22 22 23 23 23 23 23 23 23 23 23 23 23 24 24 24 24 24 24 24 24 24 24 24 25 25 25 25 25 25 25 25 25 25 25 26 26 26 26 26 26 26 26 26 26 26 27 27 27 27 27 27 27 27 27 27 28 28 28 28 28 28 28 28 28 28 28 29 29 29 29 29 29 29 29 29 29 29 30 30 30 30 30 30 30 30 32 32 32 32 32 32 32 32 33 33 33 33 33 33 33 33 33 33 33 33 34 34 34 34 34 34 34 34 34 34 34 34 34 35 35 35 35 35 35 35 35 35 35 35 35 35 0 0 0 0 0 0 0 0 0 0 0 0 0 0 0 0 0 0 0 0 0 0 0 0 0 0 0 0 0 0 0 0 0 0 0 0 0 0 0 0 0 0 0 0 0 0 0 0 0 0 0 0 0 0 0 0 0 0 0 0 0 0 0 0 0 0 0 0 0 0 0 0 0 0 0 0 0 0 0 0 0 0 0 0 0 0 0 0 0 0 0 0 0 0 0 0 0 0 0 0 0 0 0 0 0 0 0 0 0 0 0 0 0 0 0 0 0 0 0 0 0 0 0 0 0 0 0 0 0 0 0 0 0 0 0 0 0 0 0 0 0 0 0 0 0 0 0 0 0 0 0 0 0 0 0 0 0 0 0 0 0 0 0 0 0 0 0 0 0 0 0 0 0 0 0 0 0 0 0 0 0 0 0 0 0 0 0 0 0 0 0 0 0 0 0 0 0 0 0 0 0 0 0 0 0 0 0 0 0 0 0 0 0 0 0 0 0 0 0 0 0 0 0 0 0 0 0 0 0 0 0 0 0 0 0 0 0 0 0 0 0 0 0 0 0 0 0 0 0 0 0 0 0 0 0 0 0 0 0 0 0 0 0 0 0 
0 0 0 0 0 0 0 0 0 0 0 0 0 0 0 0 0 16 16 16 16 16 16 16 16 16 16 16 16 17 17 17 17 17 17 17 17 17 17 17 17 18 17 17 17 17 17 17 18 18 18 18 18 18 18 18 18 18 18 18 18 19 19 19 19 19 19 19 19 19 19 19 19 19 19 20 20 20 20 20 20 20 20 20 20 21 21 21 21 21 21 21 21 22 22 22 22 22 22 22 22 22 22 22 22 22 23 23 23 23 23 23 23 23 23 23 23 24 24 24 24 24 24 24 24 24 24 24 24 25 25 25 25 25 25 25 25 25 25 25 26 26 26 26 26 26 26 26 26 26 27 27 27 27 27 27 27 27 27 27 28 28 28 28 28 28 28 28 28 28 28 29 29 29 29 29 29 29 29 29 29 29 30 30 30 30 30 30 30 30 30 30 32 32 32 32 32 32 33 33 33 33 33 33 33 33 33 33 33 33 34 34 34 34 34 34 34 34 34 34 34 34 34 35 35 35 35 35 35 35 35 35 35 35 35 35 36 36 0 0 0 0 0 0 0 0 0 0 0 0 0 0 0 0 0 0 0 0 0 0 0 0 0 0 0 0 0 0 0 0 0 0 0 0 0 0 0 0 0 0 0 0 0 0 0 0 0 0 0 0 0 0 0 0 0 0 0 0 0 0 0 0 0 0 0 0 0 0 0 0 0 0 0 0 0 0 0 0 0 0 0 0 0 0 0 0 0 0 0 0 0 0 0 0 0 0 0 0 0 0 0 0 0 0 0 0 0 0 0 0 0 0 0 0 0 0 0 0 0 0 0 0 0 0 0 0 0 0 0 0 0 0 0 0 0 0 0 0 0 0 0 0 0 0 0 0 0 0 0 0 0 0 0 0 0 0 0 0 0 0 0 0 0 0 0 0 0 0 0 0 0 0 0 0 0 0 0 0 0 0 0 0 0 0 0 0 0 0 0 0 0 0 0 0 0 0 0 0 0 0 0 0 0 0 0 0 0 0 0 0 0 0 0 0 0 0 0 0 0 0 0 0 0 0 0 0 0 0 0 0 0 0 0 0 0 0 0 0 0 0 0 0 0 0 0 0 0 0 0 0 0 0 0 0 0 0 0 0 0 0 0 0 0 
0 0 0 0 0 0 0 0 0 0 0 0 0 0 0 0 0 0 16 16 16 16 16 16 16 16 16 17 17 17 17 17 17 17 17 17 17 17 17 18 18 18 17 17 17 17 18 18 18 18 18 18 18 18 18 18 18 18 18 19 19 19 19 19 19 19 19 19 19 19 19 19 19 20 20 20 20 20 20 20 20 20 20 21 21 21 21 21 21 21 21 21 22 22 22 22 22 22 22 22 22 22 22 22 23 23 23 23 23 23 23 23 23 23 23 24 24 24 24 24 24 24 24 24 24 24 24 25 25 25 25 25 25 25 25 25 25 25 26 26 26 26 26 26 26 26 26 26 27 27 27 27 27 27 27 27 27 27 28 28 28 28 28 28 28 28 28 28 28 29 29 29 29 29 29 29 29 29 29 29 30 30 30 30 30 30 30 30 30 30 30 31 32 32 32 32 33 33 33 33 33 33 33 33 33 33 33 33 34 34 34 34 34 34 34 34 34 34 34 34 35 35 35 35 35 35 35 35 35 35 35 35 35 35 36 36 36 36 0 0 0 0 0 0 0 0 0 0 0 0 0 0 0 0 0 0 0 0 0 0 0 0 0 0 0 0 0 0 0 0 0 0 0 0 0 0 0 0 0 0 0 0 0 0 0 0 0 0 0 0 0 0 0 0 0 0 0 0 0 0 0 0 0 0 0 0 0 0 0 0 0 0 0 0 0 0 0 0 0 0 0 0 0 0 0 0 0 0 0 0 0 0 0 0 0 0 0 0 0 0 0 0 0 0 0 0 0 0 0 0 0 0 0 0 0 0 0 0 0 0 0 0 0 0 0 0 0 0 0 0 0 0 0 0 0 0 0 0 0 0 0 0 0 0 0 0 0 0 0 0 0 0 0 0 0 0 0 0 0 0 0 0 0 0 0 0 0 0 0 0 0 0 0 0 0 0 0 0 0 0 0 0 0 0 0 0 0 0 0 0 0 0 0 0 0 0 0 0 0 0 0 0 0 0 0 0 0 0 0 0 0 0 0 0 0 0 0 0 0 0 0 0 0 0 0 0 0 0 0 0 0 0 0 0 0 0 0 0 0 0 0 0 0 0 0 0 0 0 0 0 0 0 0 0 0 0 0 0 0 0 0 0 0 
0 0 0 0 0 0 0 0 0 0 0 0 0 0 0 0 0 0 16 16 16 16 16 16 16 17 17 17 17 17 17 17 17 17 17 17 17 18 18 18 18 18 17 17 17 18 18 18 18 18 18 18 18 18 18 18 18 19 19 19 19 19 19 19 19 19 19 19 19 20 20 20 20 20 20 20 20 20 20 20 20 20 21 21 21 21 21 21 21 21 21 21 22 22 22 22 22 22 22 22 22 22 23 23 23 23 23 23 23 23 23 23 23 24 24 24 24 24 24 24 24 24 24 24 24 25 25 25 25 25 25 25 25 25 25 25 26 26 26 26 26 26 26 26 26 26 27 27 27 27 27 27 27 27 27 27 27 28 28 28 28 28 28 28 28 28 28 29 29 29 29 29 29 29 29 29 29 29 30 30 30 30 30 30 30 30 30 30 30 31 31 31 32 32 33 33 33 33 33 33 33 33 33 33 33 34 34 34 34 34 34 34 34 34 34 34 34 34 35 35 35 35 35 35 35 35 35 35 35 35 35 36 36 36 36 36 36 36 0 0 0 0 0 0 0 0 0 0 0 0 0 0 0 0 0 0 0 0 0 0 0 0 0 0 0 0 0 0 0 0 0 0 0 0 0 0 0 0 0 0 0 0 0 0 0 0 0 0 0 0 0 0 0 0 0 0 0 0 0 0 0 0 0 0 0 0 0 0 0 0 0 0 0 0 0 0 0 0 0 0 0 0 0 0 0 0 0 0 0 0 0 0 0 0 0 0 0 0 0 0 0 0 0 0 0 0 0 0 0 0 0 0 0 0 0 0 0 0 0 0 0 0 0 0 0 0 0 0 0 0 0 0 0 0 0 0 0 0 0 0 0 0 0 0 0 0 0 0 0 0 0 0 0 0 0 0 0 0 0 0 0 0 0 0 0 0 0 0 0 0 0 0 0 0 0 0 0 0 0 0 0 0 0 0 0 0 0 0 0 0 0 0 0 0 0 0 0 0 0 0 0 0 0 0 0 0 0 0 0 0 0 0 0 0 0 0 0 0 0 0 0 0 0 0 0 0 0 0 0 0 0 0 0 0 0 0 0 0 0 0 0 0 0 0 0 0 0 0 0 0 0 0 0 0 0 0 0 0 0 0 0 0 0 
0 0 0 0 0 0 0 0 0 0 0 0 0 0 0 0 0 16 16 16 16 16 16 17 17 17 17 17 17 17 17 17 17 17 17 17 18 18 18 18 18 18 17 18 18 18 18 18 18 18 18 18 18 18 18 19 19 19 19 19 19 19 19 19 19 19 19 20 20 20 20 20 20 20 20 20 20 20 20 20 21 21 21 21 21 21 21 21 21 21 21 22 22 22 22 22 22 22 22 22 23 23 23 23 23 23 23 23 23 23 23 23 24 24 24 24 24 24 24 24 24 24 24 25 25 25 25 25 25 25 25 25 25 25 26 26 26 26 26 26 26 26 26 26 27 27 27 27 27 27 27 27 27 27 27 28 28 28 28 28 28 28 28 28 28 29 29 29 29 29 29 29 29 29 29 29 30 30 30 30 30 30 30 30 30 30 30 31 31 31 31 31 33 33 33 33 33 33 33 33 33 33 33 34 34 34 34 34 34 34 34 34 34 34 34 34 35 35 35 35 35 35 35 35 35 35 35 35 35 36 36 36 36 36 36 36 36 36 0 0 0 0 0 0 0 0 0 0 0 0 0 0 0 0 0 0 0 0 0 0 0 0 0 0 0 0 0 0 0 0 0 0 0 0 0 0 0 0 0 0 0 0 0 0 0 0 0 0 0 0 0 0 0 0 0 0 0 0 0 0 0 0 0 0 0 0 0 0 0 0 0 0 0 0 0 0 0 0 0 0 0 0 0 0 0 0 0 0 0 0 0 0 0 0 0 0 0 0 0 0 0 0 0 0 0 0 0 0 0 0 0 0 0 0 0 0 0 0 0 0 0 0 0 0 0 0 0 0 0 0 0 0 0 0 0 0 0 0 0 0 0 0 0 0 0 0 0 0 0 0 0 0 0 0 0 0 0 0 0 0 0 0 0 0 0 0 0 0 0 0 0 0 0 0 0 0 0 0 0 0 0 0 0 0 0 0 0 0 0 0 0 0 0 0 0 0 0 0 0 0 0 0 0 0 0 0 0 0 0 0 0 0 0 0 0 0 0 0 0 0 0 0 0 0 0 0 0 0 0 0 0 0 0 0 0 0 0 0 0 0 0 0 0 0 0 0 0 0 0 0 0 0 0 0 0 0 0 0 0 0 0 0 0 
0 0 0 0 0 0 0 0 0 0 0 0 0 0 0 16 16 16 16 16 16 16 17 17 17 17 17 17 17 17 17 17 17 17 18 18 18 18 18 18 18 18 18 18 18 18 18 18 18 18 18 18 18 19 19 19 19 19 19 19 19 19 19 19 19 19 20 20 20 20 20 20 20 20 20 20 20 20 21 21 21 21 21 21 21 21 21 21 21 22 22 22 22 22 22 22 22 22 23 23 23 23 23 23 23 23 23 23 23 23 24 24 24 24 24 24 24 24 24 24 24 25 25 25 25 25 25 25 25 25 25 25 26 26 26 26 26 26 26 26 26 26 27 27 27 27 27 27 27 27 27 27 27 28 28 28 28 28 28 28 28 28 28 28 29 29 29 29 29 29 29 29 29 29 30 30 30 30 30 30 30 30 30 30 30 31 31 31 31 31 31 31 33 33 33 33 33 33 33 33 33 34 34 34 34 34 34 34 34 34 34 34 34 35 35 35 35 35 35 35 35 35 35 35 35 35 35 36 36 36 36 36 36 36 36 36 36 0 0 0 0 0 0 0 0 0 0 0 0 0 0 0 0 0 0 0 0 0 0 0 0 0 0 0 0 0 0 0 0 0 0 0 0 0 0 0 0 0 0 0 0 0 0 0 0 0 0 0 0 0 0 0 0 0 0 0 0 0 0 0 0 0 0 0 0 0 0 0 0 0 0 0 0 0 0 0 0 0 0 0 0 0 0 0 0 0 0 0 0 0 0 0 0 0 0 0 0 0 0 0 0 0 0 0 0 0 0 0 0 0 0 0 0 0 0 0 0 0 0 0 0 0 0 0 0 0 0 0 0 0 0 0 0 0 0 0 0 0 0 0 0 0 0 0 0 0 0 0 0 0 0 0 0 0 0 0 0 0 0 0 0 0 0 0 0 0 0 0 0 0 0 0 0 0 0 0 0 0 0 0 0 0 0 0 0 0 0 0 0 0 0 0 0 0 0 0 0 0 0 0 0 0 0 0 0 0 0 0 0 0 0 0 0 0 0 0 0 0 0 0 0 0 0 0 0 0 0 0 0 0 0 0 0 0 0 0 0 0 0 0 0 0 0 0 0 0 0 0 0 0 0 0 0 0 0 0 0 0 0 0 0 0 0 
0 0 0 0 0 0 0 0 0 0 0 0 0 0 16 16 16 16 16 16 17 17 17 17 17 17 17 17 17 17 17 17 18 18 18 18 18 18 18 18 18 18 18 18 18 18 18 18 18 18 18 19 19 19 19 19 19 19 19 19 19 19 19 19 20 20 20 20 20 20 20 20 20 20 20 20 21 21 21 21 21 21 21 21 21 21 21 22 22 22 22 22 22 22 22 22 23 23 23 23 23 23 23 23 23 23 23 23 24 24 24 24 24 24 24 24 24 24 24 25 25 25 25 25 25 25 25 25 25 25 26 26 26 26 26 26 26 26 26 26 26 27 27 27 27 27 27 27 27 27 27 28 28 28 28 28 28 28 28 28 28 28 29 29 29 29 29 29 29 29 29 29 30 30 30 30 30 30 30 30 30 30 30 31 31 31 31 31 31 31 31 31 33 33 33 33 33 33 33 34 34 34 34 34 34 34 34 34 34 34 34 35 35 35 35 35 35 35 35 35 35 35 35 36 36 36 36 36 36 36 36 36 36 36 36 36 0 0 0 0 0 0 0 0 0 0 0 0 0 0 0 0 0 0 0 0 0 0 0 0 0 0 0 0 0 0 0 0 0 0 0 0 0 0 0 0 0 0 0 0 0 0 0 0 0 0 0 0 0 0 0 0 0 0 0 0 0 0 0 0 0 0 0 0 0 0 0 0 0 0 0 0 0 0 0 0 0 0 0 0 0 0 0 0 0 0 0 0 0 0 0 0 0 0 0 0 0 0 0 0 0 0 0 0 0 0 0 0 0 0 0 0 0 0 0 0 0 0 0 0 0 0 0 0 0 0 0 0 0 0 0 0 0 0 0 0 0 0 0 0 0 0 0 0 0 0 0 0 0 0 0 0 0 0 0 0 0 0 0 0 0 0 0 0 0 0 0 0 0 0 0 0 0 0 0 0 0 0 0 0 0 0 0 0 0 0 0 0 0 0 0 0 0 0 0 0 0 0 0 0 0 0 0 0 0 0 0 0 0 0 0 0 0 0 0 0 0 0 0 0 0 0 0 0 0 0 0 0 0 0 0 0 0 0 0 0 0 0 0 0 0 0 0 0 0 0 0 0 0 0 0 0 0 0 0 0 0 0 0 0 0 0 0 
0 0 0 0 0 0 0 0 0 0 0 0 0 0 16 16 16 16 16 17 17 17 17 17 17 17 17 17 17 17 17 18 18 18 18 18 18 18 18 18 18 18 18 18 18 18 18 18 18 19 19 19 19 19 19 19 19 19 19 19 19 19 20 20 20 20 20 20 20 20 20 20 20 20 21 21 21 21 21 21 21 21 21 21 21 21 22 22 22 22 22 22 22 22 23 23 23 23 23 23 23 23 23 23 23 23 24 24 24 24 24 24 24 24 24 24 24 24 25 25 25 25 25 25 25 25 25 25 25 26 26 26 26 26 26 26 26 26 26 26 27 27 27 27 27 27 27 27 27 28 28 28 28 28 28 28 28 28 28 28 29 29 29 29 29 29 29 29 29 29 30 30 30 30 30 30 30 30 30 30 30 31 31 31 31 31 31 31 31 31 31 31 33 33 33 33 33 34 34 34 34 34 34 34 34 34 34 34 34 35 35 35 35 35 35 35 35 35 35 35 35 36 36 36 36 36 36 36 36 36 36 36 36 36 36 37 0 0 0 0 0 0 0 0 0 0 0 0 0 0 0 0 0 0 0 0 0 0 0 0 0 0 0 0 0 0 0 0 0 0 0 0 0 0 0 0 0 0 0 0 0 0 0 0 0 0 0 0 0 0 0 0 0 0 0 0 0 0 0 0 0 0 0 0 0 0 0 0 0 0 0 0 0 0 0 0 0 0 0 0 0 0 0 0 0 0 0 0 0 0 0 0 0 0 0 0 0 0 0 0 0 0 0 0 0 0 0 0 0 0 0 0 0 0 0 0 0 0 0 0 0 0 0 0 0 0 0 0 0 0 0 0 0 0 0 0 0 0 0 0 0 0 0 0 0 0 0 0 0 0 0 0 0 0 0 0 0 0 0 0 0 0 0 0 0 0 0 0 0 0 0 0 0 0 0 0 0 0 0 0 0 0 0 0 0 0 0 0 0 0 0 0 0 0 0 0 0 0 0 0 0 0 0 0 0 0 0 0 0 0 0 0 0 0 0 0 0 0 0 0 0 0 0 0 0 0 0 0 0 0 0 0 0 0 0 0 0 0 0 0 0 0 0 0 0 0 0 0 0 0 0 0 0 0 0 0 0 0 0 0 0 0 0 
0 0 0 0 0 0 0 0 0 0 0 16 16 16 16 16 16 17 17 17 17 17 17 17 17 17 17 17 17 17 18 18 18 18 18 18 18 18 18 18 18 19 18 18 18 18 18 19 19 19 19 19 19 19 19 19 19 19 19 19 20 20 20 20 20 20 20 20 20 20 20 20 21 21 21 21 21 21 21 21 21 21 21 21 21 22 22 22 22 22 22 22 22 23 23 23 23 23 23 23 23 23 23 23 23 24 24 24 24 24 24 24 24 24 24 24 25 25 25 25 25 25 25 25 25 25 25 26 26 26 26 26 26 26 26 26 26 26 27 27 27 27 27 27 27 27 27 28 28 28 28 28 28 28 28 28 28 28 29 29 29 29 29 29 29 29 29 29 29 30 30 30 30 30 30 30 30 30 30 31 31 31 31 31 31 31 31 31 31 31 32 32 33 33 33 34 34 34 34 34 34 34 34 34 34 34 34 35 35 35 35 35 35 35 35 35 35 35 35 36 36 36 36 36 36 36 36 36 36 36 36 36 37 37 37 0 0 0 0 0 0 0 0 0 0 0 0 0 0 0 0 0 0 0 0 0 0 0 0 0 0 0 0 0 0 0 0 0 0 0 0 0 0 0 0 0 0 0 0 0 0 0 0 0 0 0 0 0 0 0 0 0 0 0 0 0 0 0 0 0 0 0 0 0 0 0 0 0 0 0 0 0 0 0 0 0 0 0 0 0 0 0 0 0 0 0 0 0 0 0 0 0 0 0 0 0 0 0 0 0 0 0 0 0 0 0 0 0 0 0 0 0 0 0 0 0 0 0 0 0 0 0 0 0 0 0 0 0 0 0 0 0 0 0 0 0 0 0 0 0 0 0 0 0 0 0 0 0 0 0 0 0 0 0 0 0 0 0 0 0 0 0 0 0 0 0 0 0 0 0 0 0 0 0 0 0 0 0 0 0 0 0 0 0 0 0 0 0 0 0 0 0 0 0 0 0 0 0 0 0 0 0 0 0 0 0 0 0 0 0 0 0 0 0 0 0 0 0 0 0 0 0 0 0 0 0 0 0 0 0 0 0 0 0 0 0 0 0 0 0 0 0 0 0 0 0 0 0 0 0 0 0 0 0 0 0 0 0 0 0 0 0 0 
0 0 0 0 0 0 0 0 0 0 0 16 16 16 16 17 17 17 17 17 17 17 17 17 17 17 17 18 18 18 18 18 18 18 18 18 18 18 18 19 19 19 18 18 18 19 19 19 19 19 19 19 19 19 19 19 19 19 20 20 20 20 20 20 20 20 20 20 20 20 21 21 21 21 21 21 21 21 21 21 21 21 22 22 22 22 22 22 22 22 22 22 23 23 23 23 23 23 23 23 23 23 23 24 24 24 24 24 24 24 24 24 24 24 25 25 25 25 25 25 25 25 25 25 25 26 26 26 26 26 26 26 26 26 26 26 27 27 27 27 27 27 27 27 27 27 28 28 28 28 28 28 28 28 28 28 29 29 29 29 29 29 29 29 29 29 30 30 30 30 30 30 30 30 30 30 30 31 31 31 31 31 31 31 31 31 31 32 32 32 32 32 33 34 34 34 34 34 34 34 34 34 34 34 34 35 35 35 35 35 35 35 35 35 35 35 35 36 36 36 36 36 36 36 36 36 36 36 36 36 37 37 37 37 0 0 0 0 0 0 0 0 0 0 0 0 0 0 0 0 0 0 0 0 0 0 0 0 0 0 0 0 0 0 0 0 0 0 0 0 0 0 0 0 0 0 0 0 0 0 0 0 0 0 0 0 0 0 0 0 0 0 0 0 0 0 0 0 0 0 0 0 0 0 0 0 0 0 0 0 0 0 0 0 0 0 0 0 0 0 0 0 0 0 0 0 0 0 0 0 0 0 0 0 0 0 0 0 0 0 0 0 0 0 0 0 0 0 0 0 0 0 0 0 0 0 0 0 0 0 0 0 0 0 0 0 0 0 0 0 0 0 0 0 0 0 0 0 0 0 0 0 0 0 0 0 0 0 0 0 0 0 0 0 0 0 0 0 0 0 0 0 0 0 0 0 0 0 0 0 0 0 0 0 0 0 0 0 0 0 0 0 0 0 0 0 0 0 0 0 0 0 0 0 0 0 0 0 0 0 0 0 0 0 0 0 0 0 0 0 0 0 0 0 0 0 0 0 0 0 0 0 0 0 0 0 0 0 0 0 0 0 0 0 0 0 0 0 0 0 0 0 0 0 0 0 0 0 0 0 0 0 0 0 0 0 0 0 0 0 0 0 0 
0 0 0 0 0 0 0 0 0 0 0 16 16 17 17 17 17 17 17 17 17 17 17 17 17 18 18 18 18 18 18 18 18 18 18 18 18 19 19 19 19 19 18 18 19 19 19 19 19 19 19 19 19 19 19 19 20 20 20 20 20 20 20 20 20 20 20 20 21 21 21 21 21 21 21 21 21 21 21 21 22 22 22 22 22 22 22 22 22 22 22 22 23 23 23 23 23 23 23 23 23 24 24 24 24 24 24 24 24 24 24 24 24 25 25 25 25 25 25 25 25 25 25 26 26 26 26 26 26 26 26 26 26 26 27 27 27 27 27 27 27 27 27 27 28 28 28 28 28 28 28 28 28 28 29 29 29 29 29 29 29 29 29 29 29 30 30 30 30 30 30 30 30 30 30 31 31 31 31 31 31 31 31 31 31 32 32 32 32 32 32 32 34 34 34 34 34 34 34 34 34 34 34 35 35 35 35 35 35 35 35 35 35 35 35 36 36 36 36 36 36 36 36 36 36 36 36 36 37 37 37 37 37 37 0 0 0 0 0 0 0 0 0 0 0 0 0 0 0 0 0 0 0 0 0 0 0 0 0 0 0 0 0 0 0 0 0 0 0 0 0 0 0 0 0 0 0 0 0 0 0 0 0 0 0 0 0 0 0 0 0 0 0 0 0 0 0 0 0 0 0 0 0 0 0 0 0 0 0 0 0 0 0 0 0 0 0 0 0 0 0 0 0 0 0 0 0 0 0 0 0 0 0 0 0 0 0 0 0 0 0 0 0 0 0 0 0 0 0 0 0 0 0 0 0 0 0 0 0 0 0 0 0 0 0 0 0 0 0 0 0 0 0 0 0 0 0 0 0 0 0 0 0 0 0 0 0 0 0 0 0 0 0 0 0 0 0 0 0 0 0 0 0 0 0 0 0 0 0 0 0 0 0 0 0 0 0 0 0 0 0 0 0 0 0 0 0 0 0 0 0 0 0 0 0 0 0 0 0 0 0 0 0 0 0 0 0 0 0 0 0 0 0 0 0 0 0 0 0 0 0 0 0 0 0 0 0 0 0 0 0 0 0 0 0 0 0 0 0 0 0 0 0 0 0 0 0 0 0 0 0 0 0 0 0 0 0 0 0 0 0 0 0 
0 0 0 0 0 0 0 0 0 0 0 0 17 17 17 17 17 17 17 17 17 17 17 17 18 18 18 18 18 18 18 18 18 18 18 18 19 19 19 19 19 19 19 19 19 19 19 19 19 19 19 19 19 19 20 20 20 20 20 20 20 20 20 20 20 20 21 21 21 21 21 21 21 21 21 21 21 21 22 22 22 22 22 22 22 22 22 22 22 22 23 23 23 23 23 23 23 23 23 23 24 24 24 24 24 24 24 24 24 24 25 25 25 25 25 25 25 25 25 25 25 25 26 26 26 26 26 26 26 26 26 26 26 27 27 27 27 27 27 27 27 27 28 28 28 28 28 28 28 28 28 28 29 29 29 29 29 29 29 29 29 29 29 30 30 30 30 30 30 30 30 30 30 31 31 31 31 31 31 31 31 31 31 32 32 32 32 32 32 32 32 32 34 34 34 34 34 34 34 34 34 35 35 35 35 35 35 35 35 35 35 35 35 36 36 36 36 36 36 36 36 36 36 36 36 37 37 37 37 37 37 37 37 37 0 0 0 0 0 0 0 0 0 0 0 0 0 0 0 0 0 0 0 0 0 0 0 0 0 0 0 0 0 0 0 0 0 0 0 0 0 0 0 0 0 0 0 0 0 0 0 0 0 0 0 0 0 0 0 0 0 0 0 0 0 0 0 0 0 0 0 0 0 0 0 0 0 0 0 0 0 0 0 0 0 0 0 0 0 0 0 0 0 0 0 0 0 0 0 0 0 0 0 0 0 0 0 0 0 0 0 0 0 0 0 0 0 0 0 0 0 0 0 0 0 0 0 0 0 0 0 0 0 0 0 0 0 0 0 0 0 0 0 0 0 0 0 0 0 0 0 0 0 0 0 0 0 0 0 0 0 0 0 0 0 0 0 0 0 0 0 0 0 0 0 0 0 0 0 0 0 0 0 0 0 0 0 0 0 0 0 0 0 0 0 0 0 0 0 0 0 0 0 0 0 0 0 0 0 0 0 0 0 0 0 0 0 0 0 0 0 0 0 0 0 0 0 0 0 0 0 0 0 0 0 0 0 0 0 0 0 0 0 0 0 0 0 0 0 0 0 0 0 0 0 0 0 0 0 0 0 0 0 0 0 0 0 0 0 0 0 0 0 
0 0 0 0 0 0 0 0 0 0 17 17 17 17 17 17 17 17 17 17 17 17 18 18 18 18 18 18 18 18 18 18 18 18 19 19 19 19 19 19 19 19 19 19 19 19 19 19 19 19 19 19 20 20 20 20 20 20 20 20 20 20 20 20 21 21 21 21 21 21 21 21 21 21 21 21 22 22 22 22 22 22 22 22 22 22 22 22 23 23 23 23 23 23 23 23 23 23 24 24 24 24 24 24 24 24 24 24 24 25 25 25 25 25 25 25 25 25 25 25 26 26 26 26 26 26 26 26 26 26 26 27 27 27 27 27 27 27 27 27 27 28 28 28 28 28 28 28 28 28 28 29 29 29 29 29 29 29 29 29 29 30 30 30 30 30 30 30 30 30 30 31 31 31 31 31 31 31 31 31 31 32 32 32 32 32 32 32 32 32 32 32 34 34 34 34 34 34 35 35 35 35 35 35 35 35 35 35 35 35 36 36 36 36 36 36 36 36 36 36 36 36 36 37 37 37 37 37 37 37 37 37 37 37 37 0 0 0 0 0 0 0 0 0 0 0 0 0 0 0 0 0 0 0 0 0 0 0 0 0 0 0 0 0 0 0 0 0 0 0 0 0 0 0 0 0 0 0 0 0 0 0 0 0 0 0 0 0 0 0 0 0 0 0 0 0 0 0 0 0 0 0 0 0 0 0 0 0 0 0 0 0 0 0 0 0 0 0 0 0 0 0 0 0 0 0 0 0 0 0 0 0 0 0 0 0 0 0 0 0 0 0 0 0 0 0 0 0 0 0 0 0 0 0 0 0 0 0 0 0 0 0 0 0 0 0 0 0 0 0 0 0 0 0 0 0 0 0 0 0 0 0 0 0 0 0 0 0 0 0 0 0 0 0 0 0 0 0 0 0 0 0 0 0 0 0 0 0 0 0 0 0 0 0 0 0 0 0 0 0 0 0 0 0 0 0 0 0 0 0 0 0 0 0 0 0 0 0 0 0 0 0 0 0 0 0 0 0 0 0 0 0 0 0 0 0 0 0 0 0 0 0 0 0 0 0 0 0 0 0 0 0 0 0 0 0 0 0 0 0 0 0 0 0 0 0 0 0 0 0 0 0 0 0 0 0 0 0 0 0 0 0 0 
0 0 0 0 0 0 0 0 0 17 17 17 17 17 17 17 17 17 17 17 18 18 18 18 18 18 18 18 18 18 18 18 18 19 19 19 19 19 19 19 19 19 19 19 19 19 19 19 19 19 20 20 20 20 20 20 20 20 20 20 20 20 21 21 21 21 21 21 21 21 21 21 21 21 22 22 22 22 22 22 22 22 22 22 22 22 23 23 23 23 23 23 23 23 23 23 24 24 24 24 24 24 24 24 24 24 24 25 25 25 25 25 25 25 25 25 25 25 26 26 26 26 26 26 26 26 26 26 26 27 27 27 27 27 27 27 27 27 27 27 28 28 28 28 28 28 28 28 28 29 29 29 29 29 29 29 29 29 29 30 30 30 30 30 30 30 30 30 30 31 31 31 31 31 31 31 31 31 31 32 32 32 32 32 32 32 32 32 32 32 33 33 34 34 34 34 35 35 35 35 35 35 35 35 35 35 35 35 36 36 36 36 36 36 36 36 36 36 36 36 37 37 37 37 37 37 37 37 37 37 37 37 37 37 38 38 38 38 0 0 0 0 0 0 0 0 0 0 0 0 0 0 0 0 0 0 0 0 0 0 0 0 0 0 0 0 0 0 0 0 0 0 0 0 0 0 0 0 0 0 0 0 0 0 0 0 0 0 0 0 0 0 0 0 0 0 0 0 0 0 0 0 0 0 0 0 0 0 0 0 0 0 0 0 0 0 0 0 0 0 0 0 0 0 0 0 0 0 0 0 0 0 0 0 0 0 0 0 0 0 0 0 0 0 0 0 0 0 0 0 0 0 0 0 0 0 0 0 0 0 0 0 0 0 0 0 0 0 0 0 0 0 0 0 0 0 0 0 0 0 0 0 0 0 0 0 0 0 0 0 0 0 0 0 0 0 0 0 0 0 0 0 0 0 0 0 0 0 0 0 0 0 0 0 0 0 0 0 0 0 0 0 0 0 0 0 0 0 0 0 0 0 0 0 0 0 0 0 0 0 0 0 0 0 0 0 0 0 0 0 0 0 0 0 0 0 0 0 0 0 0 0 0 0 0 0 0 0 0 0 0 0 0 0 0 0 0 0 0 0 0 0 0 0 0 0 0 0 0 0 0 0 0 0 0 0 0 0 0 0 0 0 0 
0 0 0 0 0 0 0 0 0 17 17 17 17 17 17 17 17 17 17 18 18 18 18 18 18 18 18 18 18 18 18 19 19 19 19 19 19 19 19 19 19 19 19 19 19 19 19 20 20 20 20 20 20 20 20 20 20 20 20 20 21 21 21 21 21 21 21 21 21 21 21 21 22 22 22 22 22 22 22 22 22 22 22 22 23 23 23 23 23 23 23 23 23 23 24 24 24 24 24 24 24 24 24 24 24 25 25 25 25 25 25 25 25 25 25 25 26 26 26 26 26 26 26 26 26 26 26 27 27 27 27 27 27 27 27 27 27 27 28 28 28 28 28 28 28 28 28 29 29 29 29 29 29 29 29 29 29 30 30 30 30 30 30 30 30 30 30 31 31 31 31 31 31 31 31 31 31 32 32 32 32 32 32 32 32 32 32 32 33 33 33 33 34 34 34 35 35 35 35 35 35 35 35 35 35 35 36 36 36 36 36 36 36 36 36 36 36 36 37 37 37 37 37 37 37 37 37 37 37 37 37 38 38 38 38 38 38 38 38 0 0 0 0 0 0 0 0 0 0 0 0 0 0 0 0 0 0 0 0 0 0 0 0 0 0 0 0 0 0 0 0 0 0 0 0 0 0 0 0 0 0 0 0 0 0 0 0 0 0 0 0 0 0 0 0 0 0 0 0 0 0 0 0 0 0 0 0 0 0 0 0 0 0 0 0 0 0 0 0 0 0 0 0 0 0 0 0 0 0 0 0 0 0 0 0 0 0 0 0 0 0 0 0 0 0 0 0 0 0 0 0 0 0 0 0 0 0 0 0 0 0 0 0 0 0 0 0 0 0 0 0 0 0 0 0 0 0 0 0 0 0 0 0 0 0 0 0 0 0 0 0 0 0 0 0 0 0 0 0 0 0 0 0 0 0 0 0 0 0 0 0 0 0 0 0 0 0 0 0 0 0 0 0 0 0 0 0 0 0 0 0 0 0 0 0 0 0 0 0 0 0 0 0 0 0 0 0 0 0 0 0 0 0 0 0 0 0 0 0 0 0 0 0 0 0 0 0 0 0 0 0 0 0 0 0 0 0 0 0 0 0 0 0 0 0 0 0 0 0 0 0 0 0 0 0 0 0 0 0 0 0 0 0 
0 0 0 0 0 0 0 0 0 17 17 17 17 17 17 17 18 18 18 18 18 18 18 18 18 18 18 18 18 19 19 19 19 19 19 19 19 19 19 19 19 20 19 19 19 19 20 20 20 20 20 20 20 20 20 20 20 20 21 21 21 21 21 21 21 21 21 21 21 21 22 22 22 22 22 22 22 22 22 22 22 22 23 23 23 23 23 23 23 23 23 23 24 24 24 24 24 24 24 24 24 24 24 24 25 25 25 25 25 25 25 25 25 25 25 26 26 26 26 26 26 26 26 26 26 26 27 27 27 27 27 27 27 27 27 27 28 28 28 28 28 28 28 28 28 28 29 29 29 29 29 29 29 29 29 30 30 30 30 30 30 30 30 30 30 31 31 31 31 31 31 31 31 31 31 32 32 32 32 32 32 32 32 32 32 32 33 33 33 33 33 33 34 35 35 35 35 35 35 35 35 35 35 35 36 36 36 36 36 36 36 36 36 36 36 36 37 37 37 37 37 37 37 37 37 37 37 37 37 38 38 38 38 38 38 38 38 38 38 38 0 0 0 0 0 0 0 0 0 0 0 0 0 0 0 0 0 0 0 0 0 0 0 0 0 0 0 0 0 0 0 0 0 0 0 0 0 0 0 0 0 0 0 0 0 0 0 0 0 0 0 0 0 0 0 0 0 0 0 0 0 0 0 0 0 0 0 0 0 0 0 0 0 0 0 0 0 0 0 0 0 0 0 0 0 0 0 0 0 0 0 0 0 0 0 0 0 0 0 0 0 0 0 0 0 0 0 0 0 0 0 0 0 0 0 0 0 0 0 0 0 0 0 0 0 0 0 0 0 0 0 0 0 0 0 0 0 0 0 0 0 0 0 0 0 0 0 0 0 0 0 0 0 0 0 0 0 0 0 0 0 0 0 0 0 0 0 0 0 0 0 0 0 0 0 0 0 0 0 0 0 0 0 0 0 0 0 0 0 0 0 0 0 0 0 0 0 0 0 0 0 0 0 0 0 0 0 0 0 0 0 0 0 0 0 0 0 0 0 0 0 0 0 0 0 0 0 0 0 0 0 0 0 0 0 0 0 0 0 0 0 0 0 0 0 0 0 0 0 0 0 0 0 0 0 0 0 0 0 0 0 0 0 
0 0 0 0 0 0 0 0 0 0 0 0 17 17 18 18 18 18 18 18 18 18 18 0 0 18 18 18 19 19 19 19 19 19 19 19 19 19 19 20 20 20 19 19 20 20 20 20 20 20 20 20 20 20 20 20 21 21 21 21 21 21 21 21 21 21 21 21 22 22 22 22 22 22 22 22 22 22 22 22 23 23 23 23 23 23 23 23 23 23 23 23 24 24 24 24 24 24 24 24 24 24 25 25 25 25 25 25 25 25 25 25 25 26 26 26 26 26 26 26 26 26 26 26 27 27 27 27 27 27 27 27 27 27 28 28 28 28 28 28 28 28 28 29 29 29 29 29 29 29 29 29 29 30 30 30 30 30 30 30 30 30 30 31 31 31 31 31 31 31 31 31 31 32 32 32 32 32 32 32 32 32 32 32 33 33 33 33 33 33 33 33 35 35 35 35 35 35 35 35 35 36 36 36 36 36 36 36 36 36 36 36 36 36 37 37 37 37 37 37 37 37 37 37 37 37 38 38 38 38 38 38 38 38 38 38 38 38 38 38 39 0 0 0 0 0 0 0 0 0 0 0 0 0 0 0 0 0 0 0 0 0 0 0 0 0 0 0 0 0 0 0 0 0 0 0 0 0 0 0 0 0 0 0 0 0 0 0 0 0 0 0 0 0 0 0 0 0 0 0 0 0 0 0 0 0 0 0 0 0 0 0 0 0 0 0 0 0 0 0 0 0 0 0 0 0 0 0 0 0 0 0 0 0 0 0 0 0 0 0 0 0 0 0 0 0 0 0 0 0 0 0 0 0 0 0 0 0 0 0 0 0 0 0 0 0 0 0 0 0 0 0 0 0 0 0 0 0 0 0 0 0 0 0 0 0 0 0 0 0 0 0 0 0 0 0 0 0 0 0 0 0 0 0 0 0 0 0 0 0 0 0 0 0 0 0 0 0 0 0 0 0 0 0 0 0 0 0 0 0 0 0 0 0 0 0 0 0 0 0 0 0 0 0 0 0 0 0 0 0 0 0 0 0 0 0 0 0 0 0 0 0 0 0 0 0 0 0 0 0 0 0 0 0 0 0 0 0 0 0 0 0 0 0 0 0 0 0 0 0 0 0 0 0 0 0 0 0 0 0 0 0 0 
0 0 0 0 0 0 0 0 0 0 0 0 0 18 18 18 18 18 18 18 18 18 0 0 0 0 18 19 19 19 19 19 19 19 19 19 19 20 20 20 20 20 20 20 20 20 20 20 20 20 20 20 20 20 21 21 21 21 21 21 21 21 21 21 21 21 22 22 22 22 22 22 22 22 22 22 22 22 23 23 23 23 23 23 23 23 23 23 23 23 24 24 24 24 24 24 24 24 24 24 25 25 25 25 25 25 25 25 25 25 25 25 26 26 26 26 26 26 26 26 26 26 27 27 27 27 27 27 27 27 27 27 27 28 28 28 28 28 28 28 28 28 29 29 29 29 29 29 29 29 29 29 30 30 30 30 30 30 30 30 30 30 31 31 31 31 31 31 31 31 31 32 32 32 32 32 32 32 32 32 32 33 33 33 33 33 33 33 33 33 33 33 35 35 35 35 35 35 35 36 36 36 36 36 36 36 36 36 36 36 36 37 37 37 37 37 37 37 37 37 37 37 37 37 38 38 38 38 38 38 38 38 38 38 38 38 38 39 39 39 39 0 0 0 0 0 0 0 0 0 0 0 0 0 0 0 0 0 0 0 0 0 0 0 0 0 0 0 0 0 0 0 0 0 0 0 0 0 0 0 0 0 0 0 0 0 0 0 0 0 0 0 0 0 0 0 0 0 0 0 0 0 0 0 0 0 0 0 0 0 0 0 0 0 0 0 0 0 0 0 0 0 0 0 0 0 0 0 0 0 0 0 0 0 0 0 0 0 0 0 0 0 0 0 0 0 0 0 0 0 0 0 0 0 0 0 0 0 0 0 0 0 0 0 0 0 0 0 0 0 0 0 0 0 0 0 0 0 0 0 0 0 0 0 0 0 0 0 0 0 0 0 0 0 0 0 0 0 0 0 0 0 0 0 0 0 0 0 0 0 0 0 0 0 0 0 0 0 0 0 0 0 0 0 0 0 0 0 0 0 0 0 0 0 0 0 0 0 0 0 0 0 0 0 0 0 0 0 0 0 0 0 0 0 0 0 0 0 0 0 0 0 0 0 0 0 0 0 0 0 0 0 0 0 0 0 0 0 0 0 0 0 0 0 0 0 0 0 0 0 0 0 0 0 0 0 0 0 0 0 0 0 0 
0 0 0 0 0 0 0 0 0 0 0 0 0 0 0 18 18 18 18 18 0 0 0 0 0 0 18 19 19 19 19 19 19 19 19 20 20 20 20 20 20 20 20 20 20 20 20 20 20 20 20 20 21 21 21 21 21 21 21 21 21 21 21 21 22 22 22 22 22 22 22 22 22 22 22 22 23 23 23 23 23 23 23 23 23 23 23 23 24 24 24 24 24 24 24 24 24 24 25 25 25 25 25 25 25 25 25 25 25 26 26 26 26 26 26 26 26 26 26 26 27 27 27 27 27 27 27 27 27 27 27 28 28 28 28 28 28 28 28 28 28 29 29 29 29 29 29 29 29 29 30 30 30 30 30 30 30 30 30 30 31 31 31 31 31 31 31 31 31 32 32 32 32 32 32 32 32 32 32 33 33 33 33 33 33 33 33 33 33 33 34 34 35 35 35 35 35 36 36 36 36 36 36 36 36 36 36 36 36 37 37 37 37 37 37 37 37 37 37 37 37 38 38 38 38 38 38 38 38 38 38 38 38 38 39 39 39 39 39 39 39 39 0 0 0 0 0 0 0 0 0 0 0 0 0 0 0 0 0 0 0 0 0 0 0 0 0 0 0 0 0 0 0 0 0 0 0 0 0 0 0 0 0 0 0 0 0 0 0 0 0 0 0 0 0 0 0 0 0 0 0 0 0 0 0 0 0 0 0 0 0 0 0 0 0 0 0 0 0 0 0 0 0 0 0 0 0 0 0 0 0 0 0 0 0 0 0 0 0 0 0 0 0 0 0 0 0 0 0 0 0 0 0 0 0 0 0 0 0 0 0 0 0 0 0 0 0 0 0 0 0 0 0 0 0 0 0 0 0 0 0 0 0 0 0 0 0 0 0 0 0 0 0 0 0 0 0 0 0 0 0 0 0 0 0 0 0 0 0 0 0 0 0 0 0 0 0 0 0 0 0 0 0 0 0 0 0 0 0 0 0 0 0 0 0 0 0 0 0 0 0 0 0 0 0 0 0 0 0 0 0 0 0 0 0 0 0 0 0 0 0 0 0 0 0 0 0 0 0 0 0 0 0 0 0 0 0 0 0 0 0 0 0 0 0 0 0 0 0 0 0 0 0 0 0 0 0 0 0 0 0 0 0 
0 0 0 0 0 0 0 0 0 0 0 0 0 0 0 0 0 0 0 0 0 0 0 0 0 0 0 0 0 0 0 19 19 19 20 20 20 20 20 20 20 20 20 20 20 20 20 20 20 21 21 21 21 21 21 21 21 21 21 21 21 21 22 22 22 22 22 22 22 22 22 22 22 22 23 23 23 23 23 23 23 23 23 23 23 23 24 24 24 24 24 24 24 24 24 24 25 25 25 25 25 25 25 25 25 25 25 25 26 26 26 26 26 26 26 26 26 26 26 27 27 27 27 27 27 27 27 27 27 28 28 28 28 28 28 28 28 28 28 29 29 29 29 29 29 29 29 29 30 30 30 30 30 30 30 30 30 30 31 31 31 31 31 31 31 31 31 32 32 32 32 32 32 32 32 32 32 33 33 33 33 33 33 33 33 33 33 33 34 34 34 34 35 35 35 35 36 36 36 36 36 36 36 36 36 36 36 37 37 37 37 37 37 37 37 37 37 37 37 38 38 38 38 38 38 38 38 38 38 38 38 38 39 39 39 39 39 39 39 39 39 0 0 0 0 0 0 0 0 0 0 0 0 0 0 0 0 0 0 0 0 0 0 0 0 0 0 0 0 0 0 0 0 0 0 0 0 0 0 0 0 0 0 0 0 0 0 0 0 0 0 0 0 0 0 0 0 0 0 0 0 0 0 0 0 0 0 0 0 0 0 0 0 0 0 0 0 0 0 0 0 0 0 0 0 0 0 0 0 0 0 0 0 0 0 0 0 0 0 0 0 0 0 0 0 0 0 0 0 0 0 0 0 0 0 0 0 0 0 0 0 0 0 0 0 0 0 0 0 0 0 0 0 0 0 0 0 0 0 0 0 0 0 0 0 0 0 0 0 0 0 0 0 0 0 0 0 0 0 0 0 0 0 0 0 0 0 0 0 0 0 0 0 0 0 0 0 0 0 0 0 0 0 0 0 0 0 0 0 0 0 0 0 0 0 0 0 0 0 0 0 0 0 0 0 0 0 0 0 0 0 0 0 0 0 0 0 0 0 0 0 0 0 0 0 0 0 0 0 0 0 0 0 0 0 0 0 0 0 0 0 0 0 0 0 0 0 0 0 0 0 0 0 0 0 0 0 0 0 0 0 0 0 
0 0 0 0 0 0 0 0 0 0 0 0 0 0 0 0 0 0 0 0 0 0 0 0 0 0 0 0 0 0 0 0 0 20 20 20 20 20 20 20 20 20 20 20 20 20 20 20 21 21 21 21 21 21 21 21 21 21 21 21 22 22 22 22 22 22 22 22 22 22 22 22 23 23 23 23 23 23 23 23 23 23 23 23 24 24 24 24 24 24 24 24 24 24 25 25 25 25 25 25 25 25 25 25 25 25 26 26 26 26 26 26 26 26 26 26 26 27 27 27 27 27 27 27 27 27 27 28 28 28 28 28 28 28 28 28 28 28 29 29 29 29 29 29 29 29 29 30 30 30 30 30 30 30 30 30 31 31 31 31 31 31 31 31 31 32 32 32 32 32 32 32 32 32 32 33 33 33 33 33 33 33 33 33 33 33 34 34 34 34 34 34 35 35 36 36 36 36 36 36 36 36 36 36 36 37 37 37 37 37 37 37 37 37 37 37 37 38 38 38 38 38 38 38 38 38 38 38 38 38 39 39 39 39 39 39 39 39 39 39 0 0 0 0 0 0 0 0 0 0 0 0 0 0 0 0 0 0 0 0 0 0 0 0 0 0 0 0 0 0 0 0 0 0 0 0 0 0 0 0 0 0 0 0 0 0 0 0 0 0 0 0 0 0 0 0 0 0 0 0 0 0 0 0 0 0 0 0 0 0 0 0 0 0 0 0 0 0 0 0 0 0 0 0 0 0 0 0 0 0 0 0 0 0 0 0 0 0 0 0 0 0 0 0 0 0 0 0 0 0 0 0 0 0 0 0 0 0 0 0 0 0 0 0 0 0 0 0 0 0 0 0 0 0 0 0 0 0 0 0 0 0 0 0 0 0 0 0 0 0 0 0 0 0 0 0 0 0 0 0 0 0 0 0 0 0 0 0 0 0 0 0 0 0 0 0 0 0 0 0 0 0 0 0 0 0 0 0 0 0 0 0 0 0 0 0 0 0 0 0 0 0 0 0 0 0 0 0 0 0 0 0 0 0 0 0 0 0 0 0 0 0 0 0 0 0 0 0 0 0 0 0 0 0 0 0 0 0 0 0 0 0 0 0 0 0 0 0 0 0 0 0 0 0 0 0 0 0 0 0 0 0 0 
0 0 0 0 0 0 0 0 0 0 0 0 0 0 0 0 0 0 0 0 0 0 0 0 0 0 0 0 0 0 0 0 0 0 20 20 20 20 20 20 20 20 20 20 20 20 21 21 21 21 21 21 21 21 21 21 21 21 22 22 22 22 22 22 22 22 22 22 22 22 23 23 23 23 23 23 23 23 23 23 23 23 24 24 24 24 24 24 24 24 24 24 25 25 25 25 25 25 25 25 25 25 25 25 26 26 26 26 26 26 26 26 26 26 26 27 27 27 27 27 27 27 27 27 27 28 28 28 28 28 28 28 28 28 28 28 29 29 29 29 29 29 29 29 30 30 30 30 30 30 30 30 30 30 31 31 31 31 31 31 31 31 31 31 32 32 32 32 32 32 32 32 32 33 33 33 33 33 33 33 33 33 33 33 34 34 34 34 34 34 34 34 36 36 36 36 36 36 36 36 36 36 36 37 37 37 37 37 37 37 37 37 37 37 38 38 38 38 38 38 38 38 38 38 38 38 38 39 39 39 39 39 39 39 39 39 39 39 0 0 0 0 0 0 0 0 0 0 0 0 0 0 0 0 0 0 0 0 0 0 0 0 0 0 0 0 0 0 0 0 0 0 0 0 0 0 0 0 0 0 0 0 0 0 0 0 0 0 0 0 0 0 0 0 0 0 0 0 0 0 0 0 0 0 0 0 0 0 0 0 0 0 0 0 0 0 0 0 0 0 0 0 0 0 0 0 0 0 0 0 0 0 0 0 0 0 0 0 0 0 0 0 0 0 0 0 0 0 0 0 0 0 0 0 0 0 0 0 0 0 0 0 0 0 0 0 0 0 0 0 0 0 0 0 0 0 0 0 0 0 0 0 0 0 0 0 0 0 0 0 0 0 0 0 0 0 0 0 0 0 0 0 0 0 0 0 0 0 0 0 0 0 0 0 0 0 0 0 0 0 0 0 0 0 0 0 0 0 0 0 0 0 0 0 0 0 0 0 0 0 0 0 0 0 0 0 0 0 0 0 0 0 0 0 0 0 0 0 0 0 0 0 0 0 0 0 0 0 0 0 0 0 0 0 0 0 0 0 0 0 0 0 0 0 0 0 0 0 0 0 0 0 0 0 0 0 0 0 0 0 0 0 0 
0 0 0 0 0 0 0 0 0 0 0 0 0 0 0 0 0 0 0 0 0 0 0 0 0 0 0 0 0 0 0 0 0 0 20 20 20 20 20 20 21 21 20 20 21 21 21 21 21 21 21 21 21 21 21 21 22 22 22 22 22 22 22 22 22 22 22 22 23 23 23 23 23 23 23 23 23 23 23 23 24 24 24 24 24 24 24 24 24 24 24 25 25 25 25 25 25 25 25 25 25 25 26 26 26 26 26 26 26 26 26 26 26 27 27 27 27 27 27 27 27 27 27 27 28 28 28 28 28 28 28 28 28 28 29 29 29 29 29 29 29 29 29 30 30 30 30 30 30 30 30 30 31 31 31 31 31 31 31 31 31 31 32 32 32 32 32 32 32 32 32 33 33 33 33 33 33 33 33 33 33 34 34 34 34 34 34 34 34 34 34 34 36 36 36 36 36 36 36 36 36 37 37 37 37 37 37 37 37 37 37 37 38 38 38 38 38 38 38 38 38 38 38 38 38 39 39 39 39 39 39 39 39 39 39 39 0 0 0 0 0 0 0 0 0 0 0 0 0 0 0 0 0 0 0 0 0 0 0 0 0 0 0 0 0 0 0 0 0 0 0 0 0 0 0 0 0 0 0 0 0 0 0 0 0 0 0 0 0 0 0 0 0 0 0 0 0 0 0 0 0 0 0 0 0 0 0 0 0 0 0 0 0 0 0 0 0 0 0 0 0 0 0 0 0 0 0 0 0 0 0 0 0 0 0 0 0 0 0 0 0 0 0 0 0 0 0 0 0 0 0 0 0 0 0 0 0 0 0 0 0 0 0 0 0 0 0 0 0 0 0 0 0 0 0 0 0 0 0 0 0 0 0 0 0 0 0 0 0 0 0 0 0 0 0 0 0 0 0 0 0 0 0 0 0 0 0 0 0 0 0 0 0 0 0 0 0 0 0 0 0 0 0 0 0 0 0 0 0 0 0 0 0 0 0 0 0 0 0 0 0 0 0 0 0 0 0 0 0 0 0 0 0 0 0 0 0 0 0 0 0 0 0 0 0 0 0 0 0 0 0 0 0 0 0 0 0 0 0 0 0 0 0 0 0 0 0 0 0 0 0 0 0 0 0 0 0 0 0 0 0 0 0 
0 0 0 0 0 0 0 0 0 0 0 0 0 0 0 0 0 0 0 0 0 0 0 0 0 0 0 0 0 0 0 0 0 0 20 20 20 20 21 21 21 21 21 21 21 21 21 21 21 21 21 21 21 22 22 22 22 22 22 22 22 22 22 22 22 22 23 23 23 23 23 23 23 23 23 23 23 23 24 24 24 24 24 24 24 24 24 24 24 25 25 25 25 25 25 25 25 25 25 25 26 26 26 26 26 26 26 26 26 26 26 26 27 27 27 27 27 27 27 27 27 27 28 28 28 28 28 28 28 28 28 28 28 29 29 29 29 29 29 29 29 29 30 30 30 30 30 30 30 30 30 31 31 31 31 31 31 31 31 31 32 32 32 32 32 32 32 32 32 33 33 33 33 33 33 33 33 33 33 34 34 34 34 34 34 34 34 34 34 34 35 35 36 36 36 36 36 36 36 37 37 37 37 37 37 37 37 37 37 37 38 38 38 38 38 38 38 38 38 38 38 38 39 39 39 39 39 39 39 39 39 39 39 39 39 0 0 0 0 0 0 0 0 0 0 0 0 0 0 0 0 0 0 0 0 0 0 0 0 0 0 0 0 0 0 0 0 0 0 0 0 0 0 0 0 0 0 0 0 0 0 0 0 0 0 0 0 0 0 0 0 0 0 0 0 0 0 0 0 0 0 0 0 0 0 0 0 0 0 0 0 0 0 0 0 0 0 0 0 0 0 0 0 0 0 0 0 0 0 0 0 0 0 0 0 0 0 0 0 0 0 0 0 0 0 0 0 0 0 0 0 0 0 0 0 0 0 0 0 0 0 0 0 0 0 0 0 0 0 0 0 0 0 0 0 0 0 0 0 0 0 0 0 0 0 0 0 0 0 0 0 0 0 0 0 0 0 0 0 0 0 0 0 0 0 0 0 0 0 0 0 0 0 0 0 0 0 0 0 0 0 0 0 0 0 0 0 0 0 0 0 0 0 0 0 0 0 0 0 0 0 0 0 0 0 0 0 0 0 0 0 0 0 0 0 0 0 0 0 0 0 0 0 0 0 0 0 0 0 0 0 0 0 0 0 0 0 0 0 0 0 0 0 0 0 0 0 0 0 0 0 0 0 0 0 0 0 0 0 0 0 0 0 
0 0 0 0 0 0 0 0 0 0 0 0 0 0 0 0 0 0 0 0 0 19 19 19 19 20 0 0 0 0 0 20 20 20 20 20 21 21 21 21 21 21 21 21 21 21 21 21 21 21 21 22 22 22 22 22 22 22 22 22 22 22 22 23 23 23 23 23 23 23 23 23 23 23 23 24 24 24 24 24 24 24 24 24 24 24 24 25 25 25 25 25 25 25 25 25 25 25 26 26 26 26 26 26 26 26 26 26 26 26 27 27 27 27 27 27 27 27 27 27 27 28 28 28 28 28 28 28 28 28 29 29 29 29 29 29 29 29 29 29 29 30 30 30 30 30 30 30 30 30 31 31 31 31 31 31 31 31 32 32 32 32 32 32 32 32 32 32 33 33 33 33 33 33 33 33 33 34 34 34 34 34 34 34 34 34 34 34 35 35 35 35 36 36 36 36 36 37 37 37 37 37 37 37 37 37 37 37 38 38 38 38 38 38 38 38 38 38 38 38 39 39 39 39 39 39 39 39 39 39 39 39 39 40 40 0 0 0 0 0 0 0 0 0 0 0 0 0 0 0 0 0 0 0 0 0 0 0 0 0 0 0 0 0 0 0 0 0 0 0 0 0 0 0 0 0 0 0 0 0 0 0 0 0 0 0 0 0 0 0 0 0 0 0 0 0 0 0 0 0 0 0 0 0 0 0 0 0 0 0 0 0 0 0 0 0 0 0 0 0 0 0 0 0 0 0 0 0 0 0 0 0 0 0 0 0 0 0 0 0 0 0 0 0 0 0 0 0 0 0 0 0 0 0 0 0 0 0 0 0 0 0 0 0 0 0 0 0 0 0 0 0 0 0 0 0 0 0 0 0 0 0 0 0 0 0 0 0 0 0 0 0 0 0 0 0 0 0 0 0 0 0 0 0 0 0 0 0 0 0 0 0 0 0 0 0 0 0 0 0 0 0 0 0 0 0 0 0 0 0 0 0 0 0 0 0 0 0 0 0 0 0 0 0 0 0 0 0 0 0 0 0 0 0 0 0 0 0 0 0 0 0 0 0 0 0 0 0 0 0 0 0 0 0 0 0 0 0 0 0 0 0 0 0 0 0 0 0 0 0 0 0 0 0 0 0 0 0 0 0 0 0 0 
0 0 0 0 0 0 0 0 0 0 0 0 0 0 0 0 0 0 0 0 0 19 20 20 20 20 20 20 20 20 20 20 20 20 21 21 21 21 21 21 21 21 21 21 21 21 21 21 21 22 22 22 22 22 22 22 22 22 22 22 22 23 23 23 23 23 23 23 23 23 23 23 23 24 24 24 24 24 24 24 24 24 24 24 24 25 25 25 25 25 25 25 25 25 25 25 26 26 26 26 26 26 26 26 26 26 26 26 27 27 27 27 27 27 27 27 27 27 27 28 28 28 28 28 28 28 28 28 28 29 29 29 29 29 29 29 29 29 29 30 30 30 30 30 30 30 30 31 31 31 31 31 31 31 31 31 32 32 32 32 32 32 32 32 32 32 33 33 33 33 33 33 33 33 33 34 34 34 34 34 34 34 34 34 34 35 35 35 35 35 35 35 36 36 36 37 37 37 37 37 37 37 37 37 37 37 38 38 38 38 38 38 38 38 38 38 38 39 39 39 39 39 39 39 39 39 39 39 39 39 40 40 40 40 40 40 40 40 40 40 40 40 0 0 0 0 0 0 0 0 0 0 0 0 0 0 0 0 0 0 0 0 0 0 0 0 0 0 0 0 0 0 0 0 0 0 0 0 0 0 0 0 0 0 0 0 0 0 0 0 0 0 0 0 0 0 0 0 0 0 0 0 0 0 0 0 0 0 0 0 0 0 0 0 0 0 0 0 0 0 0 0 0 0 0 0 0 0 0 0 0 0 0 0 0 0 0 0 0 0 0 0 0 0 0 0 0 0 0 0 0 0 0 0 0 0 0 0 0 0 0 0 0 0 0 0 0 0 0 0 0 0 0 0 0 0 0 0 0 0 0 0 0 0 0 0 0 0 0 0 0 0 0 0 0 0 0 0 0 0 0 0 0 0 0 0 0 0 0 0 0 0 0 0 0 0 0 0 0 0 0 0 0 0 0 0 0 0 0 0 0 0 0 0 0 0 0 0 0 0 0 0 0 0 0 0 0 0 0 0 0 0 0 0 0 0 0 0 0 0 0 0 0 0 0 0 0 0 0 0 0 0 0 0 0 0 0 0 0 0 0 0 0 0 0 0 0 0 0 0 0 0 0 0 0 0 0 0 0 0 0 0 0 
0 0 0 0 0 0 0 0 0 0 0 0 0 0 0 0 0 0 0 0 0 20 20 20 20 20 20 20 20 20 20 20 21 21 21 21 21 21 21 21 21 21 21 21 21 21 21 22 22 22 22 22 22 22 22 22 22 22 22 23 23 23 23 23 23 23 23 23 23 23 23 24 24 24 24 24 24 24 24 24 24 24 24 25 25 25 25 25 25 25 25 25 25 25 26 26 26 26 26 26 26 26 26 26 26 26 27 27 27 27 27 27 27 27 27 27 27 28 28 28 28 28 28 28 28 28 28 28 29 29 29 29 29 29 29 29 29 30 30 30 30 30 30 30 30 31 31 31 31 31 31 31 31 31 31 32 32 32 32 32 32 32 32 32 33 33 33 33 33 33 33 33 33 34 34 34 34 34 34 34 34 34 34 35 35 35 35 35 35 35 35 35 36 37 37 37 37 37 37 37 37 37 37 37 38 38 38 38 38 38 38 38 38 38 38 39 39 39 39 39 39 39 39 39 39 39 39 39 40 40 40 40 40 40 40 40 40 40 40 40 40 40 41 41 0 0 0 0 0 0 0 0 0 0 0 0 0 0 0 0 0 0 0 0 0 0 0 0 0 0 0 0 0 0 0 0 0 0 0 0 0 0 0 0 0 0 0 0 0 0 0 0 0 0 0 0 0 0 0 0 0 0 0 0 0 0 0 0 0 0 0 0 0 0 0 0 0 0 0 0 0 0 0 0 0 0 0 0 0 0 0 0 0 0 0 0 0 0 0 0 0 0 0 0 0 0 0 0 0 0 0 0 0 0 0 0 0 0 0 0 0 0 0 0 0 0 0 0 0 0 0 0 0 0 0 0 0 0 0 0 0 0 0 0 0 0 0 0 0 0 0 0 0 0 0 0 0 0 0 0 0 0 0 0 0 0 0 0 0 0 0 0 0 0 0 0 0 0 0 0 0 0 0 0 0 0 0 0 0 0 0 0 0 0 0 0 0 0 0 0 0 0 0 0 0 0 0 0 0 0 0 0 0 0 0 0 0 0 0 0 0 0 0 0 0 0 0 0 0 0 0 0 0 0 0 0 0 0 0 0 0 0 0 0 0 0 0 0 0 0 0 0 0 0 0 0 0 0 0 0 0 0 0 
0 0 0 0 0 0 0 0 0 0 0 0 0 0 0 0 0 0 0 0 0 20 20 20 20 20 20 20 20 20 21 21 21 21 21 21 21 21 21 21 21 21 21 21 21 22 22 22 22 22 22 22 22 22 22 22 22 23 23 23 23 23 23 23 23 23 23 23 23 24 24 24 24 24 24 24 24 24 24 24 24 25 25 25 25 25 25 25 25 25 25 25 26 26 26 26 26 26 26 26 26 26 26 26 27 27 27 27 27 27 27 27 27 27 27 28 28 28 28 28 28 28 28 28 28 28 29 29 29 29 29 29 29 29 29 29 30 30 30 30 30 30 30 30 31 31 31 31 31 31 31 31 31 32 32 32 32 32 32 32 32 32 33 33 33 33 33 33 33 33 33 34 34 34 34 34 34 34 34 34 34 35 35 35 35 35 35 35 35 35 35 35 37 37 37 37 37 37 37 37 37 38 38 38 38 38 38 38 38 38 38 38 38 39 39 39 39 39 39 39 39 39 39 39 39 40 40 40 40 40 40 40 40 40 40 40 40 40 40 41 41 41 41 41 41 41 0 0 0 0 0 0 0 0 0 0 0 0 0 0 0 0 0 0 0 0 0 0 0 0 0 0 0 0 0 0 0 0 0 0 0 0 0 0 0 0 0 0 0 0 0 0 0 0 0 0 0 0 0 0 0 0 0 0 0 0 0 0 0 0 0 0 0 0 0 0 0 0 0 0 0 0 0 0 0 0 0 0 0 0 0 0 0 0 0 0 0 0 0 0 0 0 0 0 0 0 0 0 0 0 0 0 0 0 0 0 0 0 0 0 0 0 0 0 0 0 0 0 0 0 0 0 0 0 0 0 0 0 0 0 0 0 0 0 0 0 0 0 0 0 0 0 0 0 0 0 0 0 0 0 0 0 0 0 0 0 0 0 0 0 0 0 0 0 0 0 0 0 0 0 0 0 0 0 0 0 0 0 0 0 0 0 0 0 0 0 0 0 0 0 0 0 0 0 0 0 0 0 0 0 0 0 0 0 0 0 0 0 0 0 0 0 0 0 0 0 0 0 0 0 0 0 0 0 0 0 0 0 0 0 0 0 0 0 0 0 0 0 0 0 0 0 0 0 0 0 0 0 0 0 0 0 0 
0 0 0 0 0 0 0 0 0 0 0 0 0 0 0 0 0 0 0 0 20 20 20 20 20 20 20 20 21 21 21 21 21 21 21 21 21 21 21 21 22 22 21 22 22 22 22 22 22 22 22 22 22 22 22 23 23 23 23 23 23 23 23 23 23 23 23 24 24 24 24 24 24 24 24 24 24 24 24 25 25 25 25 25 25 25 25 25 25 25 25 26 26 26 26 26 26 26 26 26 26 26 27 27 27 27 27 27 27 27 27 27 27 27 28 28 28 28 28 28 28 28 28 28 29 29 29 29 29 29 29 29 29 29 30 30 30 30 30 30 30 30 31 31 31 31 31 31 31 31 31 31 32 32 32 32 32 32 32 32 33 33 33 33 33 33 33 33 33 34 34 34 34 34 34 34 34 34 34 35 35 35 35 35 35 35 35 35 35 36 36 36 37 37 37 37 37 37 37 38 38 38 38 38 38 38 38 38 38 38 38 39 39 39 39 39 39 39 39 39 39 39 39 40 40 40 40 40 40 40 40 40 40 40 40 40 41 41 41 41 41 41 41 41 41 41 41 0 0 0 0 0 0 0 0 0 0 0 0 0 0 0 0 0 0 0 0 0 0 0 0 0 0 0 0 0 0 0 0 0 0 0 0 0 0 0 0 0 0 0 0 0 0 0 0 0 0 0 0 0 0 0 0 0 0 0 0 0 0 0 0 0 0 0 0 0 0 0 0 0 0 0 0 0 0 0 0 0 0 0 0 0 0 0 0 0 0 0 0 0 0 0 0 0 0 0 0 0 0 0 0 0 0 0 0 0 0 0 0 0 0 0 0 0 0 0 0 0 0 0 0 0 0 0 0 0 0 0 0 0 0 0 0 0 0 0 0 0 0 0 0 0 0 0 0 0 0 0 0 0 0 0 0 0 0 0 0 0 0 0 0 0 0 0 0 0 0 0 0 0 0 0 0 0 0 0 0 0 0 0 0 0 0 0 0 0 0 0 0 0 0 0 0 0 0 0 0 0 0 0 0 0 0 0 0 0 0 0 0 0 0 0 0 0 0 0 0 0 0 0 0 0 0 0 0 0 0 0 0 0 0 0 0 0 0 0 0 0 0 0 0 0 0 0 0 0 0 0 0 0 0 0 0 
0 0 0 0 0 0 0 0 0 0 0 0 0 0 0 0 0 0 0 0 0 20 20 20 20 20 21 21 21 21 21 21 21 21 21 21 21 22 22 22 22 22 22 22 22 22 22 22 22 22 22 22 22 23 23 23 23 23 23 23 23 23 23 23 23 24 24 24 24 24 24 24 24 24 24 24 24 25 25 25 25 25 25 25 25 25 25 25 25 26 26 26 26 26 26 26 26 26 26 26 27 27 27 27 27 27 27 27 27 27 27 27 28 28 28 28 28 28 28 28 28 28 29 29 29 29 29 29 29 29 29 29 30 30 30 30 30 30 30 30 30 30 31 31 31 31 31 31 31 32 32 32 32 32 32 32 32 32 33 33 33 33 33 33 33 33 33 33 34 34 34 34 34 34 34 34 34 35 35 35 35 35 35 35 35 35 35 36 36 36 36 36 37 37 37 37 37 38 38 38 38 38 38 38 38 38 38 38 38 39 39 39 39 39 39 39 39 39 39 39 40 40 40 40 40 40 40 40 40 40 40 40 40 40 41 41 41 41 41 41 41 41 41 41 41 41 41 41 0 0 0 0 0 0 0 0 0 0 0 0 0 0 0 0 0 0 0 0 0 0 0 0 0 0 0 0 0 0 0 0 0 0 0 0 0 0 0 0 0 0 0 0 0 0 0 0 0 0 0 0 0 0 0 0 0 0 0 0 0 0 0 0 0 0 0 0 0 0 0 0 0 0 0 0 0 0 0 0 0 0 0 0 0 0 0 0 0 0 0 0 0 0 0 0 0 0 0 0 0 0 0 0 0 0 0 0 0 0 0 0 0 0 0 0 0 0 0 0 0 0 0 0 0 0 0 0 0 0 0 0 0 0 0 0 0 0 0 0 0 0 0 0 0 0 0 0 0 0 0 0 0 0 0 0 0 0 0 0 0 0 0 0 0 0 0 0 0 0 0 0 0 0 0 0 0 0 0 0 0 0 0 0 0 0 0 0 0 0 0 0 0 0 0 0 0 0 0 0 0 0 0 0 0 0 0 0 0 0 0 0 0 0 0 0 0 0 0 0 0 0 0 0 0 0 0 0 0 0 0 0 0 0 0 0 0 0 0 0 0 0 0 0 0 0 0 0 0 0 0 0 0 0 0 
0 0 0 0 0 0 0 0 0 0 0 0 0 0 0 0 0 0 0 0 0 0 20 20 21 21 21 21 21 21 21 21 21 21 21 22 22 22 22 22 22 22 22 22 22 22 22 22 22 22 22 23 23 23 23 23 23 23 23 23 23 23 23 24 24 24 24 24 24 24 24 24 24 24 24 25 25 25 25 25 25 25 25 25 25 25 26 26 26 26 26 26 26 26 26 26 26 26 27 27 27 27 27 27 27 27 27 27 27 27 28 28 28 28 28 28 28 28 28 28 28 29 29 29 29 29 29 29 29 29 29 30 30 30 30 30 30 30 30 30 31 31 31 31 31 31 31 31 32 32 32 32 32 32 32 32 33 33 33 33 33 33 33 33 33 33 34 34 34 34 34 34 34 34 34 34 35 35 35 35 35 35 35 35 35 36 36 36 36 36 36 36 37 37 37 38 38 38 38 38 38 38 38 38 38 38 39 39 39 39 39 39 39 39 39 39 39 39 40 40 40 40 40 40 40 40 40 40 40 40 40 41 41 41 41 41 41 41 41 41 41 41 41 41 41 42 42 0 0 0 0 0 0 0 0 0 0 0 0 0 0 0 0 0 0 0 0 0 0 0 0 0 0 0 0 0 0 0 0 0 0 0 0 0 0 0 0 0 0 0 0 0 0 0 0 0 0 0 0 0 0 0 0 0 0 0 0 0 0 0 0 0 0 0 0 0 0 0 0 0 0 0 0 0 0 0 0 0 0 0 0 0 0 0 0 0 0 0 0 0 0 0 0 0 0 0 0 0 0 0 0 0 0 0 0 0 0 0 0 0 0 0 0 0 0 0 0 0 0 0 0 0 0 0 0 0 0 0 0 0 0 0 0 0 0 0 0 0 0 0 0 0 0 0 0 0 0 0 0 0 0 0 0 0 0 0 0 0 0 0 0 0 0 0 0 0 0 0 0 0 0 0 0 0 0 0 0 0 0 0 0 0 0 0 0 0 0 0 0 0 0 0 0 0 0 0 0 0 0 0 0 0 0 0 0 0 0 0 0 0 0 0 0 0 0 0 0 0 0 0 0 0 0 0 0 0 0 0 0 0 0 0 0 0 0 0 0 0 0 0 0 0 0 0 0 0 0 0 0 0 0 0 0 
0 0 0 0 0 0 0 0 0 0 0 0 0 0 0 0 0 0 0 0 0 0 0 0 21 21 21 21 21 21 21 21 21 22 22 22 22 22 22 22 22 22 22 22 22 22 22 22 23 23 23 23 23 23 23 23 23 23 23 23 24 24 24 24 24 24 24 24 24 24 24 24 25 25 25 25 25 25 25 25 25 25 25 25 26 26 26 26 26 26 26 26 26 26 26 26 27 27 27 27 27 27 27 27 27 27 27 27 28 28 28 28 28 28 28 28 28 28 28 29 29 29 29 29 29 29 29 29 29 30 30 30 30 30 30 30 30 30 31 31 31 31 31 31 31 31 32 32 32 32 32 32 32 32 32 33 33 33 33 33 33 33 33 33 34 34 34 34 34 34 34 34 34 35 35 35 35 35 35 35 35 35 35 36 36 36 36 36 36 36 36 36 37 38 38 38 38 38 38 38 38 38 38 38 39 39 39 39 39 39 39 39 39 39 39 39 40 40 40 40 40 40 40 40 40 40 40 40 41 41 41 41 41 41 41 41 41 41 41 41 41 41 42 42 42 42 0 0 0 0 0 0 0 0 0 0 0 0 0 0 0 0 0 0 0 0 0 0 0 0 0 0 0 0 0 0 0 0 0 0 0 0 0 0 0 0 0 0 0 0 0 0 0 0 0 0 0 0 0 0 0 0 0 0 0 0 0 0 0 0 0 0 0 0 0 0 0 0 0 0 0 0 0 0 0 0 0 0 0 0 0 0 0 0 0 0 0 0 0 0 0 0 0 0 0 0 0 0 0 0 0 0 0 0 0 0 0 0 0 0 0 0 0 0 0 0 0 0 0 0 0 0 0 0 0 0 0 0 0 0 0 0 0 0 0 0 0 0 0 0 0 0 0 0 0 0 0 0 0 0 0 0 0 0 0 0 0 0 0 0 0 0 0 0 0 0 0 0 0 0 0 0 0 0 0 0 0 0 0 0 0 0 0 0 0 0 0 0 0 0 0 0 0 0 0 0 0 0 0 0 0 0 0 0 0 0 0 0 0 0 0 0 0 0 0 0 0 0 0 0 0 0 0 0 0 0 0 0 0 0 0 0 0 0 0 0 0 0 0 0 0 0 0 0 0 0 0 0 0 0 0 0 0 
0 0 0 0 0 0 0 0 0 0 0 0 0 0 0 0 0 0 0 0 0 0 0 0 0 21 21 21 21 21 21 22 22 22 22 22 22 22 22 22 22 22 22 22 22 22 23 23 23 23 23 23 23 23 23 23 23 23 24 24 24 24 24 24 24 24 24 24 24 24 25 25 25 25 25 25 25 25 25 25 25 25 26 26 26 26 26 26 26 26 26 26 26 26 27 27 27 27 27 27 27 27 27 27 27 27 28 28 28 28 28 28 28 28 28 28 28 29 29 29 29 29 29 29 29 29 29 29 30 30 30 30 30 30 30 30 30 31 31 31 31 31 31 31 32 32 32 32 32 32 32 32 32 32 33 33 33 33 33 33 33 33 34 34 34 34 34 34 34 34 34 34 35 35 35 35 35 35 35 35 35 36 36 36 36 36 36 36 36 36 36 37 38 38 38 38 38 38 38 38 38 38 39 39 39 39 39 39 39 39 39 39 39 40 40 40 40 40 40 40 40 40 40 40 40 40 41 41 41 41 41 41 41 41 41 41 41 41 41 41 42 42 42 42 42 42 42 42 42 0 0 0 0 0 0 0 0 0 0 0 0 0 0 0 0 0 0 0 0 0 0 0 0 0 0 0 0 0 0 0 0 0 0 0 0 0 0 0 0 0 0 0 0 0 0 0 0 0 0 0 0 0 0 0 0 0 0 0 0 0 0 0 0 0 0 0 0 0 0 0 0 0 0 0 0 0 0 0 0 0 0 0 0 0 0 0 0 0 0 0 0 0 0 0 0 0 0 0 0 0 0 0 0 0 0 0 0 0 0 0 0 0 0 0 0 0 0 0 0 0 0 0 0 0 0 0 0 0 0 0 0 0 0 0 0 0 0 0 0 0 0 0 0 0 0 0 0 0 0 0 0 0 0 0 0 0 0 0 0 0 0 0 0 0 0 0 0 0 0 0 0 0 0 0 0 0 0 0 0 0 0 0 0 0 0 0 0 0 0 0 0 0 0 0 0 0 0 0 0 0 0 0 0 0 0 0 0 0 0 0 0 0 0 0 0 0 0 0 0 0 0 0 0 0 0 0 0 0 0 0 0 0 0 0 0 0 0 0 0 0 0 0 0 0 0 0 0 0 0 0 0 0 0 
0 0 0 0 0 0 0 0 0 0 0 0 0 0 0 0 0 0 0 0 0 0 0 0 0 0 21 21 21 21 21 22 22 22 22 22 22 22 22 22 22 22 23 23 23 23 23 23 23 23 23 23 23 23 23 24 24 24 24 24 24 24 24 24 24 24 24 25 25 25 25 25 25 25 25 25 25 25 26 26 26 26 26 26 26 26 26 26 26 26 27 27 27 27 27 27 27 27 27 27 28 28 28 28 28 28 28 28 28 28 28 28 29 29 29 29 29 29 29 29 29 29 29 30 30 30 30 30 30 30 30 30 31 31 31 31 31 31 31 31 31 32 32 32 32 32 32 32 32 32 32 33 33 33 33 33 33 33 33 33 34 34 34 34 34 34 34 34 34 34 35 35 35 35 35 35 35 35 35 36 36 36 36 36 36 36 36 36 36 37 37 37 38 38 38 38 38 38 38 38 39 39 39 39 39 39 39 39 39 39 39 40 40 40 40 40 40 40 40 40 40 40 40 40 41 41 41 41 41 41 41 41 41 41 41 41 41 41 42 42 42 42 42 42 42 42 42 42 42 42 42 42 42 0 0 0 0 0 0 0 0 0 0 0 0 0 0 0 0 0 0 0 0 0 0 0 0 0 0 0 0 0 0 0 0 0 0 0 0 0 0 0 0 0 0 0 0 0 0 0 0 0 0 0 0 0 0 0 0 0 0 0 0 0 0 0 0 0 0 0 0 0 0 0 0 0 0 0 0 0 0 0 0 0 0 0 0 0 0 0 0 0 0 0 0 0 0 0 0 0 0 0 0 0 0 0 0 0 0 0 0 0 0 0 0 0 0 0 0 0 0 0 0 0 0 0 0 0 0 0 0 0 0 0 0 0 0 0 0 0 0 0 0 0 0 0 0 0 0 0 0 0 0 0 0 0 0 0 0 0 0 0 0 0 0 0 0 0 0 0 0 0 0 0 0 0 0 0 0 0 0 0 0 0 0 0 0 0 0 0 0 0 0 0 0 0 0 0 0 0 0 0 0 0 0 0 0 0 0 0 0 0 0 0 0 0 0 0 0 0 0 0 0 0 0 0 0 0 0 0 0 0 0 0 0 0 0 0 0 0 0 0 0 0 0 0 0 0 0 0 0 0 0 
0 0 0 0 0 0 0 0 0 0 0 0 0 0 0 0 0 0 0 0 0 0 0 0 0 21 21 21 21 22 22 22 22 22 22 22 22 22 22 22 22 23 23 23 23 23 23 23 23 23 23 23 23 24 24 24 24 24 24 24 24 24 24 24 25 25 25 25 25 25 25 25 25 25 25 25 26 26 26 26 26 26 26 26 26 26 26 26 27 27 27 27 27 27 27 27 27 27 28 28 28 28 28 28 28 28 28 28 28 28 29 29 29 29 29 29 29 29 29 29 29 30 30 30 30 30 30 30 30 30 31 31 31 31 31 31 31 31 31 32 32 32 32 32 32 32 32 32 32 33 33 33 33 33 33 33 33 33 33 34 34 34 34 34 34 34 34 34 35 35 35 35 35 35 35 35 35 36 36 36 36 36 36 36 36 36 36 37 37 37 37 37 38 38 38 38 38 39 39 39 39 39 39 39 39 39 39 39 39 40 40 40 40 40 40 40 40 40 40 40 40 41 41 41 41 41 41 41 41 41 41 41 41 41 41 42 42 42 42 42 42 42 42 42 42 42 42 42 42 42 42 42 43 0 0 0 0 0 0 0 0 0 0 0 0 0 0 0 0 0 0 0 0 0 0 0 0 0 0 0 0 0 0 0 0 0 0 0 0 0 0 0 0 0 0 0 0 0 0 0 0 0 0 0 0 0 0 0 0 0 0 0 0 0 0 0 0 0 0 0 0 0 0 0 0 0 0 0 0 0 0 0 0 0 0 0 0 0 0 0 0 0 0 0 0 0 0 0 0 0 0 0 0 0 0 0 0 0 0 0 0 0 0 0 0 0 0 0 0 0 0 0 0 0 0 0 0 0 0 0 0 0 0 0 0 0 0 0 0 0 0 0 0 0 0 0 0 0 0 0 0 0 0 0 0 0 0 0 0 0 0 0 0 0 0 0 0 0 0 0 0 0 0 0 0 0 0 0 0 0 0 0 0 0 0 0 0 0 0 0 0 0 0 0 0 0 0 0 0 0 0 0 0 0 0 0 0 0 0 0 0 0 0 0 0 0 0 0 0 0 0 0 0 0 0 0 0 0 0 0 0 0 0 0 0 0 0 0 0 0 0 0 0 0 0 0 0 0 0 0 0 0 0 
0 0 0 0 0 0 0 0 0 0 0 0 0 0 0 0 0 0 0 21 21 21 21 21 21 21 21 22 22 22 22 22 22 22 22 22 22 22 22 23 23 23 23 23 23 23 23 23 23 23 24 24 24 24 24 24 24 24 24 24 24 24 25 25 25 25 25 25 25 25 25 25 25 25 26 26 26 26 26 26 26 26 26 26 26 26 27 27 27 27 27 27 27 27 27 27 28 28 28 28 28 28 28 28 28 28 28 29 29 29 29 29 29 29 29 29 29 29 29 30 30 30 30 30 30 30 30 30 30 31 31 31 31 31 31 31 31 32 32 32 32 32 32 32 32 32 32 32 33 33 33 33 33 33 33 33 33 34 34 34 34 34 34 34 34 34 35 35 35 35 35 35 35 35 35 36 36 36 36 36 36 36 36 36 36 37 37 37 37 37 37 37 38 38 38 39 39 39 39 39 39 39 39 39 39 39 40 40 40 40 40 40 40 40 40 40 40 40 41 41 41 41 41 41 41 41 41 41 41 41 41 41 42 42 42 42 42 42 42 42 42 42 42 42 42 42 42 42 42 43 43 43 43 43 0 0 0 0 0 0 0 0 0 0 0 0 0 0 0 0 0 0 0 0 0 0 0 0 0 0 0 0 0 0 0 0 0 0 0 0 0 0 0 0 0 0 0 0 0 0 0 0 0 0 0 0 0 0 0 0 0 0 0 0 0 0 0 0 0 0 0 0 0 0 0 0 0 0 0 0 0 0 0 0 0 0 0 0 0 0 0 0 0 0 0 0 0 0 0 0 0 0 0 0 0 0 0 0 0 0 0 0 0 0 0 0 0 0 0 0 0 0 0 0 0 0 0 0 0 0 0 0 0 0 0 0 0 0 0 0 0 0 0 0 0 0 0 0 0 0 0 0 0 0 0 0 0 0 0 0 0 0 0 0 0 0 0 0 0 0 0 0 0 0 0 0 0 0 0 0 0 0 0 0 0 0 0 0 0 0 0 0 0 0 0 0 0 0 0 0 0 0 0 0 0 0 0 0 0 0 0 0 0 0 0 0 0 0 0 0 0 0 0 0 0 0 0 0 0 0 0 0 0 0 0 0 0 0 0 0 0 0 0 0 0 0 0 0 0 0 0 0 0 
0 0 0 0 0 0 0 0 0 0 0 0 0 0 0 0 0 0 21 21 21 21 21 21 21 22 22 22 22 22 22 22 22 22 22 22 22 23 23 23 23 23 23 23 23 23 23 23 24 24 24 24 24 24 24 24 24 24 24 24 25 25 25 25 25 25 25 25 25 25 25 25 26 26 26 26 26 26 26 26 26 26 26 26 27 27 27 27 27 27 27 27 27 27 28 28 28 28 28 28 28 28 28 28 28 29 29 29 29 29 29 29 29 29 29 29 29 30 30 30 30 30 30 30 30 30 30 31 31 31 31 31 31 31 31 31 32 32 32 32 32 32 32 32 32 32 33 33 33 33 33 33 33 33 33 34 34 34 34 34 34 34 34 34 35 35 35 35 35 35 35 35 35 36 36 36 36 36 36 36 36 36 36 37 37 37 37 37 37 37 37 37 38 39 39 39 39 39 39 39 39 39 39 39 40 40 40 40 40 40 40 40 40 40 40 40 41 41 41 41 41 41 41 41 41 41 41 41 41 42 42 42 42 42 42 42 42 42 42 42 42 42 42 42 42 42 43 43 43 43 43 43 43 43 0 0 0 0 0 0 0 0 0 0 0 0 0 0 0 0 0 0 0 0 0 0 0 0 0 0 0 0 0 0 0 0 0 0 0 0 0 0 0 0 0 0 0 0 0 0 0 0 0 0 0 0 0 0 0 0 0 0 0 0 0 0 0 0 0 0 0 0 0 0 0 0 0 0 0 0 0 0 0 0 0 0 0 0 0 0 0 0 0 0 0 0 0 0 0 0 0 0 0 0 0 0 0 0 0 0 0 0 0 0 0 0 0 0 0 0 0 0 0 0 0 0 0 0 0 0 0 0 0 0 0 0 0 0 0 0 0 0 0 0 0 0 0 0 0 0 0 0 0 0 0 0 0 0 0 0 0 0 0 0 0 0 0 0 0 0 0 0 0 0 0 0 0 0 0 0 0 0 0 0 0 0 0 0 0 0 0 0 0 0 0 0 0 0 0 0 0 0 0 0 0 0 0 0 0 0 0 0 0 0 0 0 0 0 0 0 0 0 0 0 0 0 0 0 0 0 0 0 0 0 0 0 0 0 0 0 0 0 0 0 0 0 0 0 0 0 0 0 0 
0 0 0 0 0 0 0 0 0 0 0 0 0 0 0 0 0 0 21 21 21 21 22 22 22 22 22 22 22 22 22 22 22 22 22 23 23 23 23 23 23 23 23 23 23 24 24 24 24 24 24 24 24 24 24 24 24 25 25 25 25 25 25 25 25 25 25 25 25 26 26 26 26 26 26 26 26 26 26 26 26 27 27 27 27 27 27 27 27 27 27 27 28 28 28 28 28 28 28 28 28 28 28 29 29 29 29 29 29 29 29 29 29 29 29 30 30 30 30 30 30 30 30 30 30 31 31 31 31 31 31 31 31 31 32 32 32 32 32 32 32 32 32 32 33 33 33 33 33 33 33 33 33 34 34 34 34 34 34 34 34 34 35 35 35 35 35 35 35 35 35 36 36 36 36 36 36 36 36 36 36 37 37 37 37 37 37 37 37 37 37 38 39 39 39 39 39 39 39 39 39 40 40 40 40 40 40 40 40 40 40 40 40 41 41 41 41 41 41 41 41 41 41 41 41 41 41 42 42 42 42 42 42 42 42 42 42 42 42 42 42 43 42 43 43 43 43 43 43 43 43 43 43 43 43 43 0 0 0 0 0 0 0 0 0 0 0 0 0 0 0 0 0 0 0 0 0 0 0 0 0 0 0 0 0 0 0 0 0 0 0 0 0 0 0 0 0 0 0 0 0 0 0 0 0 0 0 0 0 0 0 0 0 0 0 0 0 0 0 0 0 0 0 0 0 0 0 0 0 0 0 0 0 0 0 0 0 0 0 0 0 0 0 0 0 0 0 0 0 0 0 0 0 0 0 0 0 0 0 0 0 0 0 0 0 0 0 0 0 0 0 0 0 0 0 0 0 0 0 0 0 0 0 0 0 0 0 0 0 0 0 0 0 0 0 0 0 0 0 0 0 0 0 0 0 0 0 0 0 0 0 0 0 0 0 0 0 0 0 0 0 0 0 0 0 0 0 0 0 0 0 0 0 0 0 0 0 0 0 0 0 0 0 0 0 0 0 0 0 0 0 0 0 0 0 0 0 0 0 0 0 0 0 0 0 0 0 0 0 0 0 0 0 0 0 0 0 0 0 0 0 0 0 0 0 0 0 0 0 0 0 0 0 0 0 0 0 0 0 0 0 0 0 
0 0 0 0 0 0 0 0 0 0 0 0 0 0 0 0 0 0 0 21 22 22 22 22 22 22 22 22 22 22 22 22 22 23 23 23 23 23 23 23 23 23 23 23 24 24 24 24 24 24 24 24 24 24 24 24 25 25 25 25 25 25 25 25 25 25 25 26 26 26 26 26 26 26 26 26 26 26 26 27 27 27 27 27 27 27 27 27 27 27 27 28 28 28 28 28 28 28 28 28 28 29 29 29 29 29 29 29 29 29 29 29 29 30 30 30 30 30 30 30 30 30 30 30 31 31 31 31 31 31 31 31 32 32 32 32 32 32 32 32 32 33 33 33 33 33 33 33 33 33 33 34 34 34 34 34 34 34 34 34 35 35 35 35 35 35 35 35 35 35 36 36 36 36 36 36 36 36 36 37 37 37 37 37 37 37 37 37 37 38 38 38 39 39 39 39 39 39 39 40 40 40 40 40 40 40 40 40 40 40 41 41 41 41 41 41 41 41 41 41 41 41 41 41 42 42 42 42 42 42 42 42 42 42 42 42 42 43 43 43 43 43 43 43 43 43 43 43 43 43 43 43 43 43 43 44 44 0 0 0 0 0 0 0 0 0 0 0 0 0 0 0 0 0 0 0 0 0 0 0 0 0 0 0 0 0 0 0 0 0 0 0 0 0 0 0 0 0 0 0 0 0 0 0 0 0 0 0 0 0 0 0 0 0 0 0 0 0 0 0 0 0 0 0 0 0 0 0 0 0 0 0 0 0 0 0 0 0 0 0 0 0 0 0 0 0 0 0 0 0 0 0 0 0 0 0 0 0 0 0 0 0 0 0 0 0 0 0 0 0 0 0 0 0 0 0 0 0 0 0 0 0 0 0 0 0 0 0 0 0 0 0 0 0 0 0 0 0 0 0 0 0 0 0 0 0 0 0 0 0 0 0 0 0 0 0 0 0 0 0 0 0 0 0 0 0 0 0 0 0 0 0 0 0 0 0 0 0 0 0 0 0 0 0 0 0 0 0 0 0 0 0 0 0 0 0 0 0 0 0 0 0 0 0 0 0 0 0 0 0 0 0 0 0 0 0 0 0 0 0 0 0 0 0 0 0 0 0 0 0 0 0 0 0 0 0 0 0 0 0 0 0 0 
0 0 0 0 0 0 0 0 0 0 0 0 0 0 0 0 0 0 0 0 0 22 22 22 22 22 22 22 22 22 23 23 23 23 23 23 23 23 23 23 23 23 24 24 24 24 24 24 24 24 24 24 24 25 25 25 25 25 25 25 25 25 25 25 25 26 26 26 26 26 26 26 26 26 26 26 26 27 27 27 27 27 27 27 27 27 27 27 28 28 28 28 28 28 28 28 28 28 29 29 29 29 29 29 29 29 29 29 29 29 30 30 30 30 30 30 30 30 30 30 30 30 31 31 31 31 31 31 31 31 31 32 32 32 32 32 32 32 32 33 33 33 33 33 33 33 33 33 33 34 34 34 34 34 34 34 34 34 35 35 35 35 35 35 35 35 35 36 36 36 36 36 36 36 36 36 37 37 37 37 37 37 37 37 37 37 37 38 38 38 38 38 39 39 39 39 39 40 40 40 40 40 40 40 40 40 40 40 41 41 41 41 41 41 41 41 41 41 41 41 42 42 42 42 42 42 42 42 42 42 42 42 42 42 43 43 43 43 43 43 43 43 43 43 43 43 43 43 43 43 43 43 44 44 44 44 44 44 44 0 0 0 0 0 0 0 0 0 0 0 0 0 0 0 0 0 0 0 0 0 0 0 0 0 0 0 0 0 0 0 0 0 0 0 0 0 0 0 0 0 0 0 0 0 0 0 0 0 0 0 0 0 0 0 0 0 0 0 0 0 0 0 0 0 0 0 0 0 0 0 0 0 0 0 0 0 0 0 0 0 0 0 0 0 0 0 0 0 0 0 0 0 0 0 0 0 0 0 0 0 0 0 0 0 0 0 0 0 0 0 0 0 0 0 0 0 0 0 0 0 0 0 0 0 0 0 0 0 0 0 0 0 0 0 0 0 0 0 0 0 0 0 0 0 0 0 0 0 0 0 0 0 0 0 0 0 0 0 0 0 0 0 0 0 0 0 0 0 0 0 0 0 0 0 0 0 0 0 0 0 0 0 0 0 0 0 0 0 0 0 0 0 0 0 0 0 0 0 0 0 0 0 0 0 0 0 0 0 0 0 0 0 0 0 0 0 0 0 0 0 0 0 0 0 0 0 0 0 0 0 0 0 0 0 0 0 0 0 0 0 0 0 0 
0 0 0 0 0 0 0 0 0 0 0 0 0 0 0 0 0 0 0 0 0 0 0 22 22 22 22 22 22 23 23 23 23 23 23 23 23 23 23 23 24 24 24 24 24 24 24 24 24 24 24 25 25 25 25 25 25 25 25 25 25 25 26 26 26 26 26 26 26 26 26 26 26 26 27 27 27 27 27 27 27 27 27 27 27 27 28 28 28 28 28 28 28 28 28 28 29 29 29 29 29 29 29 29 29 29 29 29 30 30 30 30 30 30 30 30 30 30 30 30 31 31 31 31 31 31 31 31 31 32 32 32 32 32 32 32 32 33 33 33 33 33 33 33 33 33 33 34 34 34 34 34 34 34 34 34 35 35 35 35 35 35 35 35 35 36 36 36 36 36 36 36 36 36 37 37 37 37 37 37 37 37 37 37 38 38 38 38 38 38 38 38 39 39 40 40 40 40 40 40 40 40 40 40 40 41 41 41 41 41 41 41 41 41 41 41 41 42 42 42 42 42 42 42 42 42 42 42 42 42 42 43 43 43 43 43 43 43 43 43 43 43 43 43 43 43 43 43 44 44 44 44 44 44 44 44 44 44 44 44 0 0 0 0 0 0 0 0 0 0 0 0 0 0 0 0 0 0 0 0 0 0 0 0 0 0 0 0 0 0 0 0 0 0 0 0 0 0 0 0 0 0 0 0 0 0 0 0 0 0 0 0 0 0 0 0 0 0 0 0 0 0 0 0 0 0 0 0 0 0 0 0 0 0 0 0 0 0 0 0 0 0 0 0 0 0 0 0 0 0 0 0 0 0 0 0 0 0 0 0 0 0 0 0 0 0 0 0 0 0 0 0 0 0 0 0 0 0 0 0 0 0 0 0 0 0 0 0 0 0 0 0 0 0 0 0 0 0 0 0 0 0 0 0 0 0 0 0 0 0 0 0 0 0 0 0 0 0 0 0 0 0 0 0 0 0 0 0 0 0 0 0 0 0 0 0 0 0 0 0 0 0 0 0 0 0 0 0 0 0 0 0 0 0 0 0 0 0 0 0 0 0 0 0 0 0 0 0 0 0 0 0 0 0 0 0 0 0 0 0 0 0 0 0 0 0 0 0 0 0 0 0 0 0 0 0 0 0 0 0 0 0 0 
0 0 0 0 0 0 0 0 0 0 0 0 0 0 0 0 0 0 0 0 0 0 0 0 22 22 22 22 23 23 23 23 23 23 23 23 23 23 24 24 24 24 24 24 24 24 24 24 24 25 25 25 25 25 25 25 25 25 25 25 26 26 26 26 26 26 26 26 26 26 26 26 27 27 27 27 27 27 27 27 27 27 27 27 28 28 28 28 28 28 28 28 28 28 29 29 29 29 29 29 29 29 29 29 29 30 30 30 30 30 30 30 30 30 30 30 30 31 31 31 31 31 31 31 31 31 31 31 32 32 32 32 32 32 32 32 33 33 33 33 33 33 33 33 33 34 34 34 34 34 34 34 34 34 35 35 35 35 35 35 35 35 35 36 36 36 36 36 36 36 36 36 37 37 37 37 37 37 37 37 37 37 38 38 38 38 38 38 38 38 38 38 40 40 40 40 40 40 40 40 40 40 40 41 41 41 41 41 41 41 41 41 41 41 41 42 42 42 42 42 42 42 42 42 42 42 42 42 42 43 43 43 43 43 43 43 43 43 43 43 43 43 43 43 43 44 44 44 44 44 44 44 44 44 44 44 44 44 44 44 44 0 0 0 0 0 0 0 0 0 0 0 0 0 0 0 0 0 0 0 0 0 0 0 0 0 0 0 0 0 0 0 0 0 0 0 0 0 0 0 0 0 0 0 0 0 0 0 0 0 0 0 0 0 0 0 0 0 0 0 0 0 0 0 0 0 0 0 0 0 0 0 0 0 0 0 0 0 0 0 0 0 0 0 0 0 0 0 0 0 0 0 0 0 0 0 0 0 0 0 0 0 0 0 0 0 0 0 0 0 0 0 0 0 0 0 0 0 0 0 0 0 0 0 0 0 0 0 0 0 0 0 0 0 0 0 0 0 0 0 0 0 0 0 0 0 0 0 0 0 0 0 0 0 0 0 0 0 0 0 0 0 0 0 0 0 0 0 0 0 0 0 0 0 0 0 0 0 0 0 0 0 0 0 0 0 0 0 0 0 0 0 0 0 0 0 0 0 0 0 0 0 0 0 0 0 0 0 0 0 0 0 0 0 0 0 0 0 0 0 0 0 0 0 0 0 0 0 0 0 0 0 0 0 0 0 0 0 0 0 0 0 0 
0 0 0 0 0 0 0 0 0 0 0 0 0 0 0 0 0 0 0 0 0 0 0 0 0 0 0 0 0 0 0 0 0 23 23 23 24 24 24 24 24 24 24 24 24 24 25 25 25 25 25 25 25 25 25 25 25 25 26 26 26 26 26 26 26 26 26 26 26 26 27 27 27 27 27 27 27 27 27 27 27 28 28 28 28 28 28 28 28 28 28 28 29 29 29 29 29 29 29 29 29 29 29 30 30 30 30 30 30 30 30 30 30 30 30 31 31 31 31 31 31 31 31 31 31 31 32 32 32 32 32 32 32 32 33 33 33 33 33 33 33 33 33 33 34 34 34 34 34 34 34 34 35 35 35 35 35 35 35 35 35 36 36 36 36 36 36 36 36 36 37 37 37 37 37 37 37 37 37 37 38 38 38 38 38 38 38 38 38 38 39 39 40 40 40 40 40 40 40 40 41 41 41 41 41 41 41 41 41 41 41 41 42 42 42 42 42 42 42 42 42 42 42 42 42 42 43 43 43 43 43 43 43 43 43 43 43 43 43 44 44 44 44 44 44 44 44 44 44 44 44 44 44 44 44 44 44 44 45 45 45 45 45 0 0 0 0 0 0 0 0 0 0 0 0 0 0 0 0 0 0 0 0 0 0 0 0 0 0 0 0 0 0 0 0 0 0 0 0 0 0 0 0 0 0 0 0 0 0 0 0 0 0 0 0 0 0 0 0 0 0 0 0 0 0 0 0 0 0 0 0 0 0 0 0 0 0 0 0 0 0 0 0 0 0 0 0 0 0 0 0 0 0 0 0 0 0 0 0 0 0 0 0 0 0 0 0 0 0 0 0 0 0 0 0 0 0 0 0 0 0 0 0 0 0 0 0 0 0 0 0 0 0 0 0 0 0 0 0 0 0 0 0 0 0 0 0 0 0 0 0 0 0 0 0 0 0 0 0 0 0 0 0 0 0 0 0 0 0 0 0 0 0 0 0 0 0 0 0 0 0 0 0 0 0 0 0 0 0 0 0 0 0 0 0 0 0 0 0 0 0 0 0 0 0 0 0 0 0 0 0 0 0 0 0 0 0 0 0 0 0 0 0 0 0 0 0 0 0 0 0 0 0 0 0 0 0 0 0 0 0 0 0 
0 0 0 0 0 0 0 0 0 0 0 0 0 0 0 0 0 0 0 0 0 0 0 0 0 0 0 0 0 0 0 0 0 0 24 24 24 24 24 24 24 24 24 24 25 25 25 25 25 25 25 25 25 25 25 26 26 26 26 26 26 26 26 26 26 26 26 27 27 27 27 27 27 27 27 27 27 27 27 28 28 28 28 28 28 28 28 28 28 28 28 29 29 29 29 29 29 29 29 29 29 30 30 30 30 30 30 30 30 30 30 30 30 31 31 31 31 31 31 31 31 31 31 31 31 32 32 32 32 32 32 32 33 33 33 33 33 33 33 33 34 34 34 34 34 34 34 34 34 34 35 35 35 35 35 35 35 35 35 36 36 36 36 36 36 36 36 36 37 37 37 37 37 37 37 37 37 38 38 38 38 38 38 38 38 38 38 39 39 39 39 39 40 40 40 40 40 40 41 41 41 41 41 41 41 41 41 41 41 42 42 42 42 42 42 42 42 42 42 42 42 42 43 43 43 43 43 43 43 43 43 43 43 43 43 43 44 44 44 44 44 44 44 44 44 44 44 44 44 44 44 44 44 44 44 45 45 45 45 45 45 45 45 45 0 0 0 0 45 45 0 0 0 0 0 0 0 0 0 0 0 0 0 0 0 0 0 0 0 0 0 0 0 0 0 0 0 0 0 0 0 0 0 0 0 0 0 0 0 0 0 0 0 0 0 0 0 0 0 0 0 0 0 0 0 0 0 0 0 0 0 0 0 0 0 0 0 0 0 0 0 0 0 0 0 0 0 0 0 0 0 0 0 0 0 0 0 0 0 0 0 0 0 0 0 0 0 0 0 0 0 0 0 0 0 0 0 0 0 0 0 0 0 0 0 0 0 0 0 0 0 0 0 0 0 0 0 0 0 0 0 0 0 0 0 0 0 0 0 0 0 0 0 0 0 0 0 0 0 0 0 0 0 0 0 0 0 0 0 0 0 0 0 0 0 0 0 0 0 0 0 0 0 0 0 0 0 0 0 0 0 0 0 0 0 0 0 0 0 0 0 0 0 0 0 0 0 0 0 0 0 0 0 0 0 0 0 0 0 0 0 0 0 0 0 0 0 0 0 0 0 0 0 0 0 0 0 0 0 0 0 0 0 
0 0 0 0 0 0 0 0 0 0 0 0 0 0 0 0 0 0 0 0 0 0 0 0 0 0 0 0 0 0 0 0 0 0 24 24 24 24 24 24 24 24 25 25 25 25 25 25 25 25 25 25 25 25 26 26 26 26 26 26 26 26 26 26 26 27 27 27 27 27 27 27 27 27 27 27 27 28 28 28 28 28 28 28 28 28 28 28 29 29 29 29 29 29 29 29 29 29 30 30 30 30 30 30 30 30 30 30 30 30 31 31 31 31 31 31 31 31 31 31 31 31 32 32 32 32 32 32 32 32 32 33 33 33 33 33 33 33 33 34 34 34 34 34 34 34 34 34 35 35 35 35 35 35 35 35 35 36 36 36 36 36 36 36 36 36 37 37 37 37 37 37 37 37 37 37 38 38 38 38 38 38 38 38 38 39 39 39 39 39 39 39 40 40 40 40 41 41 41 41 41 41 41 41 41 41 42 42 42 42 42 42 42 42 42 42 42 42 42 42 43 43 43 43 43 43 43 43 43 43 43 43 43 44 44 44 44 44 44 44 44 44 44 44 44 44 44 44 44 44 44 45 45 45 45 45 45 45 45 45 45 45 45 45 45 45 45 45 45 0 0 0 0 0 0 0 0 0 0 0 0 46 46 46 0 0 0 0 0 0 0 0 0 0 0 0 0 0 0 0 0 0 0 0 0 0 0 0 0 0 0 0 0 0 0 0 0 0 0 0 0 0 0 0 0 0 0 0 0 0 0 0 0 0 0 0 0 0 0 0 0 0 0 0 0 0 0 0 0 0 0 0 0 0 0 0 0 0 0 0 0 0 0 0 0 0 0 0 0 0 0 0 0 0 0 0 0 0 0 0 0 0 0 0 0 0 0 0 0 0 0 0 0 0 0 0 0 0 0 0 0 0 0 0 0 0 0 0 0 0 0 0 0 0 0 0 0 0 0 0 0 0 0 0 0 0 0 0 0 0 0 0 0 0 0 0 0 0 0 0 0 0 0 0 0 0 0 0 0 0 0 0 0 0 0 0 0 0 0 0 0 0 0 0 0 0 0 0 0 0 0 0 0 0 0 0 0 0 0 0 0 0 0 0 0 0 0 0 0 0 0 0 0 0 0 0 0 0 0 0 0 0 0 
0 0 0 0 0 0 0 0 0 0 0 0 0 0 0 0 0 0 0 0 0 0 0 0 0 0 0 0 0 0 0 0 0 0 24 24 24 24 24 24 24 25 25 25 25 25 25 25 25 25 25 25 26 26 26 26 26 26 26 26 26 26 26 27 27 27 27 27 27 27 27 27 27 27 28 28 28 28 28 28 28 28 28 28 28 28 29 29 29 29 29 29 29 29 29 29 30 30 30 30 30 30 30 30 30 30 30 30 31 31 31 31 31 31 31 31 31 31 31 32 32 32 32 32 32 32 32 32 32 33 33 33 33 33 33 33 33 34 34 34 34 34 34 34 34 34 35 35 35 35 35 35 35 35 35 36 36 36 36 36 36 36 36 36 36 37 37 37 37 37 37 37 37 38 38 38 38 38 38 38 38 38 38 39 39 39 39 39 39 39 39 39 40 40 41 41 41 41 41 41 41 41 41 41 42 42 42 42 42 42 42 42 42 42 42 42 42 43 43 43 43 43 43 43 43 43 43 43 43 43 44 44 44 44 44 44 44 44 44 44 44 44 44 44 44 44 44 44 45 45 45 45 45 45 45 45 45 45 45 45 45 45 45 45 45 45 46 46 46 46 46 46 0 0 0 0 0 0 0 0 46 46 46 46 0 0 0 0 0 0 0 0 0 0 0 0 0 0 0 0 0 0 0 0 0 0 0 0 0 0 0 0 0 0 0 0 0 0 0 0 0 0 0 0 0 0 0 0 0 0 0 0 0 0 0 0 0 0 0 0 0 0 0 0 0 0 0 0 0 0 0 0 0 0 0 0 0 0 0 0 0 0 0 0 0 0 0 0 0 0 0 0 0 0 0 0 0 0 0 0 0 0 0 0 0 0 0 0 0 0 0 0 0 0 0 0 0 0 0 0 0 0 0 0 0 0 0 0 0 0 0 0 0 0 0 0 0 0 0 0 0 0 0 0 0 0 0 0 0 0 0 0 0 0 0 0 0 0 0 0 0 0 0 0 0 0 0 0 0 0 0 0 0 0 0 0 0 0 0 0 0 0 0 0 0 0 0 0 0 0 0 0 0 0 0 0 0 0 0 0 0 0 0 0 0 0 0 0 0 0 0 0 0 0 0 0 0 0 0 0 0 0 0 
0 0 0 0 0 0 0 0 0 0 0 0 0 0 0 0 0 0 0 0 0 0 0 0 0 0 0 0 0 0 0 0 0 0 24 24 24 24 24 25 25 25 25 25 25 25 25 25 25 26 26 26 26 26 26 26 26 26 26 26 27 27 27 27 27 27 27 27 27 27 27 27 28 28 28 28 28 28 28 28 28 28 28 29 29 29 29 29 29 29 29 29 29 29 30 30 30 30 30 30 30 30 30 30 30 31 31 31 31 31 31 31 31 31 31 31 31 32 32 32 32 32 32 32 32 32 32 33 33 33 33 33 33 33 33 34 34 34 34 34 34 34 34 34 34 35 35 35 35 35 35 35 35 36 36 36 36 36 36 36 36 36 36 36 36 37 37 37 37 37 37 37 38 38 38 38 38 38 38 38 39 39 39 39 39 39 39 39 39 39 39 40 41 41 41 41 41 41 41 41 41 41 42 42 42 42 42 42 42 42 42 42 42 42 43 43 43 43 43 43 43 43 43 43 43 43 43 44 44 44 44 44 44 44 44 44 44 44 44 44 44 44 44 44 45 45 45 45 45 45 45 45 45 45 45 45 45 45 45 45 45 45 46 46 46 46 46 46 46 46 46 46 46 0 0 0 0 46 46 46 46 46 47 47 0 0 0 0 0 0 0 0 0 0 0 0 0 0 0 0 0 0 0 0 0 0 0 0 0 0 0 0 0 0 0 0 0 0 0 0 0 0 0 0 0 0 0 0 0 0 0 0 0 0 0 0 0 0 0 0 0 0 0 0 0 0 0 0 0 0 0 0 0 0 0 0 0 0 0 0 0 0 0 0 0 0 0 0 0 0 0 0 0 0 0 0 0 0 0 0 0 0 0 0 0 0 0 0 0 0 0 0 0 0 0 0 0 0 0 0 0 0 0 0 0 0 0 0 0 0 0 0 0 0 0 0 0 0 0 0 0 0 0 0 0 0 0 0 0 0 0 0 0 0 0 0 0 0 0 0 0 0 0 0 0 0 0 0 0 0 0 0 0 0 0 0 0 0 0 0 0 0 0 0 0 0 0 0 0 0 0 0 0 0 0 0 0 0 0 0 0 0 0 0 0 0 0 0 0 0 0 0 0 0 0 0 0 0 0 0 0 0 0 
0 0 0 0 0 0 0 0 0 0 0 0 0 0 0 0 0 0 0 0 0 0 0 0 0 0 0 0 0 0 0 0 0 0 0 24 24 24 25 25 25 25 25 25 25 25 25 26 26 26 26 26 26 26 26 26 26 26 27 27 27 27 27 27 27 27 27 27 27 27 28 28 28 28 28 28 28 28 28 28 28 29 29 29 29 29 29 29 29 29 29 29 30 30 30 30 30 30 30 30 30 30 30 31 31 31 31 31 31 31 31 31 31 31 32 32 32 32 32 32 32 32 32 32 32 33 33 33 33 33 33 33 33 33 34 34 34 34 34 34 34 35 34 35 35 35 35 35 35 35 35 36 36 36 36 36 36 36 36 36 36 36 37 37 37 37 37 37 37 37 37 38 38 38 38 38 38 38 39 39 39 39 39 39 39 39 39 39 39 40 40 40 41 41 41 41 41 41 41 42 42 42 42 42 42 42 42 42 42 42 43 43 43 43 43 43 43 43 43 43 43 43 43 43 44 44 44 44 44 44 44 44 44 44 44 44 44 44 45 45 45 45 45 45 45 45 45 45 45 45 45 45 45 45 45 45 45 45 46 46 46 46 46 46 46 46 46 46 46 46 46 46 46 46 46 46 46 46 47 47 47 47 47 47 47 0 0 0 0 0 0 0 0 0 0 0 0 0 0 0 0 0 0 0 0 0 0 0 0 0 0 0 0 0 0 0 0 0 0 0 0 0 0 0 0 0 0 0 0 0 0 0 0 0 0 0 0 0 0 0 0 0 0 0 0 0 0 0 0 0 0 0 0 0 0 0 0 0 0 0 0 0 0 0 0 0 0 0 0 0 0 0 0 0 0 0 0 0 0 0 0 0 0 0 0 0 0 0 0 0 0 0 0 0 0 0 0 0 0 0 0 0 0 0 0 0 0 0 0 0 0 0 0 0 0 0 0 0 0 0 0 0 0 0 0 0 0 0 0 0 0 0 0 0 0 0 0 0 0 0 0 0 0 0 0 0 0 0 0 0 0 0 0 0 0 0 0 0 0 0 0 0 0 0 0 0 0 0 0 0 0 0 0 0 0 0 0 0 0 0 0 0 0 0 0 0 0 0 0 0 0 0 0 0 0 0 0 0 0 0 0 0 0 
0 0 0 0 0 0 0 0 0 0 0 0 0 0 0 0 0 0 0 0 0 0 0 0 0 0 0 0 0 0 0 0 0 0 0 0 0 25 25 25 25 25 25 25 26 26 26 26 26 26 26 26 26 26 26 26 27 27 27 27 27 27 27 27 27 27 27 27 28 28 28 28 28 28 28 28 28 28 28 29 29 29 29 29 29 29 29 29 29 29 29 30 30 30 30 30 30 30 30 30 31 31 31 31 31 31 31 31 31 31 31 32 32 32 32 32 32 32 32 32 32 32 32 33 33 33 33 33 33 33 33 34 34 34 34 34 34 34 34 34 35 35 35 35 35 35 35 35 35 36 36 36 36 36 36 36 36 36 36 36 37 37 37 37 37 37 37 37 38 38 38 38 38 38 38 38 39 39 39 39 39 39 39 39 39 39 39 40 40 40 40 40 41 41 41 41 41 42 42 42 42 42 42 42 42 42 42 42 43 43 43 43 43 43 43 43 43 43 43 43 43 44 44 44 44 44 44 44 44 44 44 44 44 44 44 45 45 45 45 45 45 45 45 45 45 45 45 45 45 45 45 45 45 45 46 46 46 46 46 46 46 46 46 46 46 46 46 46 46 46 46 46 46 46 47 47 47 47 47 47 47 47 47 47 47 0 0 0 0 0 0 0 0 0 0 0 0 0 0 0 0 0 0 0 0 0 0 0 0 0 0 0 0 0 0 0 0 0 0 0 0 0 0 0 0 0 0 0 0 0 0 0 0 0 0 0 0 0 0 0 0 0 0 0 0 0 0 0 0 0 0 0 0 0 0 0 0 0 0 0 0 0 0 0 0 0 0 0 0 0 0 0 0 0 0 0 0 0 0 0 0 0 0 0 0 0 0 0 0 0 0 0 0 0 0 0 0 0 0 0 0 0 0 0 0 0 0 0 0 0 0 0 0 0 0 0 0 0 0 0 0 0 0 0 0 0 0 0 0 0 0 0 0 0 0 0 0 0 0 0 0 0 0 0 0 0 0 0 0 0 0 0 0 0 0 0 0 0 0 0 0 0 0 0 0 0 0 0 0 0 0 0 0 0 0 0 0 0 0 0 0 0 0 0 0 0 0 0 0 0 0 0 0 0 0 0 0 0 0 0 0 0 0 
0 0 0 0 0 0 0 0 0 0 0 0 0 0 0 0 0 0 0 0 0 0 0 0 0 0 0 0 0 0 0 0 0 0 0 0 0 0 0 0 25 25 25 26 26 26 26 26 26 26 26 26 26 26 27 27 27 27 27 27 27 27 27 27 27 28 28 28 28 28 28 28 28 28 28 28 29 29 29 29 29 29 29 29 29 29 29 29 30 30 30 30 30 30 30 30 30 30 31 31 31 31 31 31 31 31 31 31 31 32 32 32 32 32 32 32 32 32 32 32 33 33 33 33 33 33 33 33 33 34 34 34 34 34 34 34 34 34 35 35 35 35 35 35 35 35 35 36 36 36 36 36 36 36 36 36 36 37 37 37 37 37 37 37 37 38 38 38 38 38 38 38 38 38 38 38 39 39 39 39 39 39 39 39 40 40 40 40 40 40 40 40 41 41 41 42 42 42 42 42 42 42 42 42 42 43 43 43 43 43 43 43 43 43 43 43 43 43 44 44 44 44 44 44 44 44 44 44 44 44 44 44 45 45 45 45 45 45 45 45 45 45 45 45 45 45 45 45 45 45 46 46 46 46 46 46 46 46 46 46 46 46 46 46 46 46 46 46 46 47 47 47 47 47 47 47 47 47 47 47 47 47 47 47 47 47 0 0 0 0 0 0 0 0 0 0 0 0 0 0 0 0 0 0 0 0 0 0 0 0 0 0 0 0 0 0 0 0 0 0 0 0 0 0 0 0 0 0 0 0 0 0 0 0 0 0 0 0 0 0 0 0 0 0 0 0 0 0 0 0 0 0 0 0 0 0 0 0 0 0 0 0 0 0 0 0 0 0 0 0 0 0 0 0 0 0 0 0 0 0 0 0 0 0 0 0 0 0 0 0 0 0 0 0 0 0 0 0 0 0 0 0 0 0 0 0 0 0 0 0 0 0 0 0 0 0 0 0 0 0 0 0 0 0 0 0 0 0 0 0 0 0 0 0 0 0 0 0 0 0 0 0 0 0 0 0 0 0 0 0 0 0 0 0 0 0 0 0 0 0 0 0 0 0 0 0 0 0 0 0 0 0 0 0 0 0 0 0 0 0 0 0 0 0 0 0 0 0 0 0 0 0 0 0 0 0 0 0 0 0 0 0 0 
0 0 0 0 0 0 0 0 0 0 0 0 0 0 0 0 0 0 0 0 0 0 0 0 0 0 0 0 0 0 0 0 0 0 0 0 0 0 0 0 0 0 0 26 26 26 26 26 26 26 26 27 27 27 27 27 27 27 27 27 27 27 27 28 28 28 28 28 28 28 28 28 28 28 29 29 29 29 29 29 29 29 29 29 29 29 30 30 30 30 30 30 30 30 30 30 31 31 31 31 31 31 31 31 31 31 31 32 32 32 32 32 32 32 32 32 32 33 33 33 33 33 33 33 33 33 33 33 34 34 34 34 34 34 34 34 35 35 35 35 35 35 35 35 35 36 36 36 36 36 36 36 36 36 37 37 37 37 37 37 37 37 37 38 38 38 38 38 38 38 38 38 38 38 38 39 39 39 39 39 39 40 40 40 40 40 40 40 40 40 40 40 41 42 42 42 42 42 42 42 42 42 42 43 43 43 43 43 43 43 43 43 43 43 43 43 44 44 44 44 44 44 44 44 44 44 44 44 44 45 45 45 45 45 45 45 45 45 45 45 45 45 45 45 45 45 45 46 46 46 46 46 46 46 46 46 46 46 46 46 46 46 46 46 46 47 47 47 47 47 47 47 47 47 47 47 47 47 47 47 47 47 47 47 47 47 47 0 0 0 0 0 0 0 0 0 0 0 0 0 0 0 0 0 0 0 0 0 0 0 0 0 0 0 0 0 0 0 0 0 0 0 0 0 0 0 0 0 0 0 0 0 0 0 0 0 0 0 0 0 0 0 0 0 0 0 0 0 0 0 0 0 0 0 0 0 0 0 0 0 0 0 0 0 0 0 0 0 0 0 0 0 0 0 0 0 0 0 0 0 0 0 0 0 0 0 0 0 0 0 0 0 0 0 0 0 0 0 0 0 0 0 0 0 0 0 0 0 0 0 0 0 0 0 0 0 0 0 0 0 0 0 0 0 0 0 0 0 0 0 0 0 0 0 0 0 0 0 0 0 0 0 0 0 0 0 0 0 0 0 0 0 0 0 0 0 0 0 0 0 0 0 0 0 0 0 0 0 0 0 0 0 0 0 0 0 0 0 0 0 0 0 0 0 0 0 0 0 0 0 0 0 0 0 0 0 0 0 0 0 0 0 0 
0 0 0 0 0 0 0 0 0 0 0 0 0 0 0 0 0 0 0 0 0 0 0 0 0 0 0 0 0 0 0 0 0 0 0 0 0 0 0 0 0 0 0 0 0 0 26 26 26 26 27 27 27 27 27 27 27 27 27 27 27 28 28 28 28 28 28 28 28 28 28 28 29 29 29 29 29 29 29 29 29 29 29 29 30 30 30 30 30 30 30 30 30 30 31 31 31 31 31 31 31 31 31 31 32 32 32 32 32 32 32 32 32 32 32 33 33 33 33 33 33 33 33 33 33 33 34 34 34 34 34 34 34 34 35 35 35 35 35 35 35 35 35 36 36 36 36 36 36 36 36 36 37 37 37 37 37 37 37 37 37 37 38 38 38 38 38 38 38 39 39 39 39 39 39 39 39 39 39 39 40 40 40 40 40 40 40 40 40 40 41 41 42 42 42 42 42 42 42 42 42 43 43 43 43 43 43 43 43 43 43 43 43 44 44 44 44 44 44 44 44 44 44 44 44 45 45 45 45 45 45 45 45 45 45 45 45 45 45 45 45 46 45 46 46 46 46 46 46 46 46 46 46 46 46 46 46 46 46 46 46 47 47 47 47 47 47 47 47 47 47 47 47 47 47 47 47 47 47 47 47 47 47 48 48 48 48 0 0 0 0 0 0 0 0 0 0 0 0 0 0 0 0 0 0 0 0 0 0 0 0 0 0 0 0 0 0 0 0 0 0 0 0 0 0 0 0 0 0 0 0 0 0 0 0 0 0 0 0 0 0 0 0 0 0 0 0 0 0 0 0 0 0 0 0 0 0 0 0 0 0 0 0 0 0 0 0 0 0 0 0 0 0 0 0 0 0 0 0 0 0 0 0 0 0 0 0 0 0 0 0 0 0 0 0 0 0 0 0 0 0 0 0 0 0 0 0 0 0 0 0 0 0 0 0 0 0 0 0 0 0 0 0 0 0 0 0 0 0 0 0 0 0 0 0 0 0 0 0 0 0 0 0 0 0 0 0 0 0 0 0 0 0 0 0 0 0 0 0 0 0 0 0 0 0 0 0 0 0 0 0 0 0 0 0 0 0 0 0 0 0 0 0 0 0 0 0 0 0 0 0 0 0 0 0 0 0 0 0 0 0 0 0 
0 0 0 0 0 0 0 0 0 0 0 0 0 0 0 0 0 0 0 0 0 0 0 0 0 0 0 0 0 0 0 0 0 0 0 0 0 0 0 0 0 0 0 0 0 0 0 0 0 26 27 27 27 27 27 27 27 27 27 27 28 28 28 28 28 28 28 28 28 28 29 29 29 29 29 29 29 29 29 29 29 29 30 30 30 30 30 30 30 30 30 30 31 31 31 31 31 31 31 31 31 31 32 32 32 32 32 32 32 32 32 32 33 33 33 33 33 33 33 33 33 33 33 34 34 34 34 34 34 34 34 34 35 35 35 35 35 35 35 35 36 36 36 36 36 36 36 36 36 36 37 37 37 37 37 37 37 37 37 37 37 38 38 38 38 38 38 39 39 39 39 39 39 39 39 39 39 39 39 40 40 40 40 40 40 40 40 41 41 41 41 41 42 42 42 42 42 42 43 43 43 43 43 43 43 43 43 43 43 43 44 44 44 44 44 44 44 44 44 44 44 44 45 45 45 45 45 45 45 45 45 45 45 45 45 45 45 46 46 46 46 46 46 46 46 46 46 46 46 46 46 46 46 46 46 46 46 47 47 47 47 47 47 47 47 47 47 47 47 47 47 47 47 47 47 47 47 47 48 48 48 48 48 48 48 48 48 48 0 0 0 0 0 0 0 0 0 0 0 0 0 0 0 0 0 0 0 0 0 0 0 0 0 0 0 0 0 0 0 0 0 0 0 0 0 0 0 0 0 0 0 0 0 0 0 0 0 0 0 0 0 0 0 0 0 0 0 0 0 0 0 0 0 0 0 0 0 0 0 0 0 0 0 0 0 0 0 0 0 0 0 0 0 0 0 0 0 0 0 0 0 0 0 0 0 0 0 0 0 0 0 0 0 0 0 0 0 0 0 0 0 0 0 0 0 0 0 0 0 0 0 0 0 0 0 0 0 0 0 0 0 0 0 0 0 0 0 0 0 0 0 0 0 0 0 0 0 0 0 0 0 0 0 0 0 0 0 0 0 0 0 0 0 0 0 0 0 0 0 0 0 0 0 0 0 0 0 0 0 0 0 0 0 0 0 0 0 0 0 0 0 0 0 0 0 0 0 0 0 0 0 0 0 0 0 0 0 0 0 0 0 0 0 
0 0 0 0 0 0 0 0 0 0 0 0 0 0 0 0 0 0 0 0 0 0 0 0 0 0 0 0 0 0 0 0 0 0 0 0 0 0 0 0 0 0 0 0 0 0 0 0 0 0 0 0 27 27 27 27 27 27 27 28 28 28 28 28 28 28 28 28 29 29 29 29 29 29 29 29 29 29 29 29 30 30 30 30 30 30 30 30 30 30 31 31 31 31 31 31 31 31 31 32 32 32 32 32 32 32 32 32 32 32 33 33 33 33 33 33 33 33 33 33 33 34 34 34 34 34 34 34 34 34 34 35 35 35 35 35 35 35 36 36 36 36 36 36 36 36 36 36 37 37 37 37 37 37 37 37 37 38 38 38 38 38 38 38 38 38 39 39 39 39 39 39 39 39 40 40 40 39 40 40 40 40 40 40 40 41 41 41 41 41 41 41 42 42 42 42 43 43 43 43 43 43 43 43 43 43 43 44 44 44 44 44 44 44 44 44 44 44 44 45 45 45 45 45 45 45 45 45 45 45 45 45 45 45 46 46 46 46 46 46 46 46 46 46 46 46 46 46 46 46 46 46 46 47 47 47 47 47 47 47 47 47 47 47 47 47 47 47 47 47 47 47 47 47 48 48 48 48 48 48 48 48 48 48 48 48 48 48 48 48 48 0 0 0 0 0 0 0 0 0 0 0 0 0 0 0 0 0 0 0 0 0 0 0 0 0 0 0 0 0 0 0 0 0 0 0 0 0 0 0 0 0 0 0 0 0 0 0 0 0 0 0 0 0 0 0 0 0 0 0 0 0 0 0 0 0 0 0 0 0 0 0 0 0 0 0 0 0 0 0 0 0 0 0 0 0 0 0 0 0 0 0 0 0 0 0 0 0 0 0 0 0 0 0 0 0 0 0 0 0 0 0 0 0 0 0 0 0 0 0 0 0 0 0 0 0 0 0 0 0 0 0 0 0 0 0 0 0 0 0 0 0 0 0 0 0 0 0 0 0 0 0 0 0 0 0 0 0 0 0 0 0 0 0 0 0 0 0 0 0 0 0 0 0 0 0 0 0 0 0 0 0 0 0 0 0 0 0 0 0 0 0 0 0 0 0 0 0 0 0 0 0 0 0 0 0 0 0 0 0 0 0 0 
0 0 0 0 0 0 0 0 0 0 0 0 0 0 0 0 0 0 0 0 0 0 0 0 0 0 0 0 0 0 0 0 0 0 0 0 0 0 0 0 0 0 0 0 0 0 0 0 0 0 0 0 0 0 0 0 27 27 28 28 28 28 28 28 28 28 28 29 29 29 29 29 29 29 29 29 29 29 29 30 30 30 30 30 30 30 30 30 31 31 31 31 31 31 31 31 31 32 32 32 32 32 32 32 32 32 32 32 33 33 33 33 33 33 33 33 33 33 34 34 34 34 34 34 34 34 34 34 34 34 35 35 35 35 35 35 36 36 36 36 36 36 36 36 36 36 37 37 37 37 37 37 37 37 38 38 38 38 38 38 38 38 38 38 38 39 39 39 39 39 39 39 40 40 40 40 40 40 40 40 40 40 41 41 41 41 41 41 41 41 41 41 42 43 43 43 43 43 43 43 43 43 43 43 43 44 44 44 44 44 44 44 44 44 44 44 44 45 45 45 45 45 45 45 45 45 45 45 45 45 45 46 46 46 46 46 46 46 46 46 46 46 46 46 46 46 46 46 46 47 47 47 47 47 47 47 47 47 47 47 47 47 47 47 47 47 47 47 47 48 48 48 48 48 48 48 48 48 48 48 48 48 48 48 48 48 48 48 48 48 48 48 49 0 0 0 49 49 49 49 49 0 0 0 0 0 0 0 0 0 0 0 0 0 0 0 0 0 0 0 0 0 0 0 0 0 0 0 0 0 0 0 0 0 0 0 0 0 0 0 0 0 0 0 0 0 0 0 0 0 0 0 0 0 0 0 0 0 0 0 0 0 0 0 0 0 0 0 0 0 0 0 0 0 0 0 0 0 0 0 0 0 0 0 0 0 0 0 0 0 0 0 0 0 0 0 0 0 0 0 0 0 0 0 0 0 0 0 0 0 0 0 0 0 0 0 0 0 0 0 0 0 0 0 0 0 0 0 0 0 0 0 0 0 0 0 0 0 0 0 0 0 0 0 0 0 0 0 0 0 0 0 0 0 0 0 0 0 0 0 0 0 0 0 0 0 0 0 0 0 0 0 0 0 0 0 0 0 0 0 0 0 0 0 0 0 0 0 0 0 0 0 0 0 0 0 0 0 0 0 0 0 0 
0 0 0 0 0 0 0 0 0 0 0 0 0 0 0 0 0 0 0 0 0 0 0 0 0 0 0 0 0 0 0 0 0 0 0 0 0 0 0 0 0 0 0 0 0 0 0 0 0 0 0 0 0 0 0 0 0 0 0 0 0 0 0 0 0 0 0 0 0 0 0 0 0 29 29 29 29 30 30 30 30 30 30 30 30 30 30 31 31 31 31 31 31 31 31 31 32 32 32 32 32 32 32 32 32 32 33 33 33 33 33 33 33 33 33 33 33 34 34 34 34 34 34 34 34 34 34 34 35 35 35 35 35 35 36 36 36 36 36 36 36 36 36 36 37 37 37 37 37 37 37 37 38 38 38 38 38 38 38 38 38 38 38 39 39 39 39 39 39 39 39 40 40 40 40 40 40 40 40 40 40 41 41 41 41 41 41 41 41 41 42 42 43 43 43 43 43 43 43 43 43 43 44 44 44 44 44 44 44 44 44 44 44 44 45 45 45 45 45 45 45 45 45 45 45 45 45 45 46 46 46 46 46 46 46 46 46 46 46 46 46 46 46 46 46 47 47 47 47 47 47 47 47 47 47 47 47 47 47 47 47 47 47 47 47 48 48 48 48 48 48 48 48 48 48 48 48 48 48 48 48 48 48 48 48 48 48 48 48 48 48 49 49 49 49 49 49 49 49 49 49 49 49 49 0 0 0 0 0 0 0 0 0 0 0 0 0 0 0 0 0 0 0 0 0 0 0 0 0 0 0 0 0 0 0 0 0 0 0 0 0 0 0 0 0 0 0 0 0 0 0 0 0 0 0 0 0 0 0 0 0 0 0 0 0 0 0 0 0 0 0 0 0 0 0 0 0 0 0 0 0 0 0 0 0 0 0 0 0 0 0 0 0 0 0 0 0 0 0 0 0 0 0 0 0 0 0 0 0 0 0 0 0 0 0 0 0 0 0 0 0 0 0 0 0 0 0 0 0 0 0 0 0 0 0 0 0 0 0 0 0 0 0 0 0 0 0 0 0 0 0 0 0 0 0 0 0 0 0 0 0 0 0 0 0 0 0 0 0 0 0 0 0 0 0 0 0 0 0 0 0 0 0 0 0 0 0 0 0 0 0 0 0 0 0 0 0 0 0 0 0 0 0 
0 0 0 0 0 0 0 0 0 0 0 0 0 0 0 0 0 0 0 0 0 0 0 0 0 0 0 0 0 0 0 0 0 0 0 0 0 0 0 0 0 0 0 0 0 0 0 0 0 0 0 0 0 0 0 0 0 0 0 0 0 0 0 0 0 0 0 0 0 0 0 0 0 29 30 30 30 30 30 30 30 30 30 30 30 30 31 31 31 31 31 31 31 31 31 31 32 32 32 32 32 32 32 32 32 32 33 33 33 33 33 33 33 33 33 33 33 34 34 34 34 34 34 34 34 35 35 35 35 35 35 35 35 35 36 36 36 36 36 36 36 37 37 37 37 37 37 37 37 37 38 38 38 38 38 38 38 38 38 38 39 39 39 39 39 39 39 39 39 39 40 40 40 40 40 40 40 40 40 40 41 41 41 41 41 41 41 41 42 42 42 42 43 43 43 43 43 43 43 44 44 44 44 44 44 44 44 44 44 44 44 45 45 45 45 45 45 45 45 45 45 45 45 45 45 45 46 46 46 46 46 46 46 46 46 46 46 46 46 46 47 47 46 47 47 47 47 47 47 47 47 47 47 47 47 47 47 47 47 47 47 48 48 48 48 48 48 48 48 48 48 48 48 48 48 48 48 48 48 48 48 48 48 49 49 49 49 49 49 49 49 49 49 49 49 49 49 49 49 49 49 49 49 49 49 49 49 49 0 0 49 0 0 0 0 0 0 0 0 0 0 0 0 0 0 0 0 0 0 0 0 0 0 0 0 0 0 0 0 0 0 0 0 0 0 0 0 0 0 0 0 0 0 0 0 0 0 0 0 0 0 0 0 0 0 0 0 0 0 0 0 0 0 0 0 0 0 0 0 0 0 0 0 0 0 0 0 0 0 0 0 0 0 0 0 0 0 0 0 0 0 0 0 0 0 0 0 0 0 0 0 0 0 0 0 0 0 0 0 0 0 0 0 0 0 0 0 0 0 0 0 0 0 0 0 0 0 0 0 0 0 0 0 0 0 0 0 0 0 0 0 0 0 0 0 0 0 0 0 0 0 0 0 0 0 0 0 0 0 0 0 0 0 0 0 0 0 0 0 0 0 0 0 0 0 0 0 0 0 0 0 0 0 0 0 0 0 0 0 0 0 0 0 
0 0 0 0 0 0 0 0 0 0 0 0 0 0 0 0 0 0 0 0 0 0 0 0 0 0 0 0 0 0 0 0 0 0 0 0 0 0 0 0 0 0 0 0 0 0 0 0 0 0 0 0 0 0 0 0 0 0 0 0 0 0 0 0 0 0 0 0 0 0 0 0 0 0 30 30 30 30 30 30 30 31 31 31 31 31 31 31 31 31 31 31 31 31 31 32 32 32 32 32 32 32 32 32 32 32 32 33 33 33 33 33 33 33 33 33 33 34 34 34 34 34 34 34 35 35 35 35 35 35 35 35 35 35 36 36 36 36 36 37 37 37 37 37 37 37 37 37 38 38 38 38 38 38 38 38 38 39 39 39 39 39 39 39 39 39 39 39 40 40 40 40 40 40 40 40 40 41 41 41 41 41 41 41 41 42 42 42 42 42 42 42 43 43 43 43 44 44 44 44 44 44 44 44 44 44 44 44 45 45 45 45 45 45 45 45 45 45 45 45 45 46 46 46 46 46 46 46 46 46 46 46 46 46 46 46 46 47 47 47 47 47 47 47 47 47 47 47 47 47 47 47 47 47 47 47 48 48 48 48 48 48 48 48 48 48 48 48 48 48 48 48 48 48 48 48 48 48 48 49 49 49 49 49 49 49 49 49 49 49 49 49 49 49 49 49 49 49 49 49 49 49 49 49 50 50 50 50 50 50 50 50 50 50 0 0 0 0 0 0 0 0 0 0 0 0 0 0 0 0 0 0 0 0 0 0 0 0 0 0 0 0 0 0 0 0 0 0 0 0 0 0 0 0 0 0 0 0 0 0 0 0 0 0 0 0 0 0 0 0 0 0 0 0 0 0 0 0 0 0 0 0 0 0 0 0 0 0 0 0 0 0 0 0 0 0 0 0 0 0 0 0 0 0 0 0 0 0 0 0 0 0 0 0 0 0 0 0 0 0 0 0 0 0 0 0 0 0 0 0 0 0 0 0 0 0 0 0 0 0 0 0 0 0 0 0 0 0 0 0 0 0 0 0 0 0 0 0 0 0 0 0 0 0 0 0 0 0 0 0 0 0 0 0 0 0 0 0 0 0 0 0 0 0 0 0 0 0 0 0 0 0 0 0 0 0 0 0 0 0 0 0 0 
0 0 0 0 0 0 0 0 0 0 0 0 0 0 0 0 0 0 0 0 0 0 0 0 0 0 0 0 0 0 0 0 0 0 0 0 0 0 0 0 0 0 0 0 0 0 0 0 0 0 0 0 0 0 0 0 28 29 29 29 0 0 0 0 0 0 0 0 0 0 0 0 0 0 0 30 30 30 30 30 31 31 31 31 31 31 31 31 31 31 31 31 32 32 32 32 32 32 32 32 32 32 32 33 33 33 33 33 33 33 33 33 33 33 33 34 34 34 34 34 34 34 34 35 35 35 35 35 35 36 36 36 36 36 36 36 36 36 37 37 37 37 37 37 37 37 38 38 38 38 38 38 38 38 38 39 39 39 39 39 39 39 39 39 40 40 40 40 40 40 40 40 40 40 40 41 41 41 41 41 41 41 41 42 42 42 42 42 42 42 42 42 43 44 44 44 44 44 44 44 44 44 44 44 44 44 45 45 45 45 45 45 45 45 45 45 45 45 46 46 46 46 46 46 46 46 46 46 46 46 46 46 46 46 47 47 47 47 47 47 47 47 47 47 47 47 47 47 47 47 47 47 48 48 48 48 48 48 48 48 48 48 48 48 48 48 48 48 48 48 48 48 48 48 49 49 49 49 49 49 49 49 49 49 49 49 49 49 49 49 49 49 49 49 49 49 49 49 49 49 49 50 50 50 50 50 50 50 50 50 50 50 50 50 0 0 0 0 0 0 0 0 0 0 0 0 0 0 0 0 0 0 0 0 0 0 0 0 0 0 0 0 0 0 0 0 0 0 0 0 0 0 0 0 0 0 0 0 0 0 0 0 0 0 0 0 0 0 0 0 0 0 0 0 0 0 0 0 0 0 0 0 0 0 0 0 0 0 0 0 0 0 0 0 0 0 0 0 0 0 0 0 0 0 0 0 0 0 0 0 0 0 0 0 0 0 0 0 0 0 0 0 0 0 0 0 0 0 0 0 0 0 0 0 0 0 0 0 0 0 0 0 0 0 0 0 0 0 0 0 0 0 0 0 0 0 0 0 0 0 0 0 0 0 0 0 0 0 0 0 0 0 0 0 0 0 0 0 0 0 0 0 0 0 0 0 0 0 0 0 0 0 0 0 0 0 0 0 0 0 0 0 0 
0 0 0 0 0 0 0 0 0 0 0 0 0 0 0 0 0 0 0 0 0 0 0 0 0 0 0 0 0 0 0 0 0 0 0 0 0 0 0 0 0 0 28 28 28 28 0 0 0 0 0 0 0 0 0 0 0 29 29 29 29 0 0 0 0 0 0 0 0 0 0 0 0 0 0 0 30 30 30 31 31 31 31 31 31 31 31 31 31 32 31 32 32 32 32 32 32 32 32 32 33 33 33 33 33 33 33 33 33 33 33 33 34 34 34 34 34 34 34 34 35 35 35 35 35 35 35 35 35 36 36 36 36 36 36 36 36 36 37 37 37 37 37 37 38 38 38 38 38 38 38 38 38 39 39 39 39 39 39 39 39 39 39 40 40 40 40 40 40 40 40 40 41 41 41 41 41 41 41 41 41 42 42 42 42 42 42 42 42 42 43 43 44 44 44 44 44 44 44 44 44 44 44 45 45 45 45 45 45 45 45 45 45 45 45 46 46 46 46 46 46 46 46 46 46 46 46 46 46 47 47 47 47 47 47 47 47 47 47 47 47 47 47 47 47 47 47 47 47 48 48 48 48 48 48 48 48 48 48 48 48 48 48 48 48 48 48 48 48 49 49 49 49 49 49 49 49 49 49 49 49 49 49 49 49 49 49 49 49 49 49 49 50 50 50 50 50 49 50 50 50 50 50 50 50 50 50 50 50 50 50 50 50 50 50 50 50 50 0 0 0 0 0 0 0 0 0 0 0 0 0 0 0 0 0 0 0 0 0 0 0 0 0 0 0 0 0 0 0 0 0 0 0 0 0 0 0 0 0 0 0 0 0 0 0 0 0 0 0 0 0 0 0 0 0 0 0 0 0 0 0 0 0 0 0 0 0 0 0 0 0 0 0 0 0 0 0 0 0 0 0 0 0 0 0 0 0 0 0 0 0 0 0 0 0 0 0 0 0 0 0 0 0 0 0 0 0 0 0 0 0 0 0 0 0 0 0 0 0 0 0 0 0 0 0 0 0 0 0 0 0 0 0 0 0 0 0 0 0 0 0 0 0 0 0 0 0 0 0 0 0 0 0 0 0 0 0 0 0 0 0 0 0 0 0 0 0 0 0 0 0 0 0 0 0 0 0 0 0 0 0 0 0 
0 0 0 0 0 0 0 0 0 0 0 0 0 0 0 0 0 0 0 0 0 0 0 0 0 0 0 0 0 0 0 0 0 0 0 0 0 0 0 0 0 0 0 28 28 28 28 28 0 0 0 0 0 0 0 0 29 29 29 29 29 29 0 0 0 0 0 0 0 0 0 0 0 30 30 30 31 31 31 31 31 31 31 31 31 31 31 32 32 32 32 32 32 32 32 32 33 33 33 33 33 33 33 33 34 33 33 34 33 33 34 34 34 34 34 34 35 34 34 35 35 35 35 35 35 35 35 35 36 36 36 36 36 36 36 37 36 37 37 37 37 37 37 38 38 38 38 38 38 38 38 38 39 39 39 39 39 39 39 39 39 39 39 40 40 40 40 40 40 41 41 41 41 41 41 41 41 41 42 42 42 42 42 42 42 42 42 42 43 43 43 43 44 44 44 44 44 44 44 44 44 45 45 45 45 45 45 45 45 45 45 45 46 46 46 46 46 46 46 46 46 46 46 46 46 46 47 47 47 47 47 47 47 47 47 47 47 47 47 47 47 47 47 47 47 47 47 48 48 48 48 48 48 48 48 48 48 48 48 48 48 48 48 48 48 49 49 49 49 49 49 49 49 49 49 49 49 49 49 49 49 49 49 49 49 49 49 49 49 49 50 50 50 50 50 50 50 50 50 50 50 50 50 50 50 50 50 50 50 50 50 50 50 50 50 50 50 50 50 51 0 0 0 0 0 0 0 0 0 0 0 0 0 0 0 0 0 0 0 0 0 0 0 0 0 0 0 0 0 0 0 0 0 0 0 0 0 0 0 0 0 0 0 0 0 0 0 0 0 0 0 0 0 0 0 0 0 0 0 0 0 0 0 0 0 0 0 0 0 0 0 0 0 0 0 0 0 0 0 0 0 0 0 0 0 0 0 0 0 0 0 0 0 0 0 0 0 0 0 0 0 0 0 0 0 0 0 0 0 0 0 0 0 0 0 0 0 0 0 0 0 0 0 0 0 0 0 0 0 0 0 0 0 0 0 0 0 0 0 0 0 0 0 0 0 0 0 0 0 0 0 0 0 0 0 0 0 0 0 0 0 0 0 0 0 0 0 0 0 0 0 0 0 0 0 0 0 0 0 0 0 0 0 
0 0 0 0 0 0 0 0 0 0 0 0 0 0 0 0 0 0 0 0 0 0 0 0 0 0 0 0 0 0 0 0 0 0 0 0 0 0 0 0 0 0 0 0 0 28 28 28 29 29 0 29 0 0 0 0 0 29 29 29 30 30 0 0 30 0 0 0 0 0 0 0 0 0 31 31 31 31 31 31 31 31 31 32 32 32 32 32 32 32 32 32 32 32 33 33 33 33 33 33 33 34 34 33 34 34 34 34 33 34 34 34 34 34 34 35 35 35 35 35 36 35 35 35 36 36 36 36 36 36 36 37 37 37 37 37 37 37 37 37 37 37 37 37 38 38 38 38 38 38 38 39 39 39 39 39 39 39 39 39 39 39 39 40 40 40 40 40 40 41 41 41 41 41 41 41 42 42 42 42 42 42 42 42 42 43 43 43 43 43 43 43 44 44 44 44 44 44 45 45 45 45 45 45 45 45 45 45 45 46 46 46 46 46 46 46 46 46 46 46 46 46 46 47 47 47 47 47 47 47 47 47 47 47 47 47 47 47 47 48 48 48 47 48 48 48 48 48 48 48 48 48 48 48 48 48 48 48 48 48 49 49 49 49 49 49 49 49 49 49 49 49 49 49 49 49 49 49 49 49 49 49 49 49 49 50 50 50 50 50 50 50 50 50 50 50 50 50 50 50 50 50 50 50 50 50 50 50 50 50 50 50 50 50 50 50 50 50 51 51 51 0 0 0 0 0 0 0 0 0 0 0 0 0 0 0 0 0 0 0 0 0 0 0 0 0 0 0 0 0 0 0 0 0 0 0 0 0 0 0 0 0 0 0 0 0 0 0 0 0 0 0 0 0 0 0 0 0 0 0 0 0 0 0 0 0 0 0 0 0 0 0 0 0 0 0 0 0 0 0 0 0 0 0 0 0 0 0 0 0 0 0 0 0 0 0 0 0 0 0 0 0 0 0 0 0 0 0 0 0 0 0 0 0 0 0 0 0 0 0 0 0 0 0 0 0 0 0 0 0 0 0 0 0 0 0 0 0 0 0 0 0 0 0 0 0 0 0 0 0 0 0 0 0 0 0 0 0 0 0 0 0 0 0 0 0 0 0 0 0 0 0 0 0 0 0 0 0 0 0 0 0 0 
0 0 0 0 0 0 0 0 0 0 0 0 0 0 0 0 0 0 0 0 0 0 0 0 0 0 0 0 0 0 0 0 0 0 0 0 0 0 0 0 0 0 0 0 0 28 28 29 29 29 29 29 29 29 29 29 29 29 30 30 30 30 30 30 30 30 0 30 31 0 0 0 0 0 31 31 31 31 31 31 32 32 32 32 32 32 32 32 32 32 32 32 32 33 33 33 33 33 33 33 33 33 34 34 34 34 34 34 34 34 34 34 34 35 35 35 35 35 35 35 36 35 35 36 36 36 36 36 36 36 36 37 37 37 37 37 37 37 37 37 37 37 37 38 38 38 38 38 38 38 38 39 39 39 39 39 39 39 39 39 40 40 40 40 40 40 40 40 40 41 41 41 41 41 42 42 42 42 42 42 42 42 42 43 43 43 43 43 43 43 43 43 44 44 44 45 45 45 45 45 45 45 45 45 45 45 46 46 46 46 46 46 46 46 46 46 46 46 46 46 47 47 47 47 47 47 47 47 47 47 47 47 47 48 48 48 48 48 48 48 48 48 48 48 48 48 48 48 48 48 48 48 48 48 48 48 49 49 49 49 49 49 49 49 49 49 49 49 49 49 49 49 49 49 49 49 49 49 49 49 50 50 50 50 50 50 50 50 50 50 50 50 50 50 50 50 50 50 50 50 50 50 50 50 50 50 50 50 50 50 50 50 50 50 50 50 51 51 51 51 51 51 51 51 0 0 0 0 0 0 0 0 0 0 0 0 0 0 0 0 0 0 0 0 0 0 0 0 0 0 0 0 0 0 0 0 0 0 0 0 0 0 0 0 0 0 0 0 0 0 0 0 0 0 0 0 0 0 0 0 0 0 0 0 0 0 0 0 0 0 0 0 0 0 0 0 0 0 0 0 0 0 0 0 0 0 0 0 0 0 0 0 0 0 0 0 0 0 0 0 0 0 0 0 0 0 0 0 0 0 0 0 0 0 0 0 0 0 0 0 0 0 0 0 0 0 0 0 0 0 0 0 0 0 0 0 0 0 0 0 0 0 0 0 0 0 0 0 0 0 0 0 0 0 0 0 0 0 0 0 0 0 0 0 0 0 0 0 0 0 0 0 0 0 0 0 0 0 0 0 0 0 0 
0 0 0 0 0 0 0 0 0 0 0 0 0 0 0 0 0 0 0 0 0 0 0 0 0 0 0 0 0 0 0 0 0 0 0 0 0 0 0 0 0 0 0 0 28 28 28 29 29 29 29 29 29 29 29 29 29 30 30 30 30 30 30 30 30 30 30 30 30 31 31 31 31 31 31 31 31 31 31 31 32 32 32 32 32 32 32 32 33 33 33 33 32 33 33 33 33 33 33 33 34 34 34 34 34 34 35 35 35 35 35 35 35 35 36 36 36 36 36 36 36 36 36 36 37 37 37 37 37 37 37 37 37 37 37 37 38 38 38 38 38 38 38 38 38 38 38 39 39 39 39 39 39 39 39 39 40 40 40 40 40 40 40 41 41 41 41 41 41 41 41 41 41 42 42 42 42 42 42 42 43 43 43 43 43 43 43 43 43 43 44 44 45 45 45 45 45 45 45 45 45 45 45 46 46 46 46 46 46 46 46 46 46 46 46 46 46 47 47 47 47 47 47 47 47 47 47 47 47 48 48 48 48 48 48 48 48 48 48 48 48 48 48 48 48 48 48 48 48 48 48 48 48 48 49 49 49 49 49 49 49 49 49 49 49 49 49 49 49 49 49 49 49 49 49 50 50 50 50 50 50 50 50 50 50 50 50 50 50 50 50 50 50 50 50 50 50 50 50 50 50 50 50 50 50 50 50 50 50 50 50 50 50 50 50 50 51 51 51 51 51 51 51 51 51 0 0 0 0 0 0 0 0 0 0 0 0 0 0 0 0 0 0 0 0 0 0 0 0 0 0 0 0 0 0 0 0 0 0 0 0 0 0 0 0 0 0 0 0 0 0 0 0 0 0 0 0 0 0 0 0 0 0 0 0 0 0 0 0 0 0 0 0 0 0 0 0 0 0 0 0 0 0 0 0 0 0 0 0 0 0 0 0 0 0 0 0 0 0 0 0 0 0 0 0 0 0 0 0 0 0 0 0 0 0 0 0 0 0 0 0 0 0 0 0 0 0 0 0 0 0 0 0 0 0 0 0 0 0 0 0 0 0 0 0 0 0 0 0 0 0 0 0 0 0 0 0 0 0 0 0 0 0 0 0 0 0 0 0 0 0 0 0 0 0 0 0 0 0 0 0 0 0 
0 0 0 0 0 0 0 0 0 0 0 0 0 0 0 0 0 0 0 0 0 0 0 0 0 0 0 0 0 0 0 0 0 0 0 0 0 0 0 0 0 0 0 28 28 29 29 29 29 29 29 29 29 29 29 29 29 30 30 30 30 30 30 30 30 30 31 31 31 31 31 31 31 31 31 31 31 31 32 32 32 32 32 32 32 32 33 33 33 33 33 33 33 33 33 33 33 34 34 34 34 34 34 34 35 35 35 35 35 35 35 35 35 35 36 36 36 36 36 36 37 37 37 37 37 37 37 37 37 37 37 37 37 37 38 38 38 38 38 38 38 38 38 38 38 39 39 39 39 39 39 39 40 40 40 40 40 40 40 40 40 40 40 41 41 41 41 41 41 41 41 41 41 42 42 42 42 42 43 43 43 43 43 43 43 43 43 43 44 44 44 44 45 45 45 45 45 45 45 45 45 46 46 46 46 46 46 46 46 46 46 46 46 47 47 47 47 47 47 47 47 47 47 47 47 47 48 48 48 48 48 48 48 48 48 48 48 48 48 48 48 48 48 48 48 48 48 48 48 48 49 49 49 49 49 49 49 49 49 49 49 49 49 49 49 49 49 49 49 50 50 50 50 50 50 50 50 50 50 50 50 50 50 50 50 50 50 50 50 50 50 50 50 50 50 50 50 50 50 50 50 50 50 50 50 50 50 50 50 50 50 50 50 50 50 51 51 51 51 51 51 51 51 51 51 0 0 0 0 0 0 0 0 0 0 0 0 0 0 0 0 0 0 0 0 0 0 0 0 0 0 0 0 0 0 0 0 0 0 0 0 0 0 0 0 0 0 0 0 0 0 0 0 0 0 0 0 0 0 0 0 0 0 0 0 0 0 0 0 0 0 0 0 0 0 0 0 0 0 0 0 0 0 0 0 0 0 0 0 0 0 0 0 0 0 0 0 0 0 0 0 0 0 0 0 0 0 0 0 0 0 0 0 0 0 0 0 0 0 0 0 0 0 0 0 0 0 0 0 0 0 0 0 0 0 0 0 0 0 0 0 0 0 0 0 0 0 0 0 0 0 0 0 0 0 0 0 0 0 0 0 0 0 0 0 0 0 0 0 0 0 0 0 0 0 0 0 0 0 0 0 0 0 
0 0 0 0 0 0 0 0 0 0 0 0 0 0 0 0 0 0 0 0 0 0 0 0 0 0 0 0 0 0 0 0 0 0 0 0 0 0 0 0 0 28 29 29 29 29 29 29 29 29 29 29 29 29 30 30 30 30 30 30 30 30 30 31 31 31 31 31 31 31 31 31 31 31 31 31 32 32 32 32 32 32 32 33 33 33 33 33 33 33 33 33 33 33 33 34 34 34 34 34 34 34 35 35 35 35 35 35 35 35 35 36 36 36 35 35 35 36 36 36 37 37 37 37 37 37 37 37 37 38 38 38 37 38 38 38 38 38 39 39 39 39 39 39 39 39 39 39 39 39 39 40 40 40 40 40 40 40 40 40 41 41 41 41 41 41 41 41 42 42 42 42 42 42 42 42 43 43 43 43 43 43 43 43 43 43 44 44 44 44 44 44 45 45 45 45 45 45 46 46 46 46 46 46 46 46 46 46 46 46 47 47 47 47 47 47 47 47 47 47 47 47 47 48 48 48 48 48 48 48 48 48 48 48 48 48 48 48 49 49 49 49 49 49 49 49 49 49 49 49 49 49 49 49 49 49 49 49 49 49 49 49 49 49 50 50 50 50 50 50 50 50 50 50 50 50 50 50 50 50 50 50 50 50 50 50 50 50 50 50 50 50 51 51 51 51 51 51 51 51 51 50 50 50 50 51 51 51 50 50 50 51 51 51 51 51 51 51 51 51 51 51 51 51 51 0 0 0 0 0 0 0 0 0 0 0 0 0 0 0 0 0 0 0 0 0 0 0 0 0 0 0 0 0 0 0 0 0 0 0 0 0 0 0 0 0 0 0 0 0 0 0 0 0 0 0 0 0 0 0 0 0 0 0 0 0 0 0 0 0 0 0 0 0 0 0 0 0 0 0 0 0 0 0 0 0 0 0 0 0 0 0 0 0 0 0 0 0 0 0 0 0 0 0 0 0 0 0 0 0 0 0 0 0 0 0 0 0 0 0 0 0 0 0 0 0 0 0 0 0 0 0 0 0 0 0 0 0 0 0 0 0 0 0 0 0 0 0 0 0 0 0 0 0 0 0 0 0 0 0 0 0 0 0 0 0 0 0 0 0 0 0 0 0 0 0 0 0 0 0 0 0 0 
0 0 0 0 0 0 0 0 0 0 0 0 0 0 0 0 0 0 0 0 0 0 0 0 0 0 0 0 0 0 0 0 28 28 28 28 0 0 0 0 28 29 29 29 29 29 29 29 29 29 30 30 30 30 30 30 30 30 30 30 31 31 31 31 31 31 31 31 31 31 31 31 31 31 31 32 32 32 32 32 32 32 33 33 33 33 33 33 33 33 33 33 34 34 34 34 34 34 35 35 35 35 35 35 35 35 35 35 35 35 35 36 36 36 36 36 36 36 36 36 37 37 37 37 37 37 37 37 37 37 38 38 38 38 38 38 39 39 39 39 39 39 39 39 39 39 39 39 39 40 40 40 40 40 40 40 41 41 41 41 41 41 41 41 41 41 42 42 42 42 42 42 42 42 42 42 43 43 43 43 43 43 43 44 44 44 44 44 44 44 44 44 45 45 45 46 46 46 46 46 46 46 46 46 46 46 46 47 47 47 47 47 47 47 47 47 47 47 47 47 47 48 48 48 48 48 48 48 48 48 48 48 48 48 49 49 49 49 49 49 49 49 49 49 49 49 49 49 49 49 49 49 49 49 49 49 49 49 49 49 50 50 50 50 50 50 50 50 50 50 50 50 50 50 50 50 50 50 50 50 50 50 50 50 50 50 50 51 51 51 51 51 51 51 51 51 51 51 51 51 50 50 50 50 51 52 52 51 51 51 51 52 52 51 51 51 51 51 51 51 51 51 51 51 51 0 0 0 0 0 0 0 0 0 0 0 0 0 0 0 0 0 0 0 0 0 0 0 0 0 0 0 0 0 0 0 0 0 0 0 0 0 0 0 0 0 0 0 0 0 0 0 0 0 0 0 0 0 0 0 0 0 0 0 0 0 0 0 0 0 0 0 0 0 0 0 0 0 0 0 0 0 0 0 0 0 0 0 0 0 0 0 0 0 0 0 0 0 0 0 0 0 0 0 0 0 0 0 0 0 0 0 0 0 0 0 0 0 0 0 0 0 0 0 0 0 0 0 0 0 0 0 0 0 0 0 0 0 0 0 0 0 0 0 0 0 0 0 0 0 0 0 0 0 0 0 0 0 0 0 0 0 0 0 0 0 0 0 0 0 0 0 0 0 0 0 0 0 0 0 0 0 0 
0 0 0 0 0 0 0 0 0 0 0 0 0 0 0 0 0 0 0 0 0 0 0 0 0 0 0 0 0 0 0 0 28 28 28 28 28 28 28 29 29 29 29 29 29 29 29 29 30 30 30 30 30 30 30 30 30 30 31 31 31 31 31 31 31 31 31 31 31 31 31 32 32 32 32 32 32 32 32 32 32 33 33 33 33 33 33 33 33 34 33 33 34 34 34 34 34 34 34 34 35 35 35 35 35 35 35 35 35 36 36 36 36 36 36 36 36 36 36 37 37 37 37 37 37 37 37 37 37 38 38 38 38 38 38 39 39 39 39 39 39 39 39 39 39 39 40 40 40 40 40 40 40 40 41 41 41 41 41 41 41 41 41 42 42 42 42 42 42 42 42 42 43 43 42 43 43 43 43 43 43 44 44 44 44 44 44 44 44 44 44 45 45 46 46 46 46 46 46 46 46 46 46 46 47 47 47 47 47 47 47 47 47 47 47 47 47 47 48 48 48 48 48 48 48 48 48 48 48 48 48 48 49 49 49 49 49 49 49 49 49 49 49 49 49 49 49 49 49 49 49 49 49 49 49 49 50 50 50 50 50 50 50 50 50 50 50 50 50 50 50 50 50 50 50 50 50 50 50 50 50 51 51 51 51 51 51 51 51 51 51 51 51 51 51 51 51 51 51 51 50 51 51 51 51 51 51 51 51 51 51 52 52 51 51 51 51 51 51 51 51 52 0 0 0 0 0 0 0 0 0 0 0 0 0 0 0 0 0 0 0 0 0 0 0 0 0 0 0 0 0 0 0 0 0 0 0 0 0 0 0 0 0 0 0 0 0 0 0 0 0 0 0 0 0 0 0 0 0 0 0 0 0 0 0 0 0 0 0 0 0 0 0 0 0 0 0 0 0 0 0 0 0 0 0 0 0 0 0 0 0 0 0 0 0 0 0 0 0 0 0 0 0 0 0 0 0 0 0 0 0 0 0 0 0 0 0 0 0 0 0 0 0 0 0 0 0 0 0 0 0 0 0 0 0 0 0 0 0 0 0 0 0 0 0 0 0 0 0 0 0 0 0 0 0 0 0 0 0 0 0 0 0 0 0 0 0 0 0 0 0 0 0 0 0 0 0 0 0 0 0 0 0 
0 0 0 0 0 0 0 0 0 0 0 0 0 0 0 0 0 0 0 0 0 0 0 0 0 0 0 0 0 0 0 28 28 28 28 28 29 29 29 29 29 29 29 29 29 30 30 30 30 30 30 30 30 30 30 30 30 31 31 31 31 31 31 31 31 31 31 31 31 32 32 32 32 32 32 32 32 32 32 32 32 33 33 33 33 33 33 33 33 34 33 34 34 34 34 34 34 34 34 34 35 35 35 35 35 35 35 35 35 36 36 36 36 36 36 36 36 36 37 37 37 37 37 37 37 37 38 38 38 38 38 38 38 39 39 39 39 39 39 39 39 40 39 40 40 40 40 40 40 40 40 40 41 41 41 41 41 41 41 41 42 42 42 42 42 42 42 42 42 42 43 43 43 43 43 43 43 43 43 44 44 44 44 44 44 44 44 44 45 45 45 45 46 46 46 46 46 46 46 46 46 47 47 47 47 47 47 47 47 47 47 47 47 48 48 48 48 48 48 48 48 48 48 48 48 48 48 48 49 49 49 49 49 49 49 49 49 49 49 49 49 49 49 49 49 49 49 49 49 49 49 49 49 49 50 50 50 50 50 50 50 50 50 50 50 50 50 50 50 50 50 50 50 50 50 50 51 51 51 51 51 51 51 51 51 51 51 51 51 51 51 51 51 51 51 51 51 51 51 51 51 51 51 51 51 51 51 51 51 51 51 52 52 51 52 52 52 52 52 0 0 0 0 0 0 0 0 0 0 0 0 0 0 0 0 0 0 0 0 0 0 0 0 0 0 0 0 0 0 0 0 0 0 0 0 0 0 0 0 0 0 0 0 0 0 0 0 0 0 0 0 0 0 0 0 0 0 0 0 0 0 0 0 0 0 0 0 0 0 0 0 0 0 0 0 0 0 0 0 0 0 0 0 0 0 0 0 0 0 0 0 0 0 0 0 0 0 0 0 0 0 0 0 0 0 0 0 0 0 0 0 0 0 0 0 0 0 0 0 0 0 0 0 0 0 0 0 0 0 0 0 0 0 0 0 0 0 0 0 0 0 0 0 0 0 0 0 0 0 0 0 0 0 0 0 0 0 0 0 0 0 0 0 0 0 0 0 0 0 0 0 0 0 0 0 0 0 0 0 0 0 0 0 
0 0 0 0 0 0 0 0 0 0 0 0 0 0 0 0 0 0 0 0 0 0 0 0 0 0 0 0 0 0 0 0 28 28 29 29 29 29 29 29 29 29 30 30 30 30 30 30 30 30 30 30 30 30 30 30 31 31 31 31 31 31 31 31 31 31 31 32 32 32 32 32 32 32 32 32 32 33 33 33 33 33 33 33 33 33 33 34 34 34 34 34 34 34 34 34 34 34 34 35 35 35 35 35 35 35 35 35 36 36 36 36 36 36 36 37 37 37 37 37 37 37 37 38 38 38 38 38 38 38 38 38 39 39 39 39 39 39 39 40 40 40 40 40 40 40 40 40 40 41 41 41 41 41 41 41 41 41 42 42 42 42 42 42 42 42 42 43 43 43 43 43 43 43 43 43 43 43 44 44 44 44 44 44 44 44 45 45 45 45 45 45 46 46 46 46 46 46 47 47 47 47 47 47 47 47 47 47 47 47 48 48 48 48 48 48 48 48 48 48 48 48 48 48 48 49 49 49 49 49 49 49 49 49 49 49 49 49 49 49 49 50 49 49 50 50 50 50 50 50 50 50 49 50 50 50 50 50 50 50 50 50 50 50 50 50 50 50 50 50 51 51 51 51 51 51 51 51 51 51 51 51 51 51 51 51 51 51 51 51 51 51 51 51 51 51 51 51 51 51 51 51 51 51 51 51 51 51 52 51 51 52 52 51 52 52 52 52 52 0 0 0 0 0 0 0 0 0 0 0 0 0 0 0 0 0 0 0 0 0 0 0 0 0 0 0 0 0 0 0 0 0 0 0 0 0 0 0 0 0 0 0 0 0 0 0 0 0 0 0 0 0 0 0 0 0 0 0 0 0 0 0 0 0 0 0 0 0 0 0 0 0 0 0 0 0 0 0 0 0 0 0 0 0 0 0 0 0 0 0 0 0 0 0 0 0 0 0 0 0 0 0 0 0 0 0 0 0 0 0 0 0 0 0 0 0 0 0 0 0 0 0 0 0 0 0 0 0 0 0 0 0 0 0 0 0 0 0 0 0 0 0 0 0 0 0 0 0 0 0 0 0 0 0 0 0 0 0 0 0 0 0 0 0 0 0 0 0 0 0 0 0 0 0 0 0 0 0 0 0 0 0 0 
0 0 0 0 0 0 0 0 0 0 0 0 0 0 0 0 0 0 0 0 0 0 0 0 0 0 0 0 0 0 0 0 0 29 29 29 29 29 29 29 29 29 30 30 30 30 30 30 30 30 30 30 30 31 31 31 31 31 31 31 31 31 31 31 32 32 32 32 32 32 32 32 32 32 33 33 33 33 33 33 33 33 33 33 34 34 34 34 34 34 34 34 34 34 34 35 35 35 35 35 35 35 35 35 36 36 36 36 36 36 36 36 36 36 37 37 37 37 37 37 37 38 38 38 38 38 38 38 38 39 39 39 39 39 39 39 39 40 40 40 40 40 40 40 40 40 40 41 41 41 41 41 41 41 41 42 42 42 42 42 42 42 42 42 42 43 43 43 43 43 43 43 43 43 44 44 44 44 44 44 44 44 44 45 45 45 45 45 45 45 45 45 46 46 46 46 47 47 47 47 47 47 47 47 47 47 47 48 48 48 48 48 48 48 48 48 48 48 48 48 48 48 49 49 49 49 49 49 49 49 49 49 49 49 49 49 49 50 50 50 50 50 50 50 50 50 50 50 50 50 50 50 50 50 50 50 50 50 50 50 50 50 50 50 50 51 51 51 51 51 51 51 51 51 51 51 51 51 51 51 51 51 51 51 51 51 51 51 51 51 51 51 51 52 52 52 52 52 52 51 51 51 51 51 51 52 52 52 52 52 52 52 52 52 52 52 52 52 52 0 0 0 0 0 0 0 0 0 0 0 0 0 0 0 0 0 0 0 0 0 0 0 0 0 0 0 0 0 0 0 0 0 0 0 0 0 0 0 0 0 0 0 0 0 0 0 0 0 0 0 0 0 0 0 0 0 0 0 0 0 0 0 0 0 0 0 0 0 0 0 0 0 0 0 0 0 0 0 0 0 0 0 0 0 0 0 0 0 0 0 0 0 0 0 0 0 0 0 0 0 0 0 0 0 0 0 0 0 0 0 0 0 0 0 0 0 0 0 0 0 0 0 0 0 0 0 0 0 0 0 0 0 0 0 0 0 0 0 0 0 0 0 0 0 0 0 0 0 0 0 0 0 0 0 0 0 0 0 0 0 0 0 0 0 0 0 0 0 0 0 0 0 0 0 0 0 0 0 0 0 0 0 0 
0 0 0 0 0 0 0 0 0 0 0 0 0 0 0 0 0 0 0 0 0 0 0 0 0 0 0 0 0 0 0 0 0 29 29 29 29 29 29 29 30 30 30 30 30 30 30 30 30 31 31 31 31 31 31 31 31 31 31 31 31 31 32 32 32 32 32 32 32 32 32 33 33 33 33 33 33 33 33 33 33 33 34 34 34 34 34 34 34 34 34 34 35 35 35 35 35 35 35 35 35 35 36 36 36 36 36 36 36 36 36 37 37 37 37 37 37 37 37 38 38 38 38 38 38 38 39 39 39 39 39 39 39 39 39 40 40 40 40 40 40 40 40 40 40 41 41 41 41 41 41 41 41 42 42 42 42 42 42 42 42 42 42 43 43 43 43 43 43 43 43 43 44 44 44 44 44 44 44 44 44 45 45 45 45 45 45 45 45 45 45 46 46 47 47 47 47 47 47 47 47 47 47 47 48 48 48 48 48 48 48 48 48 48 48 48 48 48 48 49 49 49 49 49 49 49 49 49 49 49 49 49 49 50 50 50 50 50 50 50 50 50 50 50 50 50 50 50 50 50 50 50 50 50 50 50 50 50 50 50 50 51 51 51 51 51 51 51 51 51 51 51 51 51 51 51 51 51 51 51 51 51 51 51 51 51 51 51 51 51 51 51 52 52 52 52 52 52 52 52 52 52 52 52 52 52 52 52 52 52 52 52 52 52 52 52 52 52 52 52 0 0 0 0 0 0 0 0 0 0 0 0 0 0 0 0 0 0 0 0 0 0 0 0 0 0 0 0 0 0 0 0 0 0 0 0 0 0 0 0 0 0 0 0 0 0 0 0 0 0 0 0 0 0 0 0 0 0 0 0 0 0 0 0 0 0 0 0 0 0 0 0 0 0 0 0 0 0 0 0 0 0 0 0 0 0 0 0 0 0 0 0 0 0 0 0 0 0 0 0 0 0 0 0 0 0 0 0 0 0 0 0 0 0 0 0 0 0 0 0 0 0 0 0 0 0 0 0 0 0 0 0 0 0 0 0 0 0 0 0 0 0 0 0 0 0 0 0 0 0 0 0 0 0 0 0 0 0 0 0 0 0 0 0 0 0 0 0 0 0 0 0 0 0 0 0 0 0 0 0 0 0 0 
0 0 0 0 0 0 0 0 0 0 0 0 0 0 0 0 0 0 0 0 0 0 0 0 0 0 0 0 0 0 0 0 0 0 29 29 29 29 29 30 30 30 30 30 30 30 30 31 31 31 31 31 31 31 31 31 31 31 31 32 32 32 32 32 32 32 32 32 32 33 33 33 33 33 33 33 33 33 33 34 34 34 34 34 34 34 34 34 34 35 35 35 35 35 35 35 35 35 35 36 36 36 36 36 36 36 36 36 36 37 37 37 37 37 37 37 38 38 38 38 38 38 38 38 39 39 39 39 39 39 39 39 39 40 40 40 40 40 40 40 40 41 40 41 41 41 41 41 41 41 41 42 42 42 42 42 42 42 42 42 42 43 43 43 43 43 43 43 43 44 44 44 44 44 44 44 44 44 44 44 45 45 45 45 45 45 45 45 46 46 46 46 47 47 47 47 47 47 47 47 47 48 48 48 48 48 48 48 48 48 48 48 48 48 49 49 49 49 49 49 49 49 49 49 49 49 49 49 49 49 49 50 50 50 50 50 50 50 50 50 50 50 50 50 50 50 50 50 50 50 50 50 50 50 50 50 50 50 50 51 51 51 51 51 51 51 51 51 51 51 51 51 51 51 51 51 51 51 51 51 51 51 51 52 52 52 52 52 52 52 52 52 52 52 52 52 52 52 52 52 52 52 52 52 52 52 52 52 52 52 52 52 52 52 52 52 52 52 52 0 0 0 0 0 0 0 0 0 0 0 0 0 0 0 0 0 0 0 0 0 0 0 0 0 0 0 0 0 0 0 0 0 0 0 0 0 0 0 0 0 0 0 0 0 0 0 0 0 0 0 0 0 0 0 0 0 0 0 0 0 0 0 0 0 0 0 0 0 0 0 0 0 0 0 0 0 0 0 0 0 0 0 0 0 0 0 0 0 0 0 0 0 0 0 0 0 0 0 0 0 0 0 0 0 0 0 0 0 0 0 0 0 0 0 0 0 0 0 0 0 0 0 0 0 0 0 0 0 0 0 0 0 0 0 0 0 0 0 0 0 0 0 0 0 0 0 0 0 0 0 0 0 0 0 0 0 0 0 0 0 0 0 0 0 0 0 0 0 0 0 0 0 0 0 0 0 0 0 0 0 0 0 0 
0 0 0 0 0 0 0 0 0 0 0 0 0 0 0 0 0 0 0 0 0 0 0 0 0 0 0 0 0 0 0 0 0 0 0 29 30 30 30 30 30 30 30 30 31 31 31 31 31 31 31 31 31 31 31 32 32 32 32 32 32 32 32 32 32 32 33 33 33 33 33 33 33 33 33 33 34 34 34 34 34 34 34 34 34 34 34 35 35 35 35 35 35 35 35 35 35 36 36 36 36 36 36 36 36 36 37 37 37 37 37 37 37 37 38 38 38 38 38 38 38 38 38 39 39 39 39 39 39 39 39 40 40 40 40 40 40 40 40 41 41 41 41 41 41 41 41 41 41 42 42 42 42 42 42 42 42 42 43 43 43 43 43 43 43 43 43 44 44 44 44 44 44 44 44 44 45 45 45 45 45 45 45 45 45 45 46 46 46 46 46 46 47 47 47 47 47 47 48 48 48 48 48 48 48 48 48 48 48 48 48 49 49 49 49 49 49 49 49 49 49 49 49 49 49 49 49 49 50 50 50 50 50 50 50 50 50 50 50 50 50 50 50 50 50 50 50 51 50 51 51 51 51 51 51 51 51 51 51 51 51 51 51 51 51 51 51 51 51 51 51 51 51 51 51 51 51 51 52 52 52 52 52 52 52 52 52 52 52 52 52 52 52 52 52 52 52 52 52 52 52 52 52 52 52 52 52 52 52 52 52 52 52 52 52 52 52 52 0 0 0 0 0 0 0 0 0 0 0 0 0 0 0 0 0 0 0 0 0 0 0 0 0 0 0 0 0 0 0 0 0 0 0 0 0 0 0 0 0 0 0 0 0 0 0 0 0 0 0 0 0 0 0 0 0 0 0 0 0 0 0 0 0 0 0 0 0 0 0 0 0 0 0 0 0 0 0 0 0 0 0 0 0 0 0 0 0 0 0 0 0 0 0 0 0 0 0 0 0 0 0 0 0 0 0 0 0 0 0 0 0 0 0 0 0 0 0 0 0 0 0 0 0 0 0 0 0 0 0 0 0 0 0 0 0 0 0 0 0 0 0 0 0 0 0 0 0 0 0 0 0 0 0 0 0 0 0 0 0 0 0 0 0 0 0 0 0 0 0 0 0 0 0 0 0 0 0 0 0 0 0 0 0 
0 0 0 0 0 0 0 0 0 0 0 0 0 0 0 0 0 0 0 0 0 0 0 0 0 0 0 0 0 0 0 0 0 0 30 30 30 30 30 30 30 30 31 31 31 31 31 31 31 31 31 31 31 32 32 32 32 32 32 32 32 32 32 32 33 33 33 33 33 33 33 33 33 33 34 34 34 34 34 34 34 34 34 34 34 34 35 35 35 35 35 35 35 35 36 36 36 36 36 36 36 36 36 36 37 37 37 37 37 37 37 37 38 38 38 38 38 38 38 38 39 39 39 39 39 39 39 39 39 40 40 40 40 40 40 40 40 41 41 41 41 41 41 41 41 41 41 42 42 42 42 42 42 42 42 42 43 43 43 43 43 43 43 43 43 44 44 44 44 44 44 44 44 44 45 45 45 45 45 45 45 45 45 45 46 46 46 46 46 46 46 46 47 47 47 47 48 48 48 48 48 48 48 48 48 48 48 49 49 49 49 49 49 49 49 49 49 49 49 49 49 49 49 50 50 50 50 50 50 50 50 50 50 50 50 50 50 50 50 51 51 51 51 51 51 51 51 51 51 51 51 51 51 51 51 51 51 51 51 51 51 51 51 51 51 51 51 51 51 51 51 51 51 51 52 52 52 52 52 52 52 52 52 52 52 52 52 52 52 52 52 52 52 52 52 52 52 52 52 52 52 52 52 52 53 52 52 52 52 53 53 53 53 52 53 52 52 0 0 0 0 0 0 0 0 0 0 0 0 0 0 0 0 0 0 0 0 0 0 0 0 0 0 0 0 0 0 0 0 0 0 0 0 0 0 0 0 0 0 0 0 0 0 0 0 0 0 0 0 0 0 0 0 0 0 0 0 0 0 0 0 0 0 0 0 0 0 0 0 0 0 0 0 0 0 0 0 0 0 0 0 0 0 0 0 0 0 0 0 0 0 0 0 0 0 0 0 0 0 0 0 0 0 0 0 0 0 0 0 0 0 0 0 0 0 0 0 0 0 0 0 0 0 0 0 0 0 0 0 0 0 0 0 0 0 0 0 0 0 0 0 0 0 0 0 0 0 0 0 0 0 0 0 0 0 0 0 0 0 0 0 0 0 0 0 0 0 0 0 0 0 0 0 0 0 0 0 0 0 0 0 0 0 
0 0 0 0 0 0 0 0 0 0 0 0 0 0 0 0 0 0 0 0 0 0 0 0 0 0 0 0 0 0 0 0 0 0 30 30 30 30 30 30 30 30 31 31 31 31 31 31 31 31 31 32 32 32 32 32 32 32 32 32 32 33 33 33 33 33 33 33 33 33 33 33 34 34 34 34 34 34 34 34 34 34 34 35 35 35 35 35 35 35 35 35 36 36 36 36 36 36 36 36 36 37 37 37 37 37 37 37 37 37 38 38 38 38 38 38 38 38 39 39 39 39 39 39 39 39 39 40 40 40 40 40 40 40 40 41 41 41 41 41 41 41 41 41 41 41 42 42 42 42 42 42 42 42 43 43 43 43 43 43 43 43 43 44 44 44 44 44 44 44 44 45 45 45 45 45 45 45 45 45 45 46 46 46 46 46 46 46 46 46 46 47 47 48 48 48 48 48 48 48 48 48 48 48 49 49 49 49 49 49 49 49 49 49 49 49 49 49 50 50 50 50 50 50 50 50 50 50 50 50 50 50 50 50 50 50 51 51 51 51 51 51 51 51 51 51 51 51 51 51 51 51 51 51 51 51 51 51 51 51 51 51 51 51 51 51 51 51 51 52 52 52 52 52 52 52 52 52 52 52 52 52 52 52 52 52 52 52 52 52 52 52 52 52 52 52 53 53 53 53 53 53 53 53 53 53 53 53 53 53 53 53 53 53 53 52 52 0 0 0 0 0 0 0 0 0 0 0 0 0 0 0 0 0 0 0 0 0 0 0 0 0 0 0 0 0 0 0 0 0 0 0 0 0 0 0 0 0 0 0 0 0 0 0 0 0 0 0 0 0 0 0 0 0 0 0 0 0 0 0 0 0 0 0 0 0 0 0 0 0 0 0 0 0 0 0 0 0 0 0 0 0 0 0 0 0 0 0 0 0 0 0 0 0 0 0 0 0 0 0 0 0 0 0 0 0 0 0 0 0 0 0 0 0 0 0 0 0 0 0 0 0 0 0 0 0 0 0 0 0 0 0 0 0 0 0 0 0 0 0 0 0 0 0 0 0 0 0 0 0 0 0 0 0 0 0 0 0 0 0 0 0 0 0 0 0 0 0 0 0 0 0 0 0 0 0 0 0 0 0 0 0 0 
0 0 0 0 0 0 0 0 0 0 0 0 0 0 0 0 0 0 0 0 0 0 0 0 0 0 0 0 0 0 0 0 0 0 30 30 30 30 30 30 30 31 31 31 31 31 31 31 32 32 32 32 32 32 32 32 32 32 32 33 33 33 33 33 33 33 33 33 33 34 34 34 34 34 34 34 34 34 34 34 35 35 35 35 35 35 35 35 35 35 35 36 36 36 36 36 36 36 36 37 37 37 37 37 37 37 37 37 38 38 38 38 38 38 38 38 38 39 39 39 39 39 39 39 40 40 40 40 40 40 40 40 40 41 41 41 41 41 41 41 41 42 41 41 42 42 42 42 42 42 42 42 43 43 43 43 43 43 43 43 43 44 44 44 44 44 44 44 44 45 45 45 45 45 45 45 45 45 46 46 46 46 46 46 46 46 46 46 47 47 47 47 48 48 48 48 48 48 48 48 48 48 49 49 49 49 49 49 49 49 49 49 49 49 49 50 50 50 50 50 50 50 50 50 50 50 50 50 50 50 50 50 50 51 51 51 51 51 51 51 51 51 51 51 51 51 51 51 51 51 51 51 51 51 51 51 51 51 51 51 51 51 51 51 51 51 52 52 52 52 52 52 52 52 52 52 52 52 52 52 52 52 52 52 52 52 52 52 52 52 52 52 53 53 53 53 53 53 53 53 53 53 53 53 53 53 53 53 53 53 53 53 53 53 53 53 0 0 0 0 0 0 0 0 0 0 0 0 0 0 0 0 0 0 0 0 0 0 0 0 0 0 0 0 0 0 0 0 0 0 0 0 0 0 0 0 0 0 0 0 0 0 0 0 0 0 0 0 0 0 0 0 0 0 0 0 0 0 0 0 0 0 0 0 0 0 0 0 0 0 0 0 0 0 0 0 0 0 0 0 0 0 0 0 0 0 0 0 0 0 0 0 0 0 0 0 0 0 0 0 0 0 0 0 0 0 0 0 0 0 0 0 0 0 0 0 0 0 0 0 0 0 0 0 0 0 0 0 0 0 0 0 0 0 0 0 0 0 0 0 0 0 0 0 0 0 0 0 0 0 0 0 0 0 0 0 0 0 0 0 0 0 0 0 0 0 0 0 0 0 0 0 0 0 0 0 0 0 0 0 0 0 0 
0 0 0 0 0 0 0 0 0 0 0 0 0 0 0 0 0 0 0 0 0 0 0 0 0 0 0 0 0 0 0 0 0 0 30 30 30 30 30 31 31 31 31 31 31 31 32 32 32 32 32 32 32 32 32 32 32 33 33 33 33 33 33 33 33 33 33 34 34 34 34 34 34 34 34 34 34 35 35 35 35 35 35 35 35 35 35 35 36 36 36 36 36 36 36 36 37 37 37 37 37 37 37 37 37 37 38 38 38 38 38 38 38 38 38 39 39 39 39 39 39 39 40 40 40 40 40 40 40 40 40 41 41 41 41 41 41 41 41 42 42 42 42 42 42 42 42 42 42 42 43 43 43 43 43 43 43 43 44 44 44 44 44 44 44 44 44 45 45 45 45 45 45 45 45 45 46 46 46 46 46 46 46 46 46 46 46 47 47 47 47 47 48 48 48 48 48 48 49 49 49 49 49 49 49 49 49 49 49 49 49 50 50 50 50 50 50 50 50 50 50 50 50 50 50 50 50 50 50 50 51 51 51 51 51 51 51 51 51 51 51 51 51 51 51 51 51 51 51 51 51 52 52 52 52 52 52 52 52 52 52 52 52 52 52 52 52 52 52 52 52 52 52 52 52 52 52 52 52 52 52 52 52 52 52 52 52 52 53 53 53 53 53 53 53 53 53 53 53 53 53 53 53 53 53 53 53 53 53 53 53 53 53 53 53 53 0 0 0 0 0 0 0 0 0 0 0 0 0 0 0 0 0 0 0 0 0 0 0 0 0 0 0 0 0 0 0 0 0 0 0 0 0 0 0 0 0 0 0 0 0 0 0 0 0 0 0 0 0 0 0 0 0 0 0 0 0 0 0 0 0 0 0 0 0 0 0 0 0 0 0 0 0 0 0 0 0 0 0 0 0 0 0 0 0 0 0 0 0 0 0 0 0 0 0 0 0 0 0 0 0 0 0 0 0 0 0 0 0 0 0 0 0 0 0 0 0 0 0 0 0 0 0 0 0 0 0 0 0 0 0 0 0 0 0 0 0 0 0 0 0 0 0 0 0 0 0 0 0 0 0 0 0 0 0 0 0 0 0 0 0 0 0 0 0 0 0 0 0 0 0 0 0 0 0 0 0 0 0 0 0 0 0 
0 0 0 0 0 0 0 0 0 0 0 0 0 0 0 0 0 0 0 0 0 0 0 0 0 0 0 0 0 0 0 0 0 30 30 30 31 31 31 31 31 31 31 31 32 32 32 32 32 32 32 32 32 32 32 33 33 33 33 33 33 33 33 33 33 34 34 34 34 34 34 34 34 34 34 35 35 35 35 35 35 35 35 35 35 35 36 36 36 36 36 36 36 36 36 37 37 37 37 37 37 37 37 37 38 38 38 38 38 38 38 38 39 39 39 39 39 39 39 39 40 40 40 40 40 40 40 40 40 41 41 41 41 41 41 41 41 42 42 42 42 42 42 42 42 42 42 42 43 43 43 43 43 43 43 43 44 44 44 44 44 44 44 44 45 45 45 45 45 45 45 45 45 46 46 46 46 46 46 46 46 46 46 46 47 47 47 47 47 47 47 47 48 48 48 48 49 49 49 49 49 49 49 49 49 49 49 49 50 50 50 50 50 50 50 50 50 50 50 50 50 50 50 50 50 51 51 51 51 51 51 51 51 51 51 51 51 51 51 51 51 51 51 51 51 51 52 52 52 52 52 52 52 52 52 52 52 52 52 52 52 52 52 52 52 52 52 52 52 52 52 52 52 52 52 52 52 52 52 52 52 52 53 53 53 53 53 53 53 53 53 53 53 53 53 53 53 53 53 53 53 53 53 53 53 53 53 53 53 53 53 53 53 53 53 0 0 0 0 0 0 0 0 0 0 0 0 0 0 0 0 0 0 0 0 0 0 0 0 0 0 0 0 0 0 0 0 0 0 0 0 0 0 0 0 0 0 0 0 0 0 0 0 0 0 0 0 0 0 0 0 0 0 0 0 0 0 0 0 0 0 0 0 0 0 0 0 0 0 0 0 0 0 0 0 0 0 0 0 0 0 0 0 0 0 0 0 0 0 0 0 0 0 0 0 0 0 0 0 0 0 0 0 0 0 0 0 0 0 0 0 0 0 0 0 0 0 0 0 0 0 0 0 0 0 0 0 0 0 0 0 0 0 0 0 0 0 0 0 0 0 0 0 0 0 0 0 0 0 0 0 0 0 0 0 0 0 0 0 0 0 0 0 0 0 0 0 0 0 0 0 0 0 0 0 0 0 0 0 0 0 0 0 
0 0 0 0 0 0 0 0 0 0 0 0 0 0 0 0 0 0 0 0 0 0 0 0 0 0 0 0 0 0 0 0 0 0 31 31 31 31 31 31 31 31 32 32 32 32 32 32 32 32 32 32 33 33 33 33 33 33 33 33 33 33 33 34 34 34 34 34 34 34 34 34 34 35 35 35 35 35 35 35 35 35 35 36 36 36 36 36 36 36 36 36 37 37 37 37 37 37 37 37 37 38 38 38 38 38 38 38 38 38 39 39 39 39 39 39 39 39 40 40 40 40 40 40 40 40 40 41 41 41 41 41 41 41 41 42 42 42 42 42 42 42 42 42 42 42 43 43 43 43 43 43 43 43 44 44 44 44 44 44 44 44 44 45 45 45 45 45 45 45 45 46 46 46 46 46 46 46 46 46 47 47 47 47 47 47 47 47 47 47 48 48 48 49 49 49 49 49 49 49 49 49 49 49 49 50 50 50 50 50 50 50 50 50 50 50 50 50 50 50 51 51 51 51 51 51 51 51 51 51 51 51 51 51 51 51 51 51 51 52 52 52 52 52 52 52 52 52 52 52 52 52 52 52 52 52 52 52 52 52 52 52 52 52 52 52 52 52 52 52 52 52 52 52 52 52 52 53 53 53 53 53 53 53 53 53 53 53 53 53 53 53 53 53 53 53 53 53 53 53 53 53 53 53 53 53 53 53 53 53 0 0 0 0 0 0 0 0 0 0 0 0 0 0 0 0 0 0 0 0 0 0 0 0 0 0 0 0 0 0 0 0 0 0 0 0 0 0 0 0 0 0 0 0 0 0 0 0 0 0 0 0 0 0 0 0 0 0 0 0 0 0 0 0 0 0 0 0 0 0 0 0 0 0 0 0 0 0 0 0 0 0 0 0 0 0 0 0 0 0 0 0 0 0 0 0 0 0 0 0 0 0 0 0 0 0 0 0 0 0 0 0 0 0 0 0 0 0 0 0 0 0 0 0 0 0 0 0 0 0 0 0 0 0 0 0 0 0 0 0 0 0 0 0 0 0 0 0 0 0 0 0 0 0 0 0 0 0 0 0 0 0 0 0 0 0 0 0 0 0 0 0 0 0 0 0 0 0 0 0 0 0 0 0 0 0 0 0 0 0 0 0 0 
0 0 0 0 0 0 0 0 0 0 0 0 0 0 0 0 0 0 0 0 0 0 0 0 0 0 0 0 0 0 0 0 0 0 31 31 31 31 31 31 31 31 32 32 32 32 32 32 32 32 33 33 33 33 33 33 33 33 33 33 34 34 34 34 34 34 34 34 34 34 35 35 35 35 35 35 35 35 35 35 35 36 36 36 36 36 36 36 36 36 37 37 37 37 37 37 37 37 37 38 38 38 38 38 38 38 38 38 39 39 39 39 39 39 39 39 39 40 40 40 40 40 40 40 40 41 41 41 41 41 41 41 41 42 42 42 42 42 42 42 42 43 42 42 43 43 43 43 43 43 43 43 44 44 44 44 44 44 44 44 44 45 45 45 45 45 45 45 45 46 46 46 46 46 46 46 46 46 47 47 47 47 47 47 47 47 47 47 48 48 48 48 49 49 49 49 49 49 49 49 49 49 50 50 50 50 50 50 50 50 50 50 50 50 50 50 51 51 51 51 51 51 51 51 51 51 51 51 51 51 51 51 51 51 51 51 52 52 52 52 52 52 52 52 52 52 52 52 52 52 52 52 52 52 52 52 52 52 52 52 52 52 52 52 52 52 52 52 52 52 52 52 53 53 53 53 53 53 53 53 53 53 53 53 53 53 53 53 53 53 53 53 53 53 53 53 53 53 53 53 53 53 53 53 53 0 0 0 0 0 0 0 0 0 0 0 0 0 0 0 0 0 0 0 0 0 0 0 0 0 0 0 0 0 0 0 0 0 0 0 0 0 0 0 0 0 0 0 0 0 0 0 0 0 0 0 0 0 0 0 0 0 0 0 0 0 0 0 0 0 0 0 0 0 0 0 0 0 0 0 0 0 0 0 0 0 0 0 0 0 0 0 0 0 0 0 0 0 0 0 0 0 0 0 0 0 0 0 0 0 0 0 0 0 0 0 0 0 0 0 0 0 0 0 0 0 0 0 0 0 0 0 0 0 0 0 0 0 0 0 0 0 0 0 0 0 0 0 0 0 0 0 0 0 0 0 0 0 0 0 0 0 0 0 0 0 0 0 0 0 0 0 0 0 0 0 0 0 0 0 0 0 0 0 0 0 0 0 0 0 0 0 0 0 0 0 0 0 0 0 0 0 0 
0 0 0 0 0 0 0 0 0 0 0 0 0 0 0 0 0 0 0 0 0 0 0 0 0 0 0 0 0 0 0 0 0 0 31 31 31 31 31 31 31 32 32 32 32 32 32 32 33 33 33 33 33 33 33 33 33 33 33 34 34 34 34 34 34 34 34 34 35 35 35 35 35 35 35 35 35 35 36 36 36 36 36 36 36 36 36 36 37 37 37 37 37 37 37 37 37 38 38 38 38 38 38 38 38 38 39 39 39 39 39 39 39 39 39 40 40 40 40 40 40 40 40 41 41 41 41 41 41 41 41 42 42 42 42 42 42 42 42 43 43 43 43 43 43 43 43 43 43 43 44 44 44 44 44 44 44 44 44 45 45 45 45 45 45 45 45 46 46 46 46 46 46 46 46 46 47 47 47 47 47 47 47 47 47 47 48 48 48 48 48 48 49 49 49 49 49 49 49 50 50 50 50 50 50 50 50 50 50 50 50 50 51 51 51 51 51 51 51 51 51 51 51 51 51 51 51 51 51 51 51 52 52 52 52 52 52 52 52 52 52 52 52 52 52 52 52 52 52 52 52 52 52 52 52 52 52 52 52 52 52 53 53 53 53 53 53 53 53 53 53 53 53 53 53 53 53 53 53 53 53 53 53 53 53 53 53 53 53 53 53 53 53 53 53 54 53 54 54 54 54 54 54 54 53 53 0 0 0 0 0 0 0 0 0 0 0 0 0 0 0 0 0 0 0 0 0 0 0 0 0 0 0 0 0 0 0 0 0 0 0 0 0 0 0 0 0 0 0 0 0 0 0 0 0 0 0 0 0 0 0 0 0 0 0 0 0 0 0 0 0 0 0 0 0 0 0 0 0 0 0 0 0 0 0 0 0 0 0 0 0 0 0 0 0 0 0 0 0 0 0 0 0 0 0 0 0 0 0 0 0 0 0 0 0 0 0 0 0 0 0 0 0 0 0 0 0 0 0 0 0 0 0 0 0 0 0 0 0 0 0 0 0 0 0 0 0 0 0 0 0 0 0 0 0 0 0 0 0 0 0 0 0 0 0 0 0 0 0 0 0 0 0 0 0 0 0 0 0 0 0 0 0 0 0 0 0 0 0 0 0 0 0 0 0 0 0 0 0 0 0 0 0 
0 0 0 0 0 0 0 0 0 0 0 0 0 0 0 0 0 0 0 0 0 0 0 0 0 0 0 0 0 0 0 0 0 0 31 31 31 31 32 32 32 32 32 32 32 32 33 33 33 33 33 33 33 33 33 33 33 34 34 34 34 34 34 34 34 34 35 35 35 35 35 35 35 35 35 35 36 36 36 36 36 36 36 36 36 36 37 37 37 37 37 37 37 37 37 38 38 38 38 38 38 38 38 38 39 39 39 39 39 39 39 39 39 40 40 40 40 40 40 40 40 41 41 41 41 41 41 41 41 42 42 42 42 42 42 42 42 42 43 43 43 43 43 43 43 43 43 43 44 44 44 44 44 44 44 44 44 45 45 45 45 45 45 45 45 46 46 46 46 46 46 46 46 47 47 47 47 47 47 47 47 47 47 48 48 48 48 48 48 48 48 48 49 49 49 49 50 50 50 50 50 50 50 50 50 50 50 50 51 51 51 51 51 51 51 51 51 51 51 51 51 51 51 51 51 51 51 52 52 52 52 52 52 52 52 52 52 52 52 52 52 52 52 52 52 52 52 52 52 52 52 53 53 53 53 53 53 53 53 53 53 53 53 53 53 53 53 53 53 53 53 53 53 53 53 53 53 53 53 53 53 53 53 53 53 53 53 53 53 53 53 53 54 54 54 54 54 54 54 54 54 54 54 54 54 54 54 54 0 0 0 0 0 0 0 0 0 0 0 0 0 0 0 0 0 0 0 0 0 0 0 0 0 0 0 0 0 0 0 0 0 0 0 0 0 0 0 0 0 0 0 0 0 0 0 0 0 0 0 0 0 0 0 0 0 0 0 0 0 0 0 0 0 0 0 0 0 0 0 0 0 0 0 0 0 0 0 0 0 0 0 0 0 0 0 0 0 0 0 0 0 0 0 0 0 0 0 0 0 0 0 0 0 0 0 0 0 0 0 0 0 0 0 0 0 0 0 0 0 0 0 0 0 0 0 0 0 0 0 0 0 0 0 0 0 0 0 0 0 0 0 0 0 0 0 0 0 0 0 0 0 0 0 0 0 0 0 0 0 0 0 0 0 0 0 0 0 0 0 0 0 0 0 0 0 0 0 0 0 0 0 0 0 0 0 0 0 0 0 0 0 0 0 
0 0 0 0 0 0 0 0 0 0 0 0 0 0 0 0 0 0 0 0 0 0 0 0 0 0 0 0 0 0 0 0 0 31 31 32 32 32 32 32 32 32 32 32 32 32 33 33 33 33 33 33 33 33 33 33 34 34 34 34 34 34 34 34 34 34 35 35 35 35 35 35 35 35 35 35 36 36 36 36 36 36 36 36 36 36 37 37 37 37 37 37 38 38 38 38 38 38 38 38 38 39 39 39 39 39 39 39 39 39 40 40 40 40 40 40 40 40 40 40 41 41 41 41 41 41 41 41 41 42 42 42 42 42 42 42 43 43 43 43 43 43 43 44 44 44 44 44 44 44 44 45 45 45 45 45 45 45 45 46 46 46 46 46 46 46 46 47 47 47 47 47 47 47 47 47 48 48 48 48 48 48 48 48 48 49 49 49 49 49 49 49 50 50 50 50 50 50 50 50 50 50 50 51 51 51 51 51 51 51 51 51 51 51 51 51 51 51 52 52 52 52 52 52 52 52 52 52 52 52 52 52 52 52 52 52 52 52 52 52 52 53 52 52 52 52 53 53 53 53 53 53 53 53 53 53 53 53 53 53 53 53 53 53 53 53 53 53 53 53 53 53 53 53 53 53 53 53 53 53 53 53 53 53 53 53 53 53 53 53 53 53 53 53 53 54 54 54 54 54 54 53 53 53 54 54 54 54 54 54 54 0 0 0 0 0 0 0 0 0 0 0 0 0 0 0 0 0 0 0 0 0 0 0 0 0 0 0 0 0 0 0 0 0 0 0 0 0 0 0 0 0 0 0 0 0 0 0 0 0 0 0 0 0 0 0 0 0 0 0 0 0 0 0 0 0 0 0 0 0 0 0 0 0 0 0 0 0 0 0 0 0 0 0 0 0 0 0 0 0 0 0 0 0 0 0 0 0 0 0 0 0 0 0 0 0 0 0 0 0 0 0 0 0 0 0 0 0 0 0 0 0 0 0 0 0 0 0 0 0 0 0 0 0 0 0 0 0 0 0 0 0 0 0 0 0 0 0 0 0 0 0 0 0 0 0 0 0 0 0 0 0 0 0 0 0 0 0 0 0 0 0 0 0 0 0 0 0 0 0 0 0 0 0 0 0 0 0 0 0 0 0 0 
0 0 0 0 0 0 0 0 0 0 0 0 0 0 0 0 0 0 0 0 0 0 0 0 0 0 0 0 0 0 0 31 32 32 32 32 32 32 32 32 32 32 32 33 33 33 33 33 33 33 33 33 33 33 34 34 34 34 34 34 34 34 34 34 35 35 35 35 35 35 35 35 35 35 36 36 36 36 36 36 36 36 36 37 37 37 37 37 37 37 37 37 38 38 38 38 38 38 38 39 39 39 39 39 39 39 39 39 40 40 40 40 40 40 40 40 40 41 41 41 41 41 41 41 41 41 41 42 42 42 42 42 42 42 42 43 43 43 43 43 43 43 44 44 44 44 44 44 44 45 45 45 45 45 45 45 45 46 46 46 46 46 46 46 46 47 47 47 47 47 47 47 47 48 48 48 48 48 48 48 48 48 48 49 49 49 49 49 49 49 49 49 50 50 50 50 50 50 50 50 51 51 51 51 51 51 51 51 51 51 51 51 51 51 52 52 52 52 52 52 52 52 52 52 52 52 52 52 52 52 52 52 52 52 52 52 52 53 53 53 53 53 52 52 53 53 53 53 53 53 53 53 53 53 53 53 53 53 53 53 53 53 53 53 53 53 53 53 53 53 53 53 53 53 53 53 53 53 53 53 53 53 53 53 53 53 53 53 53 54 54 54 54 54 54 54 54 54 54 54 54 54 54 54 54 54 54 54 54 54 54 0 0 0 0 0 0 0 0 0 0 0 0 0 0 0 0 0 0 0 0 0 0 0 0 0 0 0 0 0 0 0 0 0 0 0 0 0 0 0 0 0 0 0 0 0 0 0 0 0 0 0 0 0 0 0 0 0 0 0 0 0 0 0 0 0 0 0 0 0 0 0 0 0 0 0 0 0 0 0 0 0 0 0 0 0 0 0 0 0 0 0 0 0 0 0 0 0 0 0 0 0 0 0 0 0 0 0 0 0 0 0 0 0 0 0 0 0 0 0 0 0 0 0 0 0 0 0 0 0 0 0 0 0 0 0 0 0 0 0 0 0 0 0 0 0 0 0 0 0 0 0 0 0 0 0 0 0 0 0 0 0 0 0 0 0 0 0 0 0 0 0 0 0 0 0 0 0 0 0 0 0 0 0 0 0 0 0 0 0 0 0 0 
0 0 0 0 0 0 0 0 0 0 0 0 0 0 0 0 0 0 0 0 0 0 0 0 0 0 0 0 31 32 32 32 32 32 32 32 32 32 0 32 32 32 33 33 33 33 33 33 33 33 33 34 34 34 34 34 34 34 34 34 34 34 35 35 35 35 35 35 35 35 35 36 36 36 36 36 36 36 36 36 36 37 37 37 37 37 37 37 37 37 37 38 38 38 38 38 38 39 39 39 39 39 39 39 39 39 39 40 40 40 40 40 40 40 40 41 41 41 41 41 41 41 41 41 42 42 42 42 42 42 42 42 42 43 43 43 43 43 43 43 44 44 44 44 44 44 44 45 45 45 45 45 45 45 45 46 46 46 46 46 46 46 46 47 47 47 47 47 47 47 47 48 48 48 48 48 48 48 48 48 49 49 49 49 49 49 49 49 49 50 50 50 50 50 50 50 51 51 51 51 51 51 51 51 51 51 51 51 51 51 52 52 52 52 52 52 52 52 52 52 52 52 52 52 52 52 52 52 52 52 52 53 53 53 53 53 53 53 53 53 53 53 53 53 53 53 53 53 53 53 53 53 53 53 53 53 53 53 53 53 53 53 53 53 53 53 53 53 53 53 54 54 54 54 54 53 53 53 53 53 53 54 54 54 54 54 54 54 54 54 54 54 54 54 54 54 54 54 54 54 54 54 54 54 54 54 54 54 54 54 54 0 0 0 0 0 0 0 0 0 0 0 0 0 0 0 0 0 0 0 0 0 0 0 0 0 0 0 0 0 0 0 0 0 0 0 0 0 0 0 0 0 0 0 0 0 0 0 0 0 0 0 0 0 0 0 0 0 0 0 0 0 0 0 0 0 0 0 0 0 0 0 0 0 0 0 0 0 0 0 0 0 0 0 0 0 0 0 0 0 0 0 0 0 0 0 0 0 0 0 0 0 0 0 0 0 0 0 0 0 0 0 0 0 0 0 0 0 0 0 0 0 0 0 0 0 0 0 0 0 0 0 0 0 0 0 0 0 0 0 0 0 0 0 0 0 0 0 0 0 0 0 0 0 0 0 0 0 0 0 0 0 0 0 0 0 0 0 0 0 0 0 0 0 0 0 0 0 0 0 0 0 0 0 0 0 0 0 0 0 0 0 0 
0 0 0 0 0 0 0 0 0 0 0 0 0 0 0 0 0 0 0 0 0 0 0 0 0 0 0 0 0 0 0 0 0 0 32 32 0 0 0 0 33 33 33 33 33 33 33 33 33 34 34 34 34 34 34 34 34 34 34 34 35 35 35 35 35 35 35 35 35 36 36 36 36 36 36 36 36 36 36 37 37 37 37 37 37 37 37 37 38 38 38 38 38 38 38 39 39 39 39 39 39 39 39 39 40 40 40 40 40 40 40 40 40 41 41 41 41 41 41 41 41 41 42 42 42 42 42 42 42 42 42 43 43 43 43 43 43 43 44 44 44 44 44 44 44 45 45 45 45 45 45 45 45 46 46 46 46 46 46 46 46 47 47 47 47 47 47 47 47 48 48 48 48 48 48 48 48 48 49 49 49 49 49 49 49 49 49 50 50 50 50 50 50 51 51 51 51 51 51 51 51 51 51 51 51 51 52 52 52 52 52 52 52 52 52 52 52 52 52 52 52 52 52 52 52 53 53 53 53 53 53 53 53 53 53 53 53 53 53 53 53 53 53 53 53 53 53 53 53 53 53 53 53 53 53 53 53 53 53 54 54 54 54 54 54 54 54 54 54 54 54 54 54 54 54 54 54 54 54 54 54 54 54 54 54 54 54 54 54 54 54 54 54 54 54 54 54 54 54 54 54 54 54 54 54 54 54 54 54 54 54 0 0 0 0 0 0 0 0 0 0 0 0 0 0 0 0 0 0 0 0 0 0 0 0 0 0 0 0 0 0 0 0 0 0 0 0 0 0 0 0 0 0 0 0 0 0 0 0 0 0 0 0 0 0 0 0 0 0 0 0 0 0 0 0 0 0 0 0 0 0 0 0 0 0 0 0 0 0 0 0 0 0 0 0 0 0 0 0 0 0 0 0 0 0 0 0 0 0 0 0 0 0 0 0 0 0 0 0 0 0 0 0 0 0 0 0 0 0 0 0 0 0 0 0 0 0 0 0 0 0 0 0 0 0 0 0 0 0 0 0 0 0 0 0 0 0 0 0 0 0 0 0 0 0 0 0 0 0 0 0 0 0 0 0 0 0 0 0 0 0 0 0 0 0 0 0 0 0 0 0 0 0 0 0 0 0 0 0 0 0 0 0 
0 0 0 0 0 0 0 0 0 0 0 0 0 0 0 0 0 0 0 0 0 0 0 0 0 0 0 0 0 0 0 0 0 0 0 0 0 0 0 0 33 33 33 33 33 33 34 34 34 34 34 34 34 34 34 34 34 35 35 35 35 35 35 35 35 35 35 36 36 36 36 36 36 36 36 36 36 37 37 37 37 37 37 37 37 37 38 38 38 38 38 38 38 39 39 39 39 39 39 39 39 39 40 40 40 40 40 40 40 40 40 41 41 41 41 41 41 41 41 42 42 42 42 42 42 42 42 42 43 43 43 43 43 43 43 43 44 44 44 44 44 44 44 45 45 45 45 45 45 45 45 46 46 46 46 46 46 46 46 47 47 47 47 47 47 47 47 48 48 48 48 48 48 48 48 48 48 49 49 49 49 49 49 49 50 50 50 50 50 50 50 50 51 51 51 51 51 51 51 51 51 51 52 52 52 52 52 52 52 52 52 52 52 52 52 52 52 52 52 53 53 53 53 53 53 53 53 53 53 53 53 53 53 53 53 53 53 53 53 53 53 53 53 53 53 53 53 53 53 53 53 54 54 54 54 54 54 54 54 54 54 54 54 54 54 54 54 54 54 54 54 54 54 54 54 54 54 54 54 54 54 54 54 54 54 54 54 54 54 54 54 54 54 54 54 54 54 54 54 54 54 54 54 54 54 54 54 54 54 54 54 54 54 0 0 0 54 54 54 0 0 0 0 0 0 0 0 0 0 0 0 0 0 0 0 0 0 0 0 0 0 0 0 0 0 0 0 0 0 0 0 0 0 0 0 0 0 0 0 0 0 0 0 0 0 0 0 0 0 0 0 0 0 0 0 0 0 0 0 0 0 0 0 0 0 0 0 0 0 0 0 0 0 0 0 0 0 0 0 0 0 0 0 0 0 0 0 0 0 0 0 0 0 0 0 0 0 0 0 0 0 0 0 0 0 0 0 0 0 0 0 0 0 0 0 0 0 0 0 0 0 0 0 0 0 0 0 0 0 0 0 0 0 0 0 0 0 0 0 0 0 0 0 0 0 0 0 0 0 0 0 0 0 0 0 0 0 0 0 0 0 0 0 0 0 0 0 0 0 0 0 0 0 0 0 0 0 0 0 0 0 0 0 
0 0 0 0 0 0 0 0 0 0 0 0 0 0 0 0 0 0 0 0 0 0 0 0 0 0 0 0 0 0 0 0 0 0 0 0 0 0 0 0 0 33 33 33 34 34 34 34 34 34 34 34 34 34 34 35 35 35 35 35 35 35 35 35 35 36 36 36 36 36 36 36 36 36 36 37 37 37 37 37 37 37 37 37 38 38 38 38 38 38 38 38 39 39 39 39 39 39 39 39 40 40 40 40 40 40 40 40 40 41 41 41 41 41 41 41 41 42 42 42 42 42 42 42 42 42 43 43 43 43 43 43 43 43 44 44 44 44 44 44 44 44 45 45 45 45 45 45 45 46 46 46 46 46 46 46 46 47 47 47 47 47 47 47 47 48 48 48 48 48 48 48 48 48 49 49 49 49 49 49 49 49 50 50 50 50 50 50 50 50 50 50 51 51 51 51 51 51 51 52 52 52 52 52 52 52 52 52 52 52 52 52 52 52 53 53 53 53 53 53 53 53 53 53 53 53 53 53 53 53 53 53 53 53 53 53 53 53 53 53 54 54 53 53 53 53 53 53 53 54 54 54 54 54 54 54 54 54 54 54 54 54 54 54 54 54 54 54 54 54 54 54 54 54 54 54 54 54 54 54 54 54 54 54 54 54 54 54 54 54 54 54 54 54 54 54 54 54 54 54 54 54 54 54 54 54 54 54 54 54 55 55 55 55 55 55 55 55 55 55 55 0 0 0 0 0 0 0 0 0 0 0 0 0 0 0 0 0 0 0 0 0 0 0 0 0 0 0 0 0 0 0 0 0 0 0 0 0 0 0 0 0 0 0 0 0 0 0 0 0 0 0 0 0 0 0 0 0 0 0 0 0 0 0 0 0 0 0 0 0 0 0 0 0 0 0 0 0 0 0 0 0 0 0 0 0 0 0 0 0 0 0 0 0 0 0 0 0 0 0 0 0 0 0 0 0 0 0 0 0 0 0 0 0 0 0 0 0 0 0 0 0 0 0 0 0 0 0 0 0 0 0 0 0 0 0 0 0 0 0 0 0 0 0 0 0 0 0 0 0 0 0 0 0 0 0 0 0 0 0 0 0 0 0 0 0 0 0 0 0 0 0 0 0 0 0 0 0 0 0 0 0 0 
0 0 0 0 0 0 0 0 0 0 0 0 0 0 0 0 0 0 0 0 0 0 0 0 0 0 0 0 0 0 0 0 0 0 0 0 0 0 0 33 33 33 34 34 34 34 34 34 34 34 34 34 34 35 35 35 35 35 35 35 35 35 36 36 36 36 36 36 36 36 36 36 37 37 37 37 37 37 37 37 37 37 38 38 38 38 38 38 38 38 38 39 39 39 39 39 39 39 40 40 40 40 40 40 40 40 40 41 41 41 41 41 41 41 41 42 42 42 42 42 42 42 42 42 43 43 43 43 43 43 43 43 44 44 44 44 44 44 44 44 45 45 45 45 45 45 45 46 46 46 46 46 46 46 46 47 47 47 47 47 47 47 47 48 48 48 48 48 48 48 48 49 49 49 49 49 49 49 49 49 49 50 50 50 50 50 50 50 50 51 51 51 51 51 51 51 52 52 52 52 52 52 52 52 52 52 52 52 52 52 53 53 53 53 53 53 53 53 53 53 53 53 53 53 53 53 53 53 53 53 53 53 53 53 54 54 54 54 54 54 54 54 53 53 53 53 53 54 54 54 54 54 54 54 54 54 54 54 54 54 54 54 54 54 54 54 54 54 54 54 54 54 54 54 54 54 54 54 54 54 54 54 54 54 54 54 54 54 54 54 54 54 54 54 54 54 54 54 54 54 54 54 54 54 55 55 55 55 55 55 55 55 55 55 55 55 55 55 55 55 55 55 55 55 0 0 0 0 0 0 0 0 0 0 0 0 0 0 0 0 0 0 0 0 0 0 0 0 0 0 0 0 0 0 0 0 0 0 0 0 0 0 0 0 0 0 0 0 0 0 0 0 0 0 0 0 0 0 0 0 0 0 0 0 0 0 0 0 0 0 0 0 0 0 0 0 0 0 0 0 0 0 0 0 0 0 0 0 0 0 0 0 0 0 0 0 0 0 0 0 0 0 0 0 0 0 0 0 0 0 0 0 0 0 0 0 0 0 0 0 0 0 0 0 0 0 0 0 0 0 0 0 0 0 0 0 0 0 0 0 0 0 0 0 0 0 0 0 0 0 0 0 0 0 0 0 0 0 0 0 0 0 0 0 0 0 0 0 0 0 0 0 0 0 0 0 0 0 0 0 0 0 0 
0 0 0 0 0 0 0 0 0 0 0 0 0 0 0 0 0 0 0 0 0 0 0 0 0 0 0 0 0 0 0 0 0 0 0 0 0 33 33 33 33 34 34 34 34 34 34 34 34 34 35 35 35 35 35 35 35 35 35 35 35 36 36 36 36 36 36 36 36 36 37 37 37 37 37 37 37 37 37 37 38 38 38 38 38 38 38 38 38 39 39 39 39 39 39 39 40 40 40 40 40 40 40 40 40 41 41 41 41 41 41 41 41 42 42 42 42 42 42 42 42 42 43 43 43 43 43 43 43 43 44 44 44 44 44 44 44 44 45 45 45 45 45 45 45 45 46 46 46 46 46 46 46 47 47 47 47 47 47 47 47 48 48 48 48 48 48 48 48 49 49 49 49 49 49 49 49 49 49 50 50 50 50 50 50 50 50 51 51 51 51 51 51 52 52 52 52 52 52 52 52 52 52 52 52 52 53 53 53 53 53 53 53 53 53 53 53 53 53 53 53 53 53 53 53 53 54 54 54 54 54 54 54 54 54 54 54 54 54 54 54 54 54 54 54 54 54 54 54 54 54 54 54 54 54 54 54 54 54 54 54 54 54 54 54 54 54 54 54 54 54 54 54 54 55 55 55 54 55 54 54 55 55 55 55 55 55 55 54 54 54 54 54 54 54 55 55 55 55 55 55 55 55 55 55 55 55 55 55 55 55 55 55 55 55 55 55 55 55 55 55 55 55 55 55 55 55 0 0 0 0 0 0 0 0 0 0 0 0 0 0 0 0 0 0 0 0 0 0 0 0 0 0 0 0 0 0 0 0 0 0 0 0 0 0 0 0 0 0 0 0 0 0 0 0 0 0 0 0 0 0 0 0 0 0 0 0 0 0 0 0 0 0 0 0 0 0 0 0 0 0 0 0 0 0 0 0 0 0 0 0 0 0 0 0 0 0 0 0 0 0 0 0 0 0 0 0 0 0 0 0 0 0 0 0 0 0 0 0 0 0 0 0 0 0 0 0 0 0 0 0 0 0 0 0 0 0 0 0 0 0 0 0 0 0 0 0 0 0 0 0 0 0 0 0 0 0 0 0 0 0 0 0 0 0 0 0 0 0 0 0 0 0 0 0 0 0 0 0 0 0 0 0 
0 0 0 0 0 0 0 0 0 0 0 0 0 0 0 0 0 0 0 0 0 0 0 0 0 0 0 0 0 0 0 0 0 0 33 33 33 33 33 34 34 34 34 34 34 34 34 34 35 35 35 35 35 35 35 35 35 35 36 36 36 36 36 36 36 36 36 36 37 37 37 37 37 37 37 37 37 37 38 38 38 38 38 38 38 38 38 39 39 39 39 39 39 39 40 40 40 40 40 40 40 40 40 41 41 41 41 41 41 41 41 41 42 42 42 42 42 42 42 42 43 43 43 43 43 43 43 43 44 44 44 44 44 44 44 44 44 45 45 45 45 45 45 45 46 46 46 46 46 46 46 47 47 47 47 47 47 47 47 48 48 48 48 48 48 48 48 48 49 49 49 49 49 49 49 49 50 50 50 50 50 50 50 50 50 51 51 51 51 51 51 51 52 52 52 52 52 52 52 52 52 52 53 53 53 53 53 53 53 53 53 53 53 53 53 53 53 53 53 53 54 54 54 54 54 54 54 54 54 54 54 54 54 54 54 54 54 54 54 54 54 54 54 54 54 54 54 54 54 54 54 54 54 54 54 54 54 54 54 54 54 54 55 55 55 55 55 55 55 55 55 55 55 55 55 55 55 55 55 55 55 55 55 55 55 55 55 55 55 54 54 54 54 55 55 55 55 55 55 55 55 55 55 55 55 55 55 55 55 55 55 55 55 55 55 55 55 55 55 55 55 55 55 55 55 55 55 55 0 0 0 0 0 0 0 0 0 0 0 0 0 0 0 0 0 0 0 0 0 0 0 0 0 0 0 0 0 0 0 0 0 0 0 0 0 0 0 0 0 0 0 0 0 0 0 0 0 0 0 0 0 0 0 0 0 0 0 0 0 0 0 0 0 0 0 0 0 0 0 0 0 0 0 0 0 0 0 0 0 0 0 0 0 0 0 0 0 0 0 0 0 0 0 0 0 0 0 0 0 0 0 0 0 0 0 0 0 0 0 0 0 0 0 0 0 0 0 0 0 0 0 0 0 0 0 0 0 0 0 0 0 0 0 0 0 0 0 0 0 0 0 0 0 0 0 0 0 0 0 0 0 0 0 0 0 0 0 0 0 0 0 0 0 0 0 0 0 0 0 0 0 0 0 
0 0 0 0 0 0 0 0 0 0 0 0 0 0 0 0 0 0 0 0 0 0 0 0 32 32 0 0 0 0 0 0 33 33 33 33 33 34 34 34 34 34 34 0 0 34 35 35 35 35 35 35 35 35 35 35 35 36 36 36 36 36 36 36 36 36 37 37 37 37 37 37 37 37 37 38 38 38 38 38 38 38 38 38 38 39 39 39 39 39 39 39 40 40 40 40 40 40 40 40 40 41 41 41 41 41 41 41 41 41 42 42 42 42 42 42 42 42 43 43 43 43 43 43 43 43 44 44 44 44 44 44 44 44 45 45 45 45 45 45 45 45 46 46 46 46 46 46 46 46 47 47 47 47 47 47 47 47 48 48 48 48 48 48 48 48 49 49 49 49 49 49 49 49 50 50 50 50 50 50 50 50 50 51 51 51 51 51 51 51 51 52 52 52 52 52 52 52 53 53 53 53 53 53 53 53 53 53 53 53 53 53 53 53 54 54 54 54 54 54 54 54 54 54 54 54 54 54 54 54 54 54 54 54 54 54 54 54 54 54 54 54 54 54 54 54 54 54 54 54 54 54 54 54 54 54 55 55 55 55 55 55 55 55 55 55 55 55 55 55 55 55 55 55 55 55 55 55 55 55 55 55 55 55 55 55 55 55 55 55 54 54 55 55 55 55 55 55 55 55 55 55 55 55 55 55 55 55 55 55 55 55 55 55 55 55 55 55 55 55 55 55 55 55 55 55 55 55 55 0 0 0 0 0 0 0 0 0 0 0 0 0 0 0 0 0 0 0 0 0 0 0 0 0 0 0 0 0 0 0 0 0 0 0 0 0 0 0 0 0 0 0 0 0 0 0 0 0 0 0 0 0 0 0 0 0 0 0 0 0 0 0 0 0 0 0 0 0 0 0 0 0 0 0 0 0 0 0 0 0 0 0 0 0 0 0 0 0 0 0 0 0 0 0 0 0 0 0 0 0 0 0 0 0 0 0 0 0 0 0 0 0 0 0 0 0 0 0 0 0 0 0 0 0 0 0 0 0 0 0 0 0 0 0 0 0 0 0 0 0 0 0 0 0 0 0 0 0 0 0 0 0 0 0 0 0 0 0 0 0 0 0 0 0 0 0 0 0 0 0 0 0 0 
0 0 0 0 0 0 0 0 0 0 0 0 0 0 0 0 0 0 0 0 0 0 32 33 33 33 33 0 0 0 0 0 33 33 33 34 34 34 34 34 34 0 0 0 0 0 35 35 35 35 35 35 0 35 36 36 36 36 36 36 36 36 36 36 37 37 37 37 37 37 37 37 37 38 38 38 38 38 38 38 38 38 39 39 39 39 39 39 39 39 39 39 40 40 40 40 40 40 40 41 41 41 41 41 41 41 41 41 42 42 42 42 42 42 42 42 43 43 43 43 43 43 43 43 44 44 44 44 44 44 44 44 44 45 45 45 45 45 45 45 45 46 46 46 46 46 46 46 47 47 47 47 47 47 47 47 48 48 48 48 48 48 48 48 49 49 49 49 49 49 49 49 50 50 50 50 50 50 50 50 51 51 51 51 51 51 51 51 51 52 52 52 52 52 52 53 53 53 53 53 53 53 53 53 53 53 53 53 53 54 54 54 54 54 54 54 54 54 54 54 54 54 54 54 54 54 54 54 54 54 54 54 54 54 54 54 54 55 55 55 55 55 54 54 54 54 54 54 54 54 54 54 54 54 55 55 55 55 55 55 55 55 55 55 55 55 55 55 55 55 55 55 55 55 55 55 55 55 55 55 55 55 55 55 55 55 55 55 55 55 54 55 55 55 55 55 55 55 55 55 55 55 55 55 55 55 55 55 55 55 55 55 55 55 55 55 55 55 55 55 55 55 55 55 55 55 55 55 55 0 0 0 0 0 0 0 0 0 0 0 0 0 0 0 0 0 0 0 0 0 0 0 0 0 0 0 0 0 0 0 0 0 0 0 0 0 0 0 0 0 0 0 0 0 0 0 0 0 0 0 0 0 0 0 0 0 0 0 0 0 0 0 0 0 0 0 0 0 0 0 0 0 0 0 0 0 0 0 0 0 0 0 0 0 0 0 0 0 0 0 0 0 0 0 0 0 0 0 0 0 0 0 0 0 0 0 0 0 0 0 0 0 0 0 0 0 0 0 0 0 0 0 0 0 0 0 0 0 0 0 0 0 0 0 0 0 0 0 0 0 0 0 0 0 0 0 0 0 0 0 0 0 0 0 0 0 0 0 0 0 0 0 0 0 0 0 0 0 0 0 0 0 0 
0 0 0 0 0 0 0 0 0 0 0 0 0 0 0 0 0 0 0 0 0 33 33 33 33 33 33 33 33 0 0 33 34 34 34 34 34 34 34 34 0 0 0 0 0 0 0 35 35 35 0 0 0 0 0 0 0 0 0 0 36 37 37 37 37 37 37 37 37 37 37 38 38 38 38 38 38 38 38 38 39 39 39 39 39 39 39 39 39 39 40 40 40 40 40 40 40 41 41 41 41 41 41 41 41 41 42 42 42 42 42 42 42 42 43 43 43 43 43 43 43 43 44 44 44 44 44 44 44 44 44 45 45 45 45 45 45 45 45 46 46 46 46 46 46 46 47 47 47 47 47 47 47 48 48 48 48 48 48 48 48 49 49 49 49 49 49 49 49 50 50 50 50 50 50 50 50 50 50 51 51 51 51 51 51 51 51 52 52 52 52 52 53 53 53 53 53 53 53 53 53 53 53 53 53 54 54 54 54 54 54 54 54 54 54 54 54 54 54 54 54 54 54 54 54 54 54 54 54 54 55 55 55 54 55 55 55 55 55 55 55 55 55 55 55 55 55 55 55 55 55 55 55 55 55 55 55 55 55 55 55 55 55 55 55 55 55 55 55 55 55 55 55 55 55 55 55 55 55 55 55 55 55 55 55 55 55 55 55 55 55 55 55 55 55 55 55 55 55 55 55 55 55 55 55 55 55 55 55 55 55 55 55 55 55 55 55 55 55 55 55 55 55 55 55 55 55 55 55 0 0 0 0 0 0 0 0 0 0 0 0 0 0 0 0 0 0 0 0 0 0 0 0 0 0 0 0 0 0 0 0 0 0 0 0 0 0 0 0 0 0 0 0 0 0 0 0 0 0 0 0 0 0 0 0 0 0 0 0 0 0 0 0 0 0 0 0 0 0 0 0 0 0 0 0 0 0 0 0 0 0 0 0 0 0 0 0 0 0 0 0 0 0 0 0 0 0 0 0 0 0 0 0 0 0 0 0 0 0 0 0 0 0 0 0 0 0 0 0 0 0 0 0 0 0 0 0 0 0 0 0 0 0 0 0 0 0 0 0 0 0 0 0 0 0 0 0 0 0 0 0 0 0 0 0 0 0 0 0 0 0 0 0 0 0 0 0 0 0 0 0 0 0 
0 0 0 0 0 0 0 0 0 0 0 0 0 0 0 0 0 0 0 0 0 33 33 33 33 33 33 33 33 33 34 34 34 34 34 34 34 0 0 0 0 0 0 0 0 0 0 0 0 0 0 0 0 0 0 0 0 0 0 0 0 0 37 37 37 37 37 37 37 38 38 38 38 38 38 38 38 38 38 39 39 39 39 39 39 39 39 39 40 40 40 40 40 40 40 41 41 41 41 41 41 41 41 42 42 42 42 42 42 42 42 42 42 43 43 43 43 43 43 43 44 44 44 44 44 44 44 44 44 45 45 45 45 45 45 45 45 46 46 46 46 46 46 46 47 47 47 47 47 47 47 47 48 48 48 48 48 48 48 49 49 49 49 49 49 49 49 49 50 50 50 50 50 50 50 50 51 51 51 51 51 51 51 51 51 52 52 52 52 52 52 52 53 53 53 53 53 53 53 53 53 54 54 54 54 54 54 54 54 54 54 54 54 54 54 54 54 54 54 54 54 55 55 55 55 55 55 55 55 55 55 55 55 55 55 55 55 55 55 55 55 55 55 55 55 55 55 55 55 55 55 55 55 55 55 55 55 55 55 55 55 55 55 55 55 55 55 55 55 55 55 55 55 55 55 55 55 55 55 55 55 55 55 55 55 55 55 55 55 55 55 55 55 55 55 55 55 55 55 55 55 55 55 55 55 55 55 55 55 55 55 55 55 55 55 55 55 55 55 55 55 55 55 55 55 55 55 55 55 0 0 0 0 0 0 0 0 0 0 0 0 0 0 0 0 0 0 0 0 0 0 0 0 0 0 0 0 0 0 0 0 0 0 0 0 0 0 0 0 0 0 0 0 0 0 0 0 0 0 0 0 0 0 0 0 0 0 0 0 0 0 0 0 0 0 0 0 0 0 0 0 0 0 0 0 0 0 0 0 0 0 0 0 0 0 0 0 0 0 0 0 0 0 0 0 0 0 0 0 0 0 0 0 0 0 0 0 0 0 0 0 0 0 0 0 0 0 0 0 0 0 0 0 0 0 0 0 0 0 0 0 0 0 0 0 0 0 0 0 0 0 0 0 0 0 0 0 0 0 0 0 0 0 0 0 0 0 0 0 0 0 0 0 0 0 0 0 0 0 0 0 0 0 
0 0 0 0 0 0 0 0 0 0 0 0 0 0 0 0 0 0 0 0 0 0 33 33 33 33 33 33 34 34 34 34 34 34 34 34 0 0 0 0 0 0 0 0 0 0 0 0 0 0 0 0 0 0 0 0 0 0 0 0 0 0 0 0 37 37 37 38 38 38 38 38 38 38 38 38 39 39 39 39 39 39 39 39 39 40 40 40 40 40 40 40 41 41 41 41 41 41 41 41 41 41 42 42 42 42 42 42 42 42 43 43 43 43 43 43 43 43 43 44 44 44 44 44 44 44 44 45 45 45 45 45 45 45 45 46 46 46 46 46 46 46 47 47 47 47 47 47 47 47 48 48 48 48 48 48 48 48 49 49 49 49 49 49 49 49 50 50 50 50 50 50 50 50 51 51 51 51 51 51 51 51 52 52 52 52 52 52 52 52 53 53 53 53 53 53 53 53 54 54 54 54 54 54 54 54 54 54 54 54 54 54 54 54 54 54 55 55 55 55 55 55 55 55 55 55 55 55 55 55 55 55 55 55 55 55 55 55 55 55 55 55 55 55 55 55 55 55 55 55 55 55 55 55 55 55 55 55 55 55 55 55 55 55 55 55 55 55 55 56 56 56 56 56 56 56 56 56 56 56 56 56 56 55 56 55 55 55 55 55 55 55 55 55 55 55 55 56 56 56 55 55 55 55 56 56 56 56 56 56 56 56 56 56 56 56 56 56 56 55 55 55 55 55 56 56 0 0 0 0 0 0 0 0 0 0 0 0 0 0 0 0 0 0 0 0 0 0 0 0 0 0 0 0 0 0 0 0 0 0 0 0 0 0 0 0 0 0 0 0 0 0 0 0 0 0 0 0 0 0 0 0 0 0 0 0 0 0 0 0 0 0 0 0 0 0 0 0 0 0 0 0 0 0 0 0 0 0 0 0 0 0 0 0 0 0 0 0 0 0 0 0 0 0 0 0 0 0 0 0 0 0 0 0 0 0 0 0 0 0 0 0 0 0 0 0 0 0 0 0 0 0 0 0 0 0 0 0 0 0 0 0 0 0 0 0 0 0 0 0 0 0 0 0 0 0 0 0 0 0 0 0 0 0 0 0 0 0 0 0 0 0 0 0 0 0 0 0 0 0 0 0 0 
0 0 0 0 0 0 0 0 0 0 0 0 0 0 0 0 0 0 0 0 0 0 0 33 33 33 34 34 34 34 34 34 34 0 0 0 0 0 0 0 0 0 0 0 0 0 0 0 0 0 0 0 0 0 0 0 0 0 0 0 0 0 0 0 0 0 38 38 38 38 38 38 38 38 39 39 39 39 39 39 39 39 39 39 40 40 40 40 40 40 40 40 41 41 41 41 41 41 41 42 42 42 42 42 42 42 42 42 42 43 43 43 43 43 43 43 43 44 44 44 44 44 44 44 44 45 45 45 45 45 45 45 45 46 46 46 46 46 46 46 46 47 47 47 47 47 47 47 48 48 48 48 48 48 48 48 49 49 49 49 49 49 49 49 50 50 50 50 50 50 50 50 51 51 51 51 51 51 51 51 52 52 52 52 52 52 52 52 52 53 53 53 53 53 54 54 54 54 54 54 54 54 54 54 54 54 54 54 54 55 55 55 55 55 55 55 55 55 55 55 55 55 55 55 55 55 55 55 55 55 55 55 55 55 55 55 55 55 55 55 55 55 55 55 55 55 55 55 55 55 55 55 55 55 55 55 55 55 55 55 55 55 55 55 55 55 55 55 56 56 56 56 56 56 56 56 56 56 56 56 56 56 56 56 56 56 56 56 56 56 56 56 56 56 56 56 56 56 56 56 56 56 56 56 56 56 56 56 56 56 56 56 56 56 56 56 56 56 56 56 56 56 56 0 0 0 0 0 0 0 0 0 0 0 0 0 0 0 0 0 0 0 0 0 0 0 0 0 0 0 0 0 0 0 0 0 0 0 0 0 0 0 0 0 0 0 0 0 0 0 0 0 0 0 0 0 0 0 0 0 0 0 0 0 0 0 0 0 0 0 0 0 0 0 0 0 0 0 0 0 0 0 0 0 0 0 0 0 0 0 0 0 0 0 0 0 0 0 0 0 0 0 0 0 0 0 0 0 0 0 0 0 0 0 0 0 0 0 0 0 0 0 0 0 0 0 0 0 0 0 0 0 0 0 0 0 0 0 0 0 0 0 0 0 0 0 0 0 0 0 0 0 0 0 0 0 0 0 0 0 0 0 0 0 0 0 0 0 0 0 0 0 0 0 0 0 0 0 0 0 0 0 0 
0 0 0 0 0 0 0 0 0 0 0 0 0 0 0 0 0 0 0 0 0 0 0 0 34 34 34 34 34 34 34 34 0 0 0 0 0 0 0 0 0 0 0 0 0 0 0 0 0 0 0 0 0 0 0 0 0 0 0 0 0 0 0 0 0 0 38 38 38 38 38 38 39 39 39 39 39 39 39 39 39 39 40 40 40 40 40 40 40 40 41 41 41 41 41 41 41 42 42 42 42 42 42 42 42 42 42 43 43 43 43 43 43 43 43 44 44 44 44 44 44 44 44 45 45 45 45 45 45 45 45 46 46 46 46 46 46 46 46 47 47 47 47 47 47 47 48 48 48 48 48 48 48 48 49 49 49 49 49 49 49 49 50 50 50 50 50 50 50 50 51 51 51 51 51 51 51 51 52 52 52 52 52 52 52 52 52 53 53 53 53 53 54 54 54 54 54 54 54 54 54 54 54 54 55 55 55 55 55 55 55 55 55 55 55 55 55 55 55 55 55 55 55 55 55 55 55 55 55 55 55 55 55 55 55 56 55 56 56 56 56 56 55 55 55 55 55 55 55 55 55 55 55 55 55 55 55 55 55 55 55 55 56 56 56 56 56 56 56 56 56 56 56 56 56 56 56 56 56 56 56 56 56 56 56 56 56 56 56 56 56 56 56 56 56 56 56 56 56 56 56 56 56 56 56 56 56 56 56 56 56 56 0 56 56 0 0 56 0 56 0 0 0 0 0 0 0 0 0 0 0 0 0 0 0 0 0 0 0 0 0 0 0 0 0 0 0 0 0 0 0 0 0 0 0 0 0 0 0 0 0 0 0 0 0 0 0 0 0 0 0 0 0 0 0 0 0 0 0 0 0 0 0 0 0 0 0 0 0 0 0 0 0 0 0 0 0 0 0 0 0 0 0 0 0 0 0 0 0 0 0 0 0 0 0 0 0 0 0 0 0 0 0 0 0 0 0 0 0 0 0 0 0 0 0 0 0 0 0 0 0 0 0 0 0 0 0 0 0 0 0 0 0 0 0 0 0 0 0 0 0 0 0 0 0 0 0 0 0 0 0 0 0 0 0 0 0 0 0 0 0 0 0 0 0 0 0 0 0 0 0 0 0 0 0 0 0 0 0 0 0 0 0 
0 0 0 0 0 0 0 0 0 0 0 0 0 0 0 0 0 0 0 0 0 0 0 0 34 34 34 34 34 34 0 0 0 0 0 0 0 0 0 0 0 0 0 0 0 0 0 0 0 0 0 0 0 0 0 0 0 0 0 0 0 0 0 0 0 38 38 38 38 38 39 39 39 39 39 39 39 39 39 40 40 40 40 40 40 40 40 40 40 41 41 41 41 41 41 42 42 42 42 42 42 42 42 42 42 43 43 43 43 43 43 43 43 44 44 44 44 44 44 44 44 45 45 45 45 45 45 45 45 46 46 46 46 46 46 46 46 46 47 47 47 47 47 47 48 48 48 48 48 48 48 48 49 49 49 49 49 49 49 49 50 50 50 50 50 50 50 50 51 51 51 51 51 51 51 51 52 52 52 52 52 52 52 52 53 53 53 53 53 53 53 53 54 54 54 54 54 54 54 54 55 55 55 55 55 55 55 55 55 55 55 55 55 55 55 55 55 55 55 55 55 55 55 55 55 56 56 56 56 56 56 56 56 56 56 56 56 56 56 56 56 56 55 55 55 55 55 56 56 56 56 56 56 56 56 56 56 56 56 56 56 56 56 56 56 56 56 56 56 56 56 56 56 56 56 56 56 56 56 56 56 56 56 56 56 56 56 56 56 56 56 56 56 56 56 56 56 56 56 56 56 56 56 56 56 56 0 0 0 0 0 0 0 0 0 0 0 0 0 0 0 0 0 0 0 0 0 0 0 0 0 0 0 0 0 0 0 0 0 0 0 0 0 0 0 0 0 0 0 0 0 0 0 0 0 0 0 0 0 0 0 0 0 0 0 0 0 0 0 0 0 0 0 0 0 0 0 0 0 0 0 0 0 0 0 0 0 0 0 0 0 0 0 0 0 0 0 0 0 0 0 0 0 0 0 0 0 0 0 0 0 0 0 0 0 0 0 0 0 0 0 0 0 0 0 0 0 0 0 0 0 0 0 0 0 0 0 0 0 0 0 0 0 0 0 0 0 0 0 0 0 0 0 0 0 0 0 0 0 0 0 0 0 0 0 0 0 0 0 0 0 0 0 0 0 0 0 0 0 0 0 0 0 0 0 0 0 0 0 0 0 0 0 0 0 0 0 0 0 0 0 0 0 
0 0 0 0 0 0 0 0 0 0 0 0 0 0 0 0 0 0 0 0 0 0 0 0 0 0 0 0 0 0 0 0 0 0 0 0 0 0 0 0 0 0 0 0 0 0 0 0 0 0 0 0 0 0 0 0 0 0 0 0 0 0 0 0 38 38 38 38 39 39 39 39 39 39 39 39 39 40 40 40 40 40 40 40 40 40 41 41 41 41 41 41 41 42 42 42 42 42 42 42 42 42 42 43 43 43 43 43 43 43 43 44 44 44 44 44 44 44 44 45 45 45 45 45 45 45 45 45 46 46 46 46 46 46 46 46 47 47 47 47 47 47 48 48 48 48 48 48 48 48 48 49 49 49 49 49 49 49 50 50 50 50 50 50 50 50 51 51 51 51 51 51 51 51 51 52 52 52 52 52 52 52 53 53 53 53 53 53 53 53 53 54 54 54 54 54 54 55 55 55 55 55 55 55 55 55 55 55 55 55 55 55 55 55 55 55 55 55 55 56 56 56 56 56 56 56 56 56 56 56 56 56 56 56 56 56 56 56 56 56 56 56 56 56 56 56 56 56 56 56 56 56 56 56 56 56 56 56 56 56 56 56 56 56 56 56 56 56 56 56 56 56 56 56 56 56 56 56 56 56 56 56 56 56 56 56 56 56 56 56 56 56 56 56 56 56 56 56 56 56 56 56 56 56 56 0 0 0 0 0 0 0 0 0 0 0 0 0 0 0 0 0 0 0 0 0 0 0 0 0 0 0 0 0 0 0 0 0 0 0 0 0 0 0 0 0 0 0 0 0 0 0 0 0 0 0 0 0 0 0 0 0 0 0 0 0 0 0 0 0 0 0 0 0 0 0 0 0 0 0 0 0 0 0 0 0 0 0 0 0 0 0 0 0 0 0 0 0 0 0 0 0 0 0 0 0 0 0 0 0 0 0 0 0 0 0 0 0 0 0 0 0 0 0 0 0 0 0 0 0 0 0 0 0 0 0 0 0 0 0 0 0 0 0 0 0 0 0 0 0 0 0 0 0 0 0 0 0 0 0 0 0 0 0 0 0 0 0 0 0 0 0 0 0 0 0 0 0 0 0 0 0 0 0 0 0 0 0 0 0 0 0 0 0 0 0 0 0 0 0 0 0 0 
0 0 0 0 0 0 0 0 0 0 0 0 0 0 0 0 0 0 0 0 0 0 0 0 0 0 0 0 0 0 0 0 0 0 0 0 0 0 0 0 0 0 0 0 0 0 0 0 0 0 0 0 0 0 0 0 0 0 0 0 0 0 0 0 38 38 39 39 39 39 39 39 39 39 39 40 40 40 40 40 40 40 40 40 41 41 41 41 41 41 41 41 42 42 42 42 42 42 42 42 42 43 43 43 43 43 43 43 43 44 44 44 44 44 44 44 44 45 45 45 45 45 45 45 45 45 46 46 46 46 46 46 46 46 47 47 47 47 47 47 47 47 48 48 48 48 48 48 48 49 49 49 49 49 49 49 49 50 50 50 50 50 50 50 50 51 51 51 51 51 51 51 51 52 52 52 52 52 52 52 52 53 53 53 53 53 53 53 54 54 54 54 54 54 55 55 55 55 55 55 55 55 55 55 55 55 55 55 55 55 55 55 55 55 55 56 56 56 56 56 56 56 56 56 56 56 56 56 56 56 56 56 56 56 56 56 56 56 56 56 56 56 56 56 56 56 56 56 56 56 56 56 56 56 56 56 56 56 56 56 56 56 56 56 56 56 56 56 56 56 56 56 56 56 56 56 56 56 56 56 56 56 56 56 56 56 56 56 56 56 56 56 56 56 56 56 56 56 56 56 56 56 56 56 56 0 0 0 0 0 0 0 0 0 0 0 0 0 0 0 0 0 0 0 0 0 0 0 0 0 0 0 0 0 0 0 0 0 0 0 0 0 0 0 0 0 0 0 0 0 0 0 0 0 0 0 0 0 0 0 0 0 0 0 0 0 0 0 0 0 0 0 0 0 0 0 0 0 0 0 0 0 0 0 0 0 0 0 0 0 0 0 0 0 0 0 0 0 0 0 0 0 0 0 0 0 0 0 0 0 0 0 0 0 0 0 0 0 0 0 0 0 0 0 0 0 0 0 0 0 0 0 0 0 0 0 0 0 0 0 0 0 0 0 0 0 0 0 0 0 0 0 0 0 0 0 0 0 0 0 0 0 0 0 0 0 0 0 0 0 0 0 0 0 0 0 0 0 0 0 0 0 0 0 0 0 0 0 0 0 0 0 0 0 0 0 0 0 0 0 0 0 0 
0 0 0 0 0 0 0 0 0 0 0 0 0 0 0 0 0 0 0 0 0 0 0 0 0 0 0 0 0 0 0 0 0 0 0 0 0 0 0 0 0 0 0 0 0 0 0 0 0 0 0 0 0 0 0 0 0 0 0 0 0 0 0 0 39 39 39 39 39 39 39 39 39 40 40 40 40 40 40 40 40 40 41 41 41 41 41 41 41 41 41 42 42 42 42 42 42 42 43 43 43 43 43 43 43 43 43 43 44 44 44 44 44 44 44 45 45 45 45 45 45 45 45 45 46 46 46 46 46 46 46 46 47 47 47 47 47 47 47 47 48 48 48 48 48 48 48 49 49 49 49 49 49 49 49 50 50 50 50 50 50 50 50 51 51 51 51 51 51 51 51 52 52 52 52 52 52 52 52 53 53 53 53 53 53 53 54 54 54 54 54 54 54 55 55 55 55 55 55 55 55 55 55 55 55 55 55 55 55 55 55 55 55 55 56 56 56 56 56 56 56 56 56 56 56 56 56 56 56 56 56 56 56 56 56 56 56 56 56 56 56 56 56 56 56 56 56 56 56 56 56 56 56 56 56 56 56 56 56 56 56 56 56 56 56 56 56 56 56 56 56 56 56 56 56 56 56 56 56 56 56 56 56 56 57 57 57 57 56 56 57 57 57 57 57 57 57 57 57 57 57 57 57 57 57 0 0 0 0 0 0 0 0 0 0 0 0 0 0 0 0 0 0 0 0 0 0 0 0 0 0 0 0 0 0 0 0 0 0 0 0 0 0 0 0 0 0 0 0 0 0 0 0 0 0 0 0 0 0 0 0 0 0 0 0 0 0 0 0 0 0 0 0 0 0 0 0 0 0 0 0 0 0 0 0 0 0 0 0 0 0 0 0 0 0 0 0 0 0 0 0 0 0 0 0 0 0 0 0 0 0 0 0 0 0 0 0 0 0 0 0 0 0 0 0 0 0 0 0 0 0 0 0 0 0 0 0 0 0 0 0 0 0 0 0 0 0 0 0 0 0 0 0 0 0 0 0 0 0 0 0 0 0 0 0 0 0 0 0 0 0 0 0 0 0 0 0 0 0 0 0 0 0 0 0 0 0 0 0 0 0 0 0 0 0 0 0 0 0 0 0 0 0 
0 0 0 0 0 0 0 0 0 0 0 0 0 0 0 0 0 0 0 0 0 0 0 0 0 0 0 0 0 0 0 0 0 0 0 0 0 0 0 0 0 0 0 0 0 0 0 0 0 0 0 0 0 0 0 0 0 0 0 0 0 0 0 0 39 39 39 39 39 39 39 40 40 40 40 40 40 40 40 40 41 41 41 41 41 41 41 41 41 42 42 42 42 42 42 42 43 43 43 43 43 43 43 43 43 43 44 44 44 44 44 44 44 44 45 45 45 45 45 45 45 45 46 46 46 46 46 46 46 46 47 47 47 47 47 47 47 47 48 48 48 48 48 48 48 49 49 49 49 49 49 49 49 50 50 50 50 50 50 50 50 51 51 51 51 51 51 51 51 52 52 52 52 52 52 52 52 53 53 53 53 53 53 53 53 54 54 54 54 54 54 54 55 55 55 55 55 55 55 55 55 55 55 55 56 55 55 55 55 55 56 56 55 55 56 56 56 56 56 56 56 56 56 56 56 56 56 56 56 56 56 56 57 57 57 57 57 57 57 57 57 57 56 56 56 56 56 56 56 56 56 56 56 56 56 56 56 56 56 56 56 56 56 56 57 56 56 57 57 56 56 56 56 56 56 56 56 56 57 57 57 57 57 57 57 57 57 57 57 57 57 57 57 57 57 57 57 57 57 57 57 57 57 57 56 0 0 0 0 0 0 0 0 0 0 0 0 0 0 0 0 0 0 0 0 0 0 0 0 0 0 0 0 0 0 0 0 0 0 0 0 0 0 0 0 0 0 0 0 0 0 0 0 0 0 0 0 0 0 0 0 0 0 0 0 0 0 0 0 0 0 0 0 0 0 0 0 0 0 0 0 0 0 0 0 0 0 0 0 0 0 0 0 0 0 0 0 0 0 0 0 0 0 0 0 0 0 0 0 0 0 0 0 0 0 0 0 0 0 0 0 0 0 0 0 0 0 0 0 0 0 0 0 0 0 0 0 0 0 0 0 0 0 0 0 0 0 0 0 0 0 0 0 0 0 0 0 0 0 0 0 0 0 0 0 0 0 0 0 0 0 0 0 0 0 0 0 0 0 0 0 0 0 0 0 0 0 0 0 0 0 0 0 0 0 0 0 0 0 0 0 0 0 
0 0 0 0 0 0 0 0 0 0 0 0 0 0 0 0 0 0 0 0 0 0 0 0 0 0 0 0 0 0 0 0 0 0 0 0 0 0 0 0 0 0 0 0 0 0 0 0 0 0 0 0 0 0 0 0 0 0 0 0 39 39 39 39 39 39 39 39 39 40 40 40 40 40 40 40 40 40 41 41 41 41 41 41 41 41 41 42 42 42 42 42 42 42 43 43 43 43 43 43 43 43 43 43 44 44 44 44 44 44 44 44 45 45 45 45 45 45 45 45 46 46 46 46 46 46 46 46 46 47 47 47 47 47 47 47 47 48 48 48 48 48 48 48 49 49 49 49 49 49 49 49 50 50 50 50 50 50 50 51 51 51 51 51 51 51 51 52 52 52 52 52 52 52 52 53 53 53 53 53 53 53 54 54 54 54 54 54 54 54 54 55 55 55 55 55 55 55 55 55 55 55 55 55 55 55 55 56 56 56 56 56 56 56 56 56 56 56 56 56 56 56 56 56 56 56 57 57 57 57 57 57 57 57 57 57 57 57 57 57 57 57 56 56 56 56 56 56 56 56 57 57 57 57 57 57 57 57 57 57 57 57 57 57 57 57 57 57 57 57 57 57 57 57 57 57 57 57 57 57 57 57 57 57 57 57 57 57 57 57 57 57 57 57 57 57 57 57 57 57 57 57 57 57 56 56 0 0 0 0 0 0 0 0 0 0 0 0 0 0 0 0 0 0 0 0 0 0 0 0 0 0 0 0 0 0 0 0 0 0 0 0 0 0 0 0 0 0 0 0 0 0 0 0 0 0 0 0 0 0 0 0 0 0 0 0 0 0 0 0 0 0 0 0 0 0 0 0 0 0 0 0 0 0 0 0 0 0 0 0 0 0 0 0 0 0 0 0 0 0 0 0 0 0 0 0 0 0 0 0 0 0 0 0 0 0 0 0 0 0 0 0 0 0 0 0 0 0 0 0 0 0 0 0 0 0 0 0 0 0 0 0 0 0 0 0 0 0 0 0 0 0 0 0 0 0 0 0 0 0 0 0 0 0 0 0 0 0 0 0 0 0 0 0 0 0 0 0 0 0 0 0 0 0 0 0 0 0 0 0 0 0 0 0 0 0 0 0 0 0 0 0 0 
0 0 0 0 0 0 0 0 0 0 0 0 0 0 0 0 0 0 0 0 0 0 0 0 0 0 0 0 0 0 0 0 0 0 0 0 0 0 0 0 0 0 0 0 0 0 0 0 0 0 0 0 0 0 0 0 0 0 0 0 0 39 39 39 39 39 39 40 40 40 40 40 40 40 40 40 41 41 41 41 41 41 41 41 41 42 42 42 42 42 42 42 42 43 43 43 43 43 43 43 43 43 44 44 44 44 44 44 44 44 45 45 45 45 45 45 45 45 46 46 46 46 46 46 46 46 46 47 47 47 47 47 47 47 47 48 48 48 48 48 48 48 49 49 49 49 49 49 49 49 50 50 50 50 50 50 50 51 51 51 51 51 51 51 51 52 52 52 52 52 52 52 52 53 53 53 53 53 53 53 53 54 54 54 54 54 54 54 54 54 55 55 55 55 56 56 56 56 56 56 56 56 56 56 56 56 56 56 56 56 56 56 56 56 56 56 56 56 56 57 57 57 57 57 57 57 57 57 57 57 57 57 57 57 57 57 57 57 57 57 57 57 57 57 57 57 57 57 57 57 57 57 57 57 57 57 57 57 57 57 57 57 57 57 57 57 57 57 57 57 57 57 57 57 57 57 57 57 57 57 57 57 57 57 57 57 57 57 57 57 57 57 57 57 57 57 57 57 57 57 57 57 57 57 57 57 56 56 0 0 0 0 0 0 0 0 0 0 0 0 0 0 0 0 0 0 0 0 0 0 0 0 0 0 0 0 0 0 0 0 0 0 0 0 0 0 0 0 0 0 0 0 0 0 0 0 0 0 0 0 0 0 0 0 0 0 0 0 0 0 0 0 0 0 0 0 0 0 0 0 0 0 0 0 0 0 0 0 0 0 0 0 0 0 0 0 0 0 0 0 0 0 0 0 0 0 0 0 0 0 0 0 0 0 0 0 0 0 0 0 0 0 0 0 0 0 0 0 0 0 0 0 0 0 0 0 0 0 0 0 0 0 0 0 0 0 0 0 0 0 0 0 0 0 0 0 0 0 0 0 0 0 0 0 0 0 0 0 0 0 0 0 0 0 0 0 0 0 0 0 0 0 0 0 0 0 0 0 0 0 0 0 0 0 0 0 0 0 0 0 0 0 0 
0 0 0 0 0 0 0 0 0 0 0 0 0 0 0 0 0 0 0 0 0 0 0 0 0 0 0 0 0 0 0 0 0 0 0 0 0 0 0 0 0 0 0 0 0 0 0 0 0 0 0 0 0 0 0 0 0 0 0 39 39 39 39 39 39 40 40 40 40 40 40 40 40 40 41 41 41 41 41 41 41 41 41 42 42 42 42 42 42 42 42 42 43 43 43 43 43 43 43 43 44 44 44 44 44 44 44 44 45 45 45 45 45 45 45 45 46 46 46 46 46 46 46 46 46 47 47 47 47 47 47 47 47 48 48 48 48 48 48 48 48 49 49 49 49 49 49 49 50 50 50 50 50 50 50 50 51 51 51 51 51 51 51 51 52 52 52 52 52 52 52 52 53 53 53 53 53 53 53 54 54 54 54 54 54 54 54 54 55 55 55 55 56 56 56 56 56 56 56 56 56 56 56 56 56 56 56 56 56 56 56 56 56 56 56 56 56 57 57 57 57 57 57 57 57 57 57 57 57 57 57 57 57 57 57 57 57 57 57 57 57 57 57 57 57 57 57 57 57 57 57 57 57 57 57 57 57 57 57 57 57 57 57 57 57 57 57 57 57 57 57 57 57 57 57 57 57 57 57 57 57 57 57 57 57 57 57 57 57 57 57 57 57 57 57 57 57 57 57 57 57 57 57 57 57 57 57 57 0 0 0 0 0 0 0 0 0 0 0 0 0 0 0 0 0 0 0 0 0 0 0 0 0 0 0 0 0 0 0 0 0 0 0 0 0 0 0 0 0 0 0 0 0 0 0 0 0 0 0 0 0 0 0 0 0 0 0 0 0 0 0 0 0 0 0 0 0 0 0 0 0 0 0 0 0 0 0 0 0 0 0 0 0 0 0 0 0 0 0 0 0 0 0 0 0 0 0 0 0 0 0 0 0 0 0 0 0 0 0 0 0 0 0 0 0 0 0 0 0 0 0 0 0 0 0 0 0 0 0 0 0 0 0 0 0 0 0 0 0 0 0 0 0 0 0 0 0 0 0 0 0 0 0 0 0 0 0 0 0 0 0 0 0 0 0 0 0 0 0 0 0 0 0 0 0 0 0 0 0 0 0 0 0 0 0 0 0 0 0 0 0 0 0 
0 0 0 0 0 0 0 0 0 0 0 0 0 0 0 0 0 0 0 0 0 0 0 0 0 0 0 0 0 0 0 0 0 0 0 0 0 0 0 0 0 0 0 0 0 0 0 0 0 0 0 0 0 0 0 0 0 0 0 0 39 39 40 40 40 40 40 40 40 40 40 40 41 41 41 41 41 41 41 41 41 42 42 42 42 42 42 42 42 42 43 43 43 43 43 43 43 44 44 44 44 44 44 44 44 44 45 45 45 45 45 45 45 45 45 46 46 46 46 46 46 46 46 47 47 47 47 47 47 47 47 48 48 48 48 48 48 48 48 49 49 49 49 49 49 49 50 50 50 50 50 50 50 50 51 51 51 51 51 51 51 51 52 52 52 52 52 52 52 52 53 53 53 53 53 53 53 53 53 54 54 54 54 54 54 54 55 55 55 55 55 55 56 56 56 56 56 56 56 56 56 56 56 57 56 56 56 57 57 57 57 57 56 57 56 56 56 57 57 57 57 57 57 57 57 57 57 57 57 57 57 57 57 57 57 57 57 57 57 57 57 57 57 57 57 57 57 57 57 57 57 57 57 57 57 57 57 57 57 57 57 57 57 57 57 57 57 57 57 57 57 57 57 57 57 57 57 57 57 57 57 57 57 57 57 57 57 57 57 57 57 57 57 57 57 57 57 57 57 57 57 57 57 57 57 57 57 57 57 0 0 0 0 0 0 0 0 0 0 0 0 0 0 0 0 0 0 0 0 0 0 0 0 0 0 0 0 0 0 0 0 0 0 0 0 0 0 0 0 0 0 0 0 0 0 0 0 0 0 0 0 0 0 0 0 0 0 0 0 0 0 0 0 0 0 0 0 0 0 0 0 0 0 0 0 0 0 0 0 0 0 0 0 0 0 0 0 0 0 0 0 0 0 0 0 0 0 0 0 0 0 0 0 0 0 0 0 0 0 0 0 0 0 0 0 0 0 0 0 0 0 0 0 0 0 0 0 0 0 0 0 0 0 0 0 0 0 0 0 0 0 0 0 0 0 0 0 0 0 0 0 0 0 0 0 0 0 0 0 0 0 0 0 0 0 0 0 0 0 0 0 0 0 0 0 0 0 0 0 0 0 0 0 0 0 0 0 0 0 0 0 0 0 
0 0 0 0 0 0 0 0 0 0 0 0 0 0 0 0 0 0 0 0 0 0 0 0 0 0 0 0 0 0 0 0 0 0 0 0 0 0 0 0 0 0 0 0 0 0 0 0 0 0 0 0 0 0 0 0 0 0 39 39 40 40 40 40 40 40 40 40 40 40 41 41 41 41 41 41 41 41 41 42 42 42 42 42 42 42 42 42 43 43 43 43 43 43 43 43 44 44 44 44 44 44 44 44 45 45 45 45 45 45 45 45 45 46 46 46 46 46 46 46 46 47 47 47 47 47 47 47 47 47 48 48 48 48 48 48 48 49 49 49 49 49 49 49 49 50 50 50 50 50 50 50 50 51 51 51 51 51 51 51 52 52 52 52 52 52 52 52 53 53 53 53 53 53 53 53 53 54 54 54 54 54 54 54 54 55 55 55 55 55 55 55 56 56 56 56 56 56 56 56 56 56 56 57 57 57 57 57 57 57 57 57 57 57 56 56 57 57 57 57 57 57 57 57 57 57 57 57 57 57 57 57 57 57 58 58 58 58 58 58 58 58 57 57 57 57 57 57 57 57 57 57 57 57 57 57 57 57 57 57 57 57 57 57 57 57 57 57 57 57 57 57 57 57 57 57 57 57 57 57 57 57 57 57 57 57 57 57 58 58 58 58 58 58 58 58 58 58 58 57 57 57 57 57 57 57 57 57 57 0 0 0 0 0 0 0 0 0 0 0 0 0 0 0 0 0 0 0 0 0 0 0 0 0 0 0 0 0 0 0 0 0 0 0 0 0 0 0 0 0 0 0 0 0 0 0 0 0 0 0 0 0 0 0 0 0 0 0 0 0 0 0 0 0 0 0 0 0 0 0 0 0 0 0 0 0 0 0 0 0 0 0 0 0 0 0 0 0 0 0 0 0 0 0 0 0 0 0 0 0 0 0 0 0 0 0 0 0 0 0 0 0 0 0 0 0 0 0 0 0 0 0 0 0 0 0 0 0 0 0 0 0 0 0 0 0 0 0 0 0 0 0 0 0 0 0 0 0 0 0 0 0 0 0 0 0 0 0 0 0 0 0 0 0 0 0 0 0 0 0 0 0 0 0 0 0 0 0 0 0 0 0 0 0 0 0 0 0 0 0 0 0 0 
0 0 0 0 0 0 0 0 0 0 0 0 0 0 0 0 0 0 0 0 0 0 0 0 0 0 0 0 0 0 0 0 0 0 0 0 0 0 0 0 0 0 0 0 0 0 0 0 0 0 0 0 0 0 0 0 0 0 0 0 0 40 40 40 40 40 40 40 41 41 41 41 41 41 41 41 41 42 42 42 42 42 42 42 42 42 43 43 43 43 43 43 43 43 44 44 44 44 44 44 44 44 44 45 45 45 45 45 45 45 45 46 46 46 46 46 46 46 46 46 47 47 47 47 47 47 47 47 48 48 48 48 48 48 48 48 49 49 49 49 49 49 49 50 50 50 50 50 50 50 50 51 51 51 51 51 51 51 51 52 52 52 52 52 52 52 52 53 53 53 53 53 53 53 53 54 54 54 54 54 54 54 55 55 55 55 55 55 55 55 55 55 56 56 56 56 56 56 56 56 56 57 57 57 57 57 57 57 57 57 57 57 57 57 57 57 57 57 57 57 57 57 57 57 57 57 57 57 57 58 58 58 58 58 58 58 58 58 58 58 58 58 57 57 57 57 57 57 57 57 57 57 57 57 57 58 58 58 58 58 58 58 58 58 58 58 58 58 58 58 58 58 58 58 58 58 58 58 58 58 58 58 58 58 58 58 58 58 58 58 58 58 58 58 58 58 58 58 57 57 57 57 57 57 57 57 57 57 57 57 0 0 0 0 0 0 0 0 0 0 0 0 0 0 0 0 0 0 0 0 0 0 0 0 0 0 0 0 0 0 0 0 0 0 0 0 0 0 0 0 0 0 0 0 0 0 0 0 0 0 0 0 0 0 0 0 0 0 0 0 0 0 0 0 0 0 0 0 0 0 0 0 0 0 0 0 0 0 0 0 0 0 0 0 0 0 0 0 0 0 0 0 0 0 0 0 0 0 0 0 0 0 0 0 0 0 0 0 0 0 0 0 0 0 0 0 0 0 0 0 0 0 0 0 0 0 0 0 0 0 0 0 0 0 0 0 0 0 0 0 0 0 0 0 0 0 0 0 0 0 0 0 0 0 0 0 0 0 0 0 0 0 0 0 0 0 0 0 0 0 0 0 0 0 0 0 0 0 0 0 0 0 0 0 0 0 0 0 0 0 0 0 0 
0 0 0 0 0 0 0 0 0 0 0 0 0 0 0 0 0 0 0 0 0 0 0 0 0 0 0 0 0 0 0 0 0 0 0 0 0 0 0 0 0 0 0 0 0 0 0 0 0 0 0 0 0 0 0 0 0 0 40 40 40 40 40 40 40 40 41 41 41 41 41 41 41 41 41 42 42 42 42 42 42 42 42 42 43 43 43 43 43 43 43 43 44 44 44 44 44 44 44 44 44 45 45 45 45 45 45 45 45 45 46 46 46 46 46 46 46 46 47 47 47 47 47 47 47 47 48 48 48 48 48 48 48 48 49 49 49 49 49 49 49 49 50 50 50 50 50 50 50 51 51 51 51 51 51 51 51 52 52 52 52 52 52 52 52 53 53 53 53 53 53 53 53 54 54 54 54 54 54 54 54 55 55 55 55 55 55 55 55 55 55 55 56 56 56 56 57 57 57 57 57 57 57 57 57 57 57 57 57 57 57 57 57 57 57 57 57 57 57 57 58 58 58 58 58 58 58 58 58 58 58 58 58 58 58 58 58 58 58 58 58 58 58 58 58 58 58 58 58 58 58 58 58 58 58 58 58 58 58 58 58 58 58 58 58 58 58 58 58 58 58 58 58 58 58 58 58 58 58 58 58 58 58 58 58 58 58 58 58 58 58 58 58 58 58 58 58 58 57 57 57 58 58 58 58 57 57 57 57 57 57 57 57 57 57 57 57 57 57 57 57 57 57 57 57 57 57 57 0 0 0 0 0 0 0 0 0 0 0 0 0 0 0 0 0 0 0 0 0 0 0 0 0 0 0 0 0 0 0 0 0 0 0 0 0 0 0 0 0 0 0 0 0 0 0 0 0 0 0 0 0 0 0 0 0 0 0 0 0 0 0 0 0 0 0 0 0 0 0 0 0 0 0 0 0 0 0 0 0 0 0 0 0 0 0 0 0 0 0 0 0 0 0 0 0 0 0 0 0 0 0 0 0 0 0 0 0 0 0 0 0 0 0 0 0 0 0 0 0 0 0 0 0 0 0 0 0 0 0 0 0 0 0 0 0 0 0 0 0 0 0 0 0 0 0 0 0 0 0 0 0 0 0 0 0 0 0 0 0 0 0 0 0 0 0 0 0 0 0 0 0 0 0 
0 0 0 0 0 0 0 0 0 0 0 0 0 0 0 0 0 0 0 0 0 0 0 0 0 0 0 0 0 0 0 0 0 0 0 0 0 0 0 0 0 0 0 0 0 0 0 0 0 0 0 0 0 0 0 0 0 0 0 0 0 40 40 41 41 41 41 41 41 41 41 41 41 42 42 42 42 42 42 42 42 42 43 43 43 43 43 43 43 43 43 44 44 44 44 44 44 44 44 45 45 45 45 45 45 45 45 45 46 46 46 46 46 46 46 46 47 47 47 47 47 47 47 47 48 48 48 48 48 48 48 48 49 49 49 49 49 49 49 49 50 50 50 50 50 50 50 50 51 51 51 51 51 51 51 52 52 52 52 52 52 52 52 53 53 53 53 53 53 53 53 54 54 54 54 54 54 54 54 55 55 55 55 55 55 55 55 56 56 55 55 56 56 56 56 56 57 57 57 57 57 57 57 57 57 57 57 57 57 57 57 57 57 57 57 57 57 57 57 57 58 58 58 58 58 58 58 58 58 58 58 58 58 58 58 58 58 58 58 58 58 58 58 58 58 58 58 58 58 58 58 58 58 58 58 58 58 58 58 58 58 58 58 58 58 58 58 58 58 58 58 58 58 58 58 58 58 58 58 58 58 58 58 58 58 58 58 58 58 58 58 58 58 58 58 58 58 58 58 58 58 58 58 58 58 58 57 57 57 57 57 57 57 57 57 57 57 58 58 58 58 57 57 57 57 57 57 57 57 57 57 0 0 0 0 0 0 0 0 0 0 0 0 0 0 0 0 0 0 0 0 0 0 0 0 0 0 0 0 0 0 0 0 0 0 0 0 0 0 0 0 0 0 0 0 0 0 0 0 0 0 0 0 0 0 0 0 0 0 0 0 0 0 0 0 0 0 0 0 0 0 0 0 0 0 0 0 0 0 0 0 0 0 0 0 0 0 0 0 0 0 0 0 0 0 0 0 0 0 0 0 0 0 0 0 0 0 0 0 0 0 0 0 0 0 0 0 0 0 0 0 0 0 0 0 0 0 0 0 0 0 0 0 0 0 0 0 0 0 0 0 0 0 0 0 0 0 0 0 0 0 0 0 0 0 0 0 0 0 0 0 0 0 0 0 0 0 0 0 0 0 0 0 
0 0 0 0 0 0 0 0 0 0 0 0 0 0 0 0 0 0 0 0 0 0 0 0 0 0 0 0 0 0 0 0 0 0 0 0 0 0 0 0 0 0 0 0 0 0 0 0 0 0 0 0 0 0 0 0 0 0 0 0 40 40 41 41 41 41 41 41 41 41 41 42 42 42 42 42 42 42 42 42 43 43 43 43 43 43 43 43 43 44 44 44 44 44 44 44 44 45 45 45 45 45 45 45 45 45 46 46 46 46 46 46 46 46 46 47 47 47 47 47 47 47 47 48 48 48 48 48 48 48 48 49 49 49 49 49 49 49 49 50 50 50 50 50 50 50 51 51 51 51 51 51 51 51 52 52 52 52 52 52 52 52 53 53 53 53 53 53 53 53 54 54 54 54 54 54 54 54 55 55 55 55 55 55 55 55 56 56 56 56 56 56 56 57 57 56 56 57 57 57 57 57 57 57 57 57 57 57 57 57 57 57 57 57 57 57 57 57 57 57 58 58 58 58 58 58 58 58 58 58 58 58 58 58 58 58 58 58 58 58 58 58 58 58 58 58 58 58 58 58 58 58 58 58 58 58 58 58 58 58 58 58 58 58 58 58 58 58 58 58 58 58 58 58 58 58 58 58 58 58 58 58 58 58 58 58 58 58 58 58 58 58 58 58 58 58 58 58 58 58 58 58 58 58 58 58 58 58 57 57 57 58 58 58 58 58 58 58 58 58 58 58 58 58 58 58 58 58 58 58 58 57 57 0 0 0 0 0 0 0 0 0 0 0 0 0 0 0 0 0 0 0 0 0 0 0 0 0 0 0 0 0 0 0 0 0 0 0 0 0 0 0 0 0 0 0 0 0 0 0 0 0 0 0 0 0 0 0 0 0 0 0 0 0 0 0 0 0 0 0 0 0 0 0 0 0 0 0 0 0 0 0 0 0 0 0 0 0 0 0 0 0 0 0 0 0 0 0 0 0 0 0 0 0 0 0 0 0 0 0 0 0 0 0 0 0 0 0 0 0 0 0 0 0 0 0 0 0 0 0 0 0 0 0 0 0 0 0 0 0 0 0 0 0 0 0 0 0 0 0 0 0 0 0 0 0 0 0 0 0 0 0 0 0 0 0 0 0 0 0 0 0 0 
0 0 0 0 0 0 0 0 0 0 0 0 0 0 0 0 0 0 0 0 0 0 0 0 0 0 0 0 0 0 0 0 0 0 0 0 0 0 0 0 0 0 0 0 0 0 0 0 0 0 0 0 0 0 0 0 0 0 0 0 0 41 41 41 41 41 41 41 41 42 42 42 42 42 42 42 42 42 43 43 43 43 43 43 43 43 43 44 44 44 44 44 44 44 44 45 45 45 45 45 45 45 45 45 46 46 46 46 46 46 46 46 46 47 47 47 47 47 47 47 47 48 48 48 48 48 48 48 48 49 49 49 49 49 49 49 49 50 50 50 50 50 50 50 50 51 51 51 51 51 51 51 52 52 52 52 52 52 52 52 52 53 53 53 53 53 53 53 53 54 54 54 54 54 54 54 55 55 55 55 55 55 55 55 55 56 56 56 56 56 56 56 57 57 57 57 57 57 57 57 57 57 57 57 58 58 57 57 57 57 57 57 57 57 57 57 58 58 57 57 57 58 58 58 58 58 58 58 58 58 58 58 58 58 58 58 58 58 58 58 58 58 58 58 58 58 58 58 58 58 58 58 58 58 58 58 58 58 58 58 58 58 58 58 58 58 58 58 58 58 58 58 58 58 58 58 58 58 58 58 58 58 58 58 58 58 58 58 58 58 58 58 58 58 58 58 58 58 58 58 58 58 58 58 58 58 58 58 58 58 58 58 58 58 58 58 58 58 58 58 58 58 58 58 58 58 58 58 58 58 58 58 58 57 0 0 0 0 0 0 0 0 0 0 0 0 0 0 0 0 0 0 0 0 0 0 0 0 0 0 0 0 0 0 0 0 0 0 0 0 0 0 0 0 0 0 0 0 0 0 0 0 0 0 0 0 0 0 0 0 0 0 0 0 0 0 0 0 0 0 0 0 0 0 0 0 0 0 0 0 0 0 0 0 0 0 0 0 0 0 0 0 0 0 0 0 0 0 0 0 0 0 0 0 0 0 0 0 0 0 0 0 0 0 0 0 0 0 0 0 0 0 0 0 0 0 0 0 0 0 0 0 0 0 0 0 0 0 0 0 0 0 0 0 0 0 0 0 0 0 0 0 0 0 0 0 0 0 0 0 0 0 0 0 0 0 0 0 0 0 0 0 0 
0 0 0 0 0 0 0 0 0 0 0 0 0 0 0 0 0 0 0 0 0 0 0 0 0 0 0 0 0 0 0 0 0 0 0 0 0 0 0 0 0 0 0 0 0 0 0 0 0 0 0 0 0 0 0 0 0 0 0 41 41 41 41 41 41 41 41 42 42 42 42 42 42 42 42 42 43 43 43 43 43 43 43 43 43 44 44 44 44 44 44 44 44 45 45 45 45 45 45 45 45 45 45 46 46 46 46 46 46 46 46 47 47 47 47 47 47 47 47 47 48 48 48 48 48 48 48 49 49 49 49 49 49 49 49 49 50 50 50 50 50 50 50 51 51 51 51 51 51 51 51 52 52 52 52 52 52 52 52 53 53 53 53 53 53 53 53 54 54 54 54 54 54 54 54 55 55 55 55 55 55 55 55 55 55 56 56 56 56 56 56 56 57 57 57 57 57 57 57 57 57 57 58 58 58 57 57 57 57 58 58 57 57 57 57 58 58 58 58 58 58 58 58 58 58 58 58 58 58 58 58 58 58 58 58 59 59 59 59 59 59 59 58 58 58 58 58 58 58 58 58 58 58 58 58 58 58 58 58 58 58 58 58 58 58 58 58 58 58 58 58 58 58 58 58 58 58 58 58 58 58 58 58 58 58 58 58 58 59 59 58 58 58 58 58 58 58 58 58 58 58 58 58 58 59 58 58 58 58 58 58 58 58 58 58 58 58 58 58 57 58 57 58 58 58 58 58 58 58 58 58 58 58 58 58 0 0 0 0 0 0 0 0 0 0 0 0 0 0 0 0 0 0 0 0 0 0 0 0 0 0 0 0 0 0 0 0 0 0 0 0 0 0 0 0 0 0 0 0 0 0 0 0 0 0 0 0 0 0 0 0 0 0 0 0 0 0 0 0 0 0 0 0 0 0 0 0 0 0 0 0 0 0 0 0 0 0 0 0 0 0 0 0 0 0 0 0 0 0 0 0 0 0 0 0 0 0 0 0 0 0 0 0 0 0 0 0 0 0 0 0 0 0 0 0 0 0 0 0 0 0 0 0 0 0 0 0 0 0 0 0 0 0 0 0 0 0 0 0 0 0 0 0 0 0 0 0 0 0 0 0 0 0 0 0 0 0 0 0 0 0 0 0 
0 0 0 0 0 0 0 0 0 0 0 0 0 0 0 0 0 0 0 0 0 0 0 0 0 0 0 0 0 0 0 0 0 0 0 0 0 0 0 0 0 0 0 0 0 0 0 0 0 0 0 0 0 0 0 0 0 0 41 41 41 41 41 41 42 42 42 42 42 42 42 42 42 42 43 43 43 43 43 43 43 43 43 44 44 44 44 44 44 44 44 44 45 45 45 45 45 45 45 45 45 46 46 46 46 46 46 46 46 47 47 47 47 47 47 47 47 47 48 48 48 48 48 48 48 48 49 49 49 49 49 49 49 49 50 50 50 50 50 50 50 50 51 51 51 51 51 51 51 52 52 52 52 52 52 52 52 53 53 53 53 53 53 53 53 53 54 54 54 54 54 54 54 55 55 55 55 55 55 55 55 55 55 55 55 56 56 56 56 56 56 57 57 57 57 57 57 57 57 57 57 57 58 58 58 57 57 58 58 58 58 58 58 58 58 58 58 58 58 58 58 58 58 58 58 58 58 59 59 59 59 59 59 59 59 59 59 59 59 59 59 59 58 58 58 58 58 58 58 58 58 58 58 58 58 58 59 58 58 59 59 59 59 59 59 59 59 59 59 59 59 59 59 59 59 59 59 59 59 59 59 59 59 59 59 58 58 59 59 59 59 59 59 59 59 59 59 59 59 58 58 59 58 58 58 59 58 58 58 58 58 58 58 58 58 58 58 58 58 58 58 58 58 58 58 58 58 58 58 58 58 58 58 58 58 0 0 0 0 0 0 0 0 0 0 0 0 0 0 0 0 0 0 0 0 0 0 0 0 0 0 0 0 0 0 0 0 0 0 0 0 0 0 0 0 0 0 0 0 0 0 0 0 0 0 0 0 0 0 0 0 0 0 0 0 0 0 0 0 0 0 0 0 0 0 0 0 0 0 0 0 0 0 0 0 0 0 0 0 0 0 0 0 0 0 0 0 0 0 0 0 0 0 0 0 0 0 0 0 0 0 0 0 0 0 0 0 0 0 0 0 0 0 0 0 0 0 0 0 0 0 0 0 0 0 0 0 0 0 0 0 0 0 0 0 0 0 0 0 0 0 0 0 0 0 0 0 0 0 0 0 0 0 0 0 0 0 0 0 0 0 0 0 
0 0 0 0 0 0 0 0 0 0 0 0 0 0 0 0 0 0 0 0 0 0 0 0 0 0 0 0 0 0 0 0 0 0 0 0 0 0 0 0 0 0 0 0 0 0 0 0 0 0 0 0 0 0 0 0 0 0 0 0 41 41 42 42 42 42 42 42 42 42 42 42 43 43 43 43 43 43 43 43 43 44 44 44 44 44 44 44 44 44 45 45 45 45 45 45 45 45 45 46 46 46 46 46 46 46 46 47 47 47 47 47 47 47 47 47 48 48 48 48 48 48 48 48 49 49 49 49 49 49 49 49 50 50 50 50 50 50 50 50 51 51 51 51 51 51 51 52 52 52 52 52 52 52 52 52 53 53 53 53 53 53 53 53 54 54 54 54 54 54 54 54 55 55 55 55 55 55 55 55 55 55 56 56 56 56 56 56 56 56 56 57 57 57 57 57 57 57 57 57 57 57 58 58 57 57 57 58 58 58 58 58 58 58 58 58 58 58 58 58 58 59 58 58 58 58 59 59 59 59 59 59 59 59 59 59 59 59 59 59 59 59 58 58 58 58 59 59 59 59 59 59 59 59 59 59 59 59 59 59 59 59 59 59 59 59 59 59 59 59 59 59 59 59 59 59 59 59 59 59 59 59 59 59 59 59 58 59 59 59 59 59 59 59 59 59 59 59 59 59 59 59 59 59 59 59 58 58 58 58 58 58 58 58 58 58 58 58 58 58 58 58 58 58 58 58 58 58 58 58 58 58 58 58 58 0 0 0 0 0 0 0 0 0 0 0 0 0 0 0 0 0 0 0 0 0 0 0 0 0 0 0 0 0 0 0 0 0 0 0 0 0 0 0 0 0 0 0 0 0 0 0 0 0 0 0 0 0 0 0 0 0 0 0 0 0 0 0 0 0 0 0 0 0 0 0 0 0 0 0 0 0 0 0 0 0 0 0 0 0 0 0 0 0 0 0 0 0 0 0 0 0 0 0 0 0 0 0 0 0 0 0 0 0 0 0 0 0 0 0 0 0 0 0 0 0 0 0 0 0 0 0 0 0 0 0 0 0 0 0 0 0 0 0 0 0 0 0 0 0 0 0 0 0 0 0 0 0 0 0 0 0 0 0 0 0 0 0 0 0 0 0 0 
0 0 0 0 0 0 0 0 0 0 0 0 0 0 0 0 0 0 0 0 0 0 0 0 0 0 0 0 0 0 0 0 0 0 0 0 0 0 0 0 0 0 0 0 0 0 0 0 0 0 0 0 0 0 0 0 0 0 41 41 41 42 42 42 42 42 42 42 42 42 43 43 43 43 43 43 43 43 43 44 44 44 44 44 44 44 44 44 45 45 45 45 45 45 45 45 45 46 46 46 46 46 46 46 46 47 47 47 47 47 47 47 47 47 48 48 48 48 48 48 48 48 48 48 49 49 49 49 49 49 49 50 50 50 50 50 50 50 51 51 51 51 51 51 51 51 52 52 52 52 52 52 52 52 53 53 53 53 53 53 53 53 53 54 54 54 54 54 54 54 55 55 55 55 55 55 55 55 55 55 56 56 56 56 56 56 56 56 56 56 57 57 57 57 57 57 57 57 57 58 58 58 58 57 57 57 58 58 58 58 58 58 58 58 58 58 58 58 58 58 58 59 59 58 58 58 59 59 59 59 59 59 59 59 59 59 59 59 59 59 59 59 59 59 59 59 59 59 59 59 59 59 59 59 59 59 59 59 59 59 59 59 59 59 59 59 59 59 59 59 59 59 59 59 59 59 59 59 59 59 59 59 59 59 59 59 59 59 59 59 59 59 59 59 59 59 59 59 59 59 59 59 59 59 59 59 59 59 58 58 58 59 58 58 58 58 58 58 58 59 58 58 58 58 58 58 58 58 58 58 58 58 58 58 58 58 0 0 0 0 0 0 0 0 0 0 0 0 0 0 0 0 0 0 0 0 0 0 0 0 0 0 0 0 0 0 0 0 0 0 0 0 0 0 0 0 0 0 0 0 0 0 0 0 0 0 0 0 0 0 0 0 0 0 0 0 0 0 0 0 0 0 0 0 0 0 0 0 0 0 0 0 0 0 0 0 0 0 0 0 0 0 0 0 0 0 0 0 0 0 0 0 0 0 0 52 52 52 52 0 0 0 0 0 0 0 0 0 0 0 0 0 0 0 0 0 0 0 0 0 0 0 0 0 0 0 0 0 0 0 0 0 0 0 0 0 0 0 0 0 0 0 0 0 0 0 0 0 0 0 0 0 0 0 0 0 0 0 0 0 0 0 0 
0 0 0 0 0 0 0 0 0 0 0 0 0 0 0 0 0 0 0 0 0 0 0 0 0 0 0 0 0 0 0 0 0 0 0 0 0 0 0 0 0 0 0 0 0 0 0 0 0 0 0 0 0 0 0 0 0 0 0 42 42 42 42 42 42 42 42 42 43 43 43 43 43 43 43 43 43 44 44 44 44 44 44 44 44 44 45 45 45 45 45 45 45 45 45 46 46 46 46 46 46 46 46 47 47 47 47 47 47 47 47 47 48 48 48 48 48 48 48 48 48 48 48 49 49 49 49 49 49 49 50 50 50 50 50 50 50 51 51 51 51 51 51 51 52 52 52 52 52 52 52 52 53 53 53 53 53 53 53 53 53 54 54 54 54 54 54 54 54 55 55 55 55 55 55 55 55 55 55 55 55 56 56 56 56 56 56 56 56 57 57 57 57 57 57 57 57 57 57 58 58 58 58 58 58 58 58 58 58 58 58 58 58 58 58 59 59 59 59 59 59 59 59 59 58 58 58 59 59 59 59 59 59 59 59 59 59 59 59 59 59 59 59 59 59 59 59 59 59 59 59 59 59 59 59 59 59 59 59 59 59 59 59 59 59 59 59 59 59 59 59 59 59 59 59 59 59 59 59 59 59 59 59 59 59 59 59 59 59 59 59 59 59 59 59 59 59 59 59 59 59 59 59 59 59 59 59 59 59 59 59 59 59 59 59 59 59 59 59 59 58 58 58 58 58 58 58 58 58 58 58 58 58 58 58 58 0 0 0 0 0 0 0 0 0 0 0 0 0 0 0 0 0 0 0 0 0 0 0 0 0 0 0 0 0 0 0 0 0 0 0 0 0 0 0 0 0 0 0 0 0 0 0 0 0 0 0 0 0 0 0 0 0 0 0 0 0 0 0 0 0 0 0 0 0 0 0 0 0 0 0 0 0 0 0 0 0 0 0 0 0 0 0 0 0 0 0 0 0 0 0 0 53 53 53 53 53 52 52 51 0 0 0 0 0 0 0 0 0 0 0 0 0 0 0 0 0 0 0 0 0 0 0 0 0 0 0 0 0 0 0 0 0 0 0 0 0 0 0 0 0 0 0 0 0 0 0 0 0 0 0 0 0 0 0 0 0 0 0 0 0 0 0 
0 0 0 0 0 0 0 0 0 0 0 0 0 0 0 0 0 0 0 0 0 0 0 0 0 0 0 0 0 0 0 0 0 0 0 0 0 0 0 0 0 0 0 0 0 0 0 0 0 0 0 0 0 0 0 0 0 0 42 42 42 42 42 42 42 42 43 43 43 43 43 43 43 43 43 44 44 44 44 44 44 44 44 44 44 45 45 45 45 45 45 45 45 45 46 46 46 46 46 46 46 47 47 47 47 47 47 47 47 47 48 48 48 48 48 48 48 48 48 48 48 49 49 49 49 49 49 49 49 50 50 50 50 50 50 51 51 51 51 51 51 51 52 52 52 52 52 52 52 52 52 53 53 53 53 53 53 53 53 54 54 54 54 54 54 54 54 54 55 55 55 55 55 55 55 55 56 56 56 56 56 56 56 56 56 57 57 57 57 57 57 57 58 58 57 57 57 57 58 58 58 58 58 59 58 58 58 58 58 58 58 58 58 58 59 59 59 59 59 59 59 59 59 59 59 59 59 59 59 59 59 59 59 59 59 59 59 59 59 59 59 59 59 59 59 59 59 59 59 59 59 59 59 59 59 59 59 59 59 59 59 59 59 59 59 59 59 59 59 59 59 59 59 59 59 59 59 59 59 59 59 59 59 59 59 59 59 59 59 59 59 59 59 59 59 59 59 59 59 59 59 59 59 59 59 59 59 59 59 59 59 59 59 59 59 59 59 59 59 59 59 59 58 58 58 58 58 58 58 58 58 58 58 58 58 0 0 0 0 0 0 0 0 0 0 0 0 0 0 0 0 0 0 0 0 0 0 0 0 0 0 0 0 0 0 0 0 0 0 0 0 0 0 0 0 0 0 0 0 0 0 0 0 0 0 0 0 0 0 0 0 0 0 0 0 0 0 0 0 0 0 0 0 0 0 0 0 0 0 0 0 0 0 0 0 0 0 0 0 0 0 0 0 0 0 0 0 0 0 0 0 53 53 53 53 53 53 53 53 52 51 0 0 0 0 0 0 0 0 0 0 0 0 0 0 0 0 0 0 0 0 0 0 0 0 0 0 0 0 0 0 0 0 0 0 0 0 0 0 0 0 0 0 0 0 0 0 0 0 0 0 0 0 0 0 0 0 0 0 0 0 0 0 
0 0 0 0 0 0 0 0 0 0 0 0 0 0 0 0 0 0 0 0 0 0 0 0 0 0 0 0 0 0 0 0 0 0 0 0 0 0 0 0 0 0 0 0 0 0 0 0 0 0 0 0 0 0 0 0 42 42 42 42 42 42 42 42 43 43 43 43 43 43 43 43 43 43 43 44 44 44 44 44 44 44 44 45 45 45 45 45 45 45 45 45 45 46 46 46 46 46 46 46 47 47 47 47 47 47 47 47 48 48 48 48 48 48 48 48 48 48 49 49 49 49 49 49 49 49 49 50 50 50 50 50 50 50 51 51 51 51 51 51 51 51 52 52 52 52 52 52 52 53 53 53 53 53 53 53 53 53 54 54 54 54 54 54 54 54 55 55 55 55 55 55 55 55 56 56 56 56 56 56 56 56 56 56 56 57 57 57 57 57 57 57 58 58 58 58 58 58 58 58 58 58 58 59 59 58 58 58 58 58 58 58 58 59 59 59 59 59 59 59 59 59 59 59 59 59 59 59 59 59 59 59 59 59 60 60 60 60 60 60 60 60 59 59 59 59 59 59 59 59 59 59 59 59 59 59 59 59 59 59 59 59 59 59 59 59 59 59 59 59 59 59 59 59 59 59 59 60 60 60 59 59 59 59 59 59 59 59 59 59 59 59 59 59 59 60 60 59 59 59 59 59 59 60 59 59 59 59 59 59 59 59 59 59 59 59 59 59 59 59 59 58 58 58 58 58 58 58 59 58 58 58 58 58 58 0 0 0 0 0 0 0 0 0 0 0 0 0 0 0 0 0 0 0 0 0 0 0 0 0 0 0 0 0 0 0 0 0 0 0 0 0 0 0 0 0 0 0 0 0 0 0 0 0 0 0 0 0 0 0 0 0 0 0 0 0 0 0 0 0 0 0 0 0 0 0 0 0 0 0 0 0 0 0 0 0 0 0 0 0 0 0 0 0 0 0 0 0 0 0 53 53 53 53 53 54 53 53 53 52 52 51 51 0 0 0 0 0 0 0 0 0 0 0 0 0 0 0 0 0 0 0 0 0 0 0 0 0 0 0 0 0 0 0 0 0 0 0 0 0 0 0 0 0 0 0 0 0 0 0 0 0 0 0 0 0 0 0 0 0 0 0 0 
0 0 0 0 0 0 0 0 0 0 0 0 0 0 0 0 0 0 0 0 0 0 0 0 0 0 0 0 0 0 0 0 0 0 0 0 0 0 0 0 0 0 0 0 0 0 0 0 0 0 0 0 0 0 0 0 42 42 42 42 42 42 42 43 43 43 43 43 43 43 43 43 43 43 44 44 44 44 44 44 44 44 45 45 45 45 45 45 45 45 45 46 46 46 46 46 46 46 47 47 47 47 47 47 47 47 48 48 48 48 48 48 48 48 48 48 48 49 49 49 49 49 49 49 49 50 50 50 50 50 50 50 50 51 51 51 51 51 51 51 52 52 52 52 52 52 52 53 53 53 53 53 53 53 53 53 54 54 54 54 54 54 54 54 55 55 55 55 55 55 55 55 55 56 56 56 56 56 56 56 56 56 56 57 57 57 57 57 57 57 57 57 58 58 58 58 58 58 58 58 58 58 58 58 58 58 58 58 58 58 58 58 59 59 59 59 59 59 59 59 59 59 59 59 59 59 59 59 59 59 59 59 60 60 60 60 60 60 60 60 60 60 59 59 59 59 59 59 59 59 59 59 59 59 59 59 59 59 60 60 60 60 60 60 60 60 60 60 60 60 60 60 60 60 60 60 60 60 60 60 60 60 60 60 59 60 60 60 59 59 60 60 60 60 60 60 60 60 60 60 59 60 60 59 59 59 59 59 59 59 59 59 59 59 59 59 59 59 59 59 59 58 58 59 59 59 59 59 59 59 59 59 58 58 58 58 0 0 0 0 0 0 0 0 0 0 0 0 0 0 0 0 0 0 0 0 0 0 0 0 0 0 0 0 0 0 0 0 0 0 0 0 0 0 0 0 0 0 0 0 0 0 0 0 0 0 0 0 0 0 0 0 0 0 0 0 0 0 0 0 0 0 0 0 0 0 0 0 0 0 0 0 0 0 0 0 0 0 0 0 0 0 0 0 0 0 0 0 0 53 53 53 54 54 54 54 54 53 53 53 53 52 52 51 0 0 0 0 0 0 0 0 0 0 0 0 0 0 0 0 0 0 0 0 0 0 0 0 0 0 0 0 0 0 0 0 0 0 0 0 0 0 0 0 0 0 0 0 0 0 0 0 0 0 0 0 0 0 0 0 0 0 0 
0 0 0 0 0 0 0 0 0 0 0 0 0 0 0 0 0 0 0 0 0 0 0 0 0 0 0 0 0 0 0 0 0 0 0 0 0 0 0 0 0 0 0 0 0 0 0 0 0 0 0 0 0 0 0 42 42 42 42 42 43 43 43 43 43 43 43 43 43 43 43 43 44 44 44 44 44 44 44 44 44 45 45 45 45 45 45 45 45 46 46 46 46 46 46 46 47 47 47 47 47 47 47 47 47 48 48 48 48 48 48 48 48 48 49 49 49 49 49 49 49 50 50 50 50 50 50 50 50 50 50 50 50 51 51 51 51 51 52 52 52 52 52 52 52 52 53 53 53 53 53 53 53 53 53 54 54 54 54 54 54 54 54 55 55 55 55 55 55 55 55 55 56 56 56 56 56 56 56 56 56 56 56 57 57 57 57 57 57 57 57 57 58 58 58 58 58 58 58 58 58 58 58 58 58 58 59 59 58 58 59 59 59 59 59 59 59 59 59 59 59 59 59 59 59 59 59 59 59 59 59 59 59 60 60 60 60 60 60 60 60 60 59 59 59 59 59 59 59 59 59 59 59 59 59 59 60 60 60 60 60 60 60 60 60 60 60 60 60 60 60 60 60 60 60 60 60 60 60 60 60 60 60 60 60 60 60 60 60 60 60 60 60 60 60 60 60 60 60 60 60 60 60 60 60 60 60 59 59 59 59 59 59 59 59 59 59 59 59 59 59 59 59 59 59 59 59 59 59 59 59 59 59 58 58 58 58 0 0 0 0 0 0 0 0 0 0 0 0 0 0 0 0 0 0 0 0 0 0 0 0 0 0 0 0 0 0 0 0 0 0 0 0 0 0 0 0 0 0 0 0 0 0 0 0 0 0 0 0 0 0 0 0 0 0 0 0 0 0 0 0 0 0 0 0 0 0 0 0 0 0 0 0 0 0 0 0 0 0 0 0 0 54 54 54 54 54 54 53 54 53 53 54 54 54 54 54 54 54 54 53 52 52 52 52 0 0 0 0 0 0 0 0 0 0 0 0 0 0 0 0 0 0 0 0 0 0 0 0 0 0 0 0 0 0 0 0 0 0 0 0 0 0 0 0 0 0 0 0 0 0 0 0 0 0 0 0 0 0 0 0 0 0 
0 0 0 0 0 0 0 0 0 0 0 0 0 0 0 0 0 0 0 0 0 0 0 0 0 0 0 0 0 0 0 0 0 0 0 0 0 0 0 0 0 0 0 0 0 0 0 0 0 0 0 0 0 0 0 0 42 42 43 43 43 43 43 43 43 43 43 43 43 43 43 44 44 44 44 44 44 44 44 45 45 45 45 45 45 45 45 46 46 46 46 46 46 47 47 47 47 47 47 47 47 47 47 48 48 48 48 48 48 48 48 48 48 49 49 49 49 49 49 49 50 50 50 50 50 50 50 50 50 50 50 50 51 51 51 51 51 52 52 52 52 52 52 52 53 53 53 53 53 53 53 53 53 54 54 54 54 54 54 54 54 55 55 55 55 55 55 55 55 55 55 56 56 56 56 56 56 56 56 56 56 57 57 57 57 57 57 57 57 58 58 58 58 58 58 58 58 58 58 58 58 58 58 58 58 59 59 59 59 59 59 59 59 59 59 59 59 59 60 60 59 59 59 59 59 59 59 59 60 59 59 59 59 59 59 60 60 60 60 60 60 60 59 59 59 59 59 59 59 59 59 59 59 59 59 59 60 60 60 60 60 60 60 60 60 60 60 60 60 60 60 60 60 60 60 60 60 60 60 60 60 60 60 60 60 60 60 60 60 60 60 60 60 60 60 60 60 60 60 60 60 60 60 60 60 60 60 60 60 60 59 60 60 59 59 60 60 60 59 59 59 59 59 59 59 59 59 59 59 59 59 59 59 59 59 59 58 59 59 0 58 58 58 58 58 58 0 0 0 0 0 0 0 0 0 0 0 0 0 0 0 0 0 0 0 0 0 0 0 0 0 0 0 0 0 0 0 0 0 0 0 0 0 0 0 0 0 0 0 0 0 0 0 0 0 0 0 0 0 0 0 0 0 0 0 0 0 0 0 0 0 0 0 0 0 0 0 0 0 54 54 55 55 54 54 54 54 54 54 54 54 54 54 54 54 54 54 54 54 54 53 53 53 53 52 52 52 0 0 0 0 0 0 0 0 0 0 0 0 0 0 0 0 0 0 0 0 0 0 0 0 0 0 0 0 0 0 0 0 0 0 0 0 0 0 0 0 0 0 0 0 0 0 0 0 0 0 0 0 0 0 0 0 
0 0 0 0 0 0 0 0 0 0 0 0 0 0 0 0 0 0 0 0 0 0 0 0 0 0 0 0 0 0 0 0 0 0 0 0 0 0 0 0 0 0 0 0 0 0 0 0 0 0 0 0 0 42 42 43 43 43 43 43 43 43 43 43 43 43 43 43 44 44 44 44 44 44 44 44 44 44 45 45 45 45 45 45 46 46 46 46 46 46 46 46 47 47 47 47 47 47 47 47 47 48 48 48 48 48 48 48 48 48 49 49 49 49 49 49 49 49 49 49 50 50 50 50 50 50 51 51 51 51 51 51 51 51 51 52 52 52 52 52 52 52 52 53 53 53 53 53 53 53 53 54 54 54 54 54 54 54 54 55 55 55 55 55 55 55 55 55 55 55 55 55 56 56 56 56 56 56 56 57 57 57 57 57 57 57 57 57 57 58 58 58 58 59 59 59 58 58 58 59 58 59 59 58 59 59 59 59 59 59 59 59 59 59 59 59 59 59 60 60 60 59 60 60 60 60 59 60 60 60 59 60 60 60 60 60 60 60 60 60 60 60 59 59 59 59 59 59 59 60 60 60 60 60 60 59 60 60 60 60 60 60 60 60 60 60 60 60 60 60 60 60 60 60 60 60 60 60 60 60 60 60 60 60 60 60 60 60 60 60 60 60 60 60 60 60 60 60 60 60 60 60 60 60 60 60 60 60 60 60 60 60 60 60 60 60 60 60 59 59 59 59 59 59 59 59 59 59 59 59 59 59 59 59 59 59 59 59 58 58 58 58 59 59 59 59 58 58 58 0 58 58 58 58 58 58 58 58 58 0 0 58 58 58 0 0 0 0 0 0 0 0 0 0 0 0 0 0 0 0 0 0 0 0 0 0 0 0 0 0 0 0 0 0 0 0 0 0 0 0 0 0 0 0 0 0 0 0 0 0 0 0 0 0 0 0 0 0 0 55 55 55 55 55 55 55 55 55 55 54 54 55 54 54 54 55 55 55 54 54 54 53 53 53 53 52 52 52 0 0 0 0 0 0 0 0 0 0 0 0 0 0 0 0 0 0 0 0 0 0 0 0 0 0 0 0 0 0 0 0 0 0 0 0 0 0 0 0 0 0 0 0 0 0 0 0 0 0 0 0 0 0 0 
0 0 0 0 0 0 0 0 0 0 0 0 0 0 0 0 0 0 0 0 0 0 0 0 0 0 0 0 0 0 0 0 0 0 0 0 0 0 0 0 0 0 0 0 0 0 0 0 0 0 0 0 0 0 43 43 43 43 43 43 43 43 43 43 43 43 44 44 44 44 44 44 44 44 44 44 44 45 45 45 45 45 45 46 46 46 46 46 46 46 46 46 47 47 47 47 47 47 47 47 48 48 48 48 48 48 48 48 49 49 49 49 49 49 49 49 49 49 50 50 50 50 50 50 50 50 51 51 51 51 51 51 51 51 52 52 52 52 52 52 52 52 53 53 53 53 53 53 53 54 54 54 54 54 54 54 54 54 55 55 55 55 55 55 55 55 55 55 55 55 55 56 56 56 56 56 56 57 57 57 57 57 57 57 57 57 57 58 58 58 58 58 59 59 59 59 59 59 59 59 59 59 59 59 59 59 59 59 59 59 59 59 59 60 59 59 59 60 60 60 60 60 60 60 60 60 60 60 60 60 60 60 60 60 60 60 60 60 60 60 60 60 60 60 60 60 60 60 60 60 60 60 60 60 60 60 60 60 60 60 60 60 60 60 60 60 60 60 60 60 60 60 60 60 60 60 60 60 60 60 60 60 60 60 60 60 60 60 60 60 60 60 60 60 60 60 60 60 60 60 60 60 60 60 60 60 60 60 60 60 60 60 60 60 60 60 60 60 60 59 59 59 59 59 59 59 59 59 59 59 59 59 59 59 59 59 59 59 59 59 59 59 59 59 59 59 59 59 59 59 59 59 59 58 58 58 58 59 58 58 58 58 58 58 58 58 58 58 57 57 0 0 0 0 0 0 0 0 0 0 0 0 0 0 0 0 0 0 0 0 0 0 0 0 0 0 0 0 0 0 0 0 0 0 0 0 0 0 0 0 0 0 0 0 0 0 0 0 54 55 55 55 55 55 55 55 55 55 55 55 55 55 55 55 55 55 55 55 54 54 54 53 54 53 53 53 52 52 52 0 0 0 0 0 0 0 0 0 0 0 0 0 0 0 0 0 0 0 0 0 0 0 0 0 0 0 0 0 0 0 0 0 0 0 0 0 0 0 0 0 0 0 0 0 0 0 0 0 0 0 0 0 0 
0 0 0 0 0 0 0 0 0 0 0 0 0 0 0 0 0 0 0 0 0 0 0 0 0 0 0 0 0 0 0 0 0 0 0 0 0 0 0 0 0 0 0 0 0 0 0 0 0 0 0 0 0 43 43 43 43 43 43 43 43 43 44 43 44 44 44 44 44 44 44 44 44 45 45 45 45 45 45 45 45 45 45 46 46 46 46 46 47 47 47 47 47 47 47 47 47 47 47 48 48 48 48 48 48 48 48 49 49 49 49 49 49 49 49 49 49 49 50 50 50 50 50 51 51 51 51 51 51 51 51 51 51 51 52 52 52 52 52 52 53 53 53 53 53 53 53 53 54 54 54 54 54 54 54 54 54 55 55 55 55 55 55 55 55 55 55 55 56 56 56 56 56 56 56 56 56 57 57 57 57 57 57 57 57 58 58 58 58 58 58 58 59 59 59 59 59 59 59 59 59 59 59 59 59 59 59 59 59 59 59 59 59 60 60 60 60 60 60 60 60 60 60 60 60 60 60 60 60 60 60 60 60 60 60 60 60 60 60 60 60 60 60 60 60 60 60 60 60 60 60 60 60 60 60 60 60 60 60 60 60 60 60 60 60 60 60 60 60 60 60 60 60 60 60 61 61 61 61 61 61 60 60 60 60 60 60 60 60 60 60 60 60 60 60 60 60 60 60 60 60 60 60 60 60 61 60 60 60 60 60 60 60 60 60 60 60 60 60 60 59 59 59 59 59 59 60 60 60 60 60 59 59 59 59 59 59 59 59 59 59 59 59 60 60 60 60 60 59 59 59 58 58 58 59 58 59 59 59 58 59 58 58 58 58 58 58 58 58 58 58 58 58 58 57 57 0 0 0 0 0 0 0 0 0 0 0 0 0 0 0 0 0 0 0 0 0 0 0 0 0 0 0 0 0 0 0 0 0 0 0 0 0 0 0 0 0 0 54 55 56 56 56 56 56 55 55 56 56 55 55 55 55 55 55 55 55 55 54 54 54 54 54 53 53 53 53 53 53 52 52 0 0 0 0 0 0 0 0 0 0 0 0 0 0 0 0 0 0 0 0 0 0 0 0 0 0 0 0 0 0 0 0 0 0 0 0 0 0 0 0 0 0 0 0 0 0 0 0 0 0 0 0 
0 0 0 0 0 0 0 0 0 0 0 0 0 0 0 0 0 0 0 0 0 0 0 0 0 0 0 0 0 0 0 0 0 0 0 0 0 0 0 0 0 0 0 0 0 0 0 0 0 0 0 43 43 43 43 43 43 43 43 43 43 44 44 44 44 44 44 44 44 44 44 44 45 45 45 45 45 45 45 45 45 45 45 46 46 46 47 47 47 47 47 47 47 47 47 47 47 48 48 48 48 48 48 48 48 49 49 49 49 49 49 49 49 49 50 50 50 50 50 50 50 50 51 51 51 51 51 51 51 52 52 52 52 52 52 52 52 52 52 53 53 53 53 53 53 53 54 54 54 54 54 54 54 54 54 55 55 55 55 55 55 55 55 56 56 56 56 56 56 56 56 56 56 56 56 56 57 57 57 57 57 57 57 57 57 57 58 58 58 58 58 58 59 59 59 59 59 59 59 59 59 59 59 59 59 59 59 59 60 60 59 59 60 60 60 60 60 60 60 60 60 60 60 60 60 60 60 60 60 60 60 61 61 61 61 61 61 60 60 61 61 61 60 60 60 60 60 60 60 60 60 60 60 60 60 60 60 60 60 60 60 60 61 61 61 61 61 61 61 61 61 61 61 61 61 61 61 61 61 61 61 61 61 61 60 60 60 60 60 60 60 61 61 61 61 61 61 61 61 61 60 60 60 60 61 61 61 61 60 60 60 60 60 60 60 60 60 60 60 60 60 60 60 60 59 59 60 60 60 60 59 59 59 59 59 59 59 59 59 59 59 59 60 60 60 60 60 59 59 59 59 59 59 59 59 59 59 59 59 59 59 58 58 59 59 58 59 59 59 59 58 58 58 58 58 58 57 57 58 57 57 56 0 0 0 0 0 0 0 0 0 0 0 0 0 0 0 0 0 0 0 0 0 0 0 0 0 0 0 0 0 0 0 0 0 0 55 56 56 56 56 56 56 56 56 56 56 56 56 55 55 55 55 55 55 55 55 55 55 54 54 54 54 53 53 53 53 53 53 53 53 52 52 0 0 0 0 0 0 0 0 0 0 0 0 0 0 0 0 0 0 0 0 0 0 0 0 0 0 0 0 0 0 0 0 0 0 0 0 0 0 0 0 0 0 0 0 0 0 0 0 0 0 
0 0 0 0 0 0 0 0 0 0 0 0 0 0 0 0 0 0 0 0 0 0 0 0 0 0 0 0 0 0 0 0 0 0 0 0 0 0 0 0 0 0 0 0 0 0 0 0 0 43 43 43 43 43 43 43 43 44 44 44 43 44 44 44 44 44 44 44 45 45 45 45 46 46 46 46 45 46 46 46 46 46 46 46 46 46 46 47 47 47 47 47 47 47 48 48 48 48 48 48 48 48 48 48 49 49 49 49 49 49 49 49 50 50 50 50 50 50 50 50 50 51 51 51 51 51 51 51 52 52 52 52 52 52 52 52 52 52 53 53 53 53 53 53 54 54 54 54 54 54 54 54 54 54 55 55 55 55 55 55 55 55 56 56 56 56 56 56 56 56 56 57 57 57 57 57 57 57 57 57 57 57 57 57 57 58 58 58 58 58 58 58 59 59 59 59 59 59 59 59 59 59 59 59 59 59 59 59 60 60 60 60 60 60 60 60 60 60 60 60 60 60 60 60 60 60 60 60 61 61 61 61 61 61 61 61 61 61 61 61 61 61 60 60 60 60 60 60 61 61 61 60 60 60 60 60 60 60 60 60 61 61 61 61 61 61 61 61 61 61 61 61 61 61 61 61 61 61 61 61 61 61 61 61 60 60 61 61 60 60 60 61 61 61 61 61 61 61 61 61 61 61 61 61 61 61 61 61 61 61 60 60 60 60 60 60 60 60 60 60 60 60 60 60 60 60 60 60 60 60 60 59 59 59 59 59 59 59 59 59 59 60 60 60 60 60 60 59 60 60 60 60 59 60 60 59 59 60 59 59 59 58 59 59 59 59 59 59 59 58 58 59 58 58 58 58 58 57 58 58 58 57 0 0 0 0 0 0 0 0 0 0 0 0 0 0 0 0 0 0 0 0 0 0 0 0 0 0 0 0 0 0 0 0 0 55 56 55 56 56 56 56 56 56 56 56 56 56 56 55 55 55 55 55 55 55 55 55 55 54 54 53 53 53 53 53 53 53 53 53 53 53 53 53 53 0 0 0 0 0 0 0 0 0 0 0 0 0 0 0 0 0 0 0 0 0 0 0 0 0 0 0 0 0 0 0 0 0 0 0 0 0 0 0 0 0 0 0 0 0 0 0 0 
0 0 0 0 0 0 0 0 0 0 0 0 0 0 0 0 0 0 0 0 0 0 0 0 0 0 0 0 0 0 0 0 0 0 0 0 0 0 0 0 0 0 0 0 0 0 0 0 0 43 43 43 43 43 44 44 44 44 44 44 44 44 44 44 44 44 44 45 45 45 45 45 45 46 46 46 46 46 46 46 46 46 46 46 46 46 47 47 47 47 47 47 48 48 48 48 48 48 48 48 48 48 49 49 49 49 49 49 49 49 50 50 50 50 50 50 50 50 50 51 51 51 51 51 51 51 51 52 52 52 52 52 52 52 52 52 52 53 53 53 53 53 53 54 54 54 54 54 54 54 54 54 54 55 55 55 55 55 55 55 55 56 56 56 56 56 56 56 56 56 56 56 57 57 57 57 57 57 57 57 57 57 57 58 58 58 58 58 58 58 58 59 59 59 59 59 59 59 59 59 60 60 60 59 59 59 59 59 60 60 60 60 60 60 60 60 60 60 60 60 60 61 60 61 60 60 61 61 61 61 61 61 61 61 61 61 61 61 61 61 61 61 60 60 60 60 60 60 61 61 61 61 61 61 61 60 60 60 60 61 61 61 61 61 61 61 61 61 61 61 61 61 61 61 61 61 61 61 61 61 61 61 61 61 61 61 61 61 61 60 61 61 61 61 61 61 61 61 61 61 61 61 61 61 61 61 61 61 61 61 61 61 60 60 60 60 60 61 60 60 60 60 60 60 60 60 60 60 60 60 60 60 60 60 60 60 60 59 59 59 60 60 60 60 60 59 60 60 59 60 60 60 60 60 60 60 60 60 60 60 59 59 59 60 60 59 59 59 59 58 58 58 59 59 58 59 58 57 58 58 58 57 0 0 0 0 0 0 0 0 0 0 0 0 0 0 0 0 0 0 0 0 0 0 0 0 0 0 0 0 0 0 0 0 0 55 56 56 56 56 56 56 56 56 56 56 56 56 56 56 55 55 55 55 55 55 55 55 55 54 54 54 54 54 54 54 54 53 53 54 53 53 53 53 53 53 53 53 53 53 53 53 53 52 0 0 0 0 0 0 0 0 0 0 0 0 0 0 0 0 0 0 0 0 0 0 0 0 0 0 0 0 0 0 0 0 0 0 0 0 0 0 0 
0 0 0 0 0 0 0 0 0 0 0 0 0 0 0 0 0 0 0 0 0 0 0 0 0 0 0 0 0 0 0 0 0 0 0 0 0 0 0 0 0 0 0 0 0 0 0 0 0 43 43 43 43 44 44 44 44 44 44 44 44 44 44 44 45 45 45 45 45 45 45 45 45 45 46 45 45 45 46 46 47 47 47 46 46 46 47 47 47 48 48 48 48 48 48 48 48 48 48 48 48 49 49 49 49 49 49 49 49 49 50 50 50 50 50 50 50 50 51 51 51 51 51 51 51 51 52 52 52 52 52 52 52 52 53 53 53 53 53 53 53 53 54 54 54 54 54 54 54 54 54 54 55 55 55 55 55 55 55 55 56 56 56 56 56 56 56 56 56 56 57 57 57 57 57 57 57 57 57 57 58 58 58 58 58 58 58 58 58 58 58 58 59 59 59 59 59 59 59 60 60 60 60 60 60 59 59 60 60 60 60 60 60 60 60 60 60 60 60 60 61 61 60 61 61 60 61 61 61 61 61 61 61 61 61 61 61 61 61 61 61 61 60 60 60 60 60 61 60 61 61 61 61 61 61 61 61 61 61 61 61 61 61 61 61 61 61 61 61 61 61 61 61 61 61 61 61 61 61 61 61 61 61 61 61 61 61 61 61 61 61 61 61 61 61 61 61 61 61 61 61 61 61 61 61 61 61 61 61 61 61 61 61 61 61 61 61 61 61 60 60 60 60 60 60 60 60 60 60 60 60 60 60 60 60 60 60 59 59 60 60 60 60 60 60 60 61 61 60 60 60 60 60 60 60 60 60 60 60 60 59 59 59 60 59 59 59 59 59 59 58 58 59 59 59 59 58 58 58 58 59 58 57 0 0 0 0 0 0 0 0 0 0 0 0 0 0 0 0 0 0 0 0 0 0 0 0 0 0 0 0 0 0 0 55 55 56 56 56 57 56 56 56 56 56 56 56 56 56 56 56 56 56 55 55 55 55 55 55 54 54 54 54 54 54 54 54 54 54 54 54 53 53 53 53 53 53 53 53 53 53 53 53 53 52 52 0 0 0 0 0 0 0 0 0 0 0 0 0 0 0 0 0 0 0 0 0 0 0 0 0 0 0 0 0 0 0 0 0 0 0 0 0 
0 0 0 0 0 0 0 0 0 0 0 0 0 0 0 0 0 0 0 0 0 0 0 0 0 0 0 0 0 0 0 0 0 0 0 0 0 0 0 0 0 0 0 0 0 0 0 0 43 43 43 44 44 44 44 44 44 44 44 44 44 44 44 45 45 45 45 45 45 45 45 45 45 46 46 46 46 46 46 46 46 47 47 47 47 47 47 47 47 48 48 48 48 48 48 48 48 48 48 49 49 49 49 49 49 49 49 49 50 50 50 50 50 50 50 51 51 51 51 51 51 51 51 51 52 52 52 52 52 52 52 53 53 53 53 53 53 53 53 53 53 53 54 54 54 54 54 54 54 54 55 55 55 55 55 55 55 55 56 56 56 56 56 56 56 56 56 56 56 57 57 57 57 57 57 57 57 57 58 58 58 58 58 58 58 58 58 58 58 58 58 59 59 59 59 59 59 59 60 60 60 60 60 60 60 60 60 60 60 60 60 60 60 60 60 60 60 60 60 61 61 61 61 60 61 61 61 61 61 61 61 61 61 61 61 61 61 61 61 61 61 61 60 60 60 61 61 61 61 61 61 61 61 61 61 61 61 61 61 61 61 61 61 61 61 61 61 61 61 61 61 61 61 61 61 61 61 61 61 61 61 61 61 61 61 61 61 61 61 61 61 61 61 61 61 61 61 61 61 61 61 61 61 61 61 61 61 61 61 61 61 61 61 61 61 61 61 61 61 61 60 60 60 60 60 60 60 60 60 60 60 60 60 60 60 60 60 59 59 60 60 60 60 60 61 61 61 61 61 60 60 61 60 60 60 60 60 60 60 60 59 60 60 60 59 59 59 59 59 59 59 58 59 59 59 59 59 58 58 58 59 59 58 57 0 0 0 0 0 0 0 0 0 0 0 0 0 0 0 0 0 0 0 0 0 0 0 0 0 0 0 0 0 0 55 56 57 57 57 57 57 56 56 56 56 56 56 56 55 56 56 55 55 56 55 55 55 55 55 54 54 54 54 54 54 54 54 54 54 54 54 54 53 53 53 53 53 53 53 53 53 53 53 53 53 53 53 53 0 0 0 0 0 0 0 0 0 0 0 0 0 0 0 0 0 0 0 0 0 0 0 0 0 0 0 0 0 0 0 0 0 0 0 
0 0 0 0 0 0 0 0 0 0 0 0 0 0 0 0 0 0 0 0 0 0 0 0 0 0 0 0 0 0 0 0 0 0 0 0 0 0 0 0 0 0 0 0 0 0 0 43 44 44 44 44 44 44 44 44 44 44 44 44 44 44 44 45 45 45 45 45 45 45 45 45 45 46 46 46 46 46 46 47 46 47 47 47 48 47 47 47 48 48 48 48 48 48 48 48 48 49 49 49 49 49 49 49 49 50 50 50 50 50 50 50 50 51 51 51 51 51 51 51 51 51 51 52 52 52 52 52 52 52 53 53 53 53 53 53 53 53 53 54 54 54 54 54 54 54 54 55 55 55 55 55 55 55 55 56 56 56 56 56 56 56 56 56 56 57 57 57 57 57 57 57 57 57 57 58 58 58 58 58 58 58 58 58 58 58 59 59 58 58 59 59 59 59 59 59 59 60 60 60 60 60 60 60 60 60 60 60 60 60 60 60 60 60 60 61 61 61 60 61 61 61 61 61 61 61 61 61 61 61 61 61 61 61 61 61 61 61 61 61 61 61 60 60 61 61 61 61 61 61 61 61 61 61 61 61 61 61 61 61 61 61 61 61 61 61 61 61 61 61 61 61 61 61 61 61 61 61 61 61 61 61 61 61 61 61 61 61 61 61 61 61 61 61 61 61 61 61 61 61 61 61 61 61 61 61 61 61 61 61 61 61 61 61 61 61 61 61 61 61 61 61 60 60 60 60 60 60 60 60 60 60 60 60 60 60 60 60 60 60 60 60 60 61 61 61 61 60 60 60 60 60 61 60 60 60 60 61 61 60 60 60 60 60 60 60 60 59 60 60 59 59 59 59 60 60 59 59 58 59 59 59 59 58 57 0 0 0 0 0 0 0 0 0 0 0 0 0 0 0 0 0 0 0 0 0 0 0 0 0 0 0 0 55 56 57 57 57 56 56 56 56 56 57 57 57 56 56 56 55 55 55 55 56 55 55 55 55 55 54 54 54 54 54 54 54 54 54 54 54 54 54 54 54 54 53 53 53 53 53 53 53 53 53 53 53 53 53 53 0 0 0 0 0 0 0 0 0 0 0 0 0 0 0 0 0 0 0 0 0 0 0 0 0 0 0 0 0 0 0 0 0 0 
0 0 0 0 0 0 0 0 0 0 0 0 0 0 0 0 0 0 0 0 0 0 0 0 0 0 0 0 0 0 0 0 0 0 0 0 0 0 0 0 0 0 0 0 0 0 0 44 44 44 44 44 44 44 44 44 44 44 44 45 44 45 45 45 45 45 45 45 45 45 45 45 45 45 45 46 46 46 46 46 46 46 46 47 47 47 47 47 47 48 48 48 48 48 48 48 49 49 49 49 49 49 50 50 50 50 50 50 50 50 51 51 51 51 51 51 51 51 51 51 51 52 52 52 52 52 52 52 53 53 53 53 53 53 53 53 54 54 54 54 54 54 54 54 55 55 55 55 55 55 55 55 56 56 56 56 56 56 56 56 56 56 57 57 57 57 57 57 57 57 57 57 57 58 58 58 58 58 58 58 58 59 59 58 58 59 59 59 59 59 59 59 59 60 60 60 60 60 60 60 60 61 61 61 61 60 60 60 60 60 60 60 61 61 61 61 61 61 61 61 61 61 61 61 61 61 61 61 61 61 61 61 61 61 61 61 61 61 61 61 61 62 61 61 61 61 61 61 61 61 61 61 61 61 61 61 61 61 61 61 61 62 62 62 62 62 62 62 62 62 62 62 62 62 62 62 62 62 62 62 62 62 62 62 62 62 61 61 62 62 62 61 61 61 62 62 62 62 62 62 62 62 62 62 61 61 62 62 62 62 62 62 62 61 61 61 61 61 61 61 61 61 61 61 61 61 61 60 60 60 61 61 60 60 60 60 60 61 60 60 60 60 61 61 61 61 61 61 61 61 60 61 61 61 61 61 61 61 61 61 61 61 61 61 60 61 60 60 60 60 59 59 59 60 59 60 60 59 59 59 59 59 59 58 57 0 0 0 0 0 0 0 0 0 0 0 0 0 0 0 0 0 0 0 0 0 0 0 0 0 0 0 56 56 57 57 57 57 57 57 57 57 57 57 57 57 57 56 56 56 56 55 55 55 56 56 56 55 55 55 55 55 54 54 54 54 54 54 54 54 54 54 54 54 54 54 54 54 53 53 54 53 53 53 53 53 53 53 53 53 53 0 0 0 0 0 0 0 0 0 0 0 0 0 0 0 0 0 0 0 0 0 0 0 0 0 0 0 0 0 0 0 0 
0 0 0 0 0 0 0 0 0 0 0 0 0 0 0 0 0 0 0 0 0 0 0 0 0 0 0 0 0 0 0 0 0 0 0 0 0 0 0 0 0 0 0 0 43 43 44 44 44 44 44 44 44 44 44 44 44 44 45 45 45 45 45 45 45 45 45 46 46 46 46 46 46 46 46 46 46 47 46 47 47 47 47 47 47 47 48 47 48 48 48 48 48 48 49 49 49 49 49 49 49 50 50 50 50 50 50 50 50 50 51 51 51 51 51 51 51 51 52 52 52 52 52 52 52 52 52 53 53 53 53 53 53 53 53 54 54 54 54 54 54 54 55 55 55 55 55 55 55 55 56 56 56 56 56 56 56 56 56 56 56 56 57 57 57 57 57 57 57 57 57 57 58 58 58 58 58 58 58 58 59 59 59 59 59 59 59 59 59 59 59 59 60 60 60 60 60 60 60 60 61 61 61 61 60 60 60 60 60 60 61 61 61 61 61 61 61 61 61 61 61 61 61 61 61 61 61 61 61 61 61 61 61 61 62 62 62 61 62 62 62 62 62 61 61 61 61 61 61 61 61 61 61 62 62 62 62 62 62 62 62 62 62 62 62 62 62 62 62 62 62 62 62 62 62 62 62 62 62 62 62 62 62 62 62 62 62 62 62 62 62 62 61 61 62 62 62 62 62 62 62 62 62 62 62 62 62 62 62 62 62 62 62 62 62 62 61 61 62 62 61 61 61 61 61 61 61 61 61 60 60 61 60 61 61 61 61 61 61 61 61 60 61 61 60 60 61 61 61 61 61 61 61 61 61 61 61 61 60 61 61 61 61 61 61 61 61 61 61 60 59 60 59 59 60 60 60 59 59 59 59 59 59 58 57 0 0 0 0 0 0 0 0 0 0 0 0 0 0 0 0 0 0 0 0 0 0 0 0 0 0 56 56 57 57 57 57 57 57 57 57 57 57 57 57 57 57 57 56 56 56 56 55 55 55 55 56 55 55 55 55 55 54 54 54 54 54 54 54 54 54 54 54 54 54 54 54 54 54 54 54 54 54 53 53 53 53 53 53 53 53 53 0 0 0 0 0 0 0 0 0 0 0 0 0 0 0 0 0 0 0 0 0 0 0 0 0 0 0 0 0 0 0 
0 0 0 0 0 0 0 0 0 0 0 0 0 0 0 0 0 0 0 0 0 0 0 0 0 0 0 0 0 0 0 0 0 0 0 0 0 0 0 0 0 0 0 0 43 44 44 44 44 44 44 44 44 45 45 45 45 45 45 45 45 45 45 45 46 46 46 46 46 46 46 46 46 47 47 47 47 47 47 47 47 47 47 47 47 48 48 48 48 48 48 48 49 49 49 49 49 49 50 50 50 50 50 50 50 50 50 50 51 51 51 51 51 51 51 51 51 52 52 52 52 52 52 53 53 53 53 53 53 53 53 53 53 54 54 54 54 54 54 54 54 55 55 55 55 55 55 55 56 56 56 56 56 56 56 56 56 56 56 57 57 57 57 57 57 57 57 57 57 57 57 58 58 58 58 58 58 58 59 58 59 59 59 59 59 59 59 59 59 59 59 59 60 60 60 60 60 60 60 61 61 61 61 61 61 61 61 61 61 61 61 61 61 61 61 61 61 61 61 61 61 61 61 61 61 61 61 61 61 61 62 61 61 62 62 62 62 62 62 62 62 62 62 61 62 62 62 62 62 62 62 62 62 62 62 62 62 62 62 62 62 62 62 62 62 62 62 62 62 62 62 62 62 62 62 62 62 62 62 62 62 62 62 62 62 62 62 62 62 62 62 62 62 62 62 62 62 62 62 62 62 62 62 62 62 62 62 62 62 62 62 62 62 62 62 62 62 62 62 62 61 61 61 61 61 61 61 61 61 61 61 61 61 60 61 61 61 61 61 61 60 60 60 60 60 61 61 61 61 61 61 61 61 61 61 61 61 60 61 61 61 61 61 61 61 61 61 61 61 60 60 60 59 60 60 60 61 60 60 59 59 59 58 58 58 57 0 0 0 0 0 0 0 0 0 0 0 0 0 0 0 0 0 0 0 0 0 0 0 0 56 56 57 57 57 57 57 57 57 57 57 57 57 57 57 57 57 57 57 56 56 56 56 56 55 55 55 55 55 55 55 55 55 55 55 55 54 54 54 54 54 54 54 54 54 54 54 54 54 54 54 54 54 53 53 53 53 53 53 53 53 53 53 0 0 0 0 0 0 0 0 0 0 0 0 0 0 0 0 0 0 0 0 0 0 0 0 0 0 0 0 0 0 
0 0 0 0 0 0 0 0 0 0 0 0 0 0 0 0 0 0 0 0 0 0 0 0 0 0 0 0 0 0 0 0 0 0 0 0 0 0 0 0 0 0 0 0 0 44 44 44 44 44 44 44 45 45 45 45 45 45 45 45 45 45 45 45 45 46 46 46 46 46 46 46 46 47 47 47 47 47 47 47 47 47 47 48 48 48 48 48 48 48 48 48 49 49 49 49 49 50 50 50 50 50 50 50 50 50 51 51 51 51 51 51 51 51 52 51 52 52 52 52 52 53 53 53 53 53 53 53 53 53 53 53 54 54 54 54 54 54 54 55 55 55 55 55 55 55 55 56 56 56 56 56 56 56 56 56 56 57 57 57 57 57 57 57 57 57 58 58 58 58 58 58 58 58 58 58 58 59 59 59 59 59 59 59 59 59 59 59 59 59 59 60 60 60 60 60 60 60 61 61 61 61 61 61 61 61 61 61 61 61 61 61 61 61 61 61 61 61 61 61 61 61 61 62 61 61 61 62 61 61 62 62 62 62 62 62 62 62 62 62 62 62 62 62 62 62 62 62 62 62 62 62 62 62 62 62 62 62 62 62 62 62 62 62 62 62 62 62 62 62 62 62 62 62 62 62 62 62 62 62 62 62 62 62 62 62 62 62 62 62 62 62 62 62 62 62 62 62 62 62 62 62 62 62 62 62 62 62 62 62 62 62 62 62 62 62 62 62 62 62 62 62 61 61 61 61 61 61 61 61 61 61 61 61 61 61 61 61 61 61 60 60 60 60 61 61 62 62 62 62 62 62 61 61 61 61 60 61 61 61 61 61 61 61 61 61 61 60 61 61 61 61 60 60 60 60 60 61 60 60 59 59 58 58 59 58 0 0 0 0 0 0 0 0 0 0 0 0 0 0 0 0 0 0 0 0 0 0 0 56 56 57 57 57 57 57 58 58 58 58 58 57 57 57 57 57 57 57 57 57 57 56 56 56 56 56 55 55 55 55 55 55 55 55 55 55 55 55 54 54 54 54 54 54 54 54 54 54 54 54 54 54 53 53 53 53 53 53 53 53 53 53 53 0 0 0 0 0 0 0 0 0 0 0 0 0 0 0 0 0 0 0 0 0 0 0 0 0 0 0 0 0 0 
0 0 0 0 0 0 0 0 0 0 0 0 0 0 0 0 0 0 0 0 0 0 0 0 0 0 0 0 0 0 0 0 0 0 0 0 0 0 0 0 0 0 0 0 0 44 44 44 44 44 44 45 45 45 45 45 45 45 45 45 45 45 45 45 46 46 46 46 46 46 46 47 47 47 47 47 47 47 47 47 48 47 48 48 48 48 48 48 48 48 48 49 49 49 49 50 50 50 50 50 50 50 50 50 51 51 51 51 51 51 51 52 52 52 52 52 52 52 52 52 53 53 53 53 53 53 53 53 53 54 54 54 54 54 54 54 54 54 55 55 55 55 55 55 55 56 56 56 56 56 56 56 56 56 56 56 57 57 57 57 57 57 57 57 57 58 58 58 58 58 58 58 58 58 58 58 58 59 59 59 59 59 59 59 59 59 59 59 59 60 60 60 60 60 60 61 61 61 61 61 61 61 61 61 61 61 61 61 61 61 61 61 61 61 61 61 62 62 62 62 62 62 61 62 62 62 62 62 62 62 62 62 62 62 62 62 62 62 62 62 62 63 62 62 62 62 62 62 62 62 62 62 62 62 62 62 62 62 62 62 62 62 62 62 62 62 62 62 62 62 62 62 63 63 63 63 63 63 63 63 63 63 63 62 62 62 62 62 63 62 62 62 62 62 62 62 62 62 62 62 62 62 62 62 62 62 62 62 62 62 62 62 62 62 62 62 62 62 62 62 62 62 62 62 62 62 61 61 61 61 61 61 61 61 61 61 61 61 61 60 60 60 60 61 61 61 62 62 62 62 61 61 61 61 61 61 61 61 61 61 62 61 61 61 61 61 61 61 61 61 61 61 61 61 61 61 61 61 61 60 59 59 58 58 58 58 58 0 0 0 0 0 0 0 0 0 0 0 0 0 0 0 0 0 0 0 0 0 0 57 57 58 58 58 58 58 58 58 58 58 58 58 57 57 57 57 57 57 57 57 57 56 56 56 56 56 56 55 55 55 55 55 55 55 55 55 55 55 54 54 54 0 0 0 0 0 0 0 0 54 54 54 54 54 54 54 54 54 54 54 54 54 53 53 0 0 0 0 0 0 0 0 0 0 0 0 0 0 0 0 0 0 0 0 0 0 0 0 0 0 0 0 0 
0 0 0 0 0 0 0 0 0 0 0 0 0 0 0 0 0 0 0 0 0 0 0 0 0 0 0 0 0 0 0 0 0 0 0 0 0 0 0 0 0 0 0 44 44 44 44 44 44 44 45 45 45 45 45 45 45 46 45 46 46 46 46 46 46 46 46 46 46 46 47 47 47 47 47 47 47 47 47 48 48 48 48 48 48 48 48 48 49 49 49 49 49 49 50 50 50 50 50 50 50 50 51 51 51 51 51 51 51 51 51 52 52 52 52 52 52 52 53 53 53 53 53 53 53 53 53 54 54 54 54 54 54 54 54 54 55 55 55 55 55 55 55 55 56 56 56 56 56 56 56 56 56 56 57 57 57 57 57 57 57 57 57 57 58 58 58 58 58 58 58 58 58 58 58 59 59 59 59 59 59 59 59 59 59 59 59 59 60 60 60 60 60 61 61 61 61 61 61 61 61 61 61 61 61 62 62 62 61 61 61 61 61 61 61 61 62 62 62 62 62 62 62 62 62 62 62 62 62 62 62 62 62 62 62 62 62 63 63 63 63 63 62 62 62 62 62 62 62 62 62 62 62 62 62 62 62 62 62 62 62 62 62 62 63 63 63 63 63 63 63 63 63 63 63 63 63 63 63 63 63 63 63 63 62 62 62 63 63 63 63 63 62 62 62 62 62 62 62 62 62 62 62 62 62 62 62 62 62 62 62 62 62 62 62 62 62 62 62 62 62 62 62 62 62 62 61 61 61 61 61 61 61 61 61 61 61 61 61 61 61 60 61 61 61 61 61 61 61 61 61 61 61 61 61 61 61 61 61 61 62 61 61 61 61 61 61 61 61 61 61 61 61 61 61 61 61 60 61 61 60 59 59 59 59 58 59 58 0 0 0 0 0 0 0 0 0 0 0 0 0 0 0 0 0 0 0 0 57 57 57 57 58 58 58 58 58 58 58 58 58 58 57 57 57 57 57 57 57 57 56 57 57 57 56 56 56 56 55 55 55 55 55 55 55 55 55 55 55 55 0 0 0 0 0 0 0 0 0 0 54 54 54 54 54 54 54 54 54 54 54 54 54 0 0 0 0 0 0 0 0 0 0 0 0 0 0 0 0 0 0 0 0 0 0 0 0 0 0 0 0 0 0 
0 0 0 0 0 0 0 0 0 0 0 0 0 0 0 0 0 0 0 0 0 0 0 0 0 0 0 0 0 0 0 0 0 0 0 0 0 0 0 0 0 0 0 44 44 44 44 44 44 45 45 45 45 45 45 45 46 46 46 46 46 46 46 46 46 46 46 46 47 47 47 47 47 47 47 47 47 47 47 48 48 48 48 48 48 48 48 49 49 49 49 49 50 50 50 50 50 51 51 51 50 51 51 51 51 51 51 52 52 52 52 52 52 52 52 52 52 53 53 53 53 53 53 53 53 54 54 54 54 54 54 54 54 54 54 55 55 55 55 55 55 55 56 56 56 56 56 56 56 56 56 57 57 57 57 57 57 57 57 57 57 57 58 58 58 58 58 58 58 58 58 58 58 58 59 59 59 59 59 59 59 59 59 59 59 59 59 60 60 60 60 60 61 61 61 61 61 61 61 61 61 61 61 62 61 62 62 62 61 61 61 61 61 61 61 61 62 62 62 62 62 62 62 62 62 62 62 62 62 62 62 63 62 62 63 63 63 63 63 63 63 63 62 62 62 62 62 62 62 62 62 62 62 62 62 63 62 62 62 62 62 62 63 63 63 63 63 63 63 63 63 63 63 63 63 63 63 63 63 63 63 63 63 63 63 62 62 63 63 63 63 63 62 62 62 62 62 63 63 63 63 63 63 63 63 62 62 63 63 63 63 62 62 62 62 62 62 62 62 62 62 62 62 62 62 62 62 62 62 61 61 61 61 61 61 61 61 61 61 61 61 60 61 61 62 62 62 62 61 61 61 61 61 61 61 61 61 61 61 62 62 61 61 61 61 61 61 61 61 61 61 61 61 61 61 61 60 60 60 60 60 60 60 60 59 59 59 59 59 59 0 0 0 0 0 0 0 0 0 0 0 0 0 0 0 0 0 0 57 58 58 58 58 58 58 58 58 59 59 58 58 58 58 57 57 57 57 57 57 56 56 57 57 57 56 56 56 56 55 55 55 56 55 55 55 55 55 55 55 55 0 0 0 0 0 0 0 0 0 0 0 0 54 54 54 54 54 54 54 54 54 0 0 0 0 0 0 0 0 0 0 0 0 0 0 0 0 0 0 0 0 0 0 0 0 0 0 0 0 0 0 0 0 
0 0 0 0 0 0 0 0 0 0 0 0 0 0 0 0 0 0 0 0 0 0 0 0 0 0 0 0 0 0 0 0 0 0 0 0 0 43 44 44 44 44 44 44 44 44 44 45 45 45 45 45 45 45 45 46 46 46 46 46 46 46 46 46 46 46 46 47 47 47 47 47 47 47 47 48 48 48 48 48 48 48 48 48 48 49 49 49 49 49 50 49 50 50 50 50 51 51 51 51 51 51 51 51 52 52 52 52 52 52 52 52 52 52 53 53 53 53 53 53 53 53 53 53 54 54 54 54 54 54 54 54 54 55 55 55 55 55 55 55 55 55 56 56 56 56 56 56 56 56 57 57 57 57 57 57 57 57 57 57 57 58 58 58 58 58 58 58 58 59 59 59 59 59 59 59 59 59 59 59 59 59 59 59 60 60 60 60 60 60 60 60 61 61 61 61 61 61 61 61 61 61 62 62 62 62 62 62 61 61 61 61 62 61 61 61 62 62 62 62 62 62 62 62 62 62 62 62 62 62 62 63 63 63 63 63 63 63 63 63 63 63 62 62 62 62 62 62 62 62 63 62 63 62 62 63 63 63 62 62 63 63 63 63 63 63 63 63 63 63 63 63 63 63 63 63 63 63 63 63 63 63 63 63 63 63 63 63 63 63 63 63 63 63 62 62 62 63 63 63 63 63 63 63 63 63 63 63 63 63 63 62 62 62 62 62 63 62 62 62 62 63 63 63 62 62 62 62 62 62 62 62 61 61 61 61 61 61 61 61 60 60 61 61 61 61 62 62 61 61 62 62 62 62 62 62 61 62 62 62 61 61 61 61 61 61 61 62 61 61 61 61 61 61 61 61 61 60 60 60 60 60 60 60 59 59 59 59 59 59 59 0 0 0 0 0 0 0 0 0 0 0 0 0 0 0 0 57 58 58 58 58 58 59 59 58 58 59 59 58 58 58 58 57 57 57 57 57 57 56 57 57 57 57 56 56 56 56 56 56 56 56 55 55 55 55 55 55 55 0 0 0 0 0 0 0 0 0 0 0 0 0 0 0 54 54 54 54 0 0 0 0 0 0 0 0 0 0 0 0 0 0 0 0 0 0 0 0 0 0 0 0 0 0 0 0 0 0 0 0 0 0 0 
0 0 0 0 0 0 0 0 0 0 0 0 0 0 0 0 0 0 0 0 0 0 0 0 0 0 0 0 0 0 0 0 0 0 0 0 0 44 44 44 44 44 44 44 44 44 44 45 45 45 45 45 46 46 46 46 46 46 46 46 46 47 46 47 47 47 47 47 47 47 47 47 47 47 48 48 48 48 48 48 48 48 48 48 49 49 49 49 49 49 50 50 50 50 50 51 51 51 51 51 51 51 51 52 52 52 52 52 52 52 52 52 52 52 53 53 53 53 53 53 53 53 53 54 54 54 54 54 54 54 54 54 55 55 55 55 55 55 55 55 56 56 56 56 56 56 56 56 56 57 57 57 57 57 57 57 57 57 58 58 58 58 58 58 58 58 58 58 59 59 59 59 59 59 59 59 59 59 59 59 59 60 60 60 60 60 60 60 60 60 60 60 61 61 61 61 61 61 61 61 61 61 61 62 62 62 62 62 62 62 62 62 62 62 62 62 62 62 62 62 62 62 62 62 62 62 63 62 63 63 63 63 63 63 63 63 63 63 63 63 63 63 63 63 63 63 63 63 63 63 63 63 63 63 63 63 63 63 63 63 63 63 63 63 63 63 63 63 63 63 63 63 63 63 63 63 63 63 63 63 63 63 63 63 63 63 63 63 63 63 63 63 63 63 63 63 63 63 63 63 63 63 63 63 63 63 63 62 62 62 62 62 62 62 62 63 63 63 63 63 63 63 63 63 63 63 62 62 62 62 62 62 61 61 62 61 62 61 61 61 61 61 62 62 62 62 62 62 62 62 62 62 62 62 62 62 61 62 62 62 61 61 61 61 62 62 62 61 61 61 62 62 61 61 62 61 61 60 60 60 60 60 60 60 60 60 59 59 59 59 59 0 0 0 0 0 0 0 0 0 0 0 0 0 0 0 57 58 58 58 58 58 59 59 59 59 59 59 58 58 58 58 58 58 57 57 57 57 57 57 57 57 57 57 57 56 56 56 56 56 56 56 56 56 56 56 56 55 55 0 0 0 0 0 0 0 0 0 0 0 0 0 0 0 0 0 0 0 0 0 0 0 0 0 0 0 0 0 0 0 0 0 0 0 0 0 0 0 0 0 0 0 0 0 0 0 0 0 0 0 0 0 0 
0 0 0 0 0 0 0 0 0 0 0 0 0 0 0 0 0 0 0 0 0 0 0 0 0 0 0 0 0 0 0 0 0 0 0 0 0 44 44 44 44 44 44 44 44 44 45 45 45 45 45 45 46 46 46 46 46 46 47 47 47 47 47 47 47 47 47 47 47 47 47 47 47 47 48 48 48 48 48 48 48 48 49 49 49 49 49 49 49 50 50 50 50 50 50 51 51 51 51 51 51 51 51 52 52 52 52 52 52 52 52 52 53 53 53 53 53 53 53 53 53 53 53 54 54 54 54 54 54 54 55 55 55 55 55 55 55 55 55 56 56 56 56 56 56 56 56 57 57 57 57 57 57 57 57 57 57 58 58 58 58 58 58 58 58 58 58 58 59 59 59 59 59 59 59 59 59 59 59 60 60 60 60 60 60 60 60 60 60 60 61 61 61 61 61 61 61 61 61 61 61 61 61 62 62 62 62 62 62 62 62 62 62 62 62 62 62 62 62 62 62 62 62 62 62 62 63 63 63 63 63 63 63 63 63 63 63 63 63 63 63 63 63 63 63 63 63 63 63 63 63 63 63 63 63 63 63 63 63 63 63 63 63 63 63 63 63 63 63 63 63 63 63 63 63 63 63 63 63 63 63 63 63 63 63 63 63 63 63 63 63 63 63 63 63 63 63 63 63 63 63 63 63 63 63 63 63 63 63 63 63 63 62 62 62 63 63 63 63 63 63 63 63 63 63 63 63 63 63 63 63 62 62 62 62 62 61 61 61 61 62 62 62 62 62 62 62 62 62 62 62 62 62 62 62 62 62 62 62 62 61 62 62 62 62 62 62 62 62 62 62 62 62 62 61 61 60 60 61 61 61 60 60 61 61 60 60 60 59 59 59 0 0 0 0 0 0 0 0 0 0 0 0 0 0 0 57 58 58 58 59 59 59 59 59 59 59 59 59 58 58 58 58 58 57 57 57 57 57 56 57 57 57 57 57 56 56 56 56 56 56 56 56 56 56 56 56 56 56 0 0 0 0 0 0 0 0 0 0 0 0 0 0 0 0 0 0 0 0 0 0 0 0 0 0 0 0 0 0 0 0 0 0 0 0 0 0 0 0 0 0 0 0 0 0 0 0 0 0 0 0 0 0 
0 0 0 0 0 0 0 0 0 0 0 0 0 0 0 0 0 0 0 0 0 0 0 0 0 0 0 0 0 0 0 0 0 0 0 0 0 44 44 44 45 45 45 45 44 44 45 45 45 46 46 46 46 46 46 46 46 47 47 47 47 47 47 47 47 47 47 47 47 47 47 47 47 48 48 48 48 48 48 49 48 49 49 49 49 49 49 49 50 50 50 50 50 50 51 51 51 51 51 51 51 52 52 52 52 52 52 52 52 52 53 53 53 53 53 53 53 53 53 53 53 54 54 54 54 54 54 54 54 54 55 55 55 55 55 55 55 56 56 56 56 56 56 56 56 57 57 57 57 57 57 57 57 57 57 58 58 58 58 58 58 58 58 58 58 58 58 59 59 59 59 59 59 59 59 59 60 60 60 60 60 60 60 60 60 60 60 60 60 61 61 61 61 61 61 62 62 62 61 61 61 61 62 62 62 62 62 62 62 62 62 62 62 62 62 62 62 62 62 62 62 62 62 62 62 62 63 63 63 63 63 63 63 63 63 63 63 63 63 63 64 64 63 63 63 63 63 63 63 63 63 63 63 63 63 63 63 63 63 63 63 63 63 63 63 63 63 63 63 63 63 63 63 63 63 63 63 64 64 64 64 64 64 64 64 63 63 63 63 63 63 63 63 63 63 63 63 63 63 63 63 63 63 63 63 63 63 63 63 63 63 63 63 63 63 62 62 62 62 63 63 63 63 63 63 63 63 63 63 63 63 63 62 62 62 62 61 61 62 62 62 62 62 62 62 62 62 62 62 62 62 62 62 62 62 62 62 62 62 62 62 62 62 62 62 62 62 62 62 62 62 62 62 62 62 61 61 61 61 61 60 60 60 61 60 60 60 60 60 59 59 59 59 0 0 0 0 0 0 0 0 0 0 0 0 57 58 58 58 58 59 59 59 59 59 59 59 59 59 59 59 59 58 58 58 58 58 58 57 57 57 56 57 57 57 56 56 56 56 56 56 56 56 56 56 56 56 56 56 0 0 0 0 0 0 0 0 0 0 0 0 0 0 0 0 0 0 0 0 0 0 0 0 0 0 0 0 0 0 0 0 0 0 0 0 0 0 0 0 0 0 0 0 0 0 0 0 0 0 0 0 0 0 
0 0 0 0 0 0 0 0 0 0 0 0 0 0 0 0 0 0 0 0 0 0 0 0 0 0 0 0 0 0 0 0 0 0 0 0 0 0 44 44 45 45 46 46 46 45 45 45 46 46 46 46 46 46 46 46 47 47 47 47 47 47 47 47 47 47 47 48 48 48 48 48 48 48 48 48 48 49 48 49 49 49 49 49 49 50 50 50 50 50 50 50 50 51 51 51 51 51 51 51 52 52 52 52 52 52 52 52 52 52 53 53 53 53 53 53 53 53 53 53 54 54 54 54 54 54 54 54 54 54 55 55 55 55 55 55 56 56 56 56 56 56 56 57 57 57 57 57 57 57 57 57 58 58 58 58 58 58 58 58 58 58 58 59 59 59 59 59 59 59 59 59 59 59 60 60 60 60 60 60 60 60 60 60 60 60 60 60 61 61 61 61 61 62 62 62 62 62 62 62 62 62 62 62 62 62 62 62 62 62 62 62 62 62 62 62 62 62 62 62 62 62 62 62 62 63 63 63 63 63 63 63 63 63 63 63 63 63 63 64 64 64 63 63 63 63 63 63 63 63 63 63 63 63 63 63 63 63 63 63 63 63 63 63 63 63 63 63 63 64 64 64 64 64 64 64 64 64 64 64 64 64 64 64 64 64 63 63 63 63 64 64 63 63 63 63 63 63 63 63 63 63 63 63 63 63 63 63 63 63 63 63 63 63 63 63 63 63 63 63 63 63 63 63 63 63 63 63 63 63 63 63 63 62 62 62 62 61 62 62 62 62 62 62 62 62 62 63 62 62 63 63 62 62 62 62 62 62 62 62 61 62 62 62 62 62 62 62 62 62 62 62 62 62 61 61 61 61 61 61 61 61 60 60 60 61 61 61 60 60 59 59 59 59 59 0 0 0 0 0 0 0 0 0 58 58 58 59 59 58 59 59 59 59 59 59 59 59 59 59 59 59 59 58 58 58 58 58 57 57 57 57 57 56 57 56 56 56 56 56 57 56 56 56 56 56 56 56 0 0 0 0 0 0 0 0 0 0 0 0 0 0 0 0 0 0 0 0 0 0 0 0 0 0 0 0 0 0 0 0 0 0 0 0 0 0 0 0 0 0 0 0 0 0 0 0 0 0 0 0 0 0 0 
0 0 0 0 0 0 0 0 0 0 0 0 0 0 0 0 0 0 0 0 0 0 0 0 0 0 0 0 0 0 0 0 0 0 0 0 0 0 44 44 44 45 45 46 46 46 46 45 46 46 46 46 46 46 46 47 47 47 47 47 47 47 47 47 47 47 47 48 48 48 48 48 48 48 48 48 48 49 49 49 49 49 49 49 49 50 50 50 50 50 50 50 51 51 51 51 51 51 52 52 52 52 52 52 52 52 52 52 52 53 53 53 53 53 53 53 53 53 54 54 54 54 54 54 54 54 55 55 55 55 55 55 55 55 55 56 56 56 56 56 56 56 57 57 57 57 57 57 57 57 57 58 58 58 58 58 58 58 58 58 58 59 59 59 59 59 59 59 59 59 59 59 59 60 60 60 60 60 60 60 60 60 60 60 60 60 60 61 61 61 61 61 61 61 62 62 62 62 62 62 62 62 62 62 62 62 62 62 62 62 62 63 62 62 62 62 62 62 62 62 62 62 62 63 63 63 63 63 63 63 63 63 63 63 64 64 64 64 63 64 64 64 63 63 63 63 63 63 63 63 63 63 63 63 63 63 63 63 64 64 64 64 63 64 63 63 63 63 64 64 64 64 64 64 64 64 64 64 64 64 64 64 64 64 64 64 63 63 64 64 64 64 64 63 63 63 63 63 63 63 63 63 63 63 63 63 63 63 63 63 63 63 63 63 63 63 63 63 63 63 63 63 63 63 63 63 63 63 63 63 63 63 63 63 62 62 62 62 62 62 62 62 62 62 63 62 63 63 63 63 63 62 62 62 62 62 62 62 62 62 62 61 62 62 62 62 62 62 62 62 62 62 62 62 62 62 62 62 62 62 61 61 61 61 60 61 61 61 60 60 60 60 59 59 59 59 0 0 0 0 0 0 0 58 58 58 59 59 59 59 59 60 60 60 60 60 60 59 59 59 59 59 59 59 59 58 58 58 58 57 57 57 57 57 57 57 57 57 0 0 57 57 56 56 56 56 56 0 0 0 0 0 0 0 0 0 0 0 0 0 0 0 0 0 0 0 0 0 0 0 0 0 0 0 0 0 0 0 0 0 0 0 0 0 0 0 0 0 0 0 0 0 0 0 0 0 0 0 0 0 0 0 0 
0 0 0 0 0 0 0 0 0 0 0 0 0 0 0 0 0 0 0 0 0 0 0 0 0 0 0 0 0 0 0 0 0 0 0 0 0 0 0 44 44 44 45 45 46 46 46 46 46 46 46 47 47 47 47 47 47 47 47 47 47 48 48 48 48 48 48 48 48 48 48 48 48 48 48 48 48 49 49 49 49 49 49 49 50 50 50 50 50 50 51 51 51 51 51 51 51 51 52 52 52 52 52 52 52 52 52 52 52 52 53 53 53 53 53 53 53 53 54 54 54 54 54 54 54 55 55 55 55 55 55 55 56 56 56 56 56 56 56 56 56 57 57 57 57 57 57 57 57 57 58 58 58 58 58 58 58 58 58 59 59 59 59 59 59 59 59 59 59 59 59 59 59 60 60 60 60 60 60 60 60 60 60 60 60 61 61 61 61 61 61 61 62 62 62 62 62 62 62 62 62 62 62 63 62 62 62 62 62 63 63 63 62 62 62 62 62 62 63 63 63 63 63 63 63 63 63 63 63 63 63 63 63 63 64 64 64 64 64 64 64 64 63 64 64 64 63 63 63 64 64 64 64 64 64 63 64 64 64 64 64 64 64 64 64 64 63 63 64 64 64 64 64 64 64 64 64 64 64 64 64 64 64 64 64 64 64 63 64 64 64 64 64 64 64 63 63 63 63 64 64 64 63 63 63 63 63 64 64 64 64 63 64 64 63 63 63 63 63 63 63 63 63 63 63 63 64 63 63 63 63 63 63 63 62 62 62 62 63 63 62 62 62 63 63 63 63 63 63 63 63 62 62 62 62 62 62 62 63 63 63 62 62 62 62 62 62 62 62 62 62 62 62 62 62 62 62 62 62 62 62 62 61 61 61 61 60 60 60 60 60 60 60 60 59 59 59 59 59 59 59 59 59 58 59 59 59 59 60 60 60 60 60 60 60 60 60 59 59 59 59 59 59 59 59 59 59 58 58 58 57 57 57 57 57 57 57 0 0 0 0 0 0 0 0 0 0 0 0 0 0 0 0 0 0 0 0 0 0 0 0 0 0 0 0 0 0 0 0 0 0 0 0 0 0 0 0 0 0 0 0 0 0 0 0 0 0 0 0 0 0 0 0 0 0 0 0 0 0 0 0 0 0 
0 0 0 0 0 0 0 0 0 0 0 0 0 0 0 0 0 0 0 0 0 0 0 0 0 0 0 0 0 0 0 0 0 0 0 0 0 0 0 45 45 45 45 45 45 46 47 47 46 46 46 47 47 47 47 47 47 47 47 47 48 48 48 48 48 48 48 48 48 49 49 49 49 49 48 49 49 49 49 49 49 50 50 50 50 50 50 50 50 50 51 51 51 51 51 51 51 51 52 52 52 52 53 52 52 53 53 53 53 53 53 53 53 53 53 53 53 54 54 54 54 54 54 55 55 55 55 55 55 55 56 56 56 56 56 56 56 56 56 56 57 57 57 57 57 57 57 57 57 58 58 58 58 58 58 58 58 59 59 59 59 59 59 59 59 59 59 59 59 59 59 59 60 60 60 60 60 60 60 60 60 60 60 60 61 61 61 61 61 61 61 61 62 62 62 62 62 62 62 62 62 63 62 63 62 62 62 62 63 63 63 63 63 63 63 63 63 63 63 63 63 63 63 63 63 63 63 63 63 64 64 64 63 64 64 64 64 64 64 64 64 64 64 64 64 64 64 64 64 64 64 64 64 64 64 64 64 64 64 64 64 64 64 64 64 64 64 64 64 64 64 64 64 64 64 64 64 64 64 64 64 64 64 64 64 64 64 64 64 64 64 64 64 64 64 64 64 64 63 64 64 64 64 64 64 64 64 64 64 64 64 64 64 64 64 64 63 63 63 63 63 63 63 63 63 63 63 64 64 64 64 63 63 63 63 63 63 63 63 63 62 62 63 63 63 63 63 63 63 63 63 62 62 62 62 62 62 62 62 63 63 62 62 62 62 62 62 63 62 62 62 62 63 63 62 62 62 62 62 62 63 62 62 62 61 61 61 61 61 60 60 60 60 59 59 59 59 59 59 59 59 59 59 59 59 59 59 59 60 60 60 60 60 60 60 60 60 60 59 59 59 59 59 59 59 59 59 59 58 58 58 57 57 57 57 57 57 0 0 0 0 0 0 0 0 0 0 0 0 0 0 0 0 0 0 0 0 0 0 0 0 0 0 0 0 0 0 0 0 0 0 0 0 0 0 0 0 0 0 0 0 0 0 0 0 0 0 0 0 0 0 0 0 0 0 0 0 0 0 0 0 0 0 
0 0 0 0 0 0 0 0 0 0 0 0 0 0 0 0 0 0 0 0 0 0 0 0 0 0 0 0 0 0 0 0 0 0 0 0 0 0 0 45 45 45 45 45 45 46 46 46 46 47 47 47 47 47 48 47 47 47 47 48 48 48 48 48 48 49 49 48 49 49 49 49 49 49 49 49 49 49 49 49 49 50 50 50 50 50 50 51 51 51 51 51 52 52 52 51 51 52 52 52 52 52 53 53 53 53 53 53 53 53 53 53 53 53 54 54 54 54 54 54 54 54 55 55 55 55 55 56 56 56 56 56 56 56 56 56 56 57 57 57 57 57 57 57 57 57 57 58 58 58 58 58 58 58 58 59 59 59 59 59 59 59 59 59 59 59 59 60 60 60 59 59 60 60 60 60 60 60 60 60 61 61 61 61 61 61 61 61 61 61 61 62 62 62 62 62 62 62 63 63 62 63 63 63 62 63 62 62 63 63 63 63 63 63 63 63 63 63 63 63 63 63 63 63 63 63 63 63 64 64 64 64 64 64 64 64 64 64 64 64 64 64 64 64 64 64 64 64 64 64 64 64 64 64 64 64 64 64 64 64 64 64 64 64 64 64 64 64 64 64 64 64 64 64 64 64 64 64 64 64 64 64 64 64 64 64 64 64 64 64 64 64 64 64 64 64 64 64 64 64 64 64 64 64 64 64 64 64 64 64 64 64 64 64 64 64 64 64 63 63 63 63 63 63 64 64 64 64 64 64 64 63 63 63 63 63 63 63 63 63 62 63 63 63 63 63 63 63 63 63 62 63 62 62 63 63 63 63 63 63 63 63 62 62 61 62 63 63 63 63 63 63 63 63 63 62 62 62 62 63 63 63 62 62 62 62 61 61 61 60 60 60 60 60 60 60 59 59 59 60 59 59 59 59 60 59 59 60 60 60 60 60 60 60 60 60 60 60 60 60 59 59 59 59 59 59 58 59 59 58 58 57 57 57 57 57 57 57 0 0 0 0 0 0 0 0 0 0 0 0 0 0 0 0 0 0 0 0 0 0 0 0 0 0 0 0 0 0 0 0 0 0 0 0 0 0 0 0 0 0 0 0 0 0 0 0 0 0 0 0 0 0 0 0 0 0 0 0 0 0 0 0 0 
0 0 0 0 0 0 0 0 0 0 0 0 0 0 0 0 0 0 0 0 0 0 0 0 0 0 0 0 0 0 0 0 0 0 0 0 0 0 0 45 45 45 46 46 45 46 46 46 46 47 47 47 47 47 48 48 48 48 48 48 48 49 49 49 49 49 49 49 49 49 49 49 49 49 49 49 49 49 50 50 50 50 50 50 50 50 50 50 51 51 51 51 52 52 52 52 52 52 52 52 52 53 53 53 53 53 53 54 53 54 54 54 54 54 54 54 54 54 54 54 55 55 55 55 55 56 56 56 56 56 56 56 56 56 56 57 57 57 57 57 57 57 57 57 58 58 58 58 58 58 58 58 58 59 59 59 59 59 59 59 59 59 59 59 59 60 60 60 60 60 60 60 60 60 60 60 60 61 61 60 60 60 61 61 61 61 61 61 61 61 62 61 62 62 62 62 62 62 63 63 63 63 63 63 63 63 63 63 63 63 63 63 63 63 63 63 63 63 63 63 63 63 63 63 63 63 63 64 64 64 64 64 64 64 64 64 64 64 64 64 64 64 64 64 64 64 64 64 64 64 64 64 64 64 64 64 64 64 64 64 64 64 64 64 64 64 64 64 64 64 64 64 64 64 64 64 64 64 64 64 64 64 64 64 64 64 64 64 64 64 64 64 64 64 64 64 64 64 64 64 64 64 64 64 64 64 64 64 64 64 64 64 64 64 64 64 64 64 64 63 64 64 64 64 64 64 64 63 63 63 64 64 63 63 63 63 63 63 63 63 63 63 63 63 63 63 63 63 63 63 63 63 63 63 62 63 63 63 63 63 63 63 62 62 62 62 62 63 63 63 63 63 63 63 63 62 62 62 62 63 62 62 62 62 62 62 61 61 60 60 60 61 61 61 60 60 60 60 60 60 60 60 59 59 59 59 60 60 60 60 60 60 60 60 60 59 59 59 60 60 60 60 60 59 59 59 58 59 59 58 58 58 58 58 57 57 57 57 0 0 0 0 0 0 0 0 0 0 0 0 0 0 0 0 0 0 0 0 0 0 0 0 0 0 0 0 0 0 0 0 0 0 0 0 0 0 0 0 0 0 0 0 0 0 0 0 0 0 0 0 0 0 0 0 0 0 0 0 0 0 0 0 0 
0 0 0 0 0 0 0 0 0 0 0 0 0 0 0 0 0 0 0 0 0 0 0 0 0 0 0 0 0 0 0 0 0 0 0 0 0 0 0 0 45 46 46 46 46 46 46 46 47 47 47 47 48 48 48 48 48 48 48 48 48 48 49 49 49 49 49 49 49 49 49 49 49 49 49 49 49 49 50 50 50 50 50 50 50 51 51 51 51 51 51 51 52 52 52 52 52 52 52 52 53 53 53 53 53 53 54 54 54 54 54 54 54 54 55 55 55 55 55 55 55 55 55 56 56 56 56 56 56 56 56 56 56 56 57 57 57 57 57 57 57 57 57 58 58 58 58 58 58 58 58 58 59 59 59 59 59 59 59 59 59 59 59 60 60 60 60 60 60 60 60 60 60 60 60 60 60 61 61 60 60 60 60 61 61 61 61 61 61 61 62 61 62 62 62 62 63 63 63 63 63 63 63 63 63 63 63 63 63 63 63 63 63 63 63 63 63 63 63 63 64 64 64 63 63 64 64 64 64 64 64 64 64 64 64 64 64 64 64 64 64 64 64 64 64 64 64 64 64 64 64 64 64 64 64 64 64 64 64 64 64 64 64 64 64 64 64 64 64 64 64 65 65 65 65 65 65 65 65 65 65 65 65 65 65 65 64 64 64 64 64 64 64 64 64 64 64 64 64 64 64 64 64 64 64 64 64 64 64 64 64 64 64 64 64 64 64 64 64 64 64 64 64 64 64 64 63 63 63 64 64 64 64 64 64 64 63 63 63 63 63 63 63 64 63 63 63 63 63 63 63 63 63 63 63 63 63 63 63 63 63 64 63 62 62 62 63 63 63 63 63 63 63 63 63 62 63 63 63 63 62 62 62 62 62 62 61 61 61 61 61 61 61 61 61 60 60 60 60 60 60 60 59 59 60 60 60 60 60 61 60 60 60 60 60 60 60 59 60 60 60 60 59 59 59 59 59 59 59 59 58 58 58 58 58 57 57 57 57 0 0 0 0 0 0 0 0 0 0 0 0 0 0 0 0 0 0 0 0 0 0 0 0 0 0 0 0 0 0 0 0 0 0 0 0 0 0 0 0 0 0 0 0 0 0 0 0 0 0 0 0 0 0 0 0 0 0 0 0 0 0 0 0 
0 0 0 0 0 0 0 0 0 0 0 0 0 0 0 0 0 0 0 0 0 0 0 0 0 0 0 0 0 0 0 0 0 0 0 0 0 0 0 0 46 46 46 46 46 46 46 47 47 47 47 47 48 48 48 49 49 49 48 48 48 49 49 49 49 49 49 49 49 50 50 49 49 49 49 49 49 50 50 50 50 50 50 51 51 51 51 51 51 51 51 52 52 52 53 53 52 52 52 53 53 53 53 53 53 54 54 54 54 54 54 54 55 55 55 55 55 55 55 55 55 55 56 56 56 56 56 56 56 56 56 56 56 57 57 57 57 57 57 57 57 57 58 58 58 58 58 58 58 58 59 59 59 59 59 59 59 59 59 59 59 60 60 60 60 60 60 60 60 60 60 60 61 61 61 61 61 61 61 61 60 60 61 61 61 61 61 62 61 61 61 62 62 62 62 63 63 63 63 63 63 63 63 63 63 63 63 63 63 63 63 63 63 63 63 63 64 64 64 64 64 64 64 64 64 64 64 64 64 64 64 64 64 64 64 64 64 65 65 65 64 64 64 64 64 64 64 64 64 64 64 64 64 64 64 64 64 65 65 65 65 65 65 65 65 65 65 64 64 64 64 65 65 65 65 65 65 65 65 65 65 65 65 65 65 65 64 64 64 65 65 65 65 64 64 64 64 64 64 64 64 64 64 64 64 64 64 64 64 64 64 64 64 64 65 64 64 64 64 64 64 64 64 64 64 64 64 64 64 64 64 64 64 64 64 64 64 63 63 63 64 64 64 64 64 64 63 64 63 63 63 63 64 63 63 63 63 63 63 63 63 63 63 63 62 62 63 63 63 63 63 63 63 62 62 62 63 63 63 63 62 62 62 62 63 63 62 62 61 61 61 61 61 61 61 61 61 61 60 60 60 60 59 60 60 60 60 60 61 61 61 61 60 60 60 60 60 60 59 59 59 60 60 59 59 59 59 59 59 59 58 59 59 59 58 58 58 57 57 57 0 0 0 0 0 0 0 0 0 0 0 0 0 0 0 0 0 0 0 0 0 0 0 0 0 0 0 0 0 0 0 0 0 0 0 0 0 0 0 0 0 0 0 0 0 0 0 0 0 0 0 0 0 0 0 0 0 0 0 0 0 0 0 
0 0 0 0 0 0 0 0 0 0 0 0 0 0 0 0 0 0 0 0 0 0 0 0 0 0 0 0 0 0 0 0 0 0 0 0 0 0 0 0 46 46 46 46 47 47 47 47 47 47 48 47 47 48 49 48 48 49 49 48 48 49 49 49 49 49 49 49 49 50 50 50 50 50 50 50 50 50 50 50 51 51 51 51 51 51 51 51 51 51 52 52 52 53 53 53 53 53 53 53 53 53 53 54 54 54 54 54 55 55 55 55 55 55 55 55 55 55 55 55 55 55 55 56 56 56 56 56 56 56 56 57 57 57 57 57 57 57 57 57 57 58 58 58 58 58 58 58 58 59 59 59 59 59 59 59 59 59 59 59 60 60 60 60 60 60 60 60 60 60 60 61 61 61 61 61 61 61 61 61 61 61 61 61 61 62 62 62 62 62 62 62 62 62 62 63 63 63 63 63 63 63 63 63 63 63 63 63 63 63 63 63 63 64 63 64 64 64 64 64 64 64 64 64 64 64 64 64 64 64 64 64 64 64 64 64 65 65 65 65 65 65 64 64 64 64 64 64 64 64 64 65 65 64 64 64 64 65 65 65 65 65 65 65 65 65 65 65 64 64 65 65 65 65 65 65 65 65 65 65 65 65 65 65 65 65 65 64 65 65 65 65 65 64 64 64 64 64 64 64 64 64 64 64 64 64 64 64 64 64 64 64 64 64 65 65 64 64 64 64 64 64 64 64 64 64 64 64 64 64 64 64 64 64 64 64 64 64 64 64 64 64 64 64 64 64 64 64 63 63 63 64 64 64 64 63 63 64 64 63 63 63 64 63 62 62 62 63 63 63 63 63 63 62 62 63 63 63 63 63 62 62 63 63 63 63 63 62 62 62 62 62 62 62 61 61 61 61 61 60 60 60 60 60 60 60 61 61 61 61 61 61 60 60 60 60 60 60 60 59 59 60 60 59 59 59 59 59 59 59 59 59 59 59 58 58 58 58 58 58 58 0 0 0 0 0 0 0 0 0 0 0 0 0 0 0 0 0 0 0 0 0 0 0 0 0 0 0 0 0 0 0 0 0 0 0 0 0 0 0 0 0 0 0 0 0 0 0 0 0 0 0 0 0 0 0 0 0 0 0 0 0 0 
0 0 0 0 0 0 0 0 0 0 0 0 0 0 0 0 0 0 0 0 0 0 0 0 0 0 0 0 0 0 0 0 0 0 0 0 0 0 0 46 46 46 47 47 47 47 47 47 47 48 48 48 48 48 48 49 49 49 49 49 49 49 50 50 49 49 50 50 50 50 50 50 50 50 50 50 50 50 50 50 51 51 51 51 51 51 51 51 51 51 52 52 53 53 53 53 53 53 53 53 53 53 53 54 54 54 54 54 55 55 55 55 55 55 55 55 55 56 56 56 56 56 56 56 56 56 56 56 56 56 57 57 57 57 57 57 57 57 57 57 58 58 58 58 58 58 58 59 59 59 59 59 59 59 59 59 59 59 60 60 60 60 60 60 60 60 60 60 60 61 61 61 61 61 61 61 61 61 61 61 61 61 61 61 61 62 62 62 62 62 62 62 62 62 62 62 62 63 63 63 63 63 63 63 63 63 63 63 64 63 63 63 63 64 64 64 64 64 64 64 64 64 64 64 64 64 64 64 64 64 64 64 64 65 65 65 65 65 65 65 65 65 64 64 64 64 64 65 65 65 65 65 65 65 65 64 64 65 65 65 65 65 65 65 65 65 65 65 65 65 65 65 65 65 65 65 65 65 65 65 65 65 65 65 65 65 65 65 65 65 65 65 65 65 65 65 65 64 64 65 65 65 64 64 64 64 64 64 64 65 64 65 64 64 65 64 65 64 64 64 64 64 64 64 64 64 64 64 64 64 64 64 64 65 65 64 64 64 64 64 64 64 64 64 64 64 64 64 64 64 64 64 64 64 64 63 63 63 64 64 63 63 63 63 62 62 62 62 63 63 63 63 63 62 62 63 63 63 63 63 62 63 63 63 63 63 63 63 63 62 62 62 62 61 61 61 61 61 61 61 60 60 60 60 60 60 60 60 61 61 61 61 61 61 61 60 60 60 60 60 59 59 59 59 59 59 59 59 59 59 59 59 59 59 58 58 58 58 58 58 58 58 0 0 0 0 0 0 0 0 0 0 0 0 0 0 0 0 0 0 0 0 0 0 0 0 0 0 0 0 0 0 0 0 0 0 0 0 0 0 0 0 0 0 0 0 0 0 0 0 0 0 0 0 0 0 0 0 0 0 0 0 0 
0 0 0 0 0 0 0 0 0 0 0 0 0 0 0 0 0 0 0 0 0 0 0 0 0 0 0 0 0 0 0 0 0 0 0 0 0 46 46 46 46 46 46 46 47 47 47 47 47 47 47 48 48 49 49 49 49 49 49 49 49 49 50 50 50 50 50 50 50 50 50 50 50 50 50 50 50 51 51 51 51 51 51 51 51 51 51 51 51 52 52 52 53 53 53 53 53 53 54 54 54 54 54 54 54 54 55 55 55 55 55 55 55 55 55 56 56 56 56 56 56 56 56 56 56 56 56 56 56 57 57 57 57 57 57 57 57 57 58 58 58 58 58 58 58 59 59 59 59 59 59 59 59 59 59 60 60 60 60 60 60 60 60 60 60 60 60 60 61 61 61 61 61 61 61 61 61 61 61 61 61 61 61 61 61 61 61 61 62 62 62 62 63 62 62 63 63 63 63 63 63 63 63 63 63 63 63 64 64 64 63 64 64 64 64 64 64 64 64 64 64 64 64 64 64 64 64 64 64 64 64 65 65 65 65 65 65 65 65 65 65 65 64 64 64 64 65 65 65 65 65 65 65 65 65 65 65 65 65 65 65 65 65 65 65 65 65 65 65 65 65 65 65 65 65 65 65 65 65 65 65 65 65 65 65 65 65 65 65 65 65 65 65 65 65 65 65 65 65 65 65 65 65 65 64 64 65 65 65 64 65 65 65 65 65 65 65 65 64 64 64 64 64 64 64 64 64 64 64 64 64 64 64 65 65 65 64 64 64 64 64 64 64 64 64 64 64 64 64 64 63 64 64 64 64 64 64 64 63 64 64 64 64 64 63 63 63 63 63 63 63 63 63 63 63 64 63 63 63 63 63 63 63 63 63 63 63 63 62 63 62 62 62 62 61 61 61 61 61 61 61 61 60 60 61 61 61 61 61 61 61 61 61 61 61 61 61 60 60 60 60 60 60 60 60 59 59 59 59 59 59 59 58 58 58 58 58 58 58 58 58 58 0 0 0 0 0 0 0 0 0 0 0 0 0 0 0 0 0 0 0 0 0 0 0 0 0 0 0 0 0 0 0 0 0 0 0 0 0 0 0 0 0 0 0 0 0 0 0 0 0 0 0 0 0 0 0 0 0 0 0 0 0 
0 0 0 0 0 0 0 0 0 0 0 0 0 0 0 0 0 0 0 0 0 0 0 0 0 0 0 0 0 0 0 0 0 0 0 46 46 46 46 46 46 46 46 46 47 47 47 47 48 48 48 48 48 49 49 50 49 50 50 50 49 49 50 50 50 50 50 50 50 50 50 50 50 50 50 50 51 51 51 51 51 51 51 51 51 52 52 52 52 52 52 52 53 53 53 53 53 54 54 54 54 54 54 55 55 55 55 55 55 55 55 55 55 55 56 56 56 56 56 56 56 56 56 56 56 56 56 56 57 57 57 57 57 57 57 58 58 57 58 58 58 58 58 58 59 59 59 59 59 59 59 59 59 59 60 60 60 60 60 60 60 60 60 60 60 61 61 61 61 61 61 61 61 61 61 61 61 61 61 61 62 62 62 61 61 61 61 62 62 62 62 62 63 63 63 63 63 63 63 63 63 63 63 63 64 63 64 64 64 64 64 64 64 64 64 64 64 64 64 64 64 64 64 65 65 65 65 65 65 65 65 65 65 65 65 65 65 65 65 65 65 65 65 65 65 65 65 65 65 65 65 65 65 65 65 65 65 65 65 65 65 65 65 65 65 65 65 65 65 65 65 65 65 65 65 65 65 65 65 65 65 65 65 65 65 65 65 65 65 65 65 65 65 65 65 65 65 65 65 65 65 65 65 65 65 65 65 65 65 65 65 65 65 65 65 65 65 65 65 64 65 65 65 65 64 64 64 64 64 64 64 65 65 65 65 65 65 64 64 64 64 64 64 64 65 64 64 64 64 64 64 63 64 64 64 64 64 64 64 63 64 64 64 64 64 63 63 63 63 63 63 63 64 64 64 63 63 63 63 63 63 63 63 63 63 63 63 63 62 62 62 63 62 62 61 61 61 61 61 61 61 60 60 60 61 61 61 61 61 61 62 61 61 61 61 61 61 61 61 61 60 60 60 60 60 60 59 59 59 59 59 59 59 59 59 59 58 58 58 58 58 58 0 0 0 0 0 0 0 0 0 0 0 0 0 0 0 0 0 0 0 0 0 0 0 0 0 0 0 0 0 0 0 0 0 0 0 0 0 0 0 0 0 0 0 0 0 0 0 0 0 0 0 0 0 0 0 0 0 0 0 0 0 
0 0 0 0 0 0 0 0 0 0 0 0 0 0 0 0 0 0 0 0 0 0 0 0 0 0 0 0 0 0 0 0 0 0 0 46 46 47 46 46 47 47 47 47 47 47 47 48 48 48 48 49 49 49 50 50 49 49 50 50 50 50 50 50 50 50 51 51 51 51 50 50 50 50 50 51 51 51 51 51 51 51 52 52 52 52 52 52 52 52 52 52 53 53 53 53 53 54 54 54 54 54 55 55 55 55 55 55 55 55 55 55 55 56 56 56 56 56 56 56 56 56 56 56 56 57 57 57 57 57 57 57 57 57 57 58 58 58 58 58 58 58 58 59 59 59 59 59 59 59 59 59 60 60 60 60 60 60 60 60 60 60 60 60 60 61 61 61 61 61 61 61 61 61 61 61 61 61 62 62 62 62 62 62 62 62 62 62 62 62 62 62 63 63 63 63 63 63 63 63 63 63 63 64 64 64 64 64 64 64 64 64 64 64 64 64 64 64 64 64 65 65 65 65 65 65 65 65 65 65 65 65 65 65 65 65 65 65 65 65 65 65 65 65 65 65 65 65 65 65 65 65 65 65 65 65 65 65 65 65 65 65 66 66 66 65 65 65 65 65 65 65 65 65 66 66 66 66 66 66 66 66 66 66 66 66 65 65 65 65 65 65 65 65 65 65 65 65 65 65 65 65 65 65 65 65 65 65 65 65 65 65 65 65 65 65 65 65 65 65 65 65 65 65 65 65 65 65 65 65 65 65 65 65 65 65 64 64 65 64 64 64 65 64 64 64 64 64 64 64 64 64 64 64 64 64 64 64 64 64 64 65 64 64 64 64 64 63 63 63 63 63 64 64 64 64 64 64 63 63 63 63 63 63 63 63 63 63 63 62 62 63 63 62 62 62 61 62 62 62 61 61 60 60 61 61 61 61 61 61 62 61 61 61 61 61 61 61 61 60 60 60 60 60 60 60 60 60 60 60 59 59 59 59 59 59 59 58 58 58 59 58 58 0 0 0 0 0 0 0 0 0 0 0 0 0 0 0 0 0 0 0 0 0 0 0 0 0 0 0 0 0 0 0 0 0 0 0 0 0 0 0 0 0 0 0 0 0 0 0 0 0 0 0 0 0 0 0 0 0 0 0 0 
0 0 0 0 0 0 0 0 0 0 0 0 0 0 0 0 0 0 0 0 0 0 0 0 0 0 0 0 0 0 0 0 0 0 0 46 47 47 47 47 47 47 47 47 47 48 48 48 48 48 49 49 50 50 50 50 49 49 49 49 50 50 50 50 50 50 51 51 51 51 51 51 50 51 51 51 51 51 51 52 51 51 52 52 52 52 52 52 52 52 52 52 53 53 53 53 54 54 54 54 54 55 55 55 55 55 55 56 56 56 56 56 56 56 56 56 56 56 57 57 57 57 57 57 57 57 57 57 57 57 58 58 58 58 58 58 58 58 58 58 58 58 59 59 59 59 59 59 59 59 59 59 60 60 60 60 60 60 60 60 60 61 60 61 61 61 61 61 61 61 61 61 61 61 61 62 62 62 62 62 62 62 62 62 62 62 62 62 62 62 62 62 63 63 63 63 64 64 64 63 63 63 64 64 64 64 64 64 64 64 64 64 64 64 64 64 64 65 65 65 65 65 65 65 65 65 65 65 65 65 65 65 65 65 65 65 65 65 65 65 65 65 65 65 65 65 65 65 65 65 65 65 65 65 65 65 65 65 65 65 66 65 65 65 65 66 66 66 65 65 65 65 66 66 66 66 66 66 66 66 66 66 66 66 66 66 66 65 65 66 65 65 65 65 65 65 65 65 65 65 65 65 65 65 65 65 65 65 65 65 65 65 65 65 65 65 65 65 65 65 65 65 65 65 65 65 65 65 65 65 65 65 65 65 65 65 64 65 65 64 64 64 65 65 64 64 64 64 65 65 65 65 64 64 64 64 64 65 64 64 64 65 65 64 65 65 64 64 63 63 63 64 64 64 64 64 64 64 64 63 63 63 63 63 63 63 63 63 63 62 63 63 63 63 62 62 62 62 62 61 61 61 60 60 61 61 61 61 61 61 62 62 61 61 61 61 61 61 61 61 60 60 60 60 60 60 60 60 60 60 59 59 60 60 59 59 59 59 59 59 59 59 58 0 0 0 0 0 0 0 0 0 0 0 0 0 0 0 0 0 0 0 0 0 0 0 0 0 0 0 0 0 0 0 0 0 0 0 0 0 0 0 0 0 0 0 0 0 0 0 0 0 0 0 0 0 0 0 0 0 0 0 0 
0 0 0 0 0 0 0 0 0 0 0 0 0 0 0 0 0 0 0 0 0 0 0 0 0 0 0 0 0 0 0 0 0 0 46 46 46 47 47 47 48 48 48 48 48 48 48 48 48 49 49 49 50 50 50 50 49 49 49 50 49 50 50 50 50 50 50 50 51 51 51 51 51 51 51 51 51 52 52 52 52 52 52 52 52 52 52 52 53 52 53 53 53 53 53 54 54 54 54 54 54 55 55 55 55 55 56 56 56 56 56 56 56 56 56 57 57 57 57 57 57 57 57 57 57 57 58 58 58 58 58 58 58 58 58 58 58 59 59 59 59 59 59 59 59 60 60 60 60 60 59 59 60 60 60 60 60 60 60 61 61 61 61 61 61 61 61 61 61 61 61 61 61 61 62 62 62 62 62 62 62 63 62 62 62 62 62 62 62 62 63 63 63 63 63 64 64 64 64 64 64 64 64 64 64 64 64 64 64 64 64 64 64 64 64 64 65 65 65 65 65 65 65 65 65 65 65 65 65 65 65 65 65 65 65 65 65 65 65 65 65 65 65 65 65 65 65 65 65 65 65 65 65 65 65 65 65 65 65 65 66 66 66 66 65 66 66 66 65 65 66 66 66 66 66 66 66 66 66 66 66 66 66 66 66 66 66 66 65 66 66 66 66 66 65 65 65 65 65 65 65 65 65 65 66 66 65 65 65 65 65 65 65 65 65 65 65 65 65 65 65 65 65 65 65 65 65 65 65 65 65 65 65 65 65 65 65 65 65 64 64 64 65 65 65 65 64 65 65 65 65 64 64 64 64 65 65 65 65 65 65 65 65 65 64 64 64 64 64 64 63 64 64 64 64 64 64 64 64 63 63 63 63 63 63 63 63 63 63 63 63 63 63 63 63 62 62 62 62 62 62 61 61 60 61 61 61 61 61 61 62 62 61 61 61 61 61 61 61 61 61 61 61 61 60 60 60 60 60 60 60 60 60 60 60 59 59 59 59 59 59 59 58 0 0 0 0 0 0 0 0 0 0 0 0 0 0 0 0 0 0 0 0 0 0 0 0 0 0 0 0 0 0 0 0 0 0 0 0 0 0 0 0 0 0 0 0 0 0 0 0 0 0 0 0 0 0 0 0 0 0 0 0 
0 0 0 0 0 0 0 0 0 0 0 0 0 0 0 0 0 0 0 0 0 0 0 0 0 0 0 0 0 0 0 0 0 0 0 0 46 47 48 48 48 49 48 49 48 49 49 49 49 49 49 49 50 50 50 50 50 50 49 50 50 50 50 50 50 50 50 50 51 51 51 51 52 52 52 52 52 52 52 52 52 52 52 52 52 52 52 53 53 53 53 53 54 54 54 54 54 54 54 54 54 55 55 55 55 55 56 56 56 56 56 56 56 56 57 57 57 57 57 57 57 57 57 57 57 58 58 58 58 58 58 58 58 58 58 58 59 59 59 59 59 59 59 59 60 60 60 60 60 60 60 60 60 60 60 60 60 60 61 61 61 61 61 61 61 61 61 61 61 61 61 62 62 62 62 62 62 62 62 62 63 63 63 62 62 63 63 63 63 63 63 63 63 63 63 63 64 64 64 64 64 64 64 64 64 64 64 64 64 64 64 64 64 65 64 65 65 65 65 65 65 65 65 65 65 65 65 65 65 65 66 66 66 65 65 66 66 66 65 65 66 66 65 65 65 65 65 65 65 65 65 65 66 66 66 66 66 65 65 66 65 65 66 66 66 66 66 66 66 66 66 66 66 66 66 66 66 66 66 66 66 66 66 66 66 66 66 66 66 66 66 66 66 66 65 66 66 66 65 66 66 65 65 65 66 66 66 65 65 65 65 65 65 65 65 65 65 65 65 65 65 65 65 65 65 65 65 66 66 65 65 65 65 65 66 66 66 66 66 64 64 64 65 65 65 65 65 65 65 65 65 64 64 64 64 64 65 65 65 65 65 65 65 64 64 64 64 64 64 64 64 64 64 64 64 64 64 64 64 64 63 63 63 63 63 63 63 63 63 63 63 63 63 63 63 63 63 62 62 62 62 61 61 61 61 61 61 61 61 61 62 62 62 62 62 62 61 61 61 61 61 61 61 61 61 60 60 60 60 60 60 60 60 59 59 59 59 59 59 59 59 59 59 59 0 0 0 0 0 0 0 0 0 0 0 0 0 0 0 0 0 0 0 0 0 0 0 0 0 0 0 0 0 0 0 0 0 0 0 0 0 0 0 0 0 0 0 0 0 0 0 0 0 0 0 0 0 0 0 0 0 0 0 
0 0 0 0 0 0 0 0 0 0 0 0 0 0 0 0 0 0 0 0 0 0 0 0 0 0 0 0 0 0 0 0 0 0 0 46 47 47 47 47 48 48 48 49 49 48 49 49 49 49 49 49 50 50 50 51 50 50 50 50 50 50 50 50 50 50 50 51 51 51 51 52 52 52 52 52 52 52 52 52 52 52 53 53 52 52 53 53 53 53 53 53 54 54 54 54 54 54 54 54 55 55 55 55 55 55 56 56 56 56 56 56 57 56 57 57 57 57 57 57 57 58 58 58 58 58 58 58 58 58 58 58 58 58 58 58 59 59 59 59 59 59 60 60 60 60 60 60 60 60 60 60 60 60 60 60 61 61 61 61 61 61 61 61 61 61 61 61 62 62 62 62 62 62 62 62 62 62 62 63 63 63 63 63 63 63 63 63 63 63 63 63 64 64 64 64 64 64 64 64 64 64 64 65 65 65 64 64 64 64 64 64 65 65 65 65 65 65 65 65 65 65 65 65 65 65 65 66 66 66 66 66 66 66 66 66 66 66 66 66 66 66 65 65 65 65 65 65 65 66 66 66 66 66 66 66 66 66 66 66 66 66 66 66 66 66 66 66 66 66 66 66 66 66 66 66 66 66 66 66 66 66 66 66 66 66 66 66 66 66 66 66 66 66 66 66 66 66 66 66 66 66 66 66 66 66 66 66 66 65 65 65 66 66 65 65 65 65 65 65 65 65 65 65 65 65 65 65 65 66 66 66 65 65 65 65 66 66 66 65 65 64 65 66 66 66 65 65 66 65 65 65 65 65 65 64 64 65 65 65 65 65 65 64 64 64 64 65 65 65 64 64 65 64 64 64 64 64 64 64 64 64 63 63 63 63 63 62 63 63 63 63 63 63 63 63 63 63 62 62 62 62 61 61 61 61 61 61 62 62 62 62 62 62 62 62 62 61 61 61 61 61 61 61 61 61 60 60 60 60 60 60 60 60 60 60 60 59 59 59 59 59 59 59 0 0 0 0 0 0 0 0 0 0 0 0 0 0 0 0 0 0 0 0 0 0 0 0 0 0 0 0 0 0 0 0 0 0 0 0 0 0 0 0 0 0 0 0 0 0 0 0 0 0 0 0 0 0 0 0 0 0 0 
0 0 0 0 0 0 0 0 0 0 0 0 0 0 0 0 0 0 0 0 0 0 0 0 0 0 0 0 0 0 0 0 0 0 0 0 47 47 47 47 48 48 47 48 48 48 49 49 49 49 49 49 50 50 50 51 51 51 50 50 50 51 51 51 50 51 51 51 51 51 52 52 52 52 52 52 52 52 52 52 52 53 53 53 52 53 53 53 53 53 53 53 54 54 54 55 55 54 55 55 55 55 55 55 55 56 56 56 56 56 56 56 56 56 57 57 57 57 57 57 57 58 58 58 58 58 58 58 58 58 58 58 59 59 59 59 59 59 59 59 59 59 60 60 60 60 60 60 60 60 60 60 60 60 60 61 61 61 61 61 61 61 61 61 61 61 61 62 62 62 62 62 62 62 62 62 63 63 63 63 63 63 63 63 63 63 63 63 63 63 63 63 64 64 64 64 64 64 64 64 64 64 64 64 64 65 65 65 64 64 64 65 65 65 65 65 65 65 65 65 65 65 65 65 66 66 66 66 66 66 66 66 66 66 66 66 66 66 66 66 66 66 66 66 66 66 66 66 66 66 66 66 66 66 66 66 66 66 66 66 66 66 66 66 66 66 66 66 66 66 66 66 66 66 66 66 66 66 66 66 66 66 66 66 66 66 66 66 66 66 66 66 66 66 66 66 66 66 66 66 66 66 66 66 66 66 66 66 66 66 66 66 66 66 66 66 66 66 66 66 66 65 65 65 65 65 66 66 65 66 66 66 66 65 65 65 66 65 66 66 66 65 66 66 67 66 66 66 66 66 65 65 65 65 65 65 65 65 64 65 65 65 64 64 64 65 65 65 65 65 64 64 65 64 64 64 65 65 65 65 64 64 64 63 63 63 63 63 62 63 63 63 63 63 63 63 63 63 63 63 62 62 62 61 61 62 62 62 62 62 62 62 62 62 62 62 62 62 61 61 61 61 61 61 61 61 61 61 61 61 61 60 60 60 60 60 60 59 59 59 59 59 59 59 59 0 0 0 0 0 0 0 0 0 0 0 0 0 0 0 0 0 0 0 0 0 0 0 0 0 0 0 0 0 0 0 0 0 0 0 0 0 0 0 0 0 0 0 0 0 0 0 0 0 0 0 0 0 0 0 0 0 0 
0 0 0 0 0 0 0 0 0 0 0 0 0 0 0 0 0 0 0 0 0 0 0 0 0 0 0 0 0 0 0 0 0 0 0 0 0 0 47 48 49 48 48 48 48 49 49 50 50 50 50 50 50 50 50 50 51 51 51 51 51 51 52 52 52 52 52 51 51 51 51 52 52 53 52 52 52 52 52 53 52 53 53 53 53 53 53 53 53 53 53 54 54 54 54 55 55 55 55 55 55 55 55 55 56 56 56 56 56 57 57 57 57 57 57 57 57 57 57 57 58 58 58 58 58 58 58 58 58 58 59 59 59 59 59 59 59 59 59 59 60 59 60 60 60 60 60 60 60 60 60 60 60 61 61 61 61 61 61 61 61 61 61 62 61 61 61 62 62 62 62 62 62 62 63 63 63 63 63 63 63 63 63 63 63 63 63 63 63 63 63 63 64 64 64 64 64 64 64 64 64 64 64 64 64 65 65 65 65 65 65 65 65 65 65 65 65 65 65 65 65 66 66 66 66 66 66 66 66 66 66 66 66 66 66 66 66 66 66 66 66 66 66 66 66 66 66 66 66 66 66 66 66 66 66 66 66 66 66 66 66 66 66 66 66 66 66 66 66 66 66 66 66 66 67 67 67 67 67 67 67 67 67 67 67 66 66 66 66 66 66 66 66 66 66 66 66 66 66 66 66 66 66 66 66 66 66 66 66 66 66 66 66 66 66 66 66 66 66 66 66 66 65 65 66 66 66 66 66 66 66 66 66 65 66 66 66 65 65 66 66 66 67 66 66 67 66 66 66 66 66 66 66 66 65 65 65 65 65 65 66 65 65 65 65 65 65 65 64 64 65 65 65 65 64 65 65 65 65 65 64 65 65 64 64 63 63 63 63 63 63 63 63 63 63 63 63 63 63 62 62 62 62 61 62 61 62 62 62 62 62 62 62 62 62 62 62 62 62 61 61 61 61 61 61 61 61 61 61 61 60 60 60 60 60 60 60 60 59 59 59 60 59 59 59 59 0 0 0 0 0 0 0 0 0 0 0 0 0 0 0 0 0 0 0 0 0 0 0 0 0 0 0 0 0 0 0 0 0 0 0 0 0 0 0 0 0 0 0 0 0 0 0 0 0 0 0 0 0 0 0 0 0 
0 0 0 0 0 0 0 0 0 0 0 0 0 0 0 0 0 0 0 0 0 0 0 0 0 0 0 0 0 0 0 0 0 0 0 0 0 0 47 48 48 48 48 48 48 48 49 49 50 50 50 50 50 50 50 50 51 52 51 52 51 52 52 52 52 52 52 52 52 52 52 52 52 53 53 53 53 53 53 53 53 53 53 53 53 53 53 53 54 54 54 54 55 55 55 55 55 55 55 55 55 55 55 56 56 56 56 57 57 57 57 57 57 57 57 57 57 57 57 58 58 58 58 58 58 58 58 59 59 59 59 59 59 59 59 59 59 59 59 59 60 60 60 60 60 60 60 60 60 60 60 61 61 61 61 61 61 61 61 61 61 61 62 62 62 62 62 62 62 62 62 62 62 63 63 63 63 63 63 63 63 63 63 63 63 63 64 64 64 64 64 63 64 64 64 64 64 64 64 64 64 64 64 64 64 64 65 65 65 65 65 65 65 65 65 65 65 65 65 66 66 66 66 66 66 66 66 66 66 66 66 66 66 66 66 66 66 66 66 66 66 66 66 66 66 66 66 66 66 66 66 66 66 66 66 66 66 66 66 66 66 66 66 66 66 66 66 66 66 66 66 66 66 66 67 67 67 67 67 67 67 67 67 67 67 67 67 66 66 66 67 67 66 66 66 66 66 66 66 66 66 66 66 66 66 66 66 66 66 66 66 66 66 66 66 66 66 66 66 66 66 66 66 66 66 66 66 66 66 66 66 66 65 66 66 66 66 66 66 66 66 66 67 66 67 67 66 67 66 66 66 66 66 66 66 66 65 66 65 66 66 66 66 65 66 66 65 65 65 65 65 65 65 65 65 65 65 65 65 65 65 65 65 65 64 63 63 63 63 63 63 63 63 63 63 63 63 63 63 62 62 62 62 62 62 62 62 62 62 63 62 62 62 62 62 62 62 62 62 62 62 62 61 61 61 61 61 61 61 61 61 60 61 61 60 61 60 60 60 60 60 60 60 59 59 59 59 0 0 0 0 0 0 0 0 0 0 0 0 0 0 0 0 0 0 0 0 0 0 0 0 0 0 0 0 0 0 0 0 0 0 0 0 0 0 0 0 0 0 0 0 0 0 0 0 0 0 0 0 0 0 0 0 
0 0 0 0 0 0 0 0 0 0 0 0 0 0 0 0 0 0 0 0 0 0 0 0 0 0 0 0 0 0 0 0 0 0 0 0 0 0 48 48 48 48 48 49 49 49 49 49 50 51 50 50 50 50 50 51 51 52 52 52 52 51 51 52 52 52 53 53 53 53 52 52 53 53 53 53 53 53 53 53 53 53 53 53 53 53 54 54 54 54 54 54 55 55 55 55 55 55 55 55 55 55 56 56 56 56 56 57 57 57 57 57 57 57 57 57 57 57 58 58 58 58 58 58 58 59 59 59 59 59 59 59 59 59 59 59 59 59 59 59 60 60 60 60 60 60 60 60 60 60 60 61 61 61 61 61 61 61 62 62 62 62 62 62 62 62 62 62 62 62 62 62 63 63 63 63 63 63 63 63 63 63 63 63 64 64 64 64 64 64 64 64 65 65 65 64 64 64 65 65 65 65 65 65 64 64 64 65 65 65 65 65 66 66 66 66 66 66 66 66 66 66 66 66 66 66 66 66 66 66 66 66 66 66 66 66 67 67 67 67 67 67 66 66 66 66 66 66 66 66 66 66 66 66 66 66 66 66 66 66 66 66 67 67 67 66 66 67 67 67 66 66 66 67 67 67 67 67 67 67 67 67 67 67 67 67 67 67 66 66 66 67 67 67 67 67 66 66 66 66 66 66 66 66 66 66 66 66 66 66 66 66 66 66 66 66 66 66 66 66 66 66 66 66 66 66 66 66 66 67 66 66 66 66 66 66 66 66 66 66 66 66 66 66 67 66 66 67 66 66 66 66 66 67 67 67 66 67 66 66 66 66 66 66 66 66 66 66 65 65 65 66 66 65 65 65 65 65 65 66 65 65 65 65 64 64 64 64 63 63 63 63 63 63 63 63 63 63 63 62 63 62 62 62 63 62 62 62 63 63 63 63 63 63 63 62 62 62 62 62 62 62 62 61 61 61 61 61 61 61 61 61 61 61 61 61 61 60 60 60 60 60 60 60 60 59 59 59 0 0 0 0 0 0 0 0 0 0 0 0 0 0 0 0 0 0 0 0 0 0 0 0 0 0 0 0 0 0 0 0 0 0 0 0 0 0 0 0 0 0 0 0 0 0 0 0 0 0 0 0 0 0 0 
0 0 0 0 0 0 0 0 0 0 0 0 0 0 0 0 0 0 0 0 0 0 0 0 0 0 0 0 0 0 0 0 0 0 0 0 0 0 0 48 49 49 49 49 49 50 50 50 50 51 50 50 50 50 51 51 51 51 51 51 51 52 51 51 51 52 53 53 53 53 53 53 53 53 53 53 52 53 53 53 53 53 53 53 53 53 54 54 54 54 54 54 55 55 55 55 55 56 56 56 56 56 56 56 56 57 57 57 57 57 57 57 57 57 57 58 58 58 58 58 58 58 58 58 59 59 59 59 59 59 59 59 59 59 59 59 59 59 59 60 60 60 60 60 60 60 60 60 60 61 61 61 61 61 61 61 62 62 62 62 62 62 62 62 62 62 62 62 62 62 62 63 63 63 63 63 63 63 63 63 63 63 63 64 64 64 64 64 64 64 64 64 65 65 65 65 65 65 65 65 65 65 65 65 65 65 65 65 65 65 65 65 65 65 66 66 66 66 66 66 66 66 66 66 66 66 66 66 66 66 66 66 66 66 67 67 67 67 67 67 67 67 66 66 66 66 66 66 66 66 66 66 67 67 67 67 67 67 66 67 67 67 67 67 67 67 67 67 67 67 67 67 67 67 67 67 67 67 67 67 67 67 67 67 67 67 67 67 67 67 67 67 67 67 67 67 67 66 66 66 66 66 67 67 67 67 66 66 66 66 66 67 67 66 66 66 66 66 66 66 66 66 66 66 66 66 66 66 66 67 66 65 66 66 66 65 66 66 66 66 66 66 66 67 67 66 67 67 66 66 66 66 67 67 67 67 66 67 67 67 67 66 66 66 66 66 66 65 66 65 65 66 66 65 65 65 65 65 65 65 65 65 65 65 64 64 64 64 63 63 63 63 63 63 63 63 63 63 63 63 63 63 63 63 63 63 63 63 63 63 63 63 63 63 62 62 62 62 62 62 62 62 62 62 62 62 61 61 61 61 61 61 61 61 61 61 61 61 60 60 60 60 60 60 60 60 59 59 59 0 0 0 0 0 0 0 0 0 0 0 0 0 0 0 0 0 0 0 0 0 0 0 0 0 0 0 0 0 0 0 0 0 0 0 0 0 0 0 0 0 0 0 0 0 0 0 0 0 0 0 0 0 0 
0 0 0 0 0 0 0 0 0 0 0 0 0 0 0 0 0 0 0 0 0 0 0 0 0 0 0 0 0 0 0 0 0 0 0 0 0 0 0 0 0 49 49 49 49 50 50 50 50 50 50 50 50 50 51 51 51 51 51 51 51 52 52 51 51 52 52 53 53 53 54 54 54 54 53 53 53 53 53 53 54 54 54 54 54 54 54 54 55 55 55 55 55 55 55 55 56 56 56 56 56 56 56 56 57 57 57 57 57 57 57 57 58 58 58 58 58 58 58 58 58 58 58 59 59 59 59 59 59 59 59 59 59 59 59 59 60 60 60 60 60 60 60 60 60 60 60 61 61 61 61 61 61 61 61 62 62 62 62 62 62 62 62 62 62 63 62 62 62 62 63 63 63 63 63 63 63 63 63 63 63 63 64 63 64 64 64 64 64 64 64 64 65 65 65 65 65 65 65 65 65 65 65 65 65 66 65 65 65 65 65 65 65 65 66 66 66 66 66 66 66 66 66 66 66 66 66 66 66 66 66 67 67 67 67 67 67 67 67 67 67 67 66 66 66 66 66 66 66 66 66 67 67 67 67 67 67 67 67 67 67 67 67 67 67 67 67 67 67 67 67 67 67 67 67 67 67 67 67 67 67 67 67 67 67 67 67 67 67 67 67 67 67 67 67 67 67 67 67 67 66 67 67 67 67 67 67 67 67 66 67 67 67 67 67 66 66 66 66 66 66 66 66 66 66 66 67 66 66 66 66 65 66 66 66 66 66 66 67 67 66 66 66 67 67 66 67 67 66 66 67 67 67 67 67 67 67 67 67 67 67 67 67 66 66 65 66 65 66 66 66 66 66 66 66 65 66 66 66 66 65 65 66 66 65 64 64 64 63 63 63 63 64 64 64 63 63 63 63 63 63 63 63 63 63 64 63 63 63 63 63 63 63 63 62 62 62 62 62 62 62 62 62 62 62 62 62 61 61 61 61 61 61 61 61 61 61 61 60 60 60 60 60 60 60 60 60 60 59 59 0 0 0 0 0 0 0 0 0 0 0 0 0 0 0 0 0 0 0 0 0 0 0 0 0 0 0 0 0 0 0 0 0 0 0 0 0 0 0 0 0 0 0 0 0 0 0 0 0 0 0 0 0 
0 0 0 0 0 0 0 0 0 0 0 0 0 0 0 0 0 0 0 0 0 0 0 0 0 0 0 0 0 0 0 0 0 0 0 0 0 0 0 0 0 48 49 49 49 49 49 49 50 50 50 50 50 50 51 51 51 51 51 51 51 52 52 51 52 52 52 53 53 53 53 54 54 54 54 54 54 54 53 53 54 54 54 54 54 54 54 54 54 55 55 55 56 56 56 55 56 56 56 56 57 57 57 57 57 57 57 57 57 57 58 58 58 58 58 58 58 58 58 58 58 59 59 59 59 59 59 59 59 59 59 59 59 59 60 60 60 60 60 60 60 60 60 60 60 61 61 61 61 61 61 61 62 61 61 62 62 62 62 62 62 62 62 63 63 63 63 63 63 63 63 63 63 63 63 63 63 63 63 63 64 64 64 64 64 64 64 64 64 64 64 65 65 65 65 65 65 65 65 65 65 65 65 65 66 66 66 65 65 65 65 65 66 65 66 66 66 66 66 66 66 66 66 66 66 66 66 66 67 67 67 67 67 67 67 67 67 67 67 67 67 67 66 66 67 66 66 66 66 66 67 67 67 67 67 67 67 67 67 67 67 67 67 67 67 67 67 67 67 67 67 67 67 67 67 67 67 67 67 67 67 67 67 67 67 67 67 67 67 67 67 67 67 67 67 67 67 67 67 67 67 67 67 67 67 67 67 66 66 67 67 67 67 67 67 67 67 67 67 67 66 66 66 66 66 67 67 66 66 66 66 66 66 66 66 66 67 67 67 67 66 66 66 66 67 66 67 66 66 67 67 67 67 67 67 67 67 67 66 67 66 66 67 67 66 66 66 66 66 66 66 66 66 66 66 66 65 66 66 66 66 66 66 66 65 65 65 65 64 63 63 64 64 64 64 63 63 63 63 64 64 63 63 63 64 64 63 63 63 63 63 63 63 63 63 63 63 63 62 62 62 62 62 62 62 62 62 61 61 61 62 62 62 61 61 61 61 61 61 60 60 60 60 60 60 60 60 60 60 60 60 60 60 60 0 0 0 0 0 0 0 0 0 0 0 0 0 0 0 0 0 0 0 0 0 0 0 0 0 0 0 0 0 0 0 0 0 0 0 0 0 0 0 0 0 0 0 0 0 0 0 0 0 
0 0 0 0 0 0 0 0 0 0 0 0 0 0 0 0 0 0 0 0 0 0 0 0 0 0 0 0 0 0 0 0 0 0 0 0 0 0 0 0 0 48 49 49 49 0 0 0 49 50 50 50 51 51 51 51 51 51 51 51 52 52 52 52 52 53 53 53 53 53 53 54 54 54 54 54 55 54 54 54 54 54 54 54 54 54 54 54 54 55 55 55 56 56 56 56 56 57 57 57 57 57 57 57 57 57 58 58 58 58 58 58 58 58 58 58 58 58 58 58 58 59 59 59 59 59 59 59 59 59 59 59 60 60 60 60 60 60 60 60 60 60 61 61 61 61 61 61 61 61 61 62 62 62 62 62 62 62 62 62 63 63 63 63 63 63 63 63 63 63 63 63 63 63 63 63 64 64 64 64 64 64 64 64 64 64 64 65 65 65 65 65 65 65 65 65 65 65 65 65 65 65 66 66 66 66 66 66 65 65 65 65 66 66 66 66 66 66 66 66 66 66 66 66 66 66 66 67 67 67 67 67 67 67 67 67 67 67 67 67 67 67 67 67 67 67 67 66 66 67 67 67 67 67 67 67 67 67 67 67 67 67 67 67 67 67 67 67 67 67 67 67 67 67 67 67 68 68 68 68 68 68 68 68 68 67 67 67 67 67 67 67 67 67 67 67 67 67 67 67 67 67 67 67 67 67 67 67 67 67 67 67 67 67 67 67 67 67 67 67 67 66 66 66 66 67 67 66 66 66 66 66 67 66 66 66 67 67 67 67 67 66 66 67 67 67 66 66 67 67 67 67 67 67 67 67 66 67 67 66 67 66 67 67 67 67 67 67 66 67 67 66 66 66 66 66 66 66 66 66 66 66 66 67 66 66 66 65 64 63 63 64 64 64 64 64 64 64 63 63 64 64 63 63 64 64 64 63 63 63 63 63 63 63 63 63 63 63 63 63 62 62 62 62 62 62 62 62 62 62 62 62 62 61 61 61 61 61 61 61 60 60 60 60 60 60 60 60 60 60 60 60 60 60 60 60 60 60 59 59 59 59 0 0 0 0 0 0 0 0 0 0 0 0 0 0 0 0 0 0 0 0 0 0 0 0 0 0 0 0 0 0 0 0 0 0 0 0 0 0 0 0 0 
0 0 0 0 0 0 0 0 0 0 0 0 0 0 0 0 0 0 0 0 0 0 0 0 0 0 0 0 0 0 0 0 0 0 0 0 0 0 0 0 0 0 0 0 0 0 0 0 49 50 50 50 51 51 51 50 50 51 51 51 52 52 52 51 52 53 53 53 52 53 54 53 53 54 54 55 55 55 55 55 54 54 54 54 54 54 55 55 54 55 55 55 56 56 56 56 56 57 57 57 57 57 57 57 57 57 58 58 58 57 58 58 58 58 58 58 58 58 58 59 59 59 59 59 59 59 59 59 59 59 59 60 60 60 60 60 60 60 60 60 60 61 61 61 61 61 61 61 61 61 62 62 62 62 62 62 62 62 62 62 63 63 63 63 63 63 63 63 63 63 63 63 63 63 64 64 64 64 64 64 64 64 64 64 64 64 65 65 65 65 65 65 65 66 65 65 65 65 66 66 66 66 66 66 66 66 66 66 66 66 66 66 66 66 66 66 66 66 66 66 66 66 66 66 66 66 67 67 67 67 67 67 67 67 67 67 67 67 67 67 67 67 67 67 67 67 67 67 67 67 67 67 67 67 67 67 67 67 67 67 67 68 67 68 67 67 67 67 67 67 67 67 67 67 68 68 68 68 68 68 68 68 68 68 68 68 68 67 67 67 67 67 67 67 67 67 67 67 67 67 67 67 67 67 67 67 67 67 67 67 67 67 67 67 67 67 67 67 67 67 67 66 66 66 66 66 66 66 66 66 66 66 67 66 66 66 67 67 67 67 66 66 66 67 67 67 67 67 67 67 67 67 67 67 67 67 66 67 67 66 67 66 67 67 67 67 67 67 67 66 66 66 66 66 66 66 66 66 66 66 66 66 66 66 66 66 66 65 64 64 64 64 65 64 64 64 64 64 64 64 64 64 64 64 63 64 64 64 63 63 63 63 63 63 63 63 63 63 63 63 63 63 62 62 62 62 62 62 62 62 62 62 62 61 61 61 61 61 61 60 60 60 60 60 60 60 60 60 60 60 60 60 60 60 60 60 60 60 60 60 60 59 59 0 0 0 0 0 0 0 0 0 0 0 0 0 0 0 0 0 0 0 0 0 0 0 0 0 0 0 0 0 0 0 0 0 0 0 0 0 0 0 0 
0 0 0 0 0 0 0 0 0 0 0 0 0 0 0 0 0 0 0 0 0 0 0 0 0 0 0 0 0 0 0 0 0 0 0 0 0 0 0 0 0 0 0 0 0 0 0 0 0 50 50 50 50 50 50 0 0 51 51 0 0 51 52 52 52 53 53 53 53 54 53 53 53 53 54 54 54 55 55 55 55 55 55 55 55 55 55 55 55 55 55 55 56 56 57 57 57 57 57 57 57 57 57 57 58 58 57 58 58 58 58 58 58 58 58 58 59 59 59 59 59 59 59 59 59 59 59 59 59 60 60 60 60 60 60 60 60 60 60 61 61 61 61 61 61 61 61 61 61 62 62 62 62 62 62 62 62 62 62 63 63 63 63 63 63 63 63 63 63 63 63 63 63 64 64 64 64 64 64 64 64 64 64 64 65 65 65 65 65 65 65 65 65 65 66 65 66 66 66 66 66 66 66 66 66 67 67 67 67 67 67 66 66 66 66 66 66 66 67 67 66 66 66 67 67 67 67 67 67 67 67 67 67 67 67 67 67 67 67 67 67 68 67 67 67 67 67 67 67 67 67 67 67 67 67 68 68 68 68 68 67 68 68 68 68 68 68 68 68 67 67 67 67 68 68 68 68 68 68 68 68 68 68 68 68 68 68 67 68 68 67 68 67 67 67 67 67 67 67 67 67 67 67 68 67 67 67 67 67 67 67 67 67 67 67 67 67 67 67 67 67 67 67 67 67 66 66 66 66 66 66 66 66 66 66 66 67 67 67 67 66 67 67 67 67 67 67 67 67 67 67 67 67 67 67 67 67 67 67 67 67 67 67 67 67 67 67 67 67 66 67 67 66 66 66 66 66 66 66 66 66 66 66 66 66 66 66 65 64 64 64 64 65 65 64 64 64 64 64 64 64 64 64 64 64 64 64 63 63 63 63 63 63 63 63 63 64 63 63 63 63 63 63 63 63 63 62 62 62 62 62 62 62 61 61 61 61 61 61 61 61 61 60 60 60 60 60 60 60 60 60 60 60 60 60 60 60 60 60 60 60 60 59 59 0 0 0 0 0 0 0 0 0 0 0 0 0 0 0 0 0 0 0 0 0 0 0 0 0 0 0 0 0 0 0 0 0 0 0 0 0 0 0 
0 0 0 0 0 0 0 0 0 0 0 0 0 0 0 0 0 0 0 0 0 0 0 0 0 0 0 0 0 0 0 0 0 0 0 0 0 0 0 0 0 0 0 0 0 0 0 0 0 0 50 50 0 0 0 0 0 0 0 0 0 51 52 52 52 53 53 53 53 54 53 53 53 53 54 54 55 55 54 55 55 55 55 55 55 56 56 56 56 56 56 56 56 56 56 57 57 57 57 57 57 58 58 57 58 58 58 58 58 58 59 59 59 59 59 59 59 59 59 59 59 59 59 59 59 59 59 60 60 60 60 60 60 60 60 60 60 61 61 61 61 61 61 61 61 61 62 62 62 62 62 62 62 62 62 62 62 62 63 63 63 63 63 63 63 63 63 63 64 64 64 64 64 64 64 64 64 64 64 64 64 64 65 65 65 65 65 65 65 65 65 65 65 66 66 66 66 66 66 66 66 66 66 66 67 67 67 67 67 67 67 67 67 67 67 66 66 67 67 67 67 67 67 67 67 67 67 67 67 67 67 67 67 67 68 68 68 68 68 68 68 68 67 67 67 67 67 67 67 67 68 68 68 68 67 68 68 68 68 68 68 68 68 68 68 68 68 68 68 68 68 68 68 68 68 68 68 68 68 68 68 68 68 68 68 68 68 68 68 68 68 68 68 68 68 68 68 68 68 68 67 67 68 68 68 67 67 67 67 67 67 67 67 67 67 67 67 67 67 67 67 67 67 68 68 67 66 66 66 66 66 67 67 66 66 66 67 67 67 67 67 67 67 67 67 67 67 67 67 67 67 67 67 67 67 67 67 67 67 67 67 67 67 67 67 67 67 67 67 67 67 67 67 67 67 66 66 66 66 66 66 66 66 66 66 66 66 65 65 65 65 65 65 64 65 65 64 65 64 64 64 64 64 64 65 65 64 64 63 63 63 63 63 64 64 64 64 63 63 63 63 63 63 63 63 63 63 63 63 63 62 62 62 62 61 61 61 61 61 61 61 61 60 60 60 61 61 61 61 60 60 60 60 60 60 60 60 60 60 60 60 60 60 60 0 0 0 0 0 0 0 0 0 0 0 0 0 0 0 0 0 0 0 0 0 0 0 0 0 0 0 0 0 0 0 0 0 0 0 0 0 0 0 
0 0 0 0 0 0 0 0 0 0 0 0 0 0 0 0 0 0 0 0 0 0 0 0 0 0 0 0 0 0 0 0 0 0 0 0 0 0 0 0 0 0 0 0 0 0 0 0 0 0 0 0 0 0 0 0 0 0 0 0 0 51 51 52 52 53 53 53 53 53 53 54 54 55 55 55 55 54 54 55 55 55 54 55 55 56 57 57 57 57 57 56 56 57 57 57 58 58 58 57 57 58 58 58 58 58 58 58 59 59 59 59 59 59 59 59 59 59 59 59 59 59 59 59 59 59 60 60 60 60 60 60 60 60 60 60 61 61 61 61 61 61 62 62 62 62 62 62 62 62 62 62 62 62 63 63 63 63 63 63 63 63 63 64 64 64 64 64 64 64 64 64 64 64 64 64 64 64 64 64 65 65 65 65 65 65 65 65 65 65 65 65 66 66 66 66 66 66 66 66 66 66 66 66 66 67 67 67 67 67 67 67 67 67 67 67 67 67 67 67 67 67 67 67 67 67 67 67 67 67 67 67 67 68 68 68 68 68 68 68 68 68 67 67 67 67 67 67 68 67 68 68 68 67 68 68 68 68 68 68 68 68 68 68 68 68 68 68 68 68 68 68 68 68 68 68 68 68 68 68 68 68 68 68 68 68 68 68 68 68 68 68 68 68 68 68 68 68 68 68 68 68 68 68 68 68 68 68 68 67 68 68 68 67 67 67 67 67 67 67 67 67 67 68 68 67 67 66 66 66 67 67 67 66 66 66 66 66 67 67 67 67 67 67 67 67 67 67 68 67 67 67 67 67 67 67 67 67 67 67 67 67 67 68 68 68 67 67 67 67 68 68 67 67 67 66 66 66 67 67 67 66 66 66 66 66 66 65 65 65 65 65 65 65 65 65 65 65 65 64 64 64 64 64 64 65 65 65 64 64 63 63 63 64 64 64 64 64 64 63 63 63 63 63 63 63 63 63 63 63 62 62 62 62 62 62 61 61 62 62 61 61 61 60 61 61 61 61 61 61 61 61 60 60 60 60 60 60 60 60 60 60 60 60 0 0 0 0 0 0 0 0 0 0 0 0 0 0 0 0 0 0 0 0 0 0 0 0 0 0 0 0 0 0 0 0 0 0 0 0 0 0 0 
0 0 0 0 0 0 0 0 0 0 0 0 0 0 0 0 0 0 0 0 0 0 0 0 0 0 0 0 0 0 0 0 0 0 0 0 0 0 0 0 0 0 0 0 0 0 0 0 0 0 0 0 0 0 0 0 0 0 0 0 0 0 0 52 53 54 53 54 53 53 54 54 54 55 55 55 55 55 54 54 54 55 55 55 55 55 56 56 56 57 58 57 58 57 57 58 58 58 58 58 58 58 58 58 58 58 59 59 59 59 59 59 59 59 59 59 59 60 60 60 60 60 60 60 60 60 60 60 60 60 60 61 60 61 61 61 61 61 61 61 61 61 62 62 62 62 62 62 62 62 62 62 62 62 63 63 63 63 63 63 63 63 63 64 64 64 64 64 64 64 64 64 64 64 64 64 64 64 64 65 65 65 65 65 65 65 65 65 65 65 65 65 66 66 66 66 66 66 66 66 66 66 67 66 67 67 67 67 67 67 67 67 67 67 67 67 67 67 67 67 67 67 67 67 67 67 67 67 67 67 67 67 67 68 68 68 68 68 68 68 68 68 67 67 68 68 68 67 67 67 67 67 67 67 67 68 68 68 68 68 68 68 68 68 68 68 68 68 68 68 68 68 68 68 68 68 68 68 68 68 68 68 68 68 68 68 68 68 68 68 68 68 68 68 68 68 68 68 68 68 68 68 68 68 68 68 68 68 68 68 68 68 68 67 67 68 67 67 67 68 68 68 67 67 67 67 67 67 67 67 67 67 67 66 66 66 66 67 67 67 67 67 68 68 67 68 68 68 68 67 67 68 68 67 67 67 67 67 67 67 67 67 67 68 68 68 68 67 67 68 68 68 68 68 67 67 67 66 67 67 67 66 66 66 66 67 66 65 65 65 65 65 65 65 66 65 65 65 65 65 65 65 65 64 64 64 65 65 65 64 63 63 63 64 64 64 64 64 64 64 63 63 63 63 63 63 63 63 63 63 63 62 62 62 62 62 62 62 62 62 61 61 61 61 61 61 61 61 61 61 61 61 61 61 60 60 60 60 60 60 60 60 60 60 0 0 0 0 0 0 0 0 0 0 0 0 0 0 0 0 0 0 0 0 0 0 0 0 0 0 0 0 0 0 0 0 0 0 0 0 0 0 0 
0 0 0 0 0 0 0 0 0 0 0 0 0 0 0 0 0 0 0 0 0 0 0 0 0 0 0 0 0 0 0 0 0 0 0 0 0 0 0 0 0 0 0 0 0 0 0 0 0 0 0 0 0 0 0 0 0 0 0 0 0 0 0 0 53 53 53 53 53 54 54 54 54 55 55 55 55 55 55 55 55 56 56 56 56 56 56 56 56 56 57 57 59 58 58 58 59 59 59 58 58 58 58 58 58 59 59 59 59 59 59 59 59 59 60 60 60 60 60 60 60 60 60 61 60 60 60 60 60 60 61 61 61 61 61 61 61 61 61 62 62 62 62 62 62 62 62 62 62 62 62 62 62 62 63 63 63 63 63 63 63 63 64 64 64 64 64 64 64 64 64 64 64 64 64 64 65 65 65 65 65 65 65 65 65 65 65 65 65 65 65 65 66 66 66 66 66 66 66 66 66 66 67 67 67 67 67 67 67 67 67 67 67 67 67 67 68 68 67 67 67 68 67 68 67 67 67 67 68 68 67 67 68 68 68 68 68 68 68 68 68 68 68 67 68 68 68 68 68 68 68 68 68 67 67 68 68 68 68 68 68 68 68 68 68 68 68 68 68 68 68 68 68 68 68 68 68 69 69 69 69 69 69 69 69 68 68 68 68 68 68 68 68 68 68 68 68 68 68 68 68 68 68 68 68 68 68 68 68 68 68 68 68 68 68 68 68 68 68 68 68 68 68 68 67 67 67 67 67 67 67 67 67 67 67 67 67 67 68 67 67 67 67 68 67 67 68 68 68 68 68 68 68 67 67 67 68 67 67 67 67 67 67 67 67 68 68 68 67 68 68 68 68 67 67 67 67 67 67 67 67 67 67 66 67 67 67 66 65 65 65 65 65 66 66 66 66 65 65 65 65 65 65 65 64 64 65 65 65 64 64 64 64 63 63 64 64 64 64 64 64 64 63 63 63 63 63 63 63 63 63 63 63 62 62 62 62 62 62 62 62 61 61 61 61 61 61 61 61 61 61 61 61 61 60 60 60 60 60 60 60 60 60 0 0 0 0 0 0 0 0 0 0 0 0 0 0 0 0 0 0 0 0 0 0 0 0 0 0 0 0 0 0 0 0 0 0 0 0 0 0 0 0 
0 0 0 0 0 0 0 0 0 0 0 0 0 0 0 0 0 0 0 0 0 0 0 0 0 0 0 0 0 0 0 0 0 0 0 0 0 0 0 0 0 0 0 0 0 0 0 0 0 0 0 0 0 0 0 0 0 0 0 0 0 0 0 0 53 54 54 54 54 54 54 54 55 54 54 54 55 55 55 55 55 56 56 56 57 57 57 57 57 56 57 58 59 59 59 59 59 59 59 59 59 59 58 59 59 59 59 59 59 59 59 59 60 60 60 60 60 60 60 60 60 60 61 61 61 60 60 60 60 61 61 61 61 61 61 61 61 62 61 62 62 62 62 62 62 62 62 62 62 62 62 63 63 63 63 63 63 63 63 63 63 63 63 64 64 64 64 64 64 64 64 64 64 64 65 65 65 65 65 65 65 65 65 65 65 65 65 65 65 65 66 66 66 66 66 66 66 67 66 66 66 67 67 67 67 67 67 67 67 67 67 67 68 68 68 68 68 68 68 68 68 67 68 68 68 67 67 68 68 68 68 68 68 68 68 68 68 68 68 68 68 68 68 68 68 68 68 68 68 68 68 68 68 68 68 68 68 68 68 68 68 68 68 68 68 68 68 68 68 68 68 68 68 68 69 69 69 69 69 69 69 69 69 69 69 69 69 69 69 68 68 68 68 68 68 68 68 68 68 68 68 68 68 68 68 68 68 68 68 68 68 68 68 68 68 68 68 68 68 68 68 68 68 68 68 67 67 67 68 67 67 67 67 67 67 67 67 68 68 68 68 67 67 67 67 67 67 68 68 68 68 68 68 68 68 68 68 68 68 67 67 67 67 67 67 68 68 68 68 68 68 68 67 67 67 67 67 67 67 67 67 67 67 67 67 67 67 66 65 65 65 65 66 66 66 66 66 65 65 65 65 65 65 65 65 65 65 65 66 65 65 64 64 64 64 64 64 64 64 64 64 64 63 63 63 63 63 63 63 63 63 63 63 63 62 62 62 62 62 62 62 61 61 61 61 61 61 61 61 61 61 61 61 61 61 61 61 61 61 60 60 60 60 0 0 0 0 0 0 0 0 0 0 0 0 0 0 0 0 0 0 0 0 0 0 0 0 0 0 0 0 0 0 0 0 0 0 0 0 0 0 0 0 
0 0 0 0 0 0 0 0 0 0 0 0 0 0 0 0 0 0 0 0 0 0 0 0 0 0 0 0 0 0 0 0 0 0 0 0 0 0 0 0 0 0 0 0 0 0 0 0 0 0 0 0 0 0 0 0 0 0 0 0 0 0 0 53 53 54 54 55 54 54 54 54 54 54 54 55 55 55 55 56 56 56 56 57 57 57 58 58 57 57 57 57 58 59 59 59 59 59 59 59 59 59 59 60 59 59 59 59 59 59 59 59 60 60 61 60 61 61 60 60 61 61 61 60 60 61 61 61 61 61 61 61 61 61 62 62 62 62 62 62 62 62 62 62 63 63 63 63 63 63 63 63 63 63 63 63 63 63 63 63 63 63 63 64 64 64 64 64 64 64 64 65 64 64 64 65 65 65 65 65 65 65 65 66 66 65 66 66 66 66 66 66 67 66 66 66 66 66 67 67 67 67 67 67 67 67 67 68 68 68 68 68 68 68 68 68 68 68 68 68 68 68 68 68 68 68 68 68 68 68 68 68 68 68 68 68 68 68 69 69 68 69 68 68 68 68 68 68 68 68 68 68 68 68 68 68 68 68 68 68 68 68 68 68 68 68 68 68 68 68 68 68 68 68 69 69 69 69 69 69 69 69 69 69 69 69 69 69 69 69 69 69 68 68 68 68 68 68 68 68 68 68 68 68 68 68 69 68 68 68 68 68 68 68 68 68 68 68 69 69 69 69 69 68 68 68 68 68 67 68 67 67 67 67 67 67 67 68 68 68 68 68 68 68 68 67 67 67 68 68 68 68 68 68 68 68 68 68 68 68 68 68 68 68 68 68 68 68 68 68 69 68 68 67 67 67 67 68 68 68 67 67 67 67 67 67 67 66 65 65 65 65 66 66 66 66 66 65 65 65 65 65 65 65 65 65 65 66 66 65 65 64 64 64 64 64 64 64 64 64 64 64 64 64 63 63 63 63 63 63 63 63 63 63 63 63 63 62 62 62 62 61 61 61 61 61 61 61 61 61 61 61 61 61 61 61 61 61 61 61 61 61 60 0 0 0 0 0 0 0 0 0 0 0 0 0 0 0 0 0 0 0 0 0 0 0 0 0 0 0 0 0 0 0 0 0 0 0 0 0 0 0 0 
0 0 0 0 0 0 0 0 0 0 0 0 0 0 0 0 0 0 0 0 0 0 0 0 0 0 0 0 0 0 0 0 0 0 0 0 0 0 0 0 0 0 0 0 0 0 0 0 0 0 0 0 0 0 0 0 0 0 0 0 0 0 0 0 0 54 54 54 54 54 54 54 54 55 55 56 55 56 56 56 56 56 56 56 56 56 57 58 58 57 57 57 58 58 58 58 59 60 60 60 59 59 60 60 60 59 59 59 59 59 60 60 60 60 61 61 61 61 61 61 61 61 61 61 60 61 61 61 61 61 61 61 61 62 62 62 62 62 62 62 62 62 62 63 63 63 63 63 63 63 63 63 63 63 64 64 63 63 63 63 64 64 64 64 64 64 64 64 64 64 65 65 65 65 65 65 65 65 65 65 65 65 65 65 65 65 66 66 66 66 66 66 66 67 67 66 66 66 67 67 67 67 67 67 67 67 67 68 68 68 68 68 68 68 68 68 68 68 68 68 68 68 68 68 68 68 68 68 68 68 69 68 68 68 68 68 68 68 69 69 69 69 68 68 68 68 68 68 68 68 68 68 68 68 68 68 68 68 68 68 68 68 68 68 68 68 68 68 69 69 69 69 69 69 69 69 69 69 69 69 69 69 69 69 69 69 69 69 69 69 69 69 68 68 68 68 68 68 68 69 69 68 68 69 69 69 69 69 69 69 69 69 68 68 68 68 69 69 69 69 69 69 69 69 68 68 68 68 68 68 68 67 67 67 67 67 67 68 68 68 68 68 68 68 68 68 68 68 67 68 68 68 68 68 68 68 68 68 68 68 68 68 68 68 68 68 68 68 68 68 68 69 68 68 68 68 67 68 68 68 68 67 67 67 67 67 67 67 66 65 65 65 66 66 66 66 66 66 65 65 65 65 65 65 65 65 65 66 66 65 65 64 64 64 64 64 64 64 64 64 64 64 64 64 64 64 64 64 64 63 63 63 63 63 63 63 63 63 62 62 62 62 61 61 61 61 61 62 61 61 61 61 61 61 61 61 61 61 61 61 61 61 0 0 0 0 0 0 0 0 0 0 0 0 0 0 0 0 0 0 0 0 0 0 0 0 0 0 0 0 0 0 0 0 0 0 0 0 0 0 0 0 0 
0 0 0 0 0 0 0 0 0 0 0 0 0 0 0 0 0 0 0 0 0 0 0 0 0 0 0 0 0 0 0 0 0 0 0 0 0 0 0 0 0 0 0 0 0 0 0 0 0 0 0 0 0 0 0 0 0 0 0 0 0 0 0 0 0 54 55 54 54 55 55 55 55 55 56 56 55 56 56 56 56 56 57 56 56 56 57 58 59 58 58 58 58 58 59 59 59 60 60 61 60 60 59 60 60 60 59 60 60 60 60 60 60 60 60 61 61 61 61 61 61 61 61 61 61 61 61 62 61 61 61 61 61 62 62 62 62 62 63 63 63 63 63 63 63 63 63 63 63 64 64 64 64 64 64 64 64 64 63 64 64 64 64 64 64 64 64 65 64 64 65 65 65 65 65 65 65 66 65 65 65 65 65 65 66 66 66 66 66 66 66 66 67 67 67 67 67 67 67 67 68 68 68 68 68 68 68 68 68 68 68 68 68 68 68 68 68 68 68 68 68 68 68 68 68 68 68 68 68 68 69 69 69 68 68 68 69 69 69 69 69 69 68 68 68 68 68 68 68 68 68 69 68 68 68 69 68 69 69 69 69 69 69 68 69 69 69 69 69 69 69 69 69 69 69 69 69 69 69 69 69 69 69 69 69 69 69 69 69 69 69 69 69 69 69 69 69 69 69 69 69 68 69 69 69 69 69 69 69 69 69 69 69 69 68 69 69 69 69 69 69 69 69 69 69 69 69 68 68 68 68 68 67 67 67 67 67 68 68 68 68 68 69 69 69 68 68 68 68 68 68 68 68 68 68 68 68 68 68 68 68 68 68 68 68 68 68 68 68 68 68 68 68 68 68 68 68 68 68 68 68 68 68 68 67 67 67 68 67 66 65 65 66 66 66 66 66 66 65 65 65 65 65 65 65 65 65 65 66 66 65 65 65 65 64 64 64 64 64 65 65 64 64 64 64 64 64 64 64 64 64 63 63 63 63 63 63 63 62 62 62 62 62 61 61 61 62 62 62 61 61 61 61 61 61 61 61 61 61 61 0 0 0 0 0 0 0 0 0 0 0 0 0 0 0 0 0 0 0 0 0 0 0 0 0 0 0 0 0 0 0 0 0 0 0 0 0 0 0 0 0 0 0 
0 0 0 0 0 0 0 0 0 0 0 0 0 0 0 0 0 0 0 0 0 0 0 0 0 0 0 0 0 0 0 0 0 0 0 0 0 0 0 0 0 0 0 0 0 0 0 0 0 0 0 0 0 0 0 0 0 0 0 0 0 0 0 0 0 55 55 54 55 55 55 55 55 55 56 56 56 57 57 57 57 57 57 57 56 56 57 58 59 59 59 59 59 58 59 60 60 60 61 61 60 60 59 59 59 59 60 61 61 60 60 61 60 61 61 61 61 61 61 61 61 61 61 61 61 61 61 62 62 62 62 62 62 62 62 62 62 62 63 63 63 63 63 63 63 63 64 64 64 64 64 64 64 64 64 64 64 64 64 64 64 64 65 65 65 65 64 64 64 64 65 65 65 65 65 65 65 65 65 66 66 66 66 66 66 66 66 66 67 67 66 66 67 67 67 67 68 68 67 67 68 68 68 68 68 68 68 68 68 68 68 68 68 68 68 68 68 69 68 68 68 68 68 68 68 68 68 68 69 69 69 69 69 69 68 69 69 69 69 69 69 69 68 69 69 69 69 69 68 68 69 69 69 69 69 69 69 69 69 69 69 69 69 69 69 69 69 69 69 69 69 69 69 69 69 69 69 69 69 69 69 69 69 69 69 69 69 69 69 69 69 69 69 69 69 69 69 69 69 69 69 69 69 69 69 69 69 69 69 69 69 69 69 69 69 69 69 69 69 69 69 69 69 69 69 69 69 68 68 69 68 68 67 67 67 68 68 68 69 69 69 69 69 69 69 69 69 69 68 68 68 68 68 68 68 67 67 67 67 68 68 68 68 68 68 68 68 68 68 68 68 68 68 68 68 68 68 68 68 68 68 68 68 68 68 68 67 67 68 67 66 66 66 66 66 66 66 66 66 65 65 65 65 66 66 65 65 65 66 66 66 66 65 65 65 65 65 65 65 65 65 65 64 64 64 64 64 64 64 64 63 63 63 63 63 63 63 63 62 62 62 62 62 62 62 61 61 61 61 61 62 62 62 61 61 61 61 61 61 0 0 0 0 0 0 0 0 0 0 0 0 0 0 0 0 0 0 0 0 0 0 0 0 0 0 0 0 0 0 0 0 0 0 0 0 0 0 0 0 0 0 0 0 
0 0 0 0 0 0 0 0 0 0 0 0 0 0 0 0 0 0 0 0 0 0 0 0 0 0 0 0 0 0 0 0 0 0 0 0 0 0 0 0 0 0 0 0 0 0 0 0 0 0 0 0 0 0 0 0 0 0 0 0 0 0 0 0 0 55 55 55 55 55 55 55 56 56 57 57 56 57 56 56 56 57 57 58 57 57 57 58 58 59 60 60 60 59 59 59 60 60 61 61 60 60 60 60 60 60 60 61 61 61 61 61 61 61 61 61 61 62 62 62 61 61 61 61 61 61 61 62 62 62 62 63 62 62 62 62 62 62 63 63 63 63 63 63 63 64 64 64 64 64 64 64 64 64 64 64 64 64 64 64 65 65 65 65 65 65 64 64 64 65 65 66 66 66 66 65 65 65 66 66 66 66 66 66 66 66 66 66 67 67 67 67 68 67 68 67 67 68 68 68 68 68 68 68 68 68 68 68 68 68 68 68 68 68 68 68 68 68 69 68 69 69 69 68 68 68 68 68 69 69 69 69 69 69 69 69 69 69 69 69 69 69 69 69 69 69 69 69 69 69 69 69 69 69 69 69 69 69 69 69 69 69 69 69 69 69 69 69 69 69 69 69 69 69 69 69 69 69 69 69 69 69 69 69 69 69 69 69 69 69 69 69 69 69 69 69 69 69 69 69 69 69 69 69 69 69 69 69 69 69 69 69 69 69 69 69 69 69 69 69 70 69 69 69 69 69 68 68 69 69 69 68 68 67 67 67 68 69 69 69 69 69 69 69 69 69 69 69 69 69 68 68 68 68 68 68 68 68 68 68 68 68 68 68 68 69 69 68 68 68 68 68 68 68 68 69 68 68 68 68 68 67 68 67 67 68 67 67 67 68 67 66 66 66 66 66 66 67 67 66 66 66 66 66 66 66 65 66 66 66 66 66 65 65 65 65 65 65 65 65 65 65 65 64 64 64 64 64 64 64 64 63 63 63 63 63 63 63 63 62 63 62 62 62 62 62 61 62 61 61 62 62 62 62 62 62 61 61 61 0 0 0 0 0 0 0 0 0 0 0 0 0 0 0 0 0 0 0 0 0 0 0 0 0 0 0 0 0 0 0 0 0 0 0 0 0 0 0 0 0 0 0 0 
0 0 0 0 0 0 0 0 0 0 0 0 0 0 0 0 0 0 0 0 0 0 0 0 0 0 0 0 0 0 0 0 0 0 0 0 0 0 0 0 0 0 0 0 0 0 0 0 0 0 0 0 0 0 0 0 0 0 0 0 0 0 0 0 0 0 0 0 55 55 55 55 56 56 57 56 56 56 56 56 57 58 58 58 58 58 58 58 58 58 59 60 61 60 60 60 60 60 61 61 62 62 62 61 61 60 60 61 62 62 62 61 61 61 61 61 62 62 62 62 62 62 61 61 61 61 61 62 62 63 63 63 63 63 63 62 62 62 63 63 63 63 64 64 64 64 64 64 64 64 64 64 64 64 64 65 65 65 65 65 65 64 64 64 64 64 64 65 64 64 65 65 66 66 66 66 66 65 65 66 66 66 66 66 66 66 66 66 66 67 67 67 67 67 68 68 68 68 68 68 68 68 68 68 68 68 68 68 68 68 68 68 68 68 68 68 68 68 69 69 69 69 69 69 69 69 68 69 69 69 69 69 69 69 69 69 69 69 69 69 69 69 69 69 69 69 69 69 69 69 69 69 69 69 69 69 69 69 69 69 69 69 69 70 69 69 69 69 69 69 69 69 69 69 69 70 70 70 69 69 69 69 69 70 70 70 70 70 70 69 69 69 69 69 69 69 69 69 69 69 69 69 69 69 69 69 69 69 69 69 69 69 69 69 69 69 69 69 69 69 70 69 69 69 69 69 69 69 69 69 68 68 68 68 67 68 68 69 69 69 69 69 69 69 69 69 69 69 69 68 69 69 68 69 69 69 68 68 68 68 69 69 69 69 69 69 69 69 68 68 69 68 69 69 69 69 69 68 68 68 68 68 67 68 67 67 68 67 67 67 68 68 67 66 67 67 67 67 67 66 65 66 66 66 66 66 66 66 66 66 66 66 66 66 65 65 65 65 65 65 65 65 65 65 65 64 64 64 64 64 64 64 64 64 63 63 63 63 63 63 63 63 63 62 62 62 62 62 62 62 62 62 62 62 62 62 62 62 0 0 0 0 0 0 0 0 0 0 0 0 0 0 0 0 0 0 0 0 0 0 0 0 0 0 0 0 0 0 0 0 0 0 0 0 0 0 0 0 0 0 0 0 0 
0 0 0 0 0 0 0 0 0 0 0 0 0 0 0 0 0 0 0 0 0 0 0 0 0 0 0 0 0 0 0 0 0 0 0 0 0 0 0 0 0 0 0 0 0 0 0 0 0 0 0 0 0 0 0 0 0 0 0 0 0 0 0 0 0 0 0 0 0 0 55 55 55 56 56 56 56 56 56 57 57 58 58 58 59 59 59 58 58 59 59 60 61 61 61 61 61 61 61 61 62 62 62 61 61 60 61 61 62 62 62 62 61 61 61 62 62 62 62 62 62 62 62 62 62 61 61 62 62 63 63 63 63 63 63 64 63 63 63 63 63 64 64 64 64 64 64 64 64 64 64 64 65 65 65 65 65 65 65 65 64 64 64 65 64 64 65 65 65 65 65 65 65 66 66 66 66 66 65 66 66 66 66 67 67 67 66 66 66 66 67 67 67 67 67 68 68 68 68 68 68 68 68 68 68 68 68 68 68 68 68 69 68 68 68 68 68 68 68 68 69 69 69 69 69 68 68 69 69 69 69 69 69 69 69 70 70 70 69 69 70 70 69 69 69 69 69 69 69 69 69 70 70 70 69 69 69 69 69 69 69 69 70 70 69 69 69 69 70 70 70 69 69 69 70 70 70 70 70 69 70 70 69 70 70 70 70 70 70 70 70 69 69 69 69 69 69 69 69 69 69 69 69 69 69 69 69 69 69 69 69 69 69 69 69 69 69 69 70 70 70 69 69 69 69 69 69 69 69 69 68 68 68 68 68 68 69 69 69 69 69 69 69 69 69 69 69 69 69 69 69 69 69 68 69 69 69 69 69 69 69 69 69 69 69 69 69 69 69 69 68 69 69 69 69 69 69 68 68 68 68 68 68 67 68 67 67 67 67 67 67 68 68 67 67 67 67 67 68 66 66 66 66 66 66 66 66 66 66 66 66 66 66 66 66 65 65 65 65 65 65 65 65 65 65 65 65 65 64 64 64 64 64 64 64 64 63 63 63 63 63 63 63 63 62 62 62 62 62 62 62 62 62 62 62 62 0 0 0 0 0 0 0 0 0 0 0 0 0 0 0 0 0 0 0 0 0 0 0 0 0 0 0 0 0 0 0 0 0 0 0 0 0 0 0 0 0 0 0 0 0 0 0 
0 0 0 0 0 0 0 0 0 0 0 0 0 0 0 0 0 0 0 0 0 0 0 0 0 0 0 0 0 0 0 0 0 0 0 0 0 0 0 0 0 0 0 0 0 0 0 0 0 0 0 0 0 0 0 0 0 0 0 0 0 0 0 0 0 0 0 0 0 0 0 55 55 56 56 57 56 57 57 57 57 57 58 59 59 59 58 59 60 60 60 61 61 61 61 62 62 62 62 62 63 63 62 62 62 61 62 62 62 62 62 62 62 62 62 62 62 63 63 63 63 63 63 63 63 62 62 62 63 63 64 64 64 64 64 64 64 64 63 63 63 63 64 64 64 64 65 65 65 65 65 65 66 66 66 66 66 66 65 65 65 65 65 65 65 65 66 66 66 66 66 66 66 66 66 67 66 66 66 66 67 67 67 67 67 68 67 68 68 67 67 67 68 67 67 68 68 68 69 69 69 69 69 68 68 69 69 68 69 69 69 69 69 69 69 69 69 69 69 69 69 69 69 69 69 69 69 69 69 70 70 70 70 70 70 70 70 70 70 70 70 70 69 69 69 69 69 70 70 69 70 70 70 70 70 69 69 69 69 70 70 70 70 70 70 69 69 69 70 70 70 70 70 70 70 70 70 70 70 70 70 70 70 70 70 70 70 70 70 70 70 70 70 70 70 70 70 70 70 70 70 70 70 70 70 70 70 70 70 70 70 70 69 69 69 70 70 70 70 70 70 70 69 69 69 69 69 70 70 69 68 69 68 68 68 69 69 69 70 70 70 70 70 70 70 69 69 70 70 69 69 69 69 69 69 69 69 70 70 70 70 70 70 70 69 70 70 69 69 69 69 69 69 69 69 69 69 69 68 68 68 68 68 67 67 68 67 68 67 67 67 67 68 68 68 67 67 67 67 67 66 66 66 67 66 66 66 66 66 67 66 66 66 67 66 66 65 65 65 65 65 65 65 65 65 65 65 65 65 65 64 64 64 64 64 64 64 64 63 63 63 63 63 63 63 63 63 63 63 63 62 62 62 62 62 62 0 0 0 0 0 0 0 0 0 0 0 0 0 0 0 0 0 0 0 0 0 0 0 0 0 0 0 0 0 0 0 0 0 0 0 0 0 0 0 0 0 0 0 0 0 0 0 
0 0 0 0 0 0 0 0 0 0 0 0 0 0 0 0 0 0 0 0 0 0 0 0 0 0 0 0 0 0 0 0 0 0 0 0 0 0 0 0 0 0 0 0 0 0 0 0 0 0 0 0 0 0 0 0 0 0 0 0 0 0 0 0 0 0 0 0 0 0 0 0 56 56 56 57 57 57 57 57 57 57 58 59 60 60 59 59 60 60 60 61 61 62 62 62 62 62 62 63 63 63 63 63 63 63 62 62 62 62 62 62 63 62 62 63 63 63 63 64 64 64 64 63 63 63 63 63 62 63 63 64 64 64 64 64 64 64 63 63 64 64 65 64 65 65 65 65 65 65 65 65 65 65 66 66 66 66 66 66 66 65 66 66 65 65 65 66 66 66 66 66 66 66 67 67 67 67 67 67 67 67 67 67 67 68 68 68 68 67 68 68 68 68 68 68 68 68 68 68 69 69 69 69 69 69 69 69 69 70 70 69 69 69 69 69 69 69 69 69 69 69 69 69 69 69 69 69 69 69 70 70 70 70 70 70 70 70 70 70 70 70 69 69 70 70 70 70 70 70 70 70 70 70 70 70 70 70 70 70 70 70 70 70 70 70 70 70 70 70 70 70 70 70 70 70 70 70 70 70 70 70 70 70 70 70 70 70 70 70 70 70 70 70 70 70 70 70 70 70 70 70 70 70 70 70 70 70 70 70 70 70 70 70 70 70 70 70 70 70 70 70 70 70 69 69 70 70 70 69 69 69 68 68 69 69 69 70 70 70 70 70 70 70 70 70 70 70 70 70 70 69 69 69 69 70 69 69 70 70 70 70 70 69 69 70 70 70 69 69 70 69 69 69 69 69 69 69 68 68 68 68 68 68 68 67 67 67 67 67 67 67 67 67 68 67 67 67 67 68 67 67 66 67 67 67 66 67 66 67 67 67 66 67 67 66 66 65 65 65 66 66 65 65 65 65 65 65 65 65 65 64 64 64 64 64 64 64 64 63 63 63 63 63 63 63 63 63 63 63 62 62 62 62 62 62 63 0 0 0 0 0 0 0 0 0 0 0 0 0 0 0 0 0 0 0 0 0 0 0 0 0 0 0 0 0 0 0 0 0 0 0 0 0 0 0 0 0 0 0 0 0 0 
0 0 0 0 0 0 0 0 0 0 0 0 0 0 0 0 0 0 0 0 0 0 0 0 0 0 0 0 0 0 0 0 0 0 0 0 0 0 0 0 0 0 0 0 0 0 0 0 0 0 0 0 0 0 0 0 0 0 0 0 0 0 0 0 0 0 0 0 0 0 0 0 56 56 56 57 57 0 0 0 57 58 58 58 58 58 59 58 59 60 60 61 61 62 62 62 62 62 62 63 63 63 63 63 63 63 63 63 63 63 63 63 63 63 63 63 63 64 64 64 64 64 64 64 63 63 63 63 63 64 63 63 63 63 64 64 64 64 64 64 65 65 66 66 65 65 65 65 65 65 65 65 65 65 66 66 66 66 66 66 66 66 67 67 67 67 67 67 67 66 67 67 67 67 67 68 68 68 67 67 67 67 67 67 68 68 68 68 68 68 68 68 68 68 68 68 68 68 68 69 69 69 69 69 69 69 70 69 69 70 70 69 69 69 69 69 69 69 69 69 69 69 69 70 70 70 70 70 70 70 70 70 70 70 70 70 70 70 71 70 70 70 70 70 70 70 70 70 70 70 70 70 70 70 70 70 70 70 70 70 70 70 70 70 70 70 70 70 70 70 70 70 70 70 70 70 70 70 70 70 70 70 70 70 70 70 70 70 70 70 70 70 70 70 70 70 70 70 70 70 70 70 70 70 70 70 70 70 70 70 70 70 70 70 70 70 70 70 70 70 70 70 70 70 70 70 70 70 70 70 69 69 69 69 69 69 69 70 70 70 70 71 71 71 71 71 71 71 71 71 70 70 70 70 70 70 70 70 70 70 70 70 70 70 69 70 70 70 70 70 70 70 69 69 70 69 69 69 68 68 68 69 69 69 68 68 67 67 67 67 68 67 67 67 67 67 67 67 67 67 68 67 67 66 67 67 67 67 67 67 67 67 67 67 66 66 66 66 65 65 66 66 66 65 65 65 65 65 65 65 65 65 64 64 64 64 64 64 64 63 64 64 64 64 64 64 64 63 63 63 63 63 63 63 62 63 0 0 0 0 0 0 0 0 0 0 0 0 0 0 0 0 0 0 0 0 0 0 0 0 0 0 0 0 0 0 0 0 0 0 0 0 0 0 0 0 0 0 0 0 0 0 0 
0 0 0 0 0 0 0 0 0 0 0 0 0 0 0 0 0 0 0 0 0 0 0 0 0 0 0 0 0 0 0 0 0 0 0 0 0 0 0 0 0 0 0 0 0 0 0 0 0 0 0 0 0 0 0 0 0 0 0 0 0 0 0 0 0 0 0 0 0 0 0 0 0 0 56 57 0 0 0 0 57 58 58 58 58 58 59 59 59 59 60 60 61 61 62 62 62 63 63 63 63 63 63 63 63 64 64 64 64 64 64 64 64 63 63 63 64 64 64 64 63 63 63 64 63 63 63 63 64 64 63 64 64 64 64 64 65 65 65 65 65 65 66 66 66 66 66 66 65 66 66 66 66 66 66 66 66 66 66 66 67 67 67 67 68 68 68 68 68 68 68 68 68 68 68 68 68 68 68 68 68 67 67 68 68 68 68 68 68 68 68 68 68 68 69 69 69 69 69 69 69 69 70 70 70 70 71 70 70 71 70 70 70 70 70 70 69 69 69 69 69 69 69 69 70 70 70 70 70 70 70 71 70 70 70 71 71 71 71 71 71 71 70 70 70 70 70 70 70 70 70 70 70 70 70 70 70 70 70 70 70 70 70 70 70 70 70 70 70 70 70 70 70 70 70 70 70 70 70 70 70 70 70 70 70 70 70 70 70 70 71 71 70 70 70 70 70 70 70 70 70 70 70 70 70 70 70 70 70 70 70 70 70 70 70 70 70 70 70 70 70 70 70 70 70 70 70 70 70 70 70 70 70 70 70 70 70 70 71 71 71 71 72 72 72 71 71 71 71 71 71 71 71 71 71 71 71 70 70 70 70 70 70 70 70 70 70 70 70 70 70 70 70 70 70 70 70 70 69 69 69 69 69 69 69 68 68 67 68 67 67 67 67 67 67 67 67 67 67 67 67 68 68 67 67 67 67 67 67 67 67 67 67 67 67 66 66 66 66 66 66 66 66 66 66 65 65 65 65 65 65 65 65 65 64 64 64 64 64 64 64 64 64 64 64 64 64 64 63 63 63 63 63 63 63 63 0 0 0 0 0 0 0 0 0 0 0 0 0 0 0 0 0 0 0 0 0 0 0 0 0 0 0 0 0 0 0 0 0 0 0 0 0 0 0 0 0 0 0 0 0 0 0 
0 0 0 0 0 0 0 0 0 0 0 0 0 0 0 0 0 0 0 0 0 0 0 0 0 0 0 0 0 0 0 0 0 0 0 0 0 0 0 0 0 0 0 0 0 0 0 0 0 0 0 0 0 0 0 0 0 0 0 0 0 0 0 0 0 0 0 0 0 0 0 0 0 0 0 0 0 0 0 58 58 58 58 58 58 59 60 61 61 60 60 61 62 62 62 62 62 62 63 63 63 63 63 63 63 63 64 64 64 64 64 65 64 64 63 63 63 64 64 64 64 63 64 64 63 64 64 64 64 64 64 64 65 64 64 64 65 65 65 65 66 66 67 67 67 67 67 67 66 66 66 66 66 66 66 66 66 67 67 67 67 67 68 68 68 68 68 68 68 68 68 68 68 68 68 68 68 68 68 68 68 68 67 68 68 68 68 68 68 69 68 68 68 68 68 69 69 69 69 69 70 70 70 70 71 71 71 71 71 70 70 69 69 70 70 69 70 70 70 70 69 69 69 70 70 71 71 71 71 71 71 71 71 70 70 71 71 71 71 71 71 71 70 70 70 70 70 70 70 70 70 70 70 70 70 70 70 70 70 70 70 70 70 70 70 70 70 71 70 70 70 70 70 70 70 70 70 70 70 70 71 71 70 70 70 70 71 71 71 71 71 71 71 71 71 71 70 71 71 70 70 70 70 70 70 70 70 70 70 70 70 70 70 70 70 70 70 70 70 70 70 70 70 70 70 70 70 70 70 70 70 70 70 70 70 70 70 71 71 71 71 71 72 72 72 72 72 71 71 71 71 71 71 71 71 71 71 70 70 71 70 70 70 70 70 70 70 70 70 70 70 70 70 70 70 70 70 70 69 69 68 68 68 69 69 68 68 68 68 68 68 68 68 67 67 67 67 67 68 68 67 67 68 67 67 67 67 67 67 67 67 67 67 67 66 66 66 66 66 66 66 66 66 66 66 66 66 65 65 65 65 65 65 65 64 64 64 64 64 64 64 64 64 64 64 64 64 63 63 63 63 63 63 63 63 63 0 0 0 0 0 0 0 0 0 0 0 0 0 0 0 0 0 0 0 0 0 0 0 0 0 0 0 0 0 0 0 0 0 0 0 0 0 0 0 0 0 0 0 0 0 0 0 
0 0 0 0 0 0 0 0 0 0 0 0 0 0 0 0 0 0 0 0 0 0 0 0 0 0 0 0 0 0 0 0 0 0 0 0 0 0 0 0 0 0 0 0 0 0 0 0 0 0 0 0 0 0 0 0 0 0 0 0 0 0 0 0 0 0 0 0 0 0 0 0 0 0 0 0 0 0 57 58 58 58 58 59 59 59 59 60 61 61 61 62 63 62 62 62 63 63 63 63 63 63 63 63 63 63 63 64 64 64 64 64 64 64 64 65 64 64 63 63 64 64 64 64 63 64 65 65 65 65 65 65 65 65 65 65 65 66 66 66 66 67 67 68 68 68 67 67 67 67 67 67 67 67 66 66 67 67 67 68 68 68 68 69 68 68 68 68 68 69 68 68 68 68 68 68 68 68 68 68 68 68 68 68 68 68 68 68 69 69 69 68 68 68 69 69 69 69 70 70 70 70 70 70 70 70 70 71 71 70 70 70 70 69 69 70 71 70 70 70 70 70 70 70 70 71 71 71 71 71 71 71 71 71 71 71 71 71 71 71 71 71 70 70 71 70 70 70 70 71 70 70 70 70 70 70 70 70 70 71 70 70 70 70 70 70 71 71 70 70 70 71 71 71 71 71 71 70 70 70 71 71 71 70 71 71 71 71 71 71 71 71 71 71 71 71 71 71 71 71 71 71 71 71 71 70 70 70 71 71 71 70 70 70 70 70 70 70 70 70 70 70 70 70 70 70 70 70 70 70 70 70 70 70 71 71 71 71 71 71 72 72 72 72 72 72 72 72 72 72 72 72 71 71 71 71 70 71 71 71 71 71 70 71 70 70 70 70 70 70 70 70 70 70 70 70 70 69 69 69 68 68 68 68 69 69 68 68 68 68 68 68 68 68 67 67 67 67 68 68 68 67 67 68 68 67 67 67 67 67 67 67 67 67 66 66 66 66 66 66 66 66 66 66 66 66 66 66 66 65 65 65 65 65 64 64 64 64 64 64 64 64 64 64 64 64 64 63 63 63 63 63 63 63 63 63 0 0 0 0 0 0 0 0 0 0 0 0 0 0 0 0 0 0 0 0 0 0 0 0 0 0 0 0 0 0 0 0 0 0 0 0 0 0 0 0 0 0 0 0 0 0 0 
0 0 0 0 0 0 0 0 0 0 0 0 0 0 0 0 0 0 0 0 0 0 0 0 0 0 0 0 0 0 0 0 0 0 0 0 0 0 0 0 0 0 0 0 0 0 0 0 0 0 0 0 0 0 0 0 0 0 0 0 0 0 0 0 0 0 0 0 0 0 0 0 0 0 0 0 0 0 0 0 0 58 59 59 60 60 60 60 60 60 60 61 63 63 63 63 63 63 63 64 64 64 63 63 63 63 63 63 63 64 64 64 64 64 64 65 65 65 65 64 64 64 64 64 64 64 65 65 65 65 66 65 65 65 65 65 65 65 66 66 67 67 68 68 68 68 68 68 67 68 68 68 68 67 67 67 67 68 68 68 68 68 68 68 68 68 68 68 68 68 69 69 69 68 68 69 68 68 68 68 69 69 69 69 68 68 68 69 69 69 69 69 69 69 69 70 70 70 70 70 70 70 70 70 70 70 70 71 71 71 71 70 70 70 70 70 71 71 70 70 70 71 71 70 70 71 71 71 71 71 71 71 71 71 71 71 71 71 71 71 71 71 70 71 71 71 71 71 71 71 71 71 71 70 70 70 70 70 70 71 71 71 71 70 70 71 71 71 71 71 71 71 71 71 71 71 71 71 70 70 71 71 71 71 71 71 71 71 71 71 71 71 71 71 71 71 71 71 71 71 71 71 71 71 71 71 71 71 71 71 71 71 71 70 70 70 70 70 70 70 70 71 71 70 70 70 70 70 70 70 70 70 70 70 70 70 70 70 71 71 71 71 72 72 72 72 72 73 73 72 72 72 71 71 71 71 71 71 71 71 71 71 71 71 71 71 71 70 70 70 70 70 69 69 69 69 69 69 69 69 69 68 68 68 69 69 68 68 68 68 68 68 68 68 68 67 67 68 68 68 68 68 68 68 68 67 67 67 67 67 67 67 67 67 67 66 66 66 66 66 66 66 66 66 66 66 66 66 66 66 66 65 65 65 64 64 64 64 64 64 64 64 64 64 64 64 64 64 64 63 63 63 63 63 63 0 0 0 0 0 0 0 0 0 0 0 0 0 0 0 0 0 0 0 0 0 0 0 0 0 0 0 0 0 0 0 0 0 0 0 0 0 0 0 0 0 0 0 0 0 0 0 0 
0 0 0 0 0 0 0 0 0 0 0 0 0 0 0 0 0 0 0 0 0 0 0 0 0 0 0 0 0 0 0 0 0 0 0 0 0 0 0 0 0 0 0 0 0 0 0 0 0 0 0 0 0 0 0 0 0 0 0 0 0 0 0 0 0 0 0 0 0 0 0 0 0 0 0 0 0 0 0 0 0 58 58 59 59 60 59 59 59 59 60 61 61 62 63 63 64 64 64 64 64 64 64 64 63 63 63 63 64 64 65 65 65 65 64 64 65 65 65 65 65 65 65 65 65 65 65 65 65 65 65 65 65 65 65 66 66 66 66 67 67 67 68 68 67 68 68 67 67 68 68 68 68 68 68 68 68 68 68 68 69 68 68 68 69 69 69 69 68 68 69 68 68 68 68 68 69 68 68 68 69 69 69 69 69 69 69 69 69 69 69 69 69 69 70 70 70 70 70 70 70 70 70 70 70 71 70 71 71 71 71 71 71 71 71 71 71 71 71 71 71 71 71 71 71 71 71 71 71 71 71 71 71 71 71 71 71 71 71 71 71 71 70 71 71 71 71 71 71 71 71 71 71 71 71 71 71 71 71 71 71 71 71 71 71 71 71 71 71 71 71 71 71 71 71 71 71 71 71 71 71 71 71 71 71 71 71 71 71 71 71 71 71 71 71 71 71 71 71 71 71 71 71 71 71 71 71 71 71 71 71 71 71 71 70 71 71 71 70 71 70 71 70 70 70 70 71 71 70 70 70 70 70 70 70 69 69 70 70 70 70 70 71 71 71 72 72 72 72 71 71 72 71 71 72 72 71 72 72 72 72 72 72 72 72 71 71 71 71 70 70 70 69 69 69 69 69 69 69 69 69 69 68 69 69 69 69 69 69 68 68 68 68 68 68 68 67 67 68 68 67 68 68 68 68 68 67 67 67 68 67 68 68 67 67 67 67 66 66 66 66 66 66 66 66 66 66 66 66 66 66 65 65 65 65 64 64 64 64 64 64 64 64 64 64 64 64 64 64 64 63 64 64 63 63 0 0 0 0 0 0 0 0 0 0 0 0 0 0 0 0 0 0 0 0 0 0 0 0 0 0 0 0 0 0 0 0 0 0 0 0 0 0 0 0 0 0 0 0 0 0 0 0 
0 0 0 0 0 0 0 0 0 0 0 0 0 0 0 0 0 0 0 0 0 0 0 0 0 0 0 0 0 0 0 0 0 0 0 0 0 0 0 0 0 0 0 0 0 0 0 0 0 0 0 0 0 0 0 0 0 0 0 0 0 0 0 0 0 0 0 0 0 0 0 0 0 0 0 0 0 0 0 0 0 0 58 59 59 59 59 60 60 60 61 60 60 61 62 62 62 62 63 64 64 64 63 63 63 63 64 64 64 65 65 65 65 65 65 65 65 65 65 65 65 65 65 65 65 65 65 65 65 65 65 65 65 65 66 66 66 66 67 67 67 67 68 68 67 68 68 68 68 68 68 68 68 68 68 68 68 68 68 69 69 68 68 69 69 69 69 69 69 69 69 69 69 68 69 69 69 69 69 69 69 69 69 69 69 69 69 70 70 69 69 70 70 70 70 70 71 71 70 70 70 70 70 70 70 71 71 71 71 71 71 71 71 71 71 71 71 71 71 71 71 71 71 71 71 71 71 71 71 71 71 71 71 71 71 71 71 71 71 71 71 71 71 71 71 71 71 71 71 71 71 71 71 71 71 71 71 71 71 71 71 71 71 71 71 71 71 71 71 71 71 71 71 71 71 71 71 71 71 71 71 71 71 71 71 71 71 71 71 71 71 71 71 71 71 71 71 71 71 71 71 71 71 71 71 71 71 71 71 71 71 71 71 71 71 71 71 71 71 71 71 71 70 70 70 71 71 70 70 71 70 70 70 71 71 70 70 70 69 70 70 70 71 71 71 71 71 71 71 71 72 73 72 72 71 72 72 72 72 72 72 72 72 72 72 72 72 72 71 71 71 71 70 69 69 69 69 69 69 69 69 69 69 69 69 69 69 69 69 69 69 68 68 68 68 68 68 68 68 68 68 68 68 68 68 68 68 67 67 67 68 68 68 68 67 67 67 67 66 66 66 66 66 66 66 66 66 66 66 66 66 66 66 65 65 65 64 64 64 64 64 64 64 64 64 64 64 64 64 64 63 63 64 64 63 63 0 0 0 0 0 0 0 0 0 0 0 0 0 0 0 0 0 0 0 0 0 0 0 0 0 0 0 0 0 0 0 0 0 0 0 0 0 0 0 0 0 0 0 0 0 0 0 
0 0 0 0 0 0 0 0 0 0 0 0 0 0 0 0 0 0 0 0 0 0 0 0 0 0 0 0 0 0 0 0 0 0 0 0 0 0 0 0 0 0 0 0 0 0 0 0 0 0 0 0 0 0 0 0 0 0 0 0 0 0 0 0 0 0 0 0 0 0 0 0 0 0 0 0 0 0 0 0 0 0 0 58 59 59 60 60 60 60 61 60 60 61 62 61 61 62 62 62 63 63 63 63 63 63 64 64 64 64 64 65 65 65 65 65 65 65 65 64 65 65 65 65 66 65 65 65 65 65 65 65 65 66 66 67 66 66 66 66 67 67 67 67 68 67 68 68 68 68 68 68 69 68 68 68 68 68 68 69 69 69 69 69 69 69 69 69 69 70 70 70 69 69 68 69 69 69 69 69 69 69 69 70 70 70 70 70 70 70 70 70 70 71 71 71 71 71 71 71 71 71 71 71 71 71 71 71 71 70 71 71 71 71 71 71 71 71 71 71 71 71 71 71 71 71 71 71 71 71 71 71 71 71 71 71 71 71 71 71 72 72 71 71 71 71 71 71 71 71 71 71 71 71 71 71 71 71 71 71 71 71 71 71 71 71 71 71 71 71 71 71 71 71 71 71 71 71 71 71 71 71 71 71 71 71 71 71 71 71 71 71 71 71 71 71 71 71 71 71 71 71 71 71 71 71 71 71 71 71 71 71 71 71 71 71 71 71 71 71 71 71 71 70 70 70 70 70 71 71 71 71 70 70 71 71 72 71 70 70 70 70 70 71 71 71 71 71 71 71 72 72 72 72 71 72 72 71 71 72 73 73 72 72 72 72 72 72 72 72 72 71 70 69 69 69 69 69 70 69 69 69 69 69 69 69 69 69 69 69 69 69 69 68 67 68 68 68 68 68 68 68 68 68 68 68 68 68 67 67 68 68 68 68 68 67 67 67 67 66 66 66 66 66 66 66 66 66 66 66 66 66 66 65 65 64 64 64 64 64 64 64 64 64 64 64 64 64 64 64 63 64 64 64 64 64 0 0 0 0 0 0 0 0 0 0 0 0 0 0 0 0 0 0 0 0 0 0 0 0 0 0 0 0 0 0 0 0 0 0 0 0 0 0 0 0 0 0 0 0 0 0 0 
0 0 0 0 0 0 0 0 0 0 0 0 0 0 0 0 0 0 0 0 0 0 0 0 0 0 0 0 0 0 0 0 0 0 0 0 0 0 0 0 0 0 0 0 0 0 0 0 0 0 0 0 0 0 0 0 0 0 0 0 0 0 0 0 0 0 0 0 0 0 0 0 0 0 0 0 0 0 0 0 0 0 0 0 59 59 59 59 59 60 61 60 60 61 61 62 61 61 62 62 62 63 64 64 63 63 63 64 63 64 64 65 65 65 65 65 65 65 65 65 65 65 65 65 65 66 66 65 65 65 66 66 66 66 66 67 66 66 66 67 67 67 67 67 67 68 68 68 68 68 68 69 69 69 69 69 69 68 69 69 69 69 69 69 69 69 69 69 69 70 70 70 70 69 69 69 69 69 69 69 69 69 70 70 70 70 70 70 70 70 70 70 71 71 71 71 71 71 71 71 71 71 71 71 71 71 71 72 71 71 71 71 71 71 72 71 71 71 71 71 71 71 71 71 72 72 72 72 72 71 71 72 72 72 72 72 72 72 72 71 71 72 71 71 71 71 71 71 71 71 71 71 71 71 71 71 71 71 71 71 71 71 71 71 71 72 71 71 71 71 71 71 71 72 72 72 72 72 72 72 72 72 71 71 71 71 71 71 72 71 72 72 71 71 71 71 71 71 71 71 71 71 71 71 71 71 72 71 71 71 71 71 71 71 71 71 71 71 71 71 71 71 71 71 71 71 71 70 71 71 71 71 71 71 71 71 71 71 71 71 71 71 72 71 71 71 71 71 71 72 72 72 72 72 71 71 71 72 72 72 73 73 73 72 72 72 72 72 72 72 72 72 71 70 69 69 69 70 70 70 70 70 69 69 69 69 69 69 69 69 69 69 69 68 68 68 69 69 68 68 68 68 68 68 68 68 67 67 67 68 68 68 68 68 68 68 67 67 67 67 66 66 66 66 66 66 66 66 66 66 66 66 65 65 65 64 64 64 65 65 64 64 64 64 64 64 64 64 64 64 64 64 64 64 64 64 0 0 0 0 0 0 0 0 0 0 0 0 0 0 0 0 0 0 0 0 0 0 0 0 0 0 0 0 0 0 0 0 0 0 0 0 0 0 0 0 0 0 0 0 0 0 0 
0 0 0 0 0 0 0 0 0 0 0 0 0 0 0 0 0 0 0 0 0 0 0 0 0 0 0 0 0 0 0 0 0 0 0 0 0 0 0 0 0 0 0 0 0 0 0 0 0 0 0 0 0 0 0 0 0 0 0 0 0 0 0 0 0 0 0 0 0 0 0 0 0 0 0 0 0 0 0 0 0 0 0 0 0 0 0 0 0 60 60 60 0 0 61 62 61 62 62 62 63 63 64 64 64 64 63 63 64 64 65 65 65 65 66 65 65 65 66 65 65 65 65 65 65 66 66 66 66 66 66 66 66 66 66 66 66 66 67 67 67 67 68 68 68 68 68 68 68 68 69 69 69 69 69 69 69 69 69 69 69 69 69 69 69 69 69 69 69 70 70 70 70 70 70 70 70 69 69 69 69 69 70 70 70 70 70 70 70 70 70 71 71 71 71 71 71 71 71 71 71 71 71 71 71 71 71 71 71 71 71 71 71 71 71 72 72 72 71 71 71 72 72 72 72 72 72 72 72 72 72 72 72 72 72 72 72 72 72 72 72 72 71 71 71 71 71 71 71 71 71 71 71 71 72 71 71 71 71 71 71 71 71 71 71 72 72 72 72 72 72 72 72 72 72 72 72 72 72 71 71 71 71 71 72 71 71 71 71 71 72 71 71 71 71 71 71 71 71 71 71 71 71 72 72 72 72 72 72 72 72 71 71 71 71 71 72 71 71 71 71 72 71 71 71 71 71 71 71 71 71 71 71 72 72 71 71 70 71 71 71 72 72 72 72 71 71 71 72 72 72 72 71 71 72 72 72 72 72 72 73 72 72 72 72 72 72 73 72 72 72 72 72 71 70 69 69 69 70 70 70 70 70 69 69 69 69 69 69 69 69 69 69 69 69 69 69 69 69 68 68 68 68 68 68 68 67 68 68 68 68 68 68 67 68 68 67 67 67 67 67 67 67 67 67 67 66 66 66 66 66 66 65 65 65 65 65 65 65 65 65 65 64 64 64 64 64 64 64 64 64 64 64 64 64 64 64 0 0 0 0 0 0 0 0 0 0 0 0 0 0 0 0 0 0 0 0 0 0 0 0 0 0 0 0 0 0 0 0 0 0 0 0 0 0 0 0 0 0 0 0 0 0 
0 0 0 0 0 0 0 0 0 0 0 0 0 0 0 0 0 0 0 0 0 0 0 0 0 0 0 0 0 0 0 0 0 0 0 0 0 0 0 0 0 0 0 0 0 0 0 0 0 0 0 0 0 0 0 0 0 0 0 0 0 0 0 0 0 0 0 0 0 0 0 0 0 0 0 0 0 0 0 0 0 0 0 0 0 0 0 0 0 0 60 60 0 0 61 61 62 62 63 63 63 63 64 64 64 64 64 64 65 65 65 65 65 65 65 66 66 65 66 66 66 66 66 66 66 66 66 66 66 66 66 66 66 66 66 67 67 67 67 67 67 67 68 68 68 68 68 68 68 69 69 69 69 69 69 69 69 69 69 69 69 69 69 69 69 69 69 69 69 69 70 70 70 70 70 70 70 70 70 69 69 70 70 70 70 70 70 70 70 71 71 71 71 71 71 71 71 71 71 71 71 71 71 71 71 71 71 71 71 71 71 71 72 72 71 71 72 72 71 71 71 72 72 72 72 72 72 72 72 72 72 72 72 72 72 72 72 72 72 72 72 72 71 71 71 71 71 72 72 72 72 72 72 72 72 72 72 72 72 72 71 72 72 71 71 72 72 72 72 72 72 72 72 72 72 72 71 71 71 71 72 72 71 71 72 72 71 71 71 71 71 71 71 71 71 71 71 71 71 71 71 71 71 72 72 72 72 72 72 72 72 72 72 72 71 71 72 71 71 71 71 71 71 71 71 71 72 72 72 72 72 71 72 72 72 71 71 71 71 71 71 71 72 72 72 73 73 72 72 73 73 73 72 72 72 72 73 73 73 72 72 72 72 72 72 73 73 73 73 72 72 72 72 71 70 69 69 69 70 70 70 70 70 70 70 69 69 69 69 69 69 69 69 69 69 69 69 69 69 69 69 68 68 68 68 68 68 68 68 68 68 68 68 67 67 67 67 67 67 67 67 67 67 67 67 67 67 67 66 66 66 66 65 65 65 65 65 65 65 65 65 65 65 65 64 65 64 64 64 64 65 65 0 65 65 65 0 0 0 0 0 0 0 0 0 0 0 0 0 0 0 0 0 0 0 0 0 0 0 0 0 0 0 0 0 0 0 0 0 0 0 0 0 0 0 0 0 0 0 0 0 0 0 
0 0 0 0 0 0 0 0 0 0 0 0 0 0 0 0 0 0 0 0 0 0 0 0 0 0 0 0 0 0 0 0 0 0 0 0 0 0 0 0 0 0 0 0 0 0 0 0 0 0 0 0 0 0 0 0 0 0 0 0 0 0 0 0 0 0 0 0 0 0 0 0 0 0 0 0 0 0 0 0 0 0 0 0 0 0 0 0 0 0 60 60 0 0 61 61 61 62 63 62 62 63 64 64 65 65 64 64 64 65 65 65 65 65 65 65 66 66 66 66 66 66 66 66 66 66 66 66 67 67 67 66 66 67 67 67 67 67 67 67 67 68 69 69 68 68 68 69 69 69 69 69 69 69 69 69 70 70 69 69 69 69 69 69 69 69 70 69 69 69 70 70 70 70 70 70 70 70 70 70 70 70 70 70 70 70 70 70 71 71 71 71 71 71 71 71 71 71 71 71 71 71 71 72 72 72 72 71 71 71 72 71 72 72 72 71 72 72 72 72 72 72 72 72 72 72 72 72 72 72 72 72 72 72 72 73 73 72 73 73 72 72 71 71 71 71 72 71 71 72 72 72 72 72 72 72 72 72 72 72 72 72 72 72 72 72 72 72 72 72 72 72 72 72 72 72 72 72 72 72 72 72 72 72 72 72 72 71 71 71 71 71 71 71 71 71 71 71 71 71 71 71 72 71 72 72 72 72 72 72 72 72 72 72 72 72 72 72 72 71 71 71 71 72 71 71 72 72 72 72 71 72 72 72 72 72 72 72 72 72 72 72 72 72 72 72 72 73 73 72 73 73 73 73 72 72 72 73 73 73 73 73 73 73 73 73 73 73 73 73 72 72 72 71 70 69 69 69 70 70 70 70 70 70 70 70 70 70 69 69 69 69 69 69 69 69 69 69 69 69 69 69 68 68 68 68 68 68 68 68 68 68 68 68 67 67 67 67 67 67 67 67 67 67 67 67 67 67 67 66 66 65 65 65 66 66 66 66 65 65 65 65 65 65 65 65 65 65 65 0 0 0 0 0 0 0 0 0 0 0 0 0 0 0 0 0 0 0 0 0 0 0 0 0 0 0 0 0 0 0 0 0 0 0 0 0 0 0 0 0 0 0 0 0 0 0 0 0 0 0 0 0 0 
0 0 0 0 0 0 0 0 0 0 0 0 0 0 0 0 0 0 0 0 0 0 0 0 0 0 0 0 0 0 0 0 0 0 0 0 0 0 0 0 0 0 0 0 0 0 0 0 0 0 0 0 0 0 0 0 0 0 0 0 0 0 0 0 0 0 0 0 0 0 0 0 0 0 0 0 0 0 0 0 0 0 0 0 0 0 0 0 0 0 0 0 0 0 0 0 0 62 63 62 63 64 64 63 64 65 65 64 64 64 65 65 66 66 66 65 66 66 66 66 66 66 66 66 66 67 67 66 66 67 67 67 67 67 67 67 67 67 67 67 67 68 69 69 69 69 69 69 69 69 69 69 69 69 70 70 70 70 70 69 69 70 70 70 70 70 70 70 70 70 70 70 70 71 71 71 71 71 71 70 70 70 70 70 70 70 70 70 70 71 71 71 71 71 71 71 71 71 71 71 71 71 71 72 72 72 72 72 72 72 72 71 71 72 72 71 72 72 72 72 72 72 72 72 72 72 72 72 72 73 72 72 72 72 73 73 73 73 73 73 73 72 71 72 72 72 72 72 72 72 72 72 72 72 72 72 72 72 72 72 72 72 72 72 72 72 72 72 72 72 72 72 72 72 72 72 72 72 72 72 72 72 72 72 72 72 72 72 72 72 71 72 72 72 72 72 72 72 72 72 72 72 72 72 72 72 72 72 72 72 72 72 72 72 72 72 72 72 72 72 72 72 72 72 72 71 71 71 71 71 72 72 72 72 72 72 72 72 72 72 73 73 73 73 73 73 72 73 73 73 73 73 73 73 73 73 72 73 73 73 73 73 73 73 73 73 73 73 73 73 73 72 72 72 70 70 69 69 70 70 70 70 70 70 70 71 70 70 70 70 69 69 69 69 70 70 70 69 69 69 69 68 69 69 68 68 68 68 68 68 68 68 68 68 68 67 67 67 67 67 67 67 67 67 67 67 67 67 66 66 66 66 66 66 66 66 66 66 66 66 65 65 65 65 65 65 0 0 0 0 0 0 0 0 0 0 0 0 0 0 0 0 0 0 0 0 0 0 0 0 0 0 0 0 0 0 0 0 0 0 0 0 0 0 0 0 0 0 0 0 0 0 0 0 0 0 0 0 0 0 0 0 0 
0 0 0 0 0 0 0 0 0 0 0 0 0 0 0 0 0 0 0 0 0 0 0 0 0 0 0 0 0 0 0 0 0 0 0 0 0 0 0 0 0 0 0 0 0 0 0 0 0 0 0 0 0 0 0 0 0 0 0 0 0 0 0 0 0 0 0 0 0 0 0 0 0 0 0 0 0 0 0 0 0 0 0 0 0 0 0 0 0 0 0 0 0 0 0 0 62 62 62 62 62 63 63 63 64 65 65 64 64 65 65 66 66 66 66 66 66 66 66 66 66 66 66 66 66 67 67 66 66 67 67 67 67 67 67 67 67 67 67 67 68 68 69 69 69 69 69 69 69 69 69 69 70 69 69 70 70 70 70 70 70 70 70 70 70 70 70 70 70 70 70 70 70 70 71 71 71 71 71 71 71 71 70 71 71 71 71 71 71 71 71 71 71 71 71 71 71 71 71 71 71 71 71 71 72 72 72 72 72 72 72 72 71 71 72 72 72 72 72 72 72 72 72 72 72 72 72 72 72 72 73 73 72 73 73 73 73 73 73 73 73 73 72 72 72 72 72 72 72 72 72 72 72 72 72 72 72 72 72 72 72 72 72 72 72 72 73 72 72 72 73 72 72 72 72 73 72 72 72 72 72 72 72 72 72 72 73 72 72 72 72 72 72 72 72 72 72 72 72 72 72 72 72 72 72 72 72 72 72 72 72 72 72 72 72 72 72 72 72 72 72 72 72 72 72 72 72 72 72 72 72 71 72 72 72 72 72 72 72 73 73 73 73 74 73 73 73 73 73 73 72 72 73 73 73 74 74 74 74 73 73 73 73 73 73 73 73 73 73 73 73 73 72 72 71 70 69 70 70 70 70 70 70 70 70 70 70 70 70 70 70 69 70 69 70 70 70 69 69 69 69 69 69 69 69 68 68 68 69 69 68 68 68 68 68 68 67 67 67 67 67 67 67 67 67 67 67 66 66 66 66 66 66 66 66 66 66 66 66 66 66 66 65 66 65 65 66 0 0 0 0 0 0 0 0 0 0 0 0 0 0 0 0 0 0 0 0 0 0 0 0 0 0 0 0 0 0 0 0 0 0 0 0 0 0 0 0 0 0 0 0 0 0 0 0 0 0 0 0 0 0 0 0 
0 0 0 0 0 0 0 0 0 0 0 0 0 0 0 0 0 0 0 0 0 0 0 0 0 0 0 0 0 0 0 0 0 0 0 0 0 0 0 0 0 0 0 0 0 0 0 0 0 0 0 0 0 0 0 0 0 0 0 0 0 0 0 0 0 0 0 0 0 0 0 0 0 0 0 0 0 0 0 0 0 0 0 0 0 0 0 0 0 0 0 0 0 0 0 0 62 63 64 64 63 63 63 64 64 65 65 64 65 65 65 66 66 66 66 66 66 66 66 66 67 66 67 67 67 67 67 67 67 67 67 67 67 67 67 68 67 67 67 68 68 68 69 69 69 69 70 70 69 69 69 69 69 69 70 70 70 70 70 70 70 70 70 70 70 70 70 70 70 70 70 70 70 71 71 71 71 71 71 71 71 71 70 70 71 71 71 71 71 71 72 72 71 71 71 71 72 72 71 72 72 72 72 72 72 72 72 71 71 71 72 71 71 72 72 72 72 72 72 72 72 72 72 72 72 72 72 72 73 73 73 73 73 73 73 73 73 73 73 73 73 73 72 72 72 72 72 72 72 72 72 72 72 72 72 72 72 72 72 72 72 72 72 72 72 72 72 73 73 73 72 72 73 72 73 73 73 73 73 72 72 72 72 72 72 72 73 72 72 72 72 72 72 72 72 72 72 72 72 72 72 72 72 72 72 72 72 72 72 72 72 72 72 72 72 72 72 72 72 72 72 72 72 72 72 72 72 72 72 73 72 72 72 72 72 72 72 72 72 73 73 73 73 73 73 73 73 73 73 73 73 73 73 73 73 74 74 74 74 73 73 73 73 73 73 73 73 73 73 73 73 73 72 72 71 70 70 70 70 70 70 70 70 71 71 70 70 70 70 70 70 70 70 70 70 70 70 70 70 69 69 69 69 69 69 68 68 68 68 68 68 68 68 68 68 68 68 68 68 67 67 67 67 67 67 67 67 66 67 66 67 67 67 67 67 67 67 66 66 66 66 66 66 66 66 66 66 0 0 0 0 0 0 0 0 0 0 0 0 0 0 0 0 0 0 0 0 0 0 0 0 0 0 0 0 0 0 0 0 0 0 0 0 0 0 0 0 0 0 0 0 0 0 0 0 0 0 0 0 0 0 0 0 
0 0 0 0 0 0 0 0 0 0 0 0 0 0 0 0 0 0 0 0 0 0 0 0 0 0 0 0 0 0 0 0 0 0 0 0 0 0 0 0 0 0 0 0 0 0 0 0 0 0 0 0 0 0 0 0 0 0 0 0 0 0 0 0 0 0 0 0 0 0 0 0 0 0 0 0 0 0 0 0 0 0 0 0 0 0 0 0 0 0 0 0 0 0 0 0 0 63 64 64 64 63 63 63 64 65 65 64 65 65 65 65 66 66 66 67 67 66 66 66 66 67 67 67 67 67 67 67 67 67 67 67 67 67 67 68 68 68 68 68 68 68 69 69 69 70 70 70 69 69 69 69 69 69 69 70 70 70 70 70 70 70 70 70 70 70 70 70 70 70 70 70 71 71 71 71 71 71 71 72 71 71 71 70 71 71 71 71 71 71 72 72 72 71 71 72 72 72 72 72 72 72 72 72 72 72 72 72 72 72 72 72 72 72 72 72 72 72 73 73 73 73 72 72 72 73 73 73 73 73 73 73 73 73 73 73 73 73 73 73 73 73 72 72 72 73 73 72 72 72 72 72 72 72 72 72 72 73 73 73 73 73 73 73 73 73 73 73 73 73 73 73 73 73 73 73 73 73 73 73 73 73 73 73 73 73 73 72 72 72 72 72 72 72 72 72 72 72 72 72 72 72 72 72 72 72 72 72 72 72 72 72 72 72 72 72 72 72 72 72 72 72 72 73 73 73 73 73 72 73 73 72 72 72 72 72 72 73 73 73 73 73 74 74 74 74 73 73 73 73 73 74 74 73 73 74 74 73 73 73 74 73 74 73 73 73 73 73 73 73 73 72 72 71 71 70 70 70 70 70 70 70 70 71 71 71 70 70 70 70 70 70 70 70 70 70 70 70 70 70 70 69 69 69 69 69 69 69 68 69 69 68 68 68 68 68 68 68 68 68 68 67 67 67 67 67 67 67 67 67 67 67 67 67 67 67 67 67 67 67 66 66 66 66 66 66 0 0 0 0 0 0 0 0 0 0 0 0 0 0 0 0 0 0 0 0 0 0 0 0 0 0 0 0 0 0 0 0 0 0 0 0 0 0 0 0 0 0 0 0 0 0 0 0 0 0 0 0 0 0 0 0 0 
0 0 0 0 0 0 0 0 0 0 0 0 0 0 0 0 0 0 0 0 0 0 0 0 0 0 0 0 0 0 0 0 0 0 0 0 0 0 0 0 0 0 0 0 0 0 0 0 0 0 58 59 0 0 0 0 0 0 0 0 0 0 0 0 0 0 0 0 0 0 0 0 0 0 0 0 0 0 0 0 0 0 0 0 0 0 0 0 0 0 0 0 0 0 0 0 63 63 64 64 64 64 64 63 64 65 65 64 65 65 65 65 66 67 67 67 67 67 67 67 67 66 66 67 67 67 67 67 67 67 67 67 67 68 68 68 68 68 69 69 69 69 69 69 69 70 70 70 70 70 70 70 69 69 69 69 69 69 70 70 70 70 70 70 70 70 70 71 71 71 71 71 71 71 71 71 71 71 72 72 72 72 71 71 71 71 71 71 71 71 71 72 72 72 71 72 72 72 72 72 72 72 72 72 72 72 73 73 72 72 72 72 72 72 72 72 72 72 73 73 73 73 73 73 73 73 73 73 73 73 73 73 73 73 73 73 73 73 73 73 73 73 72 73 73 73 73 73 73 73 73 73 73 73 73 73 73 73 73 73 73 73 73 73 73 73 73 73 73 73 73 73 73 73 74 73 73 73 73 73 73 73 73 73 73 73 73 73 72 72 72 72 72 73 73 73 73 73 73 73 73 72 72 72 72 72 72 72 72 72 72 72 73 73 72 72 72 72 72 72 72 72 72 72 72 73 73 72 73 73 73 73 73 73 73 73 73 73 73 73 73 73 73 73 74 74 74 74 74 74 74 74 74 74 74 74 74 74 73 73 73 73 73 73 73 73 73 73 73 73 72 72 72 72 72 71 71 70 70 70 70 71 71 71 71 71 71 70 70 71 71 70 71 70 70 70 70 70 70 70 70 70 69 69 69 69 69 69 69 69 69 69 68 68 68 68 68 68 68 68 68 68 68 68 67 67 67 67 67 68 68 68 68 67 67 0 0 0 0 0 0 0 0 0 0 0 0 0 0 0 0 0 0 0 0 0 0 0 0 0 0 0 0 0 0 0 0 0 0 0 0 0 0 0 0 0 0 0 0 0 0 0 0 0 0 0 0 0 0 0 0 0 0 0 0 0 0 0 0 0 0 0 0 
0 0 0 0 0 0 0 0 0 0 0 0 0 0 0 0 0 0 0 0 0 0 0 0 0 0 0 0 0 0 0 0 0 0 0 0 0 0 0 0 0 0 0 0 0 0 0 0 0 0 59 61 60 0 0 0 0 0 0 0 0 0 0 0 0 0 0 0 0 0 0 0 0 0 0 0 0 0 0 0 0 0 0 0 0 0 0 0 0 0 0 0 0 63 63 63 63 64 64 65 65 65 65 64 64 64 64 64 65 65 65 66 66 67 67 67 67 67 67 66 66 67 67 67 67 67 67 67 67 67 67 67 67 68 68 68 68 68 68 68 68 69 70 69 70 70 70 70 70 70 71 70 70 70 70 70 70 70 70 70 70 70 71 71 71 70 70 71 71 71 71 71 71 71 71 71 71 72 72 72 72 72 72 71 71 71 72 72 71 71 71 72 72 72 72 72 72 72 72 72 72 72 72 72 72 72 73 73 73 73 73 73 73 73 73 73 73 72 72 73 73 73 73 73 73 73 73 73 73 73 73 73 73 74 74 73 73 73 73 73 73 73 73 73 73 73 73 73 73 73 73 73 73 73 73 73 73 73 73 73 73 73 73 73 73 73 73 73 73 73 73 73 73 73 73 74 73 73 73 73 73 73 73 73 73 73 73 73 73 72 72 72 73 73 73 73 73 73 73 73 73 73 73 73 72 72 72 72 73 73 72 72 73 73 73 72 72 72 72 72 72 72 72 73 72 72 72 73 73 73 73 73 73 73 73 73 73 73 73 73 74 73 74 74 74 74 74 74 74 74 74 74 74 74 74 75 74 73 74 74 74 73 74 74 74 74 74 73 73 73 73 72 73 73 72 71 71 70 70 70 70 71 71 71 71 71 71 71 71 71 71 71 71 71 70 70 70 70 70 70 70 70 70 70 70 70 70 69 69 69 69 69 68 68 68 68 68 68 68 68 68 68 68 67 67 67 68 68 68 68 68 0 0 0 0 0 0 0 0 0 0 0 0 0 0 0 0 0 0 0 0 0 0 0 0 0 0 0 0 0 0 0 0 0 0 0 0 0 0 0 0 0 0 0 0 0 0 0 0 0 0 0 0 0 0 0 0 0 0 0 0 0 0 0 0 0 0 0 0 0 0 0 0 
0 0 0 0 0 0 0 0 0 0 0 0 0 0 0 0 0 0 0 0 0 0 0 0 0 0 0 0 0 0 0 0 0 0 0 0 0 0 0 0 0 0 0 0 0 0 0 0 0 0 59 61 62 61 59 59 59 59 59 0 0 0 0 0 0 0 0 0 0 0 0 0 0 0 0 0 0 0 0 0 0 0 0 0 0 0 0 0 0 0 62 62 63 64 64 63 64 64 65 65 65 65 65 65 64 65 65 65 65 65 65 66 66 67 67 67 67 67 67 67 67 67 67 67 67 67 68 68 68 67 67 67 68 68 68 68 68 68 68 68 69 69 70 70 70 70 70 70 70 70 70 70 71 71 70 71 71 71 71 70 70 70 70 71 71 71 71 71 71 71 71 71 71 71 72 72 71 72 72 72 72 72 72 72 72 72 72 72 72 72 72 72 72 72 72 72 72 72 72 72 72 72 72 72 73 73 73 74 73 73 73 73 73 73 73 73 73 73 73 73 73 73 73 73 73 73 73 73 73 73 73 73 73 73 74 74 73 73 73 73 73 74 73 73 73 73 73 73 73 73 73 73 73 73 73 73 73 73 73 73 73 73 73 73 73 73 73 74 74 73 73 73 73 73 73 73 74 73 73 73 73 73 73 73 73 73 73 73 73 73 73 73 73 73 73 73 73 73 73 73 73 73 73 73 73 73 73 73 73 73 73 73 73 73 73 72 72 72 73 73 73 73 72 72 72 73 73 73 73 73 73 74 74 73 73 73 73 73 73 74 74 74 74 74 74 74 74 74 74 74 74 74 74 74 74 75 74 74 74 74 74 74 74 74 74 74 74 73 73 73 73 74 74 73 72 71 71 70 71 71 71 71 71 71 71 71 71 71 71 71 71 71 71 71 71 70 70 70 70 70 70 70 70 70 70 70 70 70 70 69 69 69 69 69 68 68 68 68 69 68 68 68 68 68 68 68 68 68 68 68 68 0 0 0 0 0 0 0 0 0 0 0 0 0 0 0 0 0 0 0 0 0 0 0 0 0 0 0 0 0 0 0 0 0 0 0 0 0 0 0 0 0 0 0 0 0 0 0 0 0 0 0 0 0 0 0 0 0 0 0 0 0 0 0 0 0 0 0 0 0 0 0 0 
0 0 0 0 0 0 0 0 0 0 0 0 0 0 0 0 0 0 0 0 0 0 0 0 0 0 0 0 0 0 0 0 0 0 0 0 0 0 0 0 0 0 0 0 0 0 0 0 0 0 59 60 62 62 61 60 61 62 62 60 59 0 0 0 0 0 0 0 0 0 0 0 0 0 0 0 0 0 0 0 0 0 0 0 0 0 0 0 0 0 63 63 64 64 65 65 65 65 66 66 65 65 65 64 65 65 66 65 65 65 65 66 67 67 67 67 67 67 67 68 68 68 68 68 68 68 68 68 68 68 68 67 67 68 68 68 68 68 68 69 69 69 70 70 70 70 70 70 70 70 71 70 71 70 70 70 71 71 71 71 71 70 70 71 71 71 71 71 71 71 71 71 71 71 71 71 71 72 72 72 72 72 72 72 72 72 72 72 72 72 72 73 72 72 72 72 73 73 72 72 72 73 73 73 73 73 73 73 73 73 73 73 73 73 73 73 73 73 73 73 73 73 73 73 73 74 74 74 74 73 73 73 73 73 74 74 74 73 73 74 74 74 73 73 73 73 73 73 73 73 73 73 73 73 73 73 73 73 73 73 73 73 73 74 74 74 74 74 74 74 73 73 73 73 73 73 73 74 73 73 73 73 73 73 73 73 73 73 73 73 73 73 73 73 73 73 73 73 73 73 73 73 73 73 73 73 73 73 73 73 73 73 73 73 73 73 72 73 73 73 73 73 73 73 73 74 73 74 74 73 73 74 74 73 73 73 73 74 74 74 74 74 74 75 75 74 74 75 75 74 74 74 74 74 75 75 75 74 74 74 74 74 74 74 74 74 73 74 74 73 74 74 73 73 72 71 71 71 71 71 71 71 71 71 71 71 71 71 71 71 71 71 71 71 71 71 70 70 70 70 70 70 70 70 70 70 70 70 70 70 69 69 69 69 69 69 69 69 69 69 68 68 68 68 68 68 68 68 68 68 68 0 0 0 0 0 0 0 0 0 0 0 0 0 0 0 0 0 0 0 0 0 0 0 0 0 0 0 0 0 0 0 0 0 0 0 0 0 0 0 0 0 0 0 0 0 0 0 0 0 0 0 0 0 0 0 0 0 0 0 0 0 0 0 0 0 0 0 0 0 0 0 0 
0 0 0 0 0 0 0 0 0 0 0 0 0 0 0 0 0 0 0 0 0 0 0 0 0 0 0 0 0 0 0 0 0 0 0 0 0 0 0 0 0 0 0 0 0 0 0 0 0 0 0 59 61 62 62 62 61 63 63 63 61 60 60 60 60 0 0 0 0 0 0 0 0 0 0 0 0 0 0 0 0 0 0 0 0 0 0 0 63 63 63 63 64 64 65 65 65 65 65 66 66 66 65 65 65 65 66 66 66 66 65 66 66 66 67 68 67 68 68 68 68 68 68 68 68 68 68 68 68 68 68 68 69 68 68 68 68 69 69 69 69 69 70 70 70 70 70 70 70 70 70 71 71 71 71 70 70 71 71 71 71 71 70 71 71 71 71 71 71 72 71 72 71 71 71 72 72 72 72 72 72 72 72 72 72 72 73 72 72 72 72 72 72 72 72 73 73 73 73 73 73 73 73 73 74 73 73 73 73 73 73 73 73 73 73 73 73 73 73 73 73 73 73 74 73 74 74 74 74 74 74 74 74 74 74 74 74 74 74 74 74 74 73 73 73 73 73 73 73 73 73 73 73 73 73 73 73 73 73 73 74 74 74 74 74 74 74 74 74 74 74 73 73 73 73 74 73 73 73 73 73 73 73 73 73 73 73 73 73 73 73 73 73 73 73 73 73 73 73 73 73 73 73 73 73 73 73 73 73 73 73 73 73 73 73 73 73 73 73 73 73 73 73 73 73 74 74 74 73 73 73 74 74 73 73 73 73 73 74 74 74 74 75 75 75 75 75 75 75 75 75 75 75 75 75 75 75 75 74 74 74 74 75 74 74 74 74 74 74 74 74 73 73 72 72 72 72 71 71 71 71 71 71 71 71 71 71 71 71 71 71 71 71 71 71 71 71 71 70 70 70 70 70 71 71 70 70 70 70 69 69 69 69 69 69 69 69 69 69 69 69 68 68 68 68 68 68 68 68 68 68 0 0 0 0 0 0 0 0 0 0 0 0 0 0 0 0 0 0 0 0 0 0 0 0 0 0 0 0 0 0 0 0 0 0 0 0 0 0 0 0 0 0 0 0 0 0 0 0 0 0 0 0 0 0 0 0 0 0 0 0 0 0 0 0 0 0 0 0 0 0 0 0 
0 0 0 0 0 0 0 0 0 0 0 0 0 0 0 0 0 0 0 0 0 0 0 0 0 0 0 0 0 0 0 0 0 0 0 0 0 0 0 0 0 0 0 0 0 0 0 0 0 0 0 0 60 61 61 62 62 63 64 64 63 62 62 62 61 60 0 0 0 0 0 0 0 0 0 0 0 0 0 0 0 0 0 0 0 0 62 63 63 63 63 63 64 65 65 65 65 65 65 66 66 65 65 65 66 66 66 67 66 66 66 67 66 67 67 67 67 68 68 68 68 68 68 68 68 68 68 68 68 68 69 69 69 69 68 68 68 68 69 69 69 69 70 70 70 70 70 70 70 71 70 70 71 71 71 71 71 71 70 70 71 71 71 71 71 71 72 72 72 72 72 72 72 72 71 72 72 72 72 72 72 72 72 72 72 72 73 72 72 72 72 72 72 72 73 73 73 74 74 73 73 74 74 74 74 74 73 73 73 73 73 73 73 73 73 73 73 73 73 73 73 74 74 74 74 74 74 74 74 74 74 74 74 74 74 74 74 74 74 74 74 74 73 73 73 73 73 73 73 73 73 73 73 73 73 73 74 74 74 74 74 74 74 74 74 74 74 74 74 73 74 74 73 73 73 74 74 73 73 73 73 73 73 73 73 73 73 73 73 73 73 73 73 73 73 73 73 73 73 73 73 73 73 73 73 73 73 73 73 73 73 73 73 73 73 73 73 73 73 73 73 73 73 73 73 73 74 73 73 74 74 73 73 73 73 73 73 74 74 74 74 74 75 75 75 75 75 75 75 75 75 75 75 75 75 75 75 75 75 74 74 74 74 74 74 74 74 74 74 73 73 73 73 73 72 72 72 71 71 71 72 71 71 71 71 72 72 72 71 71 71 71 71 71 71 71 71 71 71 71 71 70 71 71 71 70 70 70 70 70 69 70 69 69 70 69 69 69 69 69 69 69 69 69 68 68 68 68 68 68 68 69 0 0 0 0 0 0 0 0 0 0 0 0 0 0 0 0 0 0 0 0 0 0 0 0 0 0 0 0 0 0 0 0 0 0 0 0 0 0 0 0 0 0 0 0 0 0 0 0 0 0 0 0 0 0 0 0 0 0 0 0 0 0 0 0 0 0 0 0 0 0 0 
0 0 0 0 0 0 0 0 0 0 0 0 0 0 0 0 0 0 0 0 0 0 0 0 0 0 0 0 0 0 0 0 0 0 0 0 0 0 0 0 0 0 0 0 0 0 0 0 0 0 0 0 0 61 62 62 63 63 63 64 64 63 63 62 61 61 61 0 0 0 61 61 0 0 0 0 0 0 0 0 0 0 0 0 0 0 63 63 63 63 63 63 65 65 65 65 65 65 66 66 66 66 65 65 66 67 67 67 67 66 67 68 68 68 67 68 68 68 68 67 67 67 68 68 68 68 68 68 68 68 69 69 69 69 69 69 69 68 68 69 69 69 70 70 70 70 70 70 71 71 70 70 71 71 71 72 71 71 71 71 71 70 70 70 71 72 72 72 72 72 72 72 72 72 72 72 72 72 72 72 72 72 73 73 73 73 73 73 73 72 72 72 73 73 73 73 73 73 73 73 73 73 74 74 74 74 74 74 73 73 73 73 73 73 73 73 73 73 74 74 74 74 74 74 74 74 74 74 74 74 74 74 74 74 74 74 74 74 74 74 74 74 73 73 73 73 73 73 74 73 73 74 74 73 73 73 74 74 74 74 74 74 74 74 74 74 74 74 74 74 73 73 73 73 73 73 74 74 74 74 74 74 73 73 74 74 74 74 74 74 74 74 73 73 74 73 73 73 73 73 74 74 74 74 74 74 73 73 73 73 73 73 73 73 73 73 73 73 73 73 73 73 73 73 74 74 74 74 73 73 74 73 73 73 73 74 74 74 74 74 75 75 75 75 75 75 75 75 75 75 75 75 75 75 75 75 75 75 74 74 74 74 74 74 74 74 74 74 74 74 73 73 73 73 72 72 71 72 72 72 72 72 71 71 71 71 72 72 72 71 71 71 71 71 71 71 71 71 71 71 71 71 71 71 71 71 70 70 70 70 70 70 70 69 69 69 69 69 69 69 69 69 69 68 68 68 68 68 68 68 69 0 0 0 0 0 0 0 0 0 0 0 0 0 0 0 0 0 0 0 0 0 0 0 0 0 0 0 0 0 0 0 0 0 0 0 0 0 0 0 0 0 0 0 0 0 0 0 0 0 0 0 0 0 0 0 0 0 0 0 0 0 0 0 0 0 0 0 0 0 0 0 0 
0 0 0 0 0 0 0 0 0 0 0 0 0 0 0 0 0 0 0 0 0 0 0 0 0 0 0 0 0 0 0 0 0 0 0 0 0 0 0 0 0 0 0 0 0 0 0 0 0 0 0 0 61 62 63 63 64 64 63 64 64 63 63 62 62 63 63 63 63 63 63 62 62 62 62 62 62 62 62 62 62 62 62 62 63 63 63 63 64 64 64 64 65 65 65 65 65 66 66 66 66 66 66 66 66 67 67 67 67 67 67 67 68 68 68 68 68 68 68 68 68 68 68 68 68 68 68 68 68 68 69 69 69 69 70 70 70 69 69 69 69 70 70 70 70 71 70 71 71 71 71 71 71 71 72 71 72 72 72 72 72 71 71 70 71 71 72 72 72 72 72 72 72 72 72 72 72 72 72 73 73 73 73 73 73 73 73 73 73 73 73 73 73 73 73 73 73 73 73 73 73 73 74 74 75 74 74 74 73 73 73 73 74 74 73 73 74 74 74 74 74 74 74 74 74 74 74 74 74 74 74 74 74 74 74 74 74 75 74 75 74 75 74 74 74 74 73 73 74 74 74 74 74 74 74 74 74 73 74 74 74 74 74 74 74 74 74 74 74 74 74 74 74 74 74 73 74 74 74 74 74 74 74 74 74 74 74 74 74 74 74 74 74 74 74 73 73 73 73 73 73 74 74 74 74 74 74 74 73 73 74 74 74 73 73 73 73 73 73 73 73 73 73 74 74 74 74 73 74 73 73 73 73 73 73 74 74 74 74 74 75 75 75 75 75 75 75 75 75 75 75 75 75 75 75 75 75 75 74 74 74 74 75 74 74 73 74 74 74 74 73 73 72 72 72 72 72 72 72 72 72 72 72 72 71 72 72 72 72 72 71 71 72 72 71 71 72 71 71 71 71 71 71 71 71 71 70 70 70 70 70 70 70 70 70 69 70 69 69 69 69 69 69 69 69 69 69 69 69 69 69 0 0 0 0 0 0 0 0 0 0 0 0 0 0 0 0 0 0 0 0 0 0 0 0 0 0 0 0 0 0 0 0 0 0 0 0 0 0 0 0 0 0 0 0 0 0 0 0 0 0 0 0 0 0 0 0 0 0 0 0 0 0 0 0 0 0 0 0 0 0 0 0 
0 0 0 0 0 0 0 0 0 0 0 0 0 0 0 0 0 0 0 0 0 0 0 0 0 0 0 0 0 0 0 0 0 0 0 0 0 0 0 0 0 0 0 0 0 0 0 0 0 0 0 0 0 0 62 64 64 63 63 64 64 63 62 62 62 63 63 64 64 64 64 64 64 63 63 63 64 64 63 63 63 63 63 63 63 64 64 64 64 65 64 64 65 65 65 65 66 66 66 66 66 66 66 66 66 67 67 67 67 67 67 67 68 68 69 69 69 69 68 68 68 68 68 68 68 68 68 69 69 69 69 69 69 69 70 70 70 70 70 69 69 70 71 71 70 71 71 71 71 71 71 71 71 72 72 71 72 72 72 72 72 72 72 71 71 71 71 71 72 72 72 72 72 72 72 72 72 72 73 73 73 73 73 73 73 73 73 73 73 73 73 73 73 73 73 73 73 73 74 73 73 74 74 74 74 75 75 75 74 74 74 74 74 74 74 74 74 74 74 74 74 74 74 74 74 74 74 74 74 74 74 74 74 74 74 74 75 75 75 75 75 75 74 74 74 74 74 74 74 74 74 74 74 74 74 74 74 74 74 74 74 74 74 74 74 74 74 74 74 74 74 74 74 74 74 74 74 74 74 74 74 74 74 74 74 74 74 74 74 74 74 74 74 74 74 73 73 73 74 74 73 74 74 74 74 74 74 74 74 74 74 74 74 74 74 74 74 74 74 74 74 74 74 74 74 73 73 74 74 74 74 74 74 73 73 73 74 74 74 74 75 75 75 75 75 75 75 75 75 75 75 75 75 75 75 75 75 75 74 74 74 74 74 74 74 73 73 74 74 74 74 73 73 72 72 72 72 72 72 72 72 72 72 72 72 72 72 72 72 72 72 71 72 72 72 72 72 72 71 71 71 71 71 71 71 71 71 70 70 70 70 70 70 70 70 70 70 70 69 69 69 69 69 69 69 69 69 69 69 69 69 0 0 0 0 0 0 0 0 0 0 0 0 0 0 0 0 0 0 0 0 0 0 0 0 0 0 0 0 0 0 0 0 0 0 0 0 0 0 0 0 0 0 0 0 0 0 0 0 0 0 0 0 0 0 0 0 0 0 0 0 0 0 0 0 0 0 0 0 0 0 0 0 
0 0 0 0 0 0 0 0 0 0 0 0 0 0 0 0 0 0 0 0 0 0 0 0 0 0 0 0 0 0 0 0 0 0 0 0 0 0 0 0 0 0 0 0 0 0 0 0 0 0 0 0 0 0 0 63 63 63 64 64 64 63 62 63 62 63 63 64 65 65 65 65 65 65 65 65 65 65 65 65 64 64 64 64 64 64 64 64 64 64 65 65 66 66 65 65 66 66 66 66 66 66 67 67 66 67 67 67 67 67 68 68 68 69 69 69 69 69 69 69 68 69 69 69 69 69 69 69 69 69 69 69 70 70 70 69 70 70 70 69 69 70 71 71 71 71 71 71 71 71 71 71 72 72 72 72 72 72 72 72 72 72 72 72 72 72 72 72 72 72 72 73 72 73 73 73 73 73 73 73 73 73 73 73 73 73 73 73 73 73 73 73 73 73 74 74 74 74 74 74 74 74 74 74 74 75 74 75 75 74 74 75 75 74 74 74 74 74 74 74 74 74 75 75 74 75 75 75 75 74 74 74 74 75 75 75 75 75 75 75 75 75 74 74 74 74 74 74 74 74 74 75 74 75 75 74 74 74 74 74 74 74 74 75 74 74 74 74 74 74 74 74 74 74 74 74 74 74 74 74 74 74 74 74 74 74 74 74 74 74 74 74 74 74 74 74 74 74 74 74 74 74 74 74 74 74 74 74 74 74 74 74 74 74 74 74 74 74 74 74 74 74 74 74 73 73 74 74 75 75 74 75 74 74 74 74 74 75 75 75 75 75 75 75 75 75 75 75 76 76 76 75 75 75 75 75 74 74 74 74 74 75 74 74 73 73 73 74 74 74 73 73 73 73 72 72 72 72 72 72 72 72 72 72 72 72 72 72 72 72 72 72 72 72 72 72 72 72 72 71 71 71 71 71 71 71 71 71 70 70 70 70 70 70 70 70 70 70 70 69 69 69 69 69 69 69 69 69 69 69 69 0 0 0 0 0 0 0 0 0 0 0 0 0 0 0 0 0 0 0 0 0 0 0 0 0 0 0 0 0 0 0 0 0 0 0 0 0 0 0 0 0 0 0 0 0 0 0 0 0 0 0 0 0 0 0 0 0 0 0 0 0 0 0 0 0 0 0 0 0 0 0 0 
0 0 0 0 0 0 0 0 0 0 0 0 0 0 0 0 0 0 0 0 0 0 0 0 0 0 0 0 0 0 0 0 0 0 0 0 0 0 0 0 0 0 0 0 0 0 0 0 0 0 0 0 0 0 0 0 63 64 65 65 65 64 63 63 63 63 64 64 66 66 66 66 66 66 66 66 66 65 66 66 66 65 65 65 65 64 64 64 65 64 65 65 65 66 66 66 66 66 66 67 66 67 67 67 67 67 67 67 67 67 67 67 68 68 69 69 69 69 69 69 69 69 69 69 69 69 69 69 69 69 69 69 69 70 70 70 69 70 70 70 69 70 71 71 71 71 71 71 71 71 71 72 72 71 71 72 72 72 72 72 72 72 72 72 72 72 72 72 72 72 72 73 73 73 73 73 73 73 73 73 73 73 73 73 73 73 74 74 74 74 73 74 74 74 74 74 74 74 74 74 74 74 74 74 74 75 74 75 75 75 75 75 75 75 74 74 74 74 74 75 75 75 75 75 75 75 75 75 75 75 74 75 75 75 75 75 75 75 75 75 75 75 74 74 74 74 74 74 74 74 74 74 75 75 75 75 75 74 74 74 74 75 75 75 75 74 74 74 74 75 75 75 74 74 74 74 74 74 74 74 74 74 74 74 74 74 74 74 74 74 74 74 74 74 74 74 74 74 74 74 74 74 74 74 74 74 74 74 74 74 74 74 74 74 74 74 74 74 74 74 74 74 74 74 74 74 74 74 74 75 75 75 75 75 74 74 75 75 75 75 75 75 75 75 75 75 75 76 76 76 76 75 75 75 75 74 74 74 74 75 75 75 75 74 74 73 73 74 74 73 73 73 73 73 72 72 72 73 73 73 72 72 72 72 72 72 72 72 72 72 72 72 72 72 72 72 72 72 71 71 71 71 71 71 71 71 71 71 71 71 70 71 71 70 70 70 70 70 70 70 70 69 69 70 69 69 70 69 69 0 0 0 0 0 0 0 0 0 0 0 0 0 0 0 0 0 0 0 0 0 0 0 0 0 0 0 0 0 0 0 0 0 0 0 0 0 0 0 0 0 0 0 0 0 0 0 0 0 0 0 0 0 0 0 0 0 0 0 0 0 0 0 0 0 0 0 0 0 0 0 0 0 0 
0 0 0 0 0 0 0 0 0 0 0 0 0 0 0 0 0 0 0 0 0 0 0 0 0 0 0 0 0 0 0 0 0 0 0 0 0 0 0 0 0 0 0 0 0 0 0 0 0 0 0 0 0 0 0 0 0 65 65 66 66 65 65 65 65 64 65 65 66 66 66 66 66 66 67 67 66 66 67 67 66 66 65 65 65 64 65 65 65 65 65 65 65 66 66 67 67 66 66 66 67 67 67 67 67 67 68 68 68 68 68 68 69 69 69 69 70 70 69 69 69 69 69 69 69 69 69 69 69 69 69 69 70 70 70 70 70 70 70 70 70 70 71 71 71 72 71 71 71 71 72 72 72 72 71 72 72 72 71 72 72 73 73 73 73 72 72 72 72 72 73 73 73 73 73 73 73 73 73 73 73 73 74 74 74 74 74 74 74 74 74 74 74 74 74 74 74 74 74 74 74 74 74 74 74 74 74 75 75 75 75 75 75 75 75 75 75 75 75 75 75 75 75 75 75 75 75 75 75 75 75 75 75 75 75 75 75 75 75 75 75 75 75 75 74 74 74 74 74 74 74 74 75 75 75 75 75 74 74 74 75 75 75 75 75 75 75 75 75 75 75 75 75 74 74 74 74 74 74 74 74 74 74 74 74 74 74 74 74 74 74 74 74 74 74 75 75 74 74 74 74 74 74 74 74 74 74 74 74 74 74 74 74 74 74 74 74 74 74 74 74 74 74 74 74 74 74 74 74 74 74 74 75 74 74 75 75 75 75 74 75 75 76 76 76 75 76 76 76 76 76 75 75 75 75 74 75 75 75 75 75 75 74 74 74 74 74 73 74 73 73 73 73 73 72 72 73 73 73 73 73 72 72 72 72 72 72 72 72 72 72 72 72 72 72 72 72 72 71 72 72 71 71 71 71 70 70 71 71 71 70 70 70 70 70 70 70 70 70 70 70 70 70 70 70 70 70 70 70 0 0 0 0 0 0 0 0 0 0 0 0 0 0 0 0 0 0 0 0 0 0 0 0 0 0 0 0 0 0 0 0 0 0 0 0 0 0 0 0 0 0 0 0 0 0 0 0 0 0 0 0 0 0 0 0 0 0 0 0 0 0 0 0 0 0 0 0 0 0 0 0 0 0 
0 0 0 0 0 0 0 0 0 0 0 0 0 0 0 0 0 0 0 0 0 0 0 0 0 0 0 0 0 0 0 0 0 0 0 0 0 0 0 0 0 0 0 0 0 0 0 0 0 0 0 0 0 0 0 0 0 0 67 66 66 65 65 65 65 65 65 66 66 66 67 66 66 67 67 67 67 67 67 67 67 67 66 66 66 66 67 67 66 66 66 66 66 66 66 67 67 67 67 67 67 68 68 68 68 68 68 69 68 68 68 69 69 69 69 69 69 69 70 70 69 69 69 69 69 69 70 70 70 70 70 69 70 70 70 70 71 71 70 70 70 70 71 72 72 72 72 72 72 72 72 72 72 72 72 71 71 71 71 72 73 72 72 73 73 73 72 71 72 72 72 73 73 73 73 73 73 73 73 73 74 74 74 74 74 74 74 74 74 74 74 74 74 74 74 74 74 74 74 74 75 74 74 74 74 74 74 75 75 75 75 75 75 75 75 75 75 75 75 75 75 75 75 75 75 75 75 75 75 75 75 75 75 75 75 75 75 75 75 75 75 75 75 75 75 75 75 75 75 74 74 75 75 75 75 75 75 75 74 74 75 75 75 75 75 75 75 75 75 75 75 75 75 75 75 75 75 75 75 75 75 75 75 75 75 75 75 75 75 75 74 74 74 74 75 75 75 75 74 74 74 74 74 75 75 75 75 75 74 74 74 74 74 74 75 74 74 74 75 75 75 74 74 74 74 74 74 74 74 75 75 75 74 74 75 75 75 75 74 75 75 75 76 76 76 76 76 76 76 76 76 76 75 75 74 75 75 75 75 75 75 74 74 74 74 74 74 74 73 74 73 73 73 73 73 73 73 73 73 73 73 73 73 73 73 72 72 72 72 72 72 72 72 72 72 72 72 72 72 72 72 71 71 71 71 71 71 71 71 71 70 70 70 70 70 70 70 70 70 70 70 70 70 70 70 70 70 70 70 0 0 0 0 0 0 0 0 0 0 0 0 0 0 0 0 0 0 0 0 0 0 0 0 0 0 0 0 0 0 0 0 0 0 0 0 0 0 0 0 0 0 0 0 0 0 0 0 0 0 0 0 0 0 0 0 0 0 0 0 0 0 0 0 0 0 0 0 0 0 0 0 0 0 
0 0 0 0 0 0 0 0 0 0 0 0 0 0 0 0 0 0 0 0 0 0 0 0 0 0 0 0 0 0 0 0 0 0 0 0 0 0 0 0 0 0 0 0 0 0 0 0 0 0 0 0 0 0 0 0 0 0 67 67 66 66 67 66 66 66 66 66 66 66 67 67 67 68 67 67 68 68 68 68 67 68 67 67 67 67 68 68 68 67 68 68 68 67 67 67 68 68 68 69 69 69 69 69 69 69 69 70 70 69 69 69 69 69 69 69 69 69 70 70 70 70 70 70 70 70 70 70 70 70 70 70 70 70 70 70 71 71 71 71 71 71 71 72 72 72 72 73 73 72 72 73 73 72 73 72 72 71 72 72 73 72 72 72 72 71 72 73 72 73 72 73 73 73 73 73 73 73 73 74 74 74 74 74 74 74 74 74 74 74 74 74 74 74 74 74 74 74 74 75 75 75 75 75 75 75 75 75 75 75 75 75 75 75 75 75 75 75 75 75 75 75 75 75 75 75 75 75 75 75 75 75 75 75 75 75 75 75 75 75 75 75 75 75 75 75 75 75 75 75 75 75 75 75 76 75 75 75 75 74 75 75 75 75 75 75 75 75 75 75 75 75 75 75 75 75 75 75 75 75 75 75 75 75 75 75 75 75 75 75 75 74 74 74 74 75 75 74 74 74 74 74 75 75 75 75 75 75 75 75 75 75 74 75 75 75 75 75 75 75 75 74 74 74 74 74 74 75 75 75 75 75 74 74 75 75 75 75 74 74 75 75 76 76 76 76 76 76 76 76 76 76 75 75 74 74 74 75 75 74 74 74 74 74 74 74 74 74 74 73 73 73 73 73 73 73 73 73 73 73 73 73 73 73 73 72 72 72 72 72 72 72 73 73 73 73 72 72 72 72 72 72 71 71 71 71 71 71 71 71 71 71 71 70 70 70 70 70 70 70 70 70 70 70 70 70 70 70 70 0 0 0 0 0 0 0 0 0 0 0 0 0 0 0 0 0 0 0 0 0 0 0 0 0 0 0 0 0 0 0 0 0 0 0 0 0 0 0 0 0 0 0 0 0 0 0 0 0 0 0 0 0 0 0 0 0 0 0 0 0 0 0 0 0 0 0 0 0 0 0 0 0 0 
0 0 0 0 0 0 0 0 0 0 0 0 0 0 0 0 0 0 0 0 0 0 0 0 0 0 0 0 0 0 0 0 0 0 0 0 0 0 0 0 0 0 0 0 0 0 0 0 0 0 0 0 0 0 0 0 0 0 0 66 66 66 66 66 66 67 67 66 66 66 66 67 67 68 68 68 68 68 68 68 68 68 68 67 68 68 68 68 68 68 68 68 69 68 68 69 69 69 69 70 70 70 70 70 70 70 70 70 70 70 69 69 69 69 69 69 69 70 70 70 70 70 70 70 70 70 70 70 70 70 70 70 70 70 70 70 71 71 71 71 71 71 72 72 72 72 72 73 73 73 73 73 73 72 72 72 72 72 72 72 72 72 72 72 71 72 73 74 74 73 73 73 73 73 73 73 73 73 73 74 74 74 74 74 74 74 74 74 74 74 75 75 75 75 75 75 75 75 75 75 75 75 75 75 75 75 75 75 75 75 75 75 75 75 75 75 75 76 76 76 75 75 75 75 75 75 75 75 75 75 75 75 75 75 75 75 75 75 75 76 76 76 75 75 75 75 75 75 76 76 75 75 75 75 76 76 76 75 75 75 75 75 75 75 75 75 75 75 75 75 75 75 75 75 75 75 75 75 75 75 75 75 75 75 75 75 75 75 75 75 75 75 75 75 75 75 75 75 74 74 74 74 75 75 75 75 75 75 75 75 75 75 75 75 75 75 75 75 75 75 75 75 75 75 75 75 75 75 75 75 75 75 74 75 75 75 75 75 74 74 74 75 75 76 76 76 76 76 76 76 76 76 76 76 75 74 74 74 75 75 74 74 74 74 74 74 74 74 74 74 74 74 73 73 73 73 73 73 73 73 73 73 73 73 73 73 72 73 73 73 73 72 73 73 73 73 73 73 72 72 72 72 72 71 71 71 71 71 71 71 71 71 71 71 71 71 71 71 70 70 70 70 70 70 70 70 70 70 70 0 0 0 0 0 0 0 0 0 0 0 0 0 0 0 0 0 0 0 0 0 0 0 0 0 0 0 0 0 0 0 0 0 0 0 0 0 0 0 0 0 0 0 0 0 0 0 0 0 0 0 0 0 0 0 0 0 0 0 0 0 0 0 0 0 0 0 0 0 0 0 0 0 0 
0 0 0 0 0 0 0 0 0 0 0 0 0 0 0 0 0 0 0 0 0 0 0 0 0 0 0 0 0 0 0 0 0 0 0 0 0 0 0 0 0 0 0 0 0 0 0 0 0 0 0 0 0 0 0 0 0 0 0 0 67 66 66 66 67 67 67 67 67 66 67 66 67 68 68 68 68 69 69 68 68 68 69 68 68 68 69 69 69 69 69 69 69 69 69 69 69 69 70 70 70 70 70 70 70 70 70 70 70 70 70 70 70 70 69 69 70 70 70 70 70 70 71 70 70 70 70 70 71 71 70 70 70 70 70 71 71 71 71 71 71 71 72 72 72 72 72 73 73 73 73 74 73 73 73 72 72 73 73 72 72 73 74 73 72 72 73 73 73 73 73 73 73 73 73 73 73 74 74 74 74 74 74 74 74 74 74 75 75 75 75 75 75 75 75 75 75 75 75 75 75 75 75 75 75 75 75 75 75 75 75 75 75 75 75 76 76 76 76 76 76 75 75 75 75 75 75 75 75 75 75 75 75 75 75 75 75 75 75 75 75 76 75 75 75 75 75 76 76 75 75 75 76 76 75 76 75 75 75 75 75 75 75 75 75 75 75 75 75 75 75 75 75 75 75 75 75 76 75 75 75 75 75 75 75 75 75 75 75 75 75 75 75 75 75 75 75 75 75 74 74 75 75 75 75 75 75 75 75 75 75 75 75 75 75 75 75 75 75 75 75 75 75 75 75 75 75 75 75 75 75 75 75 75 75 75 75 75 74 75 75 75 75 76 76 76 76 76 76 76 76 76 76 76 76 75 75 74 74 75 75 74 74 74 74 74 74 74 74 74 74 74 74 74 73 73 73 74 73 73 73 73 73 73 73 73 73 73 73 73 73 73 73 73 73 73 73 73 73 72 72 72 72 72 72 72 72 71 71 71 71 71 71 71 71 71 71 71 71 70 70 70 70 70 70 70 70 70 71 0 0 0 0 0 0 0 0 0 0 0 0 0 0 0 0 0 0 0 0 0 0 0 0 0 0 0 0 0 0 0 0 0 0 0 0 0 0 0 0 0 0 0 0 0 0 0 0 0 0 0 0 0 0 0 0 0 0 0 0 0 0 0 0 0 0 0 0 0 0 0 0 0 0 
0 0 0 0 0 0 0 0 0 0 0 0 0 0 0 0 0 0 0 0 0 0 0 0 0 0 0 0 0 0 0 0 0 0 0 0 0 0 0 0 0 0 0 0 0 0 0 0 0 0 0 0 0 0 0 0 0 0 0 0 0 67 66 67 67 67 66 66 67 67 67 67 67 68 68 68 68 69 69 68 68 68 69 69 69 69 69 69 69 69 69 69 70 70 70 70 70 70 70 70 70 70 70 70 70 70 70 70 71 71 70 70 70 70 69 70 70 70 70 70 70 70 70 70 71 71 71 71 71 70 70 71 71 71 71 71 71 71 71 71 71 71 72 72 72 73 73 73 73 73 73 73 73 73 73 72 73 73 73 73 73 74 74 73 73 73 73 73 73 74 74 74 74 74 74 74 74 74 74 74 74 74 74 74 74 74 75 75 75 75 75 75 75 75 75 75 75 75 75 75 75 75 75 75 75 75 75 75 76 76 76 76 76 76 76 76 76 76 76 76 76 76 76 76 76 75 76 75 75 75 75 75 75 75 76 76 76 75 75 76 76 76 75 75 75 75 75 76 76 76 75 76 76 76 76 75 76 76 76 76 76 75 75 75 75 76 75 75 75 75 75 75 75 75 76 76 75 75 75 75 75 75 75 75 75 75 75 75 75 75 75 75 75 75 75 75 75 75 75 74 74 75 75 75 75 75 75 75 75 75 75 75 75 75 75 75 75 75 75 75 75 75 75 75 75 75 75 75 75 75 75 75 75 75 75 76 75 75 75 75 75 75 76 76 76 76 76 76 76 76 76 76 76 76 76 76 76 75 74 74 74 74 74 74 74 74 74 74 74 74 74 74 74 74 74 74 74 73 73 73 73 73 73 73 73 73 73 73 74 73 73 73 73 73 73 73 73 73 73 73 72 72 72 72 72 72 72 72 72 72 71 71 71 71 71 71 71 71 71 71 70 70 70 71 71 71 70 71 71 0 0 0 0 0 0 0 0 0 0 0 0 0 0 0 0 0 0 0 0 0 0 0 0 0 0 0 0 0 0 0 0 0 0 0 0 0 0 0 0 0 0 0 0 0 0 0 0 0 0 0 0 0 0 0 0 0 0 0 0 0 0 0 0 0 0 0 0 0 0 0 0 0 0 
0 0 0 0 0 0 0 0 0 0 0 0 0 0 0 0 0 0 0 0 0 0 0 0 0 0 0 0 0 0 0 0 0 0 0 0 0 0 0 0 0 0 0 0 0 0 0 0 0 0 0 0 0 0 0 0 0 0 0 0 0 0 66 66 67 67 67 67 67 67 67 67 67 68 68 69 69 69 69 69 68 69 69 69 69 69 69 69 69 69 69 69 70 70 70 70 70 70 70 70 70 69 70 70 70 70 70 70 71 71 71 71 71 71 70 71 70 70 70 70 70 70 70 70 70 71 71 71 71 71 71 71 71 71 71 71 71 71 71 72 72 72 72 72 73 73 73 73 73 73 73 73 73 72 72 72 73 73 73 73 73 73 73 74 74 73 73 73 74 74 74 74 74 75 75 74 74 74 74 74 74 74 74 74 74 75 75 75 75 75 75 75 75 75 75 75 75 75 75 75 75 76 75 75 76 76 76 76 76 76 76 76 76 76 76 76 76 76 76 76 76 76 76 76 76 76 76 76 75 75 75 75 75 76 76 76 76 76 76 76 76 76 76 76 76 76 76 76 76 76 76 76 76 76 76 76 76 76 76 76 76 76 76 76 76 76 76 76 76 76 75 75 75 75 76 76 76 76 76 76 76 76 76 76 75 75 75 76 75 75 75 75 75 76 76 75 75 75 75 75 75 75 75 75 76 76 76 76 75 75 75 75 75 75 75 75 75 76 75 75 75 75 75 75 75 75 75 75 75 75 75 75 75 75 75 75 75 75 76 75 75 75 76 76 76 76 76 76 76 76 76 76 76 76 76 76 76 76 75 75 75 74 74 74 74 74 74 74 74 74 74 74 74 74 74 74 74 74 74 73 74 74 74 74 74 73 73 73 74 73 73 73 73 73 73 73 73 73 73 73 73 72 72 72 72 72 72 72 72 72 72 72 71 71 71 71 71 71 71 71 71 71 71 71 71 71 71 71 0 0 0 0 0 0 0 0 0 0 0 0 0 0 0 0 0 0 0 0 0 0 0 0 0 0 0 0 0 0 0 0 0 0 0 0 0 0 0 0 0 0 0 0 0 0 0 0 0 0 0 0 0 0 0 0 0 0 0 0 0 0 0 0 0 0 0 0 0 0 0 0 0 0 0 
0 0 0 0 0 0 0 0 0 0 0 0 0 0 0 0 0 0 0 0 0 0 0 0 0 0 0 0 0 0 0 0 0 0 0 0 0 0 0 0 0 0 0 0 0 0 0 0 0 0 0 0 0 0 0 0 0 0 0 0 0 0 0 67 68 68 68 68 68 68 67 67 67 67 68 69 69 69 69 69 69 69 69 69 69 69 69 69 69 69 69 69 70 70 70 70 70 70 70 70 70 69 70 70 70 70 70 70 71 71 71 71 71 71 71 71 71 71 70 70 70 70 70 70 70 70 71 71 71 71 71 72 71 71 71 71 71 71 72 72 72 72 73 73 73 73 73 73 73 73 73 73 73 73 73 73 73 73 73 73 73 73 73 74 74 74 74 74 74 74 74 74 74 74 75 74 74 74 74 74 74 74 75 75 75 75 75 75 75 75 75 75 75 75 76 76 76 76 76 76 76 76 76 76 76 76 76 76 76 76 76 76 76 76 76 76 76 76 76 76 77 77 77 77 77 77 76 76 75 75 75 75 75 76 76 76 76 76 76 76 76 76 76 76 76 76 76 76 76 76 77 77 76 76 76 76 76 76 77 76 76 76 76 76 76 76 76 76 76 75 76 75 75 76 76 76 76 76 76 76 76 76 76 76 76 75 75 75 75 76 75 75 75 76 76 75 75 75 75 75 75 75 75 76 76 76 76 76 76 76 76 75 75 75 75 75 75 76 75 75 75 75 75 75 75 75 75 75 75 75 75 75 75 75 75 75 75 75 75 76 75 75 76 76 76 76 76 76 76 76 76 76 76 76 76 76 76 76 76 75 75 75 74 74 74 74 74 74 74 74 74 74 74 74 74 74 74 74 74 74 74 74 74 74 74 74 74 74 74 73 73 73 74 74 74 74 74 73 73 73 73 73 72 72 72 72 72 72 72 72 72 72 71 71 71 71 71 71 71 71 71 71 71 71 71 71 71 71 0 0 0 0 0 0 0 0 0 0 0 0 0 0 0 0 0 0 0 0 0 0 0 0 0 0 0 0 0 0 0 0 0 0 0 0 0 0 0 0 0 0 0 0 0 0 0 0 0 0 0 0 0 0 0 0 0 0 0 0 0 0 0 0 0 0 0 0 0 0 0 0 0 0 0 
0 0 0 0 0 0 0 0 0 0 0 0 0 0 0 0 0 0 0 0 0 0 0 0 0 0 0 0 0 0 0 0 0 0 0 0 0 0 0 0 0 0 0 0 0 0 0 0 0 0 0 0 0 0 0 0 0 0 0 0 0 0 0 0 68 68 68 68 68 68 67 68 68 68 68 68 69 69 69 69 69 69 69 69 69 69 69 69 69 69 69 69 70 70 71 71 70 71 71 71 70 70 70 70 70 70 71 70 70 70 70 71 71 71 71 71 71 71 71 70 70 70 70 70 70 70 71 71 71 71 71 72 72 72 72 72 72 72 72 72 72 72 73 73 73 73 73 73 73 73 73 73 73 73 74 74 73 73 73 73 73 73 73 73 74 74 74 74 74 74 74 74 74 74 75 75 75 74 74 74 74 75 75 75 75 75 75 75 75 75 75 75 75 76 76 76 76 76 76 76 76 76 76 76 76 76 76 76 76 76 76 76 76 76 76 76 76 76 76 76 77 77 77 77 77 77 76 76 76 76 76 75 76 76 76 76 76 76 76 76 76 76 76 76 76 76 76 76 76 76 77 77 77 77 76 76 76 76 77 77 77 77 77 77 76 76 76 76 76 76 76 75 75 76 76 76 76 76 76 76 76 76 76 76 75 76 75 75 76 76 76 76 76 76 76 76 76 76 75 75 75 75 75 76 76 76 76 76 76 76 76 76 76 76 75 75 76 76 76 76 76 76 76 75 75 75 76 75 75 75 75 75 75 75 75 75 75 75 75 75 75 75 76 76 76 76 76 76 76 76 76 76 76 76 76 76 76 76 76 76 75 75 75 74 74 74 74 74 74 74 74 74 74 75 74 74 74 74 74 74 74 74 74 74 74 74 74 74 74 74 73 74 74 74 74 74 74 73 73 73 73 73 73 73 72 72 72 72 72 72 72 72 72 72 72 72 71 71 71 71 71 71 71 71 71 71 71 71 0 0 0 0 0 0 0 0 0 0 0 0 0 0 0 0 0 0 0 0 0 0 0 0 0 0 0 0 0 0 0 0 0 0 0 0 0 0 0 0 0 0 0 0 0 0 0 0 0 0 0 0 0 0 0 0 0 0 0 0 0 0 0 0 0 0 0 0 0 0 0 0 0 0 0 
0 0 0 0 0 0 0 0 0 0 0 0 0 0 0 0 0 0 0 0 0 0 0 0 0 0 0 0 0 0 0 0 0 0 0 0 0 0 0 0 0 0 0 0 0 0 0 0 0 0 0 0 0 0 0 0 0 0 0 0 0 0 0 0 0 68 68 68 68 68 68 68 69 69 69 69 69 70 70 69 69 69 70 70 69 69 69 69 69 69 69 69 70 70 71 71 71 71 71 71 71 70 70 70 70 70 70 71 71 71 71 71 70 70 71 71 71 71 71 71 71 71 71 71 70 70 71 71 70 70 71 71 72 72 72 72 72 72 72 72 72 72 73 73 73 73 73 74 74 74 74 74 74 74 74 74 74 74 73 73 73 73 74 74 74 74 74 75 75 74 75 74 74 74 75 75 75 75 75 75 75 75 75 75 75 75 75 75 75 75 75 75 76 76 76 76 76 76 76 76 76 76 76 76 76 76 76 76 76 76 76 77 76 76 76 76 76 76 76 76 76 77 77 78 77 77 77 77 76 76 76 76 76 76 76 76 76 76 76 76 76 76 76 76 76 76 76 76 76 76 77 77 77 77 77 76 77 77 77 77 77 77 77 77 77 76 76 76 76 76 76 76 76 76 76 76 76 76 76 76 76 76 76 76 76 76 76 76 76 76 76 76 76 77 76 75 76 76 75 75 75 75 76 76 76 76 76 76 76 76 76 76 76 76 76 76 76 76 76 76 76 76 76 76 76 76 76 76 76 75 75 75 75 76 76 76 75 75 75 75 75 75 76 76 76 76 76 76 76 76 76 76 76 76 76 76 76 76 76 76 76 75 75 75 75 75 75 74 75 75 75 75 75 75 75 74 74 75 74 74 74 74 74 74 74 74 74 74 74 74 74 74 74 74 74 74 74 74 74 73 73 73 73 73 73 72 73 72 72 72 72 72 72 72 72 72 71 71 71 71 71 71 71 71 71 71 71 0 0 0 0 0 0 0 0 0 0 0 0 0 0 0 0 0 0 0 0 0 0 0 0 0 0 0 0 0 0 0 0 0 0 0 0 0 0 0 0 0 0 0 0 0 0 0 0 0 0 0 0 0 0 0 0 0 0 0 0 0 0 0 0 0 0 0 0 0 0 0 0 0 0 0 0 
0 0 0 0 0 0 0 0 0 0 0 0 0 0 0 0 0 0 0 0 0 0 0 0 0 0 0 0 0 0 0 0 0 0 0 0 0 0 0 0 0 0 0 0 0 0 0 0 0 0 0 0 0 0 0 0 0 0 0 0 0 0 0 0 0 0 68 69 69 68 68 68 68 69 69 69 69 70 70 70 70 69 69 69 69 69 69 69 69 69 69 70 71 71 71 71 71 71 71 71 71 71 71 70 70 71 71 71 71 71 71 71 71 72 71 72 72 72 72 72 72 72 71 71 71 70 71 71 71 71 71 71 72 72 72 72 72 72 72 72 72 73 73 73 73 74 74 74 74 74 74 74 74 74 74 74 75 74 74 74 73 74 74 74 74 74 74 74 74 74 75 75 75 75 75 75 75 76 75 75 75 75 75 75 75 75 75 75 75 75 76 76 76 76 76 76 76 76 76 76 76 76 76 77 77 77 77 77 77 77 77 77 77 77 77 77 77 77 77 77 77 77 77 78 77 77 77 77 76 76 76 76 76 76 76 76 76 76 76 76 76 76 76 76 77 76 76 76 76 76 76 77 77 77 77 77 77 77 77 77 77 77 77 77 77 77 77 76 76 76 76 76 76 76 76 76 76 76 76 76 76 76 76 76 76 76 76 76 76 76 77 77 77 77 76 76 76 75 75 75 75 76 76 76 76 76 76 76 76 76 76 76 76 76 76 76 76 76 76 76 76 76 76 76 76 76 76 76 76 76 76 76 76 76 76 76 76 76 76 75 76 76 76 76 77 76 76 76 76 76 76 76 76 76 76 76 76 76 76 76 76 75 75 75 75 75 75 75 75 75 75 75 75 75 75 75 74 74 74 74 75 75 74 74 74 74 74 74 75 74 74 74 75 74 74 74 74 74 74 73 73 73 73 73 73 73 73 73 72 72 72 72 72 72 72 72 71 71 71 71 71 71 72 71 71 72 72 0 0 0 0 0 0 0 0 0 0 0 0 0 0 0 0 0 0 0 0 0 0 0 0 0 0 0 0 0 0 0 0 0 0 0 0 0 0 0 0 0 0 0 0 0 0 0 0 0 0 0 0 0 0 0 0 0 0 0 0 0 0 0 0 0 0 0 0 0 0 0 0 0 0 0 0 
0 0 0 0 0 0 0 0 0 0 0 0 0 0 0 0 0 0 0 0 0 0 0 0 0 0 0 0 0 0 0 0 0 0 0 0 0 0 0 0 0 0 0 0 0 0 0 0 0 0 0 0 0 0 0 0 0 0 0 0 0 0 0 0 0 0 0 69 68 68 68 69 69 69 69 70 69 70 69 69 69 69 69 69 69 69 69 69 69 70 70 70 71 71 71 71 71 71 72 72 72 72 71 71 71 72 72 71 71 71 71 71 72 72 72 72 72 72 72 73 72 72 72 72 71 72 71 71 72 72 71 71 71 72 72 73 73 73 73 73 73 73 74 74 74 74 74 74 74 74 74 74 74 74 74 74 75 75 75 74 74 74 74 74 74 74 75 74 74 74 75 75 75 75 75 75 75 75 76 76 76 76 76 75 75 75 75 75 75 76 76 76 76 76 76 76 76 76 76 76 76 77 77 77 77 77 77 77 77 77 77 77 77 77 77 77 77 77 77 77 77 77 77 77 78 78 77 77 76 76 76 76 76 76 76 76 76 76 76 76 76 76 76 77 77 77 76 76 77 77 77 77 77 77 78 77 78 78 78 78 77 77 77 77 76 77 77 77 77 77 76 76 76 76 76 76 76 76 76 76 76 76 77 76 76 76 76 76 77 77 77 77 77 77 76 76 76 76 76 76 76 76 76 76 76 76 76 76 76 76 76 76 76 76 76 76 76 76 76 76 77 77 77 76 76 76 76 76 77 76 76 76 76 76 76 76 77 77 77 76 76 76 77 77 77 77 77 76 76 76 76 76 76 76 76 76 76 76 76 76 75 75 75 75 75 75 75 75 75 75 75 75 75 75 75 75 75 75 75 75 75 74 75 75 74 74 75 74 74 74 74 74 74 74 74 74 74 74 74 74 74 73 74 73 73 73 73 73 73 73 73 72 72 72 72 72 72 72 71 71 72 71 72 71 72 72 0 0 0 0 0 0 0 0 0 0 0 0 0 0 0 0 0 0 0 0 0 0 0 0 0 0 0 0 0 0 0 0 0 0 0 0 0 0 0 0 0 0 0 0 0 0 0 0 0 0 0 0 0 0 0 0 0 0 0 0 0 0 0 0 0 0 0 0 0 0 0 0 0 0 0 0 0 
0 0 0 0 0 0 0 0 0 0 0 0 0 0 0 0 0 0 0 0 0 0 0 0 0 0 0 0 0 0 0 0 0 0 0 0 0 0 0 0 0 0 0 0 0 0 0 0 0 0 0 0 0 0 0 0 0 0 0 0 0 0 0 0 0 0 0 69 69 68 68 68 68 69 69 69 69 69 69 69 69 69 69 69 69 70 70 70 70 70 70 70 71 71 71 71 72 72 72 72 72 72 72 72 72 72 72 72 72 72 71 72 72 72 72 72 72 72 73 73 73 73 73 73 72 72 72 72 72 72 71 71 71 71 72 72 72 73 73 73 73 73 74 74 74 74 74 74 74 74 74 74 74 74 74 74 74 75 75 75 74 74 74 74 75 75 75 75 74 75 75 75 75 75 75 75 75 75 75 76 76 76 76 76 76 76 75 75 76 76 76 76 76 76 76 76 76 76 76 77 77 77 77 77 77 77 77 77 77 77 77 77 77 77 77 77 77 77 77 77 77 77 77 78 78 78 78 77 77 77 76 76 76 76 76 76 76 76 77 77 77 77 76 76 77 77 76 77 77 77 77 77 77 78 77 77 77 78 77 77 77 77 77 77 77 77 77 77 77 77 77 77 77 77 77 77 77 77 77 77 77 77 77 76 76 77 76 76 77 77 77 77 77 77 76 76 76 76 76 76 76 76 76 76 77 77 77 77 77 77 76 76 76 76 76 76 76 76 77 77 77 77 76 76 77 76 76 76 76 77 77 77 76 76 76 76 76 77 77 77 77 76 77 77 77 77 76 76 76 76 76 76 76 76 76 76 76 76 76 76 76 76 75 75 75 75 75 75 75 75 76 76 75 75 75 75 75 75 75 75 75 75 75 75 75 75 75 75 74 74 74 74 74 74 74 74 74 74 74 74 74 74 74 73 73 73 73 73 73 73 72 72 72 72 72 72 72 72 72 72 72 72 72 72 72 0 0 0 0 0 0 0 0 0 0 0 0 0 0 0 0 0 0 0 0 0 0 0 0 0 0 0 0 0 0 0 0 0 0 0 0 0 0 0 0 0 0 0 0 0 0 0 0 0 0 0 0 0 0 0 0 0 0 0 0 0 0 0 0 0 0 0 0 0 0 0 0 0 0 0 0 0 0 
0 0 0 0 0 0 0 0 0 0 0 0 0 0 0 0 0 0 0 0 0 0 0 0 0 0 0 0 0 0 0 0 0 0 0 0 0 0 0 0 0 0 0 0 0 0 0 0 0 0 0 0 0 0 0 0 0 0 0 0 0 0 0 0 0 0 0 0 68 69 68 68 68 68 68 68 69 69 69 69 69 69 69 69 69 70 70 71 71 71 71 71 71 71 71 71 72 72 72 72 72 72 72 72 72 72 72 72 72 72 72 72 72 72 72 72 73 73 73 73 73 73 73 73 73 73 73 73 73 73 72 72 72 71 72 72 73 73 73 73 73 73 74 74 74 74 74 74 74 75 75 75 75 75 75 75 75 75 75 75 75 75 74 74 75 75 75 75 75 75 75 75 75 75 75 75 75 75 75 76 76 76 77 76 76 76 76 76 76 76 76 76 76 76 76 76 77 77 77 77 77 77 77 77 77 77 77 77 77 77 77 77 77 77 77 77 77 77 77 77 77 77 77 78 78 78 78 78 78 77 77 77 77 77 76 77 77 77 77 77 77 77 76 77 77 77 76 77 77 77 77 77 78 78 77 77 77 77 77 77 77 77 77 77 77 77 77 77 77 77 77 77 77 77 77 77 77 77 77 77 77 77 77 77 77 77 77 77 77 77 77 78 77 77 77 76 76 76 76 76 76 76 76 77 77 77 77 77 77 77 77 77 76 76 76 76 76 77 77 77 77 76 76 77 77 77 76 76 77 77 77 76 76 77 77 76 76 77 77 77 77 77 77 77 77 77 77 77 76 76 76 76 76 76 76 76 76 76 76 76 76 76 76 76 75 75 75 75 75 75 75 75 75 75 75 75 75 75 75 75 75 75 75 75 75 75 75 75 74 74 74 74 74 74 74 74 74 74 74 74 74 74 74 73 73 73 73 73 73 72 72 72 72 72 72 72 72 72 72 72 72 72 72 72 72 0 0 0 0 0 0 0 0 0 0 0 0 0 0 0 0 0 0 0 0 0 0 0 0 0 0 0 0 0 0 0 0 0 0 0 0 0 0 0 0 0 0 0 0 0 0 0 0 0 0 0 0 0 0 0 0 0 0 0 0 0 0 0 0 0 0 0 0 0 0 0 0 0 0 0 0 0 0 
0 0 0 0 0 0 0 0 0 0 0 0 0 0 0 0 0 0 0 0 0 0 0 0 0 0 0 0 0 0 0 0 0 0 0 0 0 0 0 0 0 0 0 0 0 0 0 0 0 0 0 0 0 0 0 0 0 0 0 0 0 0 0 0 0 0 0 0 0 69 69 69 69 68 68 68 68 69 69 69 69 69 69 69 69 70 70 70 70 70 71 71 72 72 72 72 72 72 72 72 72 72 72 72 72 72 72 72 72 72 72 72 73 73 73 73 73 73 73 73 73 73 73 73 73 73 73 73 73 73 73 73 73 72 72 72 72 72 73 73 73 74 74 74 74 74 74 74 75 75 75 75 75 75 75 75 75 75 75 75 75 75 75 75 75 75 75 75 75 75 75 75 75 75 75 75 75 76 75 75 76 76 76 77 77 77 77 76 76 76 76 76 76 77 77 77 77 77 77 77 77 77 77 77 77 77 77 77 77 77 77 78 78 78 77 77 77 77 77 77 77 77 78 78 78 78 78 78 78 78 77 77 77 77 77 77 77 77 77 77 77 77 77 77 77 77 77 77 77 77 77 77 78 78 77 77 77 77 77 77 77 78 78 77 77 77 77 77 77 77 77 77 77 77 77 77 77 77 77 77 77 77 77 77 77 77 77 78 77 77 77 78 78 77 76 76 76 76 76 76 76 77 77 77 77 77 77 77 77 77 77 77 77 76 77 77 77 77 77 77 76 77 77 77 77 77 77 77 77 77 77 76 77 76 77 76 76 76 77 77 77 77 77 77 77 77 77 77 77 76 76 76 76 76 76 76 76 76 76 76 76 76 76 76 75 75 75 75 75 75 75 75 75 75 75 75 75 75 75 75 75 75 75 75 75 75 75 75 75 74 74 74 75 74 74 74 74 74 74 74 74 74 73 73 73 73 73 73 73 73 73 72 72 72 72 72 72 72 72 72 72 72 72 72 72 0 0 0 0 0 0 0 0 0 0 0 0 0 0 0 0 0 0 0 0 0 0 0 0 0 0 0 0 0 0 0 0 0 0 0 0 0 0 0 0 0 0 0 0 0 0 0 0 0 0 0 0 0 0 0 0 0 0 0 0 0 0 0 0 0 0 0 0 0 0 0 0 0 0 0 0 0 0 
0 0 0 0 0 0 0 0 0 0 0 0 0 0 0 0 0 0 0 0 0 0 0 0 0 0 0 0 0 0 0 0 0 0 0 0 0 0 0 0 0 0 0 0 0 0 0 0 0 0 0 0 0 0 0 0 0 0 0 0 0 0 0 0 0 0 0 0 0 0 0 69 0 69 68 68 69 70 70 69 69 69 69 69 69 69 70 70 70 71 71 71 72 72 72 72 72 72 72 72 72 72 72 72 72 72 72 73 73 73 73 73 73 73 73 73 73 73 73 73 74 74 73 73 73 74 74 74 74 74 74 73 73 73 72 72 73 73 73 74 74 74 74 74 74 74 74 75 75 75 75 75 75 75 75 75 75 75 75 75 75 76 76 75 76 76 75 75 75 75 75 75 75 76 76 76 76 76 76 76 76 76 77 77 77 77 77 77 77 76 77 76 76 77 77 77 77 77 77 77 77 77 77 77 77 77 77 77 78 78 78 78 78 78 78 78 78 78 78 78 78 77 78 78 78 78 78 78 78 78 78 77 77 77 77 77 77 77 77 78 78 78 77 77 77 77 78 77 77 77 77 77 78 78 78 78 77 77 77 78 78 78 78 78 78 77 77 77 77 77 77 77 78 78 78 78 78 78 78 77 77 77 77 77 77 77 78 78 78 78 78 78 78 77 77 76 76 76 76 76 77 77 77 77 77 77 77 77 77 77 77 77 77 77 77 77 77 77 77 77 77 77 77 77 77 77 77 77 77 77 77 77 76 77 77 77 77 76 76 76 76 77 77 78 77 77 77 77 77 77 77 76 76 76 76 76 76 76 76 76 76 76 76 75 75 75 75 75 75 75 75 75 75 75 75 75 75 75 75 75 75 75 75 75 75 75 75 75 75 75 74 74 75 75 74 74 75 75 74 74 74 74 74 74 74 74 73 73 73 73 73 73 73 73 73 73 73 72 72 72 72 72 72 72 72 72 0 0 0 0 0 0 0 0 0 0 0 0 0 0 0 0 0 0 0 0 0 0 0 0 0 0 0 0 0 0 0 0 0 0 0 0 0 0 0 0 0 0 0 0 0 0 0 0 0 0 0 0 0 0 0 0 0 0 0 0 0 0 0 0 0 0 0 0 0 0 0 0 0 0 0 0 0 
0 0 0 0 0 0 0 0 0 0 0 0 0 0 0 0 0 0 0 0 0 0 0 0 0 0 0 0 0 0 0 0 0 0 0 0 0 0 0 0 0 0 0 0 0 0 0 0 0 0 0 0 0 0 0 0 0 0 0 0 0 0 0 0 0 0 0 0 0 0 0 0 0 0 69 68 68 70 70 69 69 69 69 69 70 70 70 70 70 70 71 71 73 73 73 73 73 72 72 72 72 72 72 72 72 72 72 73 73 73 73 73 73 73 73 73 73 74 74 74 74 74 74 74 74 74 74 74 74 74 74 74 74 74 74 74 74 74 74 74 74 74 74 75 74 74 75 75 75 75 75 75 75 75 75 75 75 75 75 75 75 76 76 76 76 76 76 75 75 75 75 76 76 76 76 76 76 76 76 76 76 76 76 77 77 77 77 77 77 77 77 77 77 77 77 77 77 77 77 77 77 77 77 77 77 77 78 78 78 78 78 78 78 78 78 78 78 78 78 78 78 78 78 78 78 78 78 78 78 78 78 78 78 78 77 77 77 77 77 77 78 78 77 77 77 77 78 78 78 77 77 77 78 78 79 78 78 78 78 78 78 78 78 78 78 77 77 77 77 77 77 77 77 77 78 78 78 78 78 77 78 78 78 77 78 78 78 78 78 78 78 78 78 77 77 77 77 77 77 77 77 77 77 77 77 77 77 77 77 77 77 77 77 77 77 77 77 77 77 77 77 77 77 77 77 77 77 77 77 77 77 77 77 77 77 77 77 77 77 77 76 76 77 77 78 78 78 77 78 78 77 77 77 77 76 76 76 76 76 76 76 76 76 76 76 76 76 76 76 77 76 75 75 75 76 76 75 75 75 75 75 75 75 75 75 75 75 75 75 75 74 74 75 75 75 75 75 75 75 75 75 74 74 74 74 74 73 73 73 73 73 73 73 73 73 73 73 73 72 72 72 72 72 72 72 72 0 0 0 0 0 0 0 0 0 0 0 0 0 0 0 0 0 0 0 0 0 0 0 0 0 0 0 0 0 0 0 0 0 0 0 0 0 0 0 0 0 0 0 0 0 0 0 0 0 0 0 0 0 0 0 0 0 0 0 0 0 0 0 0 0 0 0 0 0 0 0 0 0 0 0 0 0 
0 0 0 0 0 0 0 0 0 0 0 0 0 0 0 0 0 0 0 0 0 0 0 0 0 0 0 0 0 0 0 0 0 0 0 0 0 0 0 0 0 0 0 0 0 0 0 0 0 0 0 0 0 0 0 0 0 0 0 0 0 0 0 0 0 0 0 0 0 0 0 0 0 0 70 69 68 69 70 69 69 69 69 70 70 71 71 71 71 71 72 72 73 73 73 74 73 73 73 73 73 72 72 72 72 72 73 73 73 73 73 73 73 74 74 74 74 74 74 74 74 74 74 74 74 74 74 74 74 73 73 74 73 73 74 74 74 74 74 74 74 74 75 75 75 75 75 75 75 75 75 75 75 76 75 75 76 76 76 76 76 76 76 76 76 76 76 76 75 75 76 76 76 76 76 76 76 76 77 77 77 77 77 77 77 77 77 78 78 78 77 77 77 77 77 77 77 77 77 77 77 77 77 78 78 78 78 78 78 78 78 78 78 78 78 78 78 78 78 78 78 78 78 78 78 78 78 78 78 78 78 78 78 78 78 78 77 77 77 78 78 78 77 77 77 77 78 78 78 78 78 78 78 78 79 78 78 78 78 78 78 78 78 78 78 78 78 78 78 78 78 78 78 78 78 78 78 78 78 78 78 78 78 78 78 78 78 78 78 78 78 78 78 77 77 77 77 77 77 77 77 77 77 77 77 77 78 78 77 77 77 77 77 77 77 77 77 77 77 77 77 77 77 77 77 77 77 77 77 77 77 77 77 77 77 77 77 77 77 78 77 77 77 77 77 77 77 77 78 78 78 78 78 77 77 77 77 77 77 76 77 76 76 77 77 77 78 78 78 79 77 76 75 75 76 77 76 76 76 76 76 75 75 76 75 75 75 75 75 75 75 75 75 75 75 75 75 75 75 75 74 74 74 74 74 73 73 74 74 74 74 73 73 73 73 73 73 73 73 72 72 72 72 72 72 72 72 0 0 0 0 0 0 0 0 0 0 0 0 0 0 0 0 0 0 0 0 0 0 0 0 0 0 0 0 0 0 0 0 0 0 0 0 0 0 0 0 0 0 0 0 0 0 0 0 0 0 0 0 0 0 0 0 0 0 0 0 0 0 0 0 0 0 0 0 0 0 0 0 0 0 0 0 
0 0 0 0 0 0 0 0 0 0 0 0 0 0 0 0 0 0 0 0 0 0 0 0 0 0 0 0 0 0 0 0 0 0 0 0 0 0 0 0 0 0 0 0 0 0 0 0 0 0 0 0 0 0 0 0 0 0 0 0 0 0 0 0 0 0 0 0 0 0 0 0 0 0 0 0 0 69 69 69 70 70 70 70 70 71 71 72 72 72 72 72 73 73 74 74 74 74 74 74 73 73 73 73 73 73 73 73 73 73 73 73 73 74 74 74 74 74 74 74 74 74 74 74 74 74 74 74 74 74 74 74 73 73 73 73 74 74 74 74 74 74 76 76 76 76 75 75 76 76 75 75 75 75 75 76 76 76 76 76 76 76 76 76 76 76 76 76 76 76 75 76 76 76 76 77 77 77 77 77 77 77 77 77 77 77 77 78 78 78 77 77 78 77 77 77 78 78 78 78 78 78 78 78 78 78 78 78 78 78 78 78 78 78 78 78 78 78 78 78 78 78 78 78 78 78 78 78 78 78 78 79 79 79 78 78 78 78 78 78 78 78 78 78 77 78 77 77 78 78 79 78 78 78 78 78 78 78 78 78 78 78 78 78 78 78 78 78 78 78 78 78 78 78 78 78 78 78 78 78 78 78 78 78 78 78 78 77 78 78 78 78 77 77 77 77 77 78 77 77 77 77 77 78 78 78 78 78 78 78 78 78 78 77 77 77 77 77 77 78 78 78 77 77 78 78 78 77 77 77 77 77 77 77 77 77 77 77 77 77 78 78 78 78 78 78 78 78 78 78 78 78 78 78 78 77 77 77 77 76 77 77 77 77 78 79 78 78 78 78 78 77 77 76 76 77 76 76 77 76 76 76 76 76 75 75 75 75 76 75 75 75 75 76 76 75 75 75 75 75 75 74 74 74 74 74 74 74 74 74 74 74 73 73 73 73 73 73 73 73 73 73 73 73 73 72 72 72 0 0 0 0 0 0 0 0 0 0 0 0 0 0 0 0 0 0 0 0 0 0 0 0 0 0 0 0 0 0 0 0 0 0 0 0 0 0 0 0 0 0 0 0 0 0 0 0 0 0 0 0 0 0 0 0 0 0 0 0 0 0 0 0 0 0 0 0 0 0 0 0 0 0 0 
0 0 0 0 0 0 0 0 0 0 0 0 0 0 0 0 0 0 0 0 0 0 0 0 0 0 0 0 0 0 0 0 0 0 0 0 0 0 0 0 0 0 0 0 0 0 0 0 0 0 0 0 0 0 0 0 0 0 0 0 0 0 0 0 0 0 0 0 0 0 0 0 0 0 0 0 0 0 69 70 70 70 70 70 71 71 71 72 73 73 73 73 74 74 74 74 74 74 74 74 74 74 74 74 74 74 73 74 74 73 73 73 74 74 74 74 74 74 74 74 74 74 74 74 74 74 74 74 75 75 75 75 74 74 74 75 74 74 73 73 73 74 75 75 76 76 76 76 76 76 76 75 75 75 75 76 76 76 76 76 76 76 76 76 76 76 76 77 77 76 76 76 76 76 76 77 77 77 77 77 77 77 77 77 77 77 77 78 78 78 78 77 77 78 78 77 78 78 78 78 78 78 78 78 78 78 78 78 78 78 78 78 78 78 78 78 78 78 79 79 78 78 78 78 78 78 78 78 78 78 79 79 79 79 79 78 78 78 78 78 78 78 78 78 78 78 78 78 78 78 78 78 78 78 78 78 78 79 79 78 78 78 78 78 78 78 78 78 78 78 78 78 78 78 78 78 78 78 78 78 78 78 78 78 78 78 78 78 78 78 78 78 78 77 77 77 77 78 78 78 77 77 78 78 78 78 78 78 78 78 78 78 78 78 77 78 77 77 78 78 78 78 78 77 78 78 78 77 77 77 78 78 78 77 77 77 77 77 77 77 77 78 78 78 78 78 78 78 78 78 78 78 78 78 78 78 78 78 78 77 77 77 77 77 78 78 78 77 77 78 78 78 78 77 76 76 77 77 77 76 76 76 76 76 75 75 75 76 76 76 76 75 76 76 76 75 75 75 75 75 75 74 74 74 74 74 74 74 74 74 74 74 74 73 73 74 74 73 73 73 73 73 73 73 73 73 72 72 73 0 0 0 0 0 0 0 0 0 0 0 0 0 0 0 0 0 0 0 0 0 0 0 0 0 0 0 0 0 0 0 0 0 0 0 0 0 0 0 0 0 0 0 0 0 0 0 0 0 0 0 0 0 0 0 0 0 0 0 0 0 0 0 0 0 0 0 0 0 0 0 0 0 0 
0 0 0 0 0 0 0 0 0 0 0 0 0 0 0 0 0 0 0 0 0 0 0 0 0 0 0 0 0 0 0 0 0 0 0 0 0 0 0 0 0 0 0 0 0 0 0 0 0 0 0 0 0 0 0 0 0 0 0 0 0 0 0 0 0 0 0 0 0 0 0 0 0 0 0 0 0 0 70 70 71 71 71 71 72 72 72 72 72 73 73 73 74 74 74 74 74 74 74 74 75 75 75 75 74 74 74 74 74 74 74 74 74 74 74 74 74 75 74 74 74 74 74 75 74 74 74 74 74 75 75 75 74 74 74 75 75 75 74 74 73 73 74 74 75 75 75 76 76 76 75 75 75 75 76 76 76 76 77 77 77 77 77 77 76 77 77 77 77 77 76 76 76 76 77 77 77 77 77 77 77 77 78 78 78 77 77 78 78 78 78 78 78 78 78 78 78 78 78 78 78 78 78 78 78 78 78 78 78 78 78 78 78 79 79 79 79 79 79 79 79 79 79 79 79 78 78 78 78 79 79 79 79 79 79 78 78 78 78 78 79 79 78 78 78 78 78 78 78 78 78 78 78 78 78 79 79 79 79 79 79 79 79 78 78 78 78 78 78 78 78 78 79 78 78 78 78 78 78 78 78 79 79 78 78 78 78 78 78 78 78 78 77 78 78 78 78 78 78 78 78 78 78 78 78 78 78 78 78 78 78 78 78 78 78 78 78 78 78 78 78 78 78 78 78 78 78 78 78 78 78 78 78 78 78 77 77 77 78 78 78 78 78 78 77 77 77 77 78 78 78 78 78 78 78 78 78 78 78 78 78 78 78 78 78 78 77 78 78 78 78 78 78 78 77 77 77 77 77 77 77 76 77 76 76 76 76 76 76 76 76 76 76 76 76 75 75 75 75 76 75 74 74 74 75 74 74 74 74 75 75 74 74 74 74 74 73 73 73 73 73 73 73 73 73 73 73 73 73 73 0 0 0 0 0 0 0 0 0 0 0 0 0 0 0 0 0 0 0 0 0 0 0 0 0 0 0 0 0 0 0 0 0 0 0 0 0 0 0 0 0 0 0 0 0 0 0 0 0 0 0 0 0 0 0 0 0 0 0 0 0 0 0 0 0 0 0 0 0 0 0 0 0 
0 0 0 0 0 0 0 0 0 0 0 0 0 0 0 0 0 0 0 0 0 0 0 0 0 0 0 0 0 0 0 0 0 0 0 0 0 0 0 0 0 0 0 0 0 0 0 0 0 0 0 0 0 0 0 0 0 0 0 0 0 0 0 0 0 0 0 0 0 0 0 0 0 0 0 0 0 0 0 70 70 70 71 71 71 71 72 72 72 72 73 73 74 74 74 74 74 75 75 75 75 75 75 75 75 75 75 75 74 75 75 74 74 74 74 74 74 75 75 75 75 75 75 75 75 74 75 75 74 74 74 74 74 74 75 75 75 75 75 75 75 75 75 74 74 74 74 75 74 75 75 75 75 75 75 75 75 76 76 76 76 76 77 76 76 76 76 76 76 76 76 76 76 76 76 76 76 77 77 77 77 77 77 77 77 77 77 77 77 78 78 78 79 79 79 79 79 79 79 79 79 79 79 79 79 79 79 79 79 80 80 80 80 80 80 80 80 80 80 80 80 80 80 80 80 80 80 80 80 80 80 80 80 80 80 80 80 80 80 80 80 80 79 79 79 79 79 78 78 79 79 79 79 80 79 80 80 79 80 80 80 80 79 79 79 79 79 79 79 79 79 79 79 79 79 79 79 79 79 79 79 79 79 79 79 79 79 79 79 79 78 78 78 78 78 79 79 79 79 79 79 79 79 79 79 79 79 79 79 79 79 79 79 79 79 79 78 78 78 78 79 79 78 79 79 79 79 79 79 79 79 79 79 79 79 79 79 79 79 79 79 79 78 78 78 78 78 79 79 79 79 79 78 78 78 78 78 79 79 79 79 78 78 78 78 78 78 79 79 79 79 79 78 78 78 77 77 77 78 78 78 77 77 77 77 77 76 76 77 77 77 76 76 76 76 76 76 75 75 77 76 75 75 75 75 75 75 75 75 75 75 75 75 74 74 74 74 74 73 73 74 74 74 74 74 74 73 73 74 74 0 0 0 0 0 0 0 0 0 0 0 0 0 0 0 0 0 0 0 0 0 0 0 0 0 0 0 0 0 0 0 0 0 0 0 0 0 0 0 0 0 0 0 0 0 0 0 0 0 0 0 0 0 0 0 0 0 0 0 0 0 0 0 0 0 0 0 0 0 0 0 0 0 
0 0 0 0 0 0 0 0 0 0 0 0 0 0 0 0 0 0 0 0 0 0 0 0 0 0 0 0 0 0 0 0 0 0 0 0 0 0 0 0 0 0 0 0 0 0 0 0 0 0 0 0 0 0 0 0 0 0 0 0 0 0 0 0 0 0 0 0 0 0 0 0 0 0 0 0 0 0 0 0 70 70 70 71 71 71 72 72 72 73 73 73 74 74 74 74 74 75 75 75 75 75 75 75 76 76 75 75 75 75 76 76 75 75 74 74 74 75 75 75 75 75 75 75 75 75 75 75 74 75 75 75 75 74 75 75 75 75 76 76 76 76 75 75 75 75 75 75 75 75 76 76 75 75 75 75 76 76 76 76 76 76 77 77 77 77 77 77 77 77 76 76 76 76 76 76 76 77 77 77 77 77 77 77 77 77 77 77 77 78 78 78 79 80 79 79 79 79 79 79 79 79 79 80 80 80 80 80 80 80 80 80 80 80 80 80 80 80 80 80 80 80 80 80 80 80 80 80 80 80 80 80 80 80 80 80 80 80 80 80 80 80 79 79 79 79 79 79 79 79 79 79 79 80 79 80 80 79 80 79 80 79 79 80 79 79 79 79 79 79 79 79 79 79 79 79 79 79 79 79 79 79 79 79 79 79 79 79 79 79 79 79 79 79 79 79 79 79 79 79 79 79 79 79 79 79 79 79 79 79 79 79 79 79 79 79 79 79 79 79 79 79 79 79 79 79 79 79 79 79 79 79 79 79 79 79 79 79 79 78 78 78 78 78 78 78 79 79 79 79 79 79 78 78 78 78 79 79 79 79 79 79 78 79 79 78 78 79 79 79 79 79 78 78 78 78 77 77 77 78 78 78 78 78 77 77 77 77 77 76 76 76 76 77 76 76 76 75 75 76 77 76 76 75 75 75 75 75 75 75 75 75 75 75 75 74 74 74 74 74 74 74 74 74 75 74 74 74 74 74 0 0 0 0 0 0 0 0 0 0 0 0 0 0 0 0 0 0 0 0 0 0 0 0 0 0 0 0 0 0 0 0 0 0 0 0 0 0 0 0 0 0 0 0 0 0 0 0 0 0 0 0 0 0 0 0 0 0 0 0 0 0 0 0 0 0 0 0 0 0 0 0 0 
0 0 0 0 0 0 0 0 0 0 0 0 0 0 0 0 0 0 0 0 0 0 0 0 0 0 0 0 0 0 0 0 0 0 0 0 0 0 0 0 0 0 0 0 0 0 0 0 0 0 0 0 0 0 0 0 0 0 0 0 0 0 0 0 0 0 0 0 0 0 0 0 0 0 0 0 0 0 0 0 0 71 71 71 71 71 72 72 72 72 73 73 74 74 74 74 75 75 75 75 75 75 76 76 76 76 76 76 76 76 76 76 76 75 75 75 75 75 75 76 76 76 76 76 75 75 75 75 75 75 75 76 76 75 75 75 76 76 76 76 76 76 76 76 76 76 76 75 75 76 76 76 76 76 76 75 76 76 76 76 76 77 77 77 77 77 77 77 77 77 77 76 77 77 77 77 76 77 77 77 77 77 77 77 77 78 78 78 77 78 78 78 80 80 80 79 79 79 80 80 80 80 80 80 80 80 80 80 80 80 80 80 80 80 80 80 80 80 80 80 80 80 80 80 80 80 80 80 80 80 80 80 80 80 80 80 80 80 80 80 80 80 79 79 79 79 79 79 79 79 79 79 80 80 79 79 80 79 79 79 80 80 79 79 80 79 79 79 79 79 79 79 79 79 80 80 80 80 80 79 79 79 79 79 79 79 79 79 79 80 80 79 79 79 79 79 79 79 79 79 79 79 79 79 79 79 79 79 79 79 79 79 79 79 79 79 79 79 79 79 79 79 79 79 79 79 79 79 79 79 79 79 79 79 79 79 78 78 78 78 78 79 79 79 79 79 79 79 79 79 79 79 79 78 78 79 79 79 79 79 79 79 79 79 79 79 79 79 78 78 78 78 78 78 78 78 78 77 78 78 78 78 78 78 77 77 77 77 77 77 77 76 76 76 77 76 76 76 76 77 77 77 77 76 76 76 75 75 75 75 75 75 75 75 75 75 74 74 74 74 74 74 74 74 74 74 74 74 74 0 0 0 0 0 0 0 0 0 0 0 0 0 0 0 0 0 0 0 0 0 0 0 0 0 0 0 0 0 0 0 0 0 0 0 0 0 0 0 0 0 0 0 0 0 0 0 0 0 0 0 0 0 0 0 0 0 0 0 0 0 0 0 0 0 0 0 0 0 0 0 0 0 0 
0 0 0 0 0 0 0 0 0 0 0 0 0 0 0 0 0 0 0 0 0 0 0 0 0 0 0 0 0 0 0 0 0 0 0 0 0 0 0 0 0 0 0 0 0 0 0 0 0 0 0 0 0 0 0 0 0 0 0 0 0 0 0 0 0 0 0 0 0 0 0 0 0 0 0 0 0 0 0 0 0 0 0 71 71 71 71 72 72 73 73 73 74 74 74 74 74 75 75 75 75 75 76 76 76 76 76 76 76 76 76 76 76 76 75 76 76 76 76 76 76 76 76 76 76 75 75 75 75 75 75 76 76 76 76 75 75 76 76 76 76 77 77 77 77 76 76 76 76 76 76 76 76 76 76 76 76 76 76 76 76 76 77 77 77 77 77 77 77 77 77 77 77 77 77 77 77 77 77 77 77 77 77 77 78 78 78 78 78 78 78 78 80 80 80 80 80 80 80 80 80 80 80 80 80 80 80 80 80 80 80 80 80 80 80 80 80 80 80 80 80 80 80 80 81 81 81 81 80 80 80 80 80 80 80 80 81 80 80 81 81 80 79 79 79 79 79 79 79 79 79 80 80 80 79 79 79 79 79 80 80 80 79 79 79 80 79 79 79 79 79 79 80 79 79 79 80 80 80 79 79 80 79 79 79 79 80 80 80 80 80 79 79 79 79 79 79 79 79 79 79 79 79 79 79 79 79 79 79 79 79 79 79 79 79 79 79 79 79 79 79 80 80 79 79 79 79 79 79 79 79 79 79 79 79 79 79 79 79 78 78 78 79 79 80 80 80 79 79 79 79 79 79 79 78 78 79 79 79 79 79 79 79 79 79 79 79 79 79 78 78 78 78 78 79 79 78 78 78 78 78 78 78 78 78 78 77 77 77 77 77 77 76 77 77 76 76 76 76 77 78 77 77 77 77 76 76 75 76 75 75 75 75 75 75 75 74 74 74 74 74 74 74 74 74 74 74 74 74 75 0 0 0 0 0 0 0 0 0 0 0 0 0 0 0 0 0 0 0 0 0 0 0 0 0 0 0 0 0 0 0 0 0 0 0 0 0 0 0 0 0 0 0 0 0 0 0 0 0 0 0 0 0 0 0 0 0 0 0 0 0 0 0 0 0 0 0 0 0 0 0 0 0 
0 0 0 0 0 0 0 0 0 0 0 0 0 0 0 0 0 0 0 0 0 0 0 0 0 0 0 0 0 0 0 0 0 0 0 0 0 0 0 0 0 0 0 0 0 0 0 0 0 0 0 0 0 0 0 0 0 0 0 0 0 0 0 0 0 0 0 0 0 0 0 0 0 0 0 0 0 0 0 0 0 0 0 0 72 73 72 72 72 73 72 72 73 74 74 75 75 75 75 76 76 76 76 76 76 76 76 76 76 76 76 76 76 76 76 76 76 76 76 76 76 76 76 76 76 76 76 76 76 75 76 76 76 75 75 75 76 76 77 76 76 76 77 76 77 77 76 76 76 76 77 76 76 76 76 76 76 76 76 76 76 77 77 77 77 77 77 77 77 77 77 77 77 77 77 77 77 77 77 77 77 78 78 78 78 78 78 78 78 78 78 78 80 80 80 80 80 80 80 80 80 80 80 80 80 80 80 80 80 80 80 80 80 80 80 80 80 80 80 80 80 81 81 81 81 81 81 81 81 81 81 81 81 80 81 80 81 81 81 81 81 81 79 79 79 79 79 79 79 80 80 80 80 80 79 79 79 80 80 80 80 80 80 79 80 80 80 79 79 80 79 80 80 80 79 80 80 80 80 80 80 80 80 80 80 80 80 80 80 80 80 80 80 80 79 80 80 80 79 79 79 79 79 79 79 80 80 80 80 80 80 80 80 79 79 79 79 79 79 79 80 80 80 80 80 80 80 80 80 80 80 79 79 79 79 79 79 79 79 79 79 79 79 80 80 80 80 80 79 79 79 80 79 79 79 79 79 79 79 79 79 79 79 79 79 79 78 79 79 79 78 78 79 79 79 79 79 79 78 78 78 78 78 78 78 78 77 77 78 78 78 77 77 77 77 76 76 76 76 76 77 77 77 77 77 76 76 76 75 75 75 75 75 75 75 75 75 75 75 74 74 74 74 75 75 74 74 74 74 75 0 0 0 0 0 0 0 0 0 0 0 0 0 0 0 0 0 0 0 0 0 0 0 0 0 0 0 0 0 0 0 0 0 0 0 0 0 0 0 0 0 0 0 0 0 0 0 0 0 0 0 0 0 0 0 0 0 0 0 0 0 0 0 0 0 0 0 0 0 0 0 0 0 
0 0 0 0 0 0 0 0 0 0 0 0 0 0 0 0 0 0 0 0 0 0 0 0 0 0 0 0 0 0 0 0 0 0 0 0 0 0 0 0 0 0 0 0 0 0 0 0 0 0 0 0 0 0 0 0 0 0 0 0 0 0 0 0 0 0 0 0 0 0 0 0 0 0 0 0 0 0 0 0 0 0 0 0 72 72 73 73 72 72 73 73 74 74 75 76 76 76 76 76 76 76 76 76 76 77 77 76 76 76 76 76 76 76 77 77 77 77 77 76 76 76 76 76 76 76 76 76 76 76 76 76 75 75 76 76 77 77 76 76 77 76 77 77 77 76 77 76 76 76 77 76 76 76 76 76 76 76 76 77 77 77 77 77 77 77 77 77 77 77 77 77 77 77 77 78 78 78 78 78 78 78 78 78 78 78 78 78 78 78 79 78 80 80 81 81 80 80 80 80 80 80 80 80 80 80 80 80 80 80 80 80 80 80 80 80 80 80 80 80 81 81 81 81 81 81 81 81 81 81 81 81 81 81 81 81 81 81 81 81 81 81 80 79 79 80 80 79 79 80 80 80 80 81 80 80 79 80 80 80 80 80 80 80 80 80 80 80 80 80 80 80 80 80 80 80 80 80 80 80 80 80 80 80 80 80 80 80 80 80 80 80 80 80 80 80 80 80 80 80 80 80 80 80 80 80 80 80 80 80 80 80 80 79 79 79 79 80 80 80 80 80 80 80 80 80 80 80 80 80 80 80 80 80 80 80 80 80 80 80 80 80 80 79 80 80 80 80 79 79 79 80 79 79 79 79 79 79 79 79 79 79 79 79 79 79 79 79 79 79 79 79 79 79 79 79 79 78 78 78 78 78 78 78 78 78 78 78 78 78 78 77 77 77 77 77 77 76 76 77 78 77 77 77 77 76 76 76 75 75 75 76 76 76 75 75 75 75 75 75 75 75 75 75 75 74 75 74 74 75 75 0 0 0 0 0 0 0 0 0 0 0 0 0 0 0 0 0 0 0 0 0 0 0 0 0 0 0 0 0 0 0 0 0 0 0 0 0 0 0 0 0 0 0 0 0 0 0 0 0 0 0 0 0 0 0 0 0 0 0 0 0 0 0 0 0 0 0 0 0 0 0 0 
0 0 0 0 0 0 0 0 0 0 0 0 0 0 0 0 0 0 0 0 0 0 0 0 0 0 0 0 0 0 0 0 0 0 0 0 0 0 0 0 0 0 0 0 0 0 0 0 0 0 0 0 0 0 0 0 0 0 0 0 0 0 0 0 0 0 0 0 0 0 0 0 0 0 0 0 0 0 0 0 0 0 0 0 73 72 73 73 73 73 73 74 75 75 75 75 76 76 76 76 76 76 76 77 77 77 77 77 76 76 76 76 76 76 77 77 77 77 77 77 77 77 76 76 76 76 76 76 76 77 77 76 76 75 75 76 77 77 77 77 77 76 77 77 77 77 77 77 77 77 77 76 76 76 76 76 76 76 77 77 77 77 77 77 78 78 78 77 77 77 77 78 78 78 78 78 78 78 78 78 78 78 78 78 78 78 78 78 78 79 79 79 80 80 80 81 81 81 81 81 81 80 80 81 81 81 81 80 80 81 80 80 80 80 80 80 80 80 80 81 81 81 81 81 81 81 81 81 81 81 81 81 81 81 81 81 81 81 81 81 81 81 80 80 80 80 80 80 80 80 80 80 80 81 81 80 79 80 80 80 80 80 80 80 80 81 80 80 80 80 80 80 80 80 80 80 80 80 80 80 80 80 80 80 80 80 80 80 80 80 80 80 80 80 80 80 80 80 80 80 80 80 80 80 80 80 80 80 80 80 80 80 80 80 80 80 80 80 80 80 80 80 80 80 80 80 80 80 80 80 80 80 80 80 80 80 80 81 81 81 80 80 80 79 80 81 80 80 80 79 79 80 79 79 79 79 79 79 79 79 79 79 79 79 79 79 79 79 79 79 79 79 79 79 79 79 79 78 78 78 78 79 79 79 79 79 79 79 79 78 78 78 78 77 77 77 77 77 77 78 78 78 77 76 76 76 76 76 76 76 76 76 76 76 75 75 75 75 75 75 75 75 75 75 75 75 75 75 75 75 76 0 0 0 0 0 0 0 0 0 0 0 0 0 0 0 0 0 0 0 0 0 0 0 0 0 0 0 0 0 0 0 0 0 0 0 0 0 0 0 0 0 0 0 0 0 0 0 0 0 0 0 0 0 0 0 0 0 0 0 0 0 0 0 0 0 0 0 0 0 0 0 0 
0 0 0 0 0 0 0 0 0 0 0 0 0 0 0 0 0 0 0 0 0 0 0 0 0 0 0 0 0 0 0 0 0 0 0 0 0 0 0 0 0 0 0 0 0 0 0 0 0 0 0 0 0 0 0 0 0 0 0 0 0 0 0 0 0 0 0 0 0 0 0 0 0 0 0 0 0 0 0 0 0 0 0 0 73 74 74 74 73 73 73 73 75 75 76 76 76 76 76 77 77 76 77 77 77 77 77 77 77 77 76 76 76 76 76 76 77 77 77 77 77 77 77 77 77 77 77 77 77 77 77 76 76 76 76 77 77 77 77 77 77 77 77 77 77 77 77 77 77 77 77 77 77 77 77 77 77 76 77 77 77 77 78 77 77 78 78 78 77 77 77 78 78 78 78 78 78 78 78 78 79 79 78 78 78 79 78 78 78 79 79 79 81 80 80 80 80 80 80 80 81 80 81 81 81 81 81 81 80 80 80 80 80 80 80 80 80 80 81 81 81 81 81 81 81 81 81 81 81 81 81 81 81 81 81 81 81 81 81 81 81 81 80 80 80 80 80 80 80 80 80 80 80 80 80 80 79 80 80 80 80 80 80 80 81 81 80 80 80 80 80 80 80 80 80 80 80 80 80 81 80 80 80 80 81 81 81 80 80 80 80 80 80 80 80 80 80 80 80 80 80 80 80 80 80 80 80 80 80 80 80 80 80 80 80 80 80 80 80 80 80 80 80 80 80 80 80 81 81 80 81 81 80 80 80 81 81 81 81 81 80 80 80 80 80 81 81 80 80 80 80 80 79 79 79 80 80 79 79 79 79 79 79 79 79 79 79 79 79 79 79 79 79 79 79 79 79 79 78 78 79 79 78 79 79 79 79 79 79 79 78 78 78 78 78 77 77 77 77 78 78 78 77 77 76 76 76 76 76 76 76 76 76 76 75 75 75 75 75 75 75 75 75 75 75 75 75 76 76 75 75 75 0 0 0 0 0 0 0 0 0 0 0 0 0 0 0 0 0 0 0 0 0 0 0 0 0 0 0 0 0 0 0 0 0 0 0 0 0 0 0 0 0 0 0 0 0 0 0 0 0 0 0 0 0 0 0 0 0 0 0 0 0 0 0 0 0 0 0 0 0 0 0 
0 0 0 0 0 0 0 0 0 0 0 0 0 0 0 0 0 0 0 0 0 0 0 0 0 0 0 0 0 0 0 0 0 0 0 0 0 0 0 0 0 0 0 0 0 0 0 0 0 0 0 0 0 0 0 0 0 0 0 0 0 0 0 0 0 0 0 0 0 0 0 0 0 0 0 0 0 0 0 0 0 0 0 0 0 74 74 74 74 73 73 74 75 76 76 76 76 76 76 76 76 77 77 77 77 77 77 77 78 77 77 77 77 76 76 76 77 77 77 77 77 77 77 77 77 77 77 77 77 77 77 77 76 76 76 77 77 77 77 77 77 77 78 77 77 78 78 78 78 78 78 77 77 77 77 77 77 76 77 77 78 78 78 78 78 78 78 78 77 78 78 78 78 78 78 79 78 79 79 79 79 79 79 79 79 79 79 79 78 79 79 79 81 81 81 80 80 80 80 80 80 80 80 80 81 81 81 81 81 81 80 80 81 81 81 81 81 81 81 81 81 81 81 81 81 81 81 81 81 81 81 81 81 81 81 81 81 81 81 81 81 81 80 80 80 80 80 80 80 80 80 80 80 80 80 81 80 80 80 80 80 80 80 80 81 81 80 80 80 80 80 81 81 80 80 80 80 80 81 81 81 81 81 81 81 81 81 81 81 81 81 81 81 81 81 81 80 80 80 80 80 80 80 80 80 80 80 80 80 80 80 80 80 80 80 80 80 80 80 80 80 80 80 81 81 81 80 81 81 81 81 81 81 81 80 81 81 81 81 81 80 80 80 80 80 80 81 81 81 80 80 80 79 79 80 80 80 80 79 80 80 79 79 79 79 79 79 79 79 79 79 79 79 79 79 79 79 79 79 78 79 79 78 79 79 78 78 78 78 79 78 78 78 78 78 77 77 77 77 77 77 78 77 77 77 76 76 76 76 76 76 76 76 76 75 76 76 75 75 75 75 75 75 75 75 75 75 75 75 74 75 75 75 0 0 0 0 0 0 0 0 0 0 0 0 0 0 0 0 0 0 0 0 0 0 0 0 0 0 0 0 0 0 0 0 0 0 0 0 0 0 0 0 0 0 0 0 0 0 0 0 0 0 0 0 0 0 0 0 0 0 0 0 0 0 0 0 0 0 0 0 0 0 
0 0 0 0 0 0 0 0 0 0 0 0 0 0 0 0 0 0 0 0 0 0 0 0 0 0 0 0 0 0 0 0 0 0 0 0 0 0 0 0 0 0 0 0 0 0 0 0 0 0 0 0 0 0 0 0 0 0 0 0 0 0 0 0 0 0 0 0 0 0 0 0 0 0 0 0 0 0 0 0 0 0 0 0 0 74 74 74 74 74 73 74 75 76 76 77 77 77 77 77 77 77 77 77 77 77 77 77 77 77 78 78 77 77 77 77 77 77 77 77 77 76 77 77 78 78 78 78 77 77 77 77 77 76 76 77 77 77 78 78 78 78 77 77 78 78 78 77 78 78 78 78 78 77 76 77 77 77 77 77 78 78 78 78 78 78 78 78 78 78 78 78 78 78 78 79 79 79 79 79 79 79 79 79 79 80 79 79 79 80 80 80 82 81 80 80 81 81 81 80 81 80 80 80 80 80 80 81 81 81 81 80 81 81 81 81 81 81 81 81 81 81 81 81 81 81 82 82 81 81 81 81 81 82 82 81 81 81 81 81 81 82 80 80 80 80 80 80 80 80 80 80 80 80 80 80 81 81 80 80 80 80 80 81 81 81 80 80 80 80 80 81 81 81 81 80 80 80 81 81 81 81 81 81 81 81 81 81 81 81 81 81 81 81 81 81 81 80 80 80 80 80 80 80 80 80 80 80 80 80 80 80 80 80 80 80 80 80 80 80 80 80 80 81 81 81 81 81 81 81 81 81 81 81 81 81 81 81 80 81 80 80 80 81 80 80 81 80 80 80 80 80 80 79 80 80 80 80 80 80 80 80 80 79 79 79 79 79 79 80 79 79 79 79 79 79 79 79 79 79 79 79 79 78 78 78 79 79 79 79 78 78 78 77 77 78 78 78 77 77 77 77 77 77 77 77 77 77 76 76 76 76 76 76 76 76 76 76 76 75 75 75 75 76 76 75 75 75 75 75 75 75 75 75 75 0 0 0 0 0 0 0 0 0 0 0 0 0 0 0 0 0 0 0 0 0 0 0 0 0 0 0 0 0 0 0 0 0 0 0 0 0 0 0 0 0 0 0 0 0 0 0 0 0 0 0 0 0 0 0 0 0 0 0 0 0 0 0 0 0 0 0 0 
0 0 0 0 0 0 0 0 0 0 0 0 0 0 0 0 0 0 0 0 0 0 0 0 0 0 0 0 0 0 0 0 0 0 0 0 0 0 0 0 0 0 0 0 0 0 0 0 0 0 0 0 0 0 0 0 0 0 0 0 0 0 0 0 0 0 0 0 0 0 0 0 0 0 0 0 0 0 0 0 0 0 0 0 0 0 74 74 75 75 74 74 75 76 76 76 77 77 77 77 78 77 77 77 77 77 77 78 78 78 78 78 78 78 77 77 77 77 77 78 77 77 77 77 78 78 78 78 78 77 77 77 76 77 77 77 77 78 78 78 78 78 78 78 78 78 78 77 77 77 77 77 77 76 76 77 77 77 78 78 77 78 78 78 79 79 79 79 79 79 79 78 78 78 78 79 79 79 79 79 79 80 79 80 80 80 79 79 79 80 80 79 81 81 80 81 82 82 82 81 81 81 81 81 80 80 80 81 81 81 80 80 81 80 81 81 82 81 81 81 81 82 82 81 81 81 82 82 82 81 81 81 81 81 82 82 82 82 82 82 82 82 80 80 80 80 81 81 81 81 80 80 80 80 80 80 81 81 81 81 80 80 81 81 81 81 81 80 80 81 81 81 81 81 81 81 81 81 81 81 81 81 81 81 81 81 81 81 81 81 81 81 81 81 81 81 81 81 81 81 81 81 81 81 80 80 80 80 80 80 80 80 80 80 81 81 80 80 80 80 80 80 80 81 81 81 81 81 81 81 81 81 81 81 81 81 81 81 81 81 81 81 81 81 80 80 81 81 80 81 81 81 80 80 80 80 80 80 80 80 80 80 80 80 79 79 79 79 79 80 79 79 79 79 79 79 79 79 79 79 79 79 79 79 79 79 79 79 80 79 79 78 78 78 78 78 78 78 78 77 77 77 77 77 77 77 77 77 76 76 76 76 76 76 76 76 76 76 76 76 76 75 75 75 75 75 75 75 75 75 75 75 75 75 75 75 0 0 0 0 0 0 0 0 0 0 0 0 0 0 0 0 0 0 0 0 0 0 0 0 0 0 0 0 0 0 0 0 0 0 0 0 0 0 0 0 0 0 0 0 0 0 0 0 0 0 0 0 0 0 0 0 0 0 0 0 0 0 0 0 0 0 0 
0 0 0 0 0 0 0 0 0 0 0 0 0 0 0 0 0 0 0 0 0 0 0 0 0 0 0 0 0 0 0 0 0 0 0 0 0 0 0 0 0 0 0 0 0 0 0 0 0 0 0 0 0 0 0 0 0 0 0 0 0 0 0 0 0 0 0 0 0 0 0 0 0 0 0 0 0 0 0 0 0 0 0 0 0 74 74 74 75 75 75 74 75 75 76 76 76 77 78 78 78 78 78 78 77 78 78 78 78 78 78 78 79 78 78 78 77 77 78 78 77 77 77 77 77 78 78 78 78 78 77 77 77 78 78 78 78 78 78 78 78 78 78 79 78 78 78 78 78 78 77 78 78 78 78 77 77 77 78 78 78 78 78 79 79 79 79 79 79 79 79 80 79 79 79 79 79 79 79 79 80 80 80 80 80 80 80 80 80 80 79 79 81 82 81 81 81 82 82 82 82 81 81 81 81 81 81 81 81 80 81 81 81 81 81 81 82 82 82 81 81 82 82 82 81 81 82 82 82 82 82 82 81 81 82 82 82 82 82 82 82 82 81 81 80 81 81 81 81 81 81 81 81 80 80 81 81 81 81 81 81 80 81 81 81 81 81 81 81 81 81 81 81 81 81 81 81 81 81 81 81 81 81 81 81 81 81 81 81 81 81 81 81 81 81 81 81 81 81 81 81 81 81 81 81 81 80 80 80 81 81 80 80 80 80 80 80 80 80 80 80 81 81 81 81 81 81 81 81 81 81 81 81 81 81 81 81 81 81 81 81 81 81 81 81 81 81 80 80 80 81 80 80 80 80 80 80 80 80 80 80 80 80 80 79 79 79 79 79 80 79 79 79 79 79 79 79 80 80 80 79 79 79 79 79 79 79 79 80 79 79 78 78 78 78 78 78 78 78 78 78 78 77 77 78 78 77 77 77 77 77 76 76 76 76 76 76 76 76 76 76 76 76 76 76 75 75 75 75 75 75 75 75 75 75 75 75 75 75 75 0 0 0 0 0 0 0 0 0 0 0 0 0 0 0 0 0 0 0 0 0 0 0 0 0 0 0 0 0 0 0 0 0 0 0 0 0 0 0 0 0 0 0 0 0 0 0 0 0 0 0 0 0 0 0 0 0 0 0 0 0 0 0 
0 0 0 0 0 0 0 0 0 0 0 0 0 0 0 0 0 0 0 0 0 0 0 0 0 0 0 0 0 0 0 0 0 0 0 0 0 0 0 0 0 0 0 0 0 0 0 0 0 0 0 0 0 0 0 0 0 0 0 0 0 0 0 0 0 0 0 0 0 0 0 0 0 0 0 0 0 0 0 0 0 0 0 0 74 74 74 74 75 75 75 75 76 76 76 76 76 77 78 77 77 77 78 78 78 78 78 78 78 78 78 78 79 79 79 79 78 78 78 78 78 78 78 77 77 77 77 77 77 77 77 77 78 78 78 79 79 78 79 78 78 78 78 78 79 78 78 79 79 78 77 78 78 79 79 78 77 77 77 78 78 78 78 79 79 79 79 79 79 79 79 80 80 80 79 79 80 80 80 80 80 80 80 80 80 81 81 81 81 80 80 81 82 82 81 82 82 82 82 83 82 82 81 81 81 81 81 81 80 81 81 81 81 81 81 81 82 82 82 81 81 82 83 83 82 82 82 82 83 82 82 82 82 82 82 82 82 82 82 82 82 82 81 81 81 81 81 81 81 81 81 81 81 81 80 81 81 81 81 81 81 81 81 81 81 81 81 81 81 81 81 81 81 81 81 81 81 81 81 81 81 81 81 81 81 81 81 81 81 81 81 81 81 81 81 81 82 82 82 82 81 81 81 81 81 81 81 80 81 81 81 81 80 81 81 80 80 80 80 80 80 81 81 81 81 81 81 81 81 81 81 81 81 81 81 81 81 81 81 81 81 81 81 81 81 81 81 81 81 81 81 81 81 81 80 80 80 80 80 80 80 80 80 80 80 79 79 79 79 79 79 79 79 79 79 79 79 80 80 80 79 79 80 79 79 79 79 79 79 79 79 79 79 79 79 79 79 79 78 78 78 78 78 78 77 77 77 77 77 77 77 77 76 76 76 76 76 76 76 76 76 76 76 76 76 76 76 75 75 75 75 75 75 75 75 75 75 75 75 75 0 0 0 0 0 0 0 0 0 0 0 0 0 0 0 0 0 0 0 0 0 0 0 0 0 0 0 0 0 0 0 0 0 0 0 0 0 0 0 0 0 0 0 0 0 0 0 0 0 0 0 0 0 0 0 0 0 0 0 0 0 0 0 
0 0 0 0 0 0 0 0 0 0 0 0 0 0 0 0 0 0 0 0 0 0 0 0 0 0 0 0 0 0 0 0 0 0 0 0 0 0 0 0 0 0 0 0 0 0 0 0 0 0 0 0 0 0 0 0 0 0 0 0 0 0 0 0 0 0 0 0 0 0 0 0 0 0 0 0 0 0 0 0 0 72 0 0 73 73 74 75 75 75 75 76 77 76 77 77 77 78 78 78 77 77 77 77 78 78 78 78 78 79 79 79 79 79 79 79 79 79 79 79 79 79 79 79 78 78 78 78 78 78 78 78 78 78 78 78 78 79 79 79 79 79 79 79 79 78 78 78 78 78 77 78 78 79 78 78 78 78 78 78 78 78 78 79 79 79 79 79 79 80 79 80 80 80 80 80 80 80 80 80 80 80 80 80 80 80 80 81 81 81 81 81 82 82 82 82 83 83 82 83 83 83 82 81 81 81 81 81 80 82 82 81 81 81 82 82 82 83 83 83 83 83 83 83 83 82 82 82 82 83 83 83 83 82 82 82 82 82 82 82 82 82 81 81 81 81 81 81 81 81 81 81 81 81 81 81 80 80 81 81 81 81 81 81 81 81 81 81 81 81 81 81 81 81 81 81 81 81 81 81 81 81 81 81 81 81 81 82 82 82 82 81 81 81 81 81 82 82 81 82 82 81 81 81 81 81 81 81 81 81 82 81 81 81 81 81 81 81 81 81 81 81 81 82 82 81 81 81 81 81 81 82 82 82 81 82 82 82 81 81 81 81 81 81 81 81 81 81 81 81 81 81 81 81 81 81 80 80 80 80 80 80 80 80 80 80 79 79 79 79 79 79 79 79 79 79 79 79 79 79 79 79 79 79 79 79 79 79 79 79 79 79 79 79 79 79 79 79 79 78 78 78 78 78 78 78 77 77 78 77 77 77 76 76 76 76 76 76 76 76 76 77 76 76 76 76 76 76 76 76 75 75 75 75 75 75 75 75 75 75 76 0 0 0 0 0 0 0 0 0 0 0 0 0 0 0 0 0 0 0 0 0 0 0 0 0 0 0 0 0 0 0 0 0 0 0 0 0 0 0 0 0 0 0 0 0 0 0 0 0 0 0 0 0 0 0 0 0 0 0 0 0 0 
0 0 0 0 0 0 0 0 0 0 0 0 0 0 0 0 0 0 0 0 0 0 0 0 0 0 0 0 0 0 0 0 0 0 0 0 0 0 0 0 0 0 0 0 0 0 0 0 0 0 0 0 0 0 0 0 0 0 0 0 0 0 0 0 0 0 0 0 0 0 0 0 0 0 0 0 0 0 0 0 0 73 73 73 73 73 74 74 74 74 74 75 77 76 77 77 77 77 77 78 78 78 77 77 77 78 78 79 79 79 79 79 79 79 79 79 78 78 78 78 78 79 79 79 79 79 79 80 79 79 79 79 78 79 79 79 79 78 79 79 79 79 80 80 80 79 78 78 79 79 78 78 78 78 78 78 78 78 78 78 78 78 78 79 79 79 79 79 80 80 80 80 80 80 80 81 80 80 80 80 81 81 81 81 81 81 81 81 81 82 81 81 82 82 82 83 83 84 83 83 83 83 82 82 81 81 81 80 81 82 82 82 83 83 83 83 82 82 82 83 83 83 82 82 82 82 82 83 83 83 83 83 83 83 82 82 82 82 82 82 82 82 81 81 81 81 81 81 81 81 81 81 81 81 81 81 81 81 81 81 81 81 81 81 81 81 81 81 81 81 81 81 81 81 81 81 81 81 82 82 82 82 82 81 81 81 81 81 82 82 82 82 82 82 81 81 81 81 82 82 82 81 81 81 81 81 81 81 81 82 82 82 82 82 82 82 82 82 81 81 81 81 81 81 82 81 81 82 82 82 82 82 82 82 82 82 82 82 82 82 82 82 81 81 81 81 81 81 81 81 81 81 81 81 81 81 81 80 80 80 81 80 80 80 80 80 80 80 80 80 80 80 79 79 79 79 79 79 79 79 79 79 79 79 79 79 79 79 79 79 79 79 79 79 79 79 79 79 79 79 78 78 78 78 78 78 78 77 78 78 77 77 77 76 76 76 76 76 76 76 76 76 76 76 76 76 76 76 76 77 77 76 76 76 75 75 75 75 75 75 0 0 0 0 0 0 0 0 0 0 0 0 0 0 0 0 0 0 0 0 0 0 0 0 0 0 0 0 0 0 0 0 0 0 0 0 0 0 0 0 0 0 0 0 0 0 0 0 0 0 0 0 0 0 0 0 0 0 0 0 0 0 0 
0 0 0 0 0 0 0 0 0 0 0 0 0 0 0 0 0 0 0 0 0 0 0 0 0 0 0 0 0 0 0 0 0 0 0 0 0 0 0 0 0 0 0 0 0 0 0 0 0 0 0 0 0 0 0 0 0 0 0 0 0 0 0 0 0 0 0 0 0 0 0 0 0 0 0 0 0 0 0 0 0 73 73 74 74 74 73 73 73 73 73 74 76 76 76 76 77 77 77 78 78 78 78 78 77 78 78 78 79 79 79 79 79 79 79 79 79 78 78 78 79 79 79 78 78 79 79 79 79 79 79 79 78 79 79 80 79 79 79 78 79 79 79 80 80 79 78 79 79 80 79 78 78 78 78 78 79 78 78 79 78 79 78 79 79 79 80 80 80 80 79 79 80 80 81 80 80 80 80 80 81 81 81 82 82 81 82 82 82 82 82 81 82 82 82 82 83 84 84 83 83 82 82 82 82 82 81 81 81 82 82 82 82 83 84 84 84 83 83 82 82 83 83 83 83 83 82 83 83 83 83 84 84 83 83 82 83 83 82 82 82 82 81 81 81 81 81 81 81 81 81 81 81 81 81 81 81 81 81 81 81 81 81 81 81 81 81 81 82 82 82 82 82 82 82 82 82 82 82 82 82 82 82 82 82 82 81 81 82 82 82 82 82 82 82 82 82 81 82 82 82 82 82 82 81 81 81 81 82 82 82 82 82 82 82 82 82 82 82 82 81 81 81 82 81 81 81 81 82 82 82 82 82 82 82 82 82 82 82 82 82 82 82 82 81 81 81 81 82 81 81 81 81 82 81 81 81 80 80 81 82 81 80 80 80 80 80 81 81 81 80 80 80 80 80 79 79 79 80 80 80 80 80 80 79 79 79 79 79 79 80 80 80 79 79 79 79 79 79 78 79 79 79 78 78 78 78 78 78 78 78 77 77 77 77 77 77 77 77 76 76 76 77 77 77 76 76 76 76 76 77 77 77 76 76 75 75 75 75 75 0 0 0 0 0 0 0 0 0 0 0 0 0 0 0 0 0 0 0 0 0 0 0 0 0 0 0 0 0 0 0 0 0 0 0 0 0 0 0 0 0 0 0 0 0 0 0 0 0 0 0 0 0 0 0 0 0 0 0 0 0 0 0 
0 0 0 0 0 0 0 0 0 0 0 0 0 0 0 0 0 0 0 0 0 0 0 0 0 0 0 0 0 0 0 0 0 0 0 0 0 0 0 0 0 0 0 0 0 0 0 0 0 0 0 0 0 0 0 0 0 0 0 0 0 0 0 0 0 0 0 0 0 0 0 0 0 0 0 0 0 0 0 0 0 0 73 74 74 74 74 74 75 74 74 73 75 75 75 76 77 77 77 78 78 78 78 77 77 77 78 78 78 79 79 79 80 80 80 80 80 79 79 79 80 80 80 79 79 79 79 79 78 78 78 79 78 78 79 80 80 79 79 79 80 79 79 80 80 79 79 79 79 80 79 78 78 78 79 79 79 79 79 79 79 79 79 79 79 79 79 80 80 80 79 80 80 80 81 80 80 81 81 81 81 80 81 81 81 81 81 82 82 82 82 81 82 82 82 82 82 83 84 84 83 83 82 82 82 82 81 81 81 82 82 82 82 82 83 84 84 83 82 82 82 82 82 82 82 82 83 83 83 84 83 83 84 84 83 83 83 82 82 82 82 83 81 81 82 81 81 81 81 81 81 81 82 81 82 82 82 82 82 82 81 81 81 81 81 81 82 82 82 82 82 82 82 82 82 82 82 82 82 82 82 82 82 82 82 82 82 82 82 82 82 82 82 82 82 82 82 82 82 82 82 82 82 82 82 82 82 82 82 82 82 82 82 82 82 82 82 82 81 81 81 81 82 81 81 81 82 82 82 82 82 82 82 82 82 82 82 82 82 82 82 82 82 82 81 81 82 82 82 82 81 81 81 82 82 81 81 81 81 81 82 81 81 81 81 81 80 81 82 81 81 81 81 81 81 81 81 81 81 81 81 81 81 80 80 79 79 79 79 79 80 80 80 80 79 79 79 79 79 79 78 79 79 79 78 78 78 78 78 78 78 77 77 77 77 77 77 77 77 77 77 77 77 77 78 77 76 77 77 77 76 76 77 77 77 76 76 75 76 76 75 0 0 0 0 0 0 0 0 0 0 0 0 0 0 0 0 0 0 0 0 0 0 0 0 0 0 0 0 0 0 0 0 0 0 0 0 0 0 0 0 0 0 0 0 0 0 0 0 0 0 0 0 0 0 0 0 0 0 0 0 0 0 
0 0 0 0 0 0 0 0 0 0 0 0 0 0 0 0 0 0 0 0 0 0 0 0 0 0 0 0 0 0 0 0 0 0 0 0 0 0 0 0 0 0 0 0 0 0 0 0 0 0 0 0 0 74 0 0 0 0 0 0 0 0 0 0 0 73 72 0 0 0 0 0 0 0 0 0 0 0 0 0 0 73 74 74 74 75 75 75 75 76 75 75 76 76 76 75 76 77 78 78 78 78 78 78 78 78 79 79 79 79 79 79 80 80 80 80 80 80 79 80 80 80 80 79 80 80 80 79 79 79 80 80 80 79 79 79 80 80 80 80 80 80 80 80 81 81 80 80 80 80 79 79 79 79 80 80 80 80 80 79 79 79 79 79 79 79 79 79 79 80 80 80 80 81 81 80 81 81 81 81 81 81 81 81 82 81 82 82 82 82 82 81 83 84 83 83 83 83 83 84 83 82 83 82 82 82 82 82 82 82 83 82 82 83 84 84 84 84 84 83 83 83 83 83 83 83 83 83 83 83 83 83 84 84 84 83 83 82 82 83 83 83 81 82 82 82 81 82 82 81 82 82 82 82 82 82 82 82 82 82 82 82 81 81 82 82 82 82 82 82 82 82 82 82 82 82 82 82 82 82 82 82 82 82 82 82 82 82 82 82 82 82 82 82 82 82 82 82 82 82 82 82 82 82 82 82 82 82 82 82 82 82 82 82 82 83 82 82 82 82 82 82 82 82 82 82 82 82 82 82 82 82 82 82 82 82 82 82 82 82 82 82 82 82 82 82 81 82 82 82 82 82 82 82 82 82 82 81 81 81 82 82 81 81 82 81 81 81 81 82 82 82 82 82 82 82 82 82 82 81 81 81 81 81 80 80 79 80 80 80 80 80 80 80 80 79 79 79 79 79 79 79 78 78 78 79 78 78 78 78 78 78 77 77 77 77 77 77 77 77 77 77 77 77 77 78 77 77 77 77 77 77 77 77 77 77 77 76 76 77 76 0 0 0 0 0 0 0 0 0 0 0 0 0 0 0 0 0 0 0 0 0 0 0 0 0 0 0 0 0 0 0 0 0 0 0 0 0 0 0 0 0 0 0 0 0 0 0 0 0 0 0 0 0 0 0 0 0 0 0 0 0 0 
0 0 0 0 0 0 0 0 0 0 0 0 0 0 0 0 0 0 0 0 0 0 0 0 0 0 0 0 0 0 0 0 0 0 0 0 0 0 0 0 0 0 0 0 0 0 0 0 0 0 0 0 0 0 0 74 0 74 0 0 0 0 0 74 73 73 72 72 0 0 0 0 0 0 0 0 0 0 0 0 0 0 73 74 74 75 75 75 75 76 76 75 77 77 77 76 76 76 77 78 78 78 78 78 78 78 79 79 79 79 79 79 79 79 80 80 80 80 80 80 80 80 80 80 80 80 81 80 80 81 80 81 81 81 80 79 80 81 81 81 81 81 80 80 80 81 81 81 80 80 80 80 80 80 80 79 79 80 79 79 79 80 80 79 80 80 80 79 79 79 80 80 80 81 81 81 81 82 81 81 81 81 81 82 81 82 82 83 83 83 83 83 84 84 84 84 84 83 84 84 83 83 84 83 82 82 82 82 82 82 82 82 83 84 84 84 84 84 84 84 84 84 84 84 83 83 83 83 83 83 83 84 84 84 84 84 83 83 83 83 83 83 81 81 82 82 82 82 82 81 82 82 82 82 82 82 82 82 82 82 82 82 82 82 82 82 82 82 82 82 82 82 82 82 82 82 82 82 82 82 82 82 82 82 82 82 82 82 82 82 82 82 82 82 82 82 82 82 82 82 82 83 83 82 82 82 82 82 82 82 82 82 82 82 83 83 82 82 82 82 82 82 82 82 82 83 82 82 82 82 82 83 83 83 83 83 82 82 82 82 82 82 82 82 82 82 82 82 82 82 83 83 83 82 83 83 83 82 82 82 82 83 82 82 83 83 82 82 82 82 82 82 82 83 83 83 82 82 82 82 82 81 81 81 81 80 80 80 80 80 80 80 80 80 79 79 79 79 79 79 79 79 79 79 79 78 79 79 78 78 78 78 78 77 77 77 77 77 77 77 77 77 77 78 78 78 78 77 77 77 77 77 77 77 77 77 77 77 77 77 77 0 0 0 0 0 0 0 0 0 0 0 0 0 0 0 0 0 0 0 0 0 0 0 0 0 0 0 0 0 0 0 0 0 0 0 0 0 0 0 0 0 0 0 0 0 0 0 0 0 0 0 0 0 0 0 0 0 0 0 0 0 0 
0 0 0 0 0 0 0 0 0 0 0 0 0 0 0 0 0 0 0 0 0 0 0 0 0 0 0 0 0 0 0 0 0 0 0 0 0 0 0 0 0 0 0 0 0 0 0 0 0 0 0 0 73 74 74 74 75 75 75 75 75 75 75 74 73 73 73 73 73 73 0 0 0 0 0 0 0 0 0 0 0 0 0 73 74 74 74 74 75 75 76 76 77 78 78 77 77 77 76 77 78 78 78 78 78 78 79 79 79 79 79 79 79 79 80 80 81 81 80 80 80 80 80 80 80 80 80 80 80 80 80 80 80 81 80 80 80 80 81 81 82 81 81 80 80 80 81 81 81 81 81 80 80 80 80 80 79 79 79 80 81 80 80 80 80 81 81 80 80 80 80 80 81 82 81 81 81 81 81 82 81 81 81 81 81 82 83 82 83 83 84 84 86 86 85 85 85 85 85 84 83 84 84 83 83 82 82 82 82 83 82 82 82 83 84 84 84 83 83 83 84 84 84 83 83 83 84 83 83 83 84 84 84 84 84 85 84 84 84 83 83 83 82 82 82 82 82 82 82 82 82 82 83 82 82 82 82 82 82 83 82 83 82 82 82 82 82 82 82 82 82 82 82 82 82 82 82 83 83 83 83 83 83 83 83 83 83 83 83 82 82 82 82 82 83 83 83 83 83 83 83 83 83 83 83 83 83 83 83 83 83 83 83 83 83 83 83 83 83 82 82 83 82 82 83 83 83 82 82 82 82 83 83 83 83 83 83 83 83 83 82 82 82 82 82 82 82 82 82 82 82 83 83 82 82 83 83 83 82 82 82 82 83 83 83 83 83 83 82 82 82 82 82 82 83 83 83 82 82 82 82 82 81 81 82 81 81 80 80 81 80 80 80 80 80 79 79 79 79 79 79 79 79 79 79 79 79 79 79 78 78 78 78 78 78 78 78 77 78 77 77 78 78 78 78 78 78 78 78 78 77 77 77 77 78 77 77 77 77 77 77 0 0 0 0 0 0 0 0 0 0 0 0 0 0 0 0 0 0 0 0 0 0 0 0 0 0 0 0 0 0 0 0 0 0 0 0 0 0 0 0 0 0 0 0 0 0 0 0 0 0 0 0 0 0 0 0 0 0 0 0 0 0 
0 0 0 0 0 0 0 0 0 0 0 0 0 0 0 0 0 0 0 0 0 0 0 0 0 0 0 0 0 0 0 0 0 0 0 0 0 0 0 0 0 0 0 0 0 0 0 0 0 0 0 0 74 74 74 74 75 75 75 74 74 74 74 73 73 73 74 74 73 0 0 0 0 74 75 76 0 0 0 0 0 0 75 74 74 74 74 75 75 75 75 76 78 78 78 78 78 78 77 77 77 78 78 79 79 78 79 79 79 79 79 80 80 80 80 80 81 81 81 81 81 80 80 81 81 81 81 80 80 80 80 80 80 80 80 80 80 80 80 81 81 81 82 81 81 81 81 81 81 81 81 81 81 81 80 80 79 80 80 81 80 80 81 81 80 80 80 80 80 80 80 81 81 82 81 81 81 81 82 82 82 82 82 82 82 82 83 83 83 84 83 84 86 86 86 86 86 86 86 85 84 85 85 84 83 83 83 83 82 82 82 82 82 83 83 83 83 83 83 83 84 84 85 84 84 83 84 84 84 83 84 84 85 85 85 85 85 85 84 84 84 84 82 82 82 83 82 82 82 82 82 82 82 82 82 82 82 82 82 83 83 83 83 83 82 82 82 82 82 82 82 82 82 82 82 82 83 83 83 83 83 83 83 83 83 83 83 83 83 83 83 83 83 83 83 83 83 83 83 83 83 83 83 83 83 83 83 83 83 83 83 83 83 83 83 83 83 83 83 82 82 82 82 82 83 83 83 83 83 82 82 83 83 83 83 83 83 83 83 83 83 83 82 83 83 82 82 82 83 82 82 83 83 83 82 82 83 83 82 82 82 82 83 83 82 83 83 83 83 82 82 82 82 82 82 82 82 82 82 82 82 82 82 82 82 82 81 81 81 81 81 81 81 80 80 80 79 79 79 79 79 79 79 79 79 79 79 79 79 79 79 78 78 78 78 78 78 78 77 77 78 78 77 77 78 78 78 78 78 78 78 77 77 77 77 77 77 77 77 77 77 0 0 0 0 0 0 0 0 0 0 0 0 0 0 0 0 0 0 0 0 0 0 0 0 0 0 0 0 0 0 0 0 0 0 0 0 0 0 0 0 0 0 0 0 0 0 0 0 0 0 0 0 0 0 0 0 0 0 0 0 0 0 
0 0 0 0 0 0 0 0 0 0 0 0 0 0 0 0 0 0 0 0 0 0 0 0 0 0 0 0 0 0 0 0 0 0 0 0 0 0 0 0 0 0 0 0 0 0 0 0 0 0 0 0 75 74 74 74 75 76 75 74 74 74 74 74 74 74 75 75 74 74 0 74 73 74 74 75 75 75 76 77 77 76 75 75 74 74 75 75 75 75 76 76 77 78 79 79 79 79 78 78 78 78 79 79 79 79 79 79 79 79 80 80 80 80 80 80 81 81 81 81 81 81 81 81 81 81 81 81 81 80 80 81 80 81 81 81 81 81 81 81 82 82 82 82 82 82 82 81 81 81 82 81 80 80 80 80 81 81 81 81 80 81 81 81 81 81 81 81 81 81 80 80 81 81 81 81 81 81 81 81 82 82 82 82 83 83 83 83 83 84 83 84 85 85 85 85 85 85 86 86 85 86 85 84 83 83 83 83 83 83 83 83 82 82 82 82 83 83 83 83 84 85 85 84 84 84 84 84 84 84 84 84 84 84 84 85 85 85 85 85 85 85 83 83 83 83 83 83 82 82 82 83 82 83 82 82 82 82 82 83 83 83 82 82 82 82 83 83 83 83 83 83 83 83 83 83 83 83 83 83 83 83 83 83 83 83 83 83 83 83 83 83 83 83 83 83 83 83 83 83 83 83 83 83 83 83 83 83 83 83 83 83 83 83 83 83 83 83 83 83 82 82 83 83 83 83 83 83 83 83 83 83 83 83 83 83 83 83 83 83 83 83 83 83 83 83 82 82 82 82 82 83 83 83 83 82 83 82 82 83 82 82 82 82 82 82 83 83 83 83 83 82 82 82 83 83 83 83 82 82 82 82 82 82 82 82 81 81 81 81 81 81 81 81 81 80 80 79 79 79 79 79 79 79 79 79 79 79 79 79 79 78 78 78 78 78 78 78 78 78 78 77 78 78 78 78 78 78 78 78 78 78 78 77 77 77 77 77 78 78 78 0 0 0 0 0 0 0 0 0 0 0 0 0 0 0 0 0 0 0 0 0 0 0 0 0 0 0 0 0 0 0 0 0 0 0 0 0 0 0 0 0 0 0 0 0 0 0 0 0 0 0 0 0 0 0 0 0 0 0 0 0 0 
0 0 0 0 0 0 0 0 0 0 0 0 0 0 0 0 0 0 0 0 0 0 0 0 0 0 0 0 0 0 0 0 0 0 0 0 0 0 0 0 0 0 0 0 0 0 0 0 0 0 0 0 75 75 75 75 76 76 75 75 74 74 75 75 75 75 75 75 75 74 74 0 0 74 75 75 75 75 75 76 76 76 75 75 75 75 75 75 76 76 76 75 77 78 78 78 78 78 79 79 79 79 79 80 79 79 79 79 80 80 80 80 81 81 80 80 80 81 80 81 81 81 82 82 82 82 82 82 81 81 81 82 82 82 82 82 82 81 81 81 81 81 82 82 82 82 82 81 80 81 81 81 81 80 80 81 81 82 81 81 80 81 82 82 82 82 81 81 82 81 81 81 81 81 81 81 81 82 82 82 81 82 82 83 83 83 84 83 83 84 84 83 85 85 85 85 85 84 85 86 86 86 86 84 84 84 83 83 83 83 83 83 83 83 82 82 82 83 83 84 84 84 84 84 84 84 85 85 85 85 85 85 85 85 85 85 85 85 85 86 86 86 85 84 84 85 85 84 83 83 83 83 83 83 83 83 83 82 82 83 83 83 82 83 83 83 83 83 83 83 83 83 83 83 83 83 83 83 83 83 83 83 83 83 83 83 83 83 83 83 83 83 83 83 83 83 83 83 83 83 83 83 83 83 83 83 83 83 83 83 83 84 83 83 83 83 83 83 83 83 83 83 83 83 83 83 83 83 83 83 83 83 83 83 83 83 83 83 83 83 83 83 83 83 83 83 83 82 82 83 83 83 83 83 83 83 82 83 83 83 82 82 82 82 83 83 83 83 83 83 83 82 83 83 83 83 83 83 83 83 82 82 82 82 82 82 82 82 81 81 81 81 81 81 81 81 80 80 80 79 79 79 79 79 79 79 79 79 79 79 79 78 78 78 78 78 78 78 78 78 78 78 78 78 78 78 78 78 77 78 78 78 78 78 77 78 78 77 77 78 78 0 0 0 0 0 0 0 0 0 0 0 0 0 0 0 0 0 0 0 0 0 0 0 0 0 0 0 0 0 0 0 0 0 0 0 0 0 0 0 0 0 0 0 0 0 0 0 0 0 0 0 0 0 0 0 0 0 0 0 0 0 0 
0 0 0 0 0 0 0 0 0 0 0 0 0 0 0 0 0 0 0 0 0 0 0 0 0 0 0 0 0 0 0 0 0 0 0 0 0 0 0 0 0 0 0 0 0 0 0 0 0 0 0 0 76 75 76 76 76 76 76 76 75 76 75 76 77 76 76 75 75 74 0 0 0 74 75 75 75 75 75 75 76 76 75 75 75 76 75 75 75 76 76 76 78 78 78 78 78 78 79 79 79 79 80 80 80 79 79 79 79 80 80 81 81 81 81 80 80 81 81 81 81 81 82 82 82 82 82 82 82 82 82 82 82 82 82 82 82 81 82 82 82 82 82 82 82 82 81 81 80 80 81 81 81 81 81 81 82 82 81 81 81 81 82 82 81 81 81 81 81 82 82 81 81 81 82 82 82 82 83 83 82 83 83 83 83 83 84 83 83 83 84 84 86 86 85 85 85 84 85 85 86 86 86 86 85 85 85 84 84 84 84 84 84 83 83 82 83 83 83 84 85 84 84 84 84 85 85 85 85 85 85 85 85 85 86 86 86 86 86 86 86 86 85 85 85 85 85 85 85 84 84 84 84 84 83 83 83 82 83 83 83 83 83 83 83 83 83 83 83 83 83 83 83 83 83 83 83 83 83 83 83 83 83 83 83 83 83 83 83 83 83 83 83 83 83 83 83 83 83 83 83 83 83 83 83 83 83 83 83 83 83 83 83 83 84 84 83 83 83 83 83 83 83 83 83 83 83 84 84 83 83 83 84 83 83 83 83 83 83 84 84 84 83 83 83 83 83 83 83 83 83 83 83 83 83 83 83 83 83 83 82 82 83 83 83 83 83 83 83 83 83 83 83 83 83 83 83 83 83 83 83 82 82 82 82 82 82 82 82 82 82 81 81 81 81 81 81 80 80 80 80 80 79 79 79 79 79 79 79 79 79 78 79 78 79 78 78 78 78 78 78 78 78 78 78 78 78 78 77 77 78 78 78 78 78 78 78 77 77 77 78 0 0 0 0 0 0 0 0 0 0 0 0 0 0 0 0 0 0 0 0 0 0 0 0 0 0 0 0 0 0 0 0 0 0 0 0 0 0 0 0 0 0 0 0 0 0 0 0 0 0 0 0 0 0 0 0 0 0 0 0 0 0 
0 0 0 0 0 0 0 0 0 0 0 0 0 0 0 0 0 0 0 0 0 0 0 0 0 0 0 0 0 0 0 0 0 0 0 0 0 0 0 0 0 0 0 0 0 0 0 0 0 0 0 0 76 75 76 76 77 77 77 77 76 76 76 77 77 76 76 76 75 75 74 0 0 75 75 76 75 76 76 76 76 76 76 76 75 75 75 75 75 76 76 76 78 79 78 78 78 78 79 79 80 80 80 80 80 80 79 79 79 80 80 81 81 81 81 81 81 81 81 81 81 81 81 81 81 82 82 82 82 82 82 83 82 82 82 82 82 81 82 83 83 83 83 84 83 83 83 82 81 81 81 81 81 82 81 82 83 82 82 82 82 82 82 82 82 82 82 82 81 82 82 81 81 81 82 82 83 83 83 84 83 83 84 83 83 83 83 83 83 83 83 84 86 86 85 85 85 85 84 84 84 85 85 86 86 86 86 85 85 85 85 85 84 84 83 83 83 84 84 85 85 85 84 85 85 85 85 86 85 85 85 86 85 86 86 86 86 86 86 86 86 86 85 85 85 85 85 85 85 85 85 85 85 84 84 83 83 83 83 83 83 84 83 83 83 83 83 83 83 83 83 83 83 83 83 83 83 83 83 83 83 83 83 83 83 83 84 84 83 83 83 83 83 83 83 84 84 84 84 84 83 83 83 83 83 83 83 83 83 83 84 84 84 84 84 84 84 84 83 83 83 83 83 83 83 83 84 84 84 83 84 84 84 84 83 83 83 83 84 84 84 84 84 83 83 83 83 83 83 83 83 83 83 83 83 83 83 83 83 83 83 83 83 83 83 83 83 83 83 83 83 83 83 83 83 83 83 83 83 82 82 82 83 83 83 83 83 83 82 82 82 82 82 82 82 81 81 81 80 80 80 79 79 79 79 79 79 79 79 79 79 79 79 79 79 79 78 78 79 79 78 78 78 79 78 78 78 78 78 78 78 78 78 78 78 78 78 77 77 78 78 78 0 0 0 0 0 0 0 0 0 0 0 0 0 0 0 0 0 0 0 0 0 0 0 0 0 0 0 0 0 0 0 0 0 0 0 0 0 0 0 0 0 0 0 0 0 0 0 0 0 0 0 0 0 0 0 0 0 0 0 0 0 
0 0 0 0 0 0 0 0 0 0 0 0 0 0 0 0 0 0 0 0 0 0 0 0 0 0 0 0 0 0 0 0 0 0 0 0 0 0 0 0 0 0 0 0 0 0 0 0 0 0 0 0 76 76 77 77 77 77 76 76 76 75 76 77 77 77 76 76 75 75 75 76 76 76 76 77 76 76 76 77 77 77 76 76 76 76 76 75 75 75 76 76 78 79 79 79 78 78 79 79 80 79 80 80 80 80 80 80 80 80 81 81 81 81 81 81 81 81 81 81 82 81 82 82 82 82 82 82 82 82 82 83 83 83 83 82 82 82 82 82 82 82 83 83 83 83 82 82 81 81 82 82 81 82 82 82 83 83 83 83 82 83 82 82 81 82 82 82 82 81 81 81 81 81 81 82 82 82 83 83 84 84 84 84 84 84 84 84 84 83 83 84 85 86 86 86 86 86 85 84 84 85 85 85 85 86 86 86 86 86 85 84 83 83 83 83 83 84 84 84 85 85 85 86 86 86 86 86 86 86 86 86 86 86 86 87 87 87 86 86 86 87 86 86 86 85 85 85 85 85 85 85 85 84 84 84 84 84 84 83 83 83 84 84 84 83 84 84 83 83 83 83 83 83 83 83 84 83 84 84 84 84 84 84 84 84 84 84 84 83 83 83 83 83 84 84 84 84 84 84 84 83 84 84 84 84 84 84 84 84 84 84 84 84 84 84 84 84 84 83 83 83 83 83 83 84 84 84 84 84 84 84 84 84 84 83 84 84 83 84 84 84 84 84 84 84 83 83 83 83 83 83 83 83 83 83 83 83 83 83 83 83 83 83 83 83 83 83 83 83 83 83 83 83 83 83 83 83 83 82 82 83 83 83 83 82 82 82 82 82 82 81 82 82 81 81 81 81 81 80 80 80 79 79 79 79 79 80 79 79 79 79 79 79 79 78 78 78 78 78 78 79 78 78 78 78 78 78 78 78 78 78 78 78 78 78 77 77 78 78 78 78 0 0 0 0 0 0 0 0 0 0 0 0 0 0 0 0 0 0 0 0 0 0 0 0 0 0 0 0 0 0 0 0 0 0 0 0 0 0 0 0 0 0 0 0 0 0 0 0 0 0 0 0 0 0 0 0 0 0 0 0 0 
0 0 0 0 0 0 0 0 0 0 0 0 0 0 0 0 0 0 0 0 0 0 0 0 0 0 0 0 0 0 0 0 0 0 0 0 0 0 0 0 0 0 0 0 0 0 0 0 0 0 0 76 77 76 77 77 77 77 77 76 76 76 76 76 77 77 76 76 75 75 76 77 77 76 76 77 77 77 76 77 77 77 77 76 77 77 76 76 76 76 75 76 78 78 78 78 78 79 79 79 79 79 80 80 80 80 80 80 80 80 81 81 81 81 81 81 82 81 82 82 82 82 82 82 82 82 83 83 83 82 82 83 83 83 83 83 82 82 82 83 83 83 83 82 83 83 82 82 82 82 82 82 82 82 83 83 83 82 83 83 82 82 82 81 81 81 81 81 81 81 82 82 82 82 82 82 82 82 82 83 84 84 84 84 84 84 84 84 83 83 83 83 85 85 86 86 85 85 85 85 84 85 85 84 84 85 86 86 86 86 85 84 84 83 83 83 83 84 85 84 85 85 86 87 87 86 86 86 87 87 86 86 87 87 87 88 87 87 86 86 86 86 85 86 86 85 85 85 85 85 85 85 85 85 85 85 85 85 84 84 83 84 84 84 84 84 84 83 83 83 83 83 83 83 84 84 84 84 84 84 84 84 84 84 84 83 83 83 84 83 83 83 83 84 84 84 84 84 84 84 84 84 84 84 84 84 84 84 84 84 84 84 84 84 84 84 84 84 84 84 83 84 84 84 84 84 84 84 84 84 84 84 84 84 84 84 84 84 84 84 84 84 84 84 84 84 84 84 84 83 83 83 83 84 83 84 84 83 83 83 83 83 83 83 83 83 83 83 83 83 83 83 84 83 83 83 82 82 83 83 83 83 83 83 82 82 82 82 82 82 81 81 81 81 81 81 81 81 81 81 80 80 80 80 79 79 80 80 79 79 79 79 79 79 79 79 78 78 78 78 78 79 79 79 79 78 78 78 78 77 77 77 77 77 78 77 77 78 77 78 78 78 0 0 0 0 0 0 0 0 0 0 0 0 0 0 0 0 0 0 0 0 0 0 0 0 0 0 0 0 0 0 0 0 0 0 0 0 0 0 0 0 0 0 0 0 0 0 0 0 0 0 0 0 0 0 0 0 0 0 0 0 0 
0 0 0 0 0 0 0 0 0 0 0 0 0 0 0 0 0 0 0 0 0 0 0 0 0 0 0 0 0 0 0 0 0 0 0 0 0 0 0 0 0 0 0 0 0 0 0 0 0 0 77 78 77 77 77 76 76 77 77 77 77 76 76 76 76 76 76 75 75 75 76 77 77 76 76 77 78 78 78 78 78 78 78 78 78 77 77 77 76 76 76 76 78 78 78 79 80 80 80 80 80 79 79 80 80 80 80 80 80 81 80 81 81 82 82 82 82 82 81 82 82 82 82 82 83 82 82 82 82 82 83 83 83 83 83 84 83 83 83 84 84 84 84 83 83 83 82 82 82 82 82 83 82 83 84 83 83 82 82 82 82 82 81 82 82 82 82 82 82 82 82 82 83 83 83 82 82 82 83 84 84 84 83 83 84 84 84 84 84 84 83 83 84 85 86 85 85 84 84 84 84 84 85 84 84 85 85 85 86 86 86 86 85 84 83 83 83 84 85 85 86 86 87 87 86 85 85 86 86 86 86 86 87 87 87 88 87 87 86 86 86 86 85 85 85 85 85 85 85 85 85 86 86 86 85 85 85 85 85 85 84 84 85 85 85 85 84 84 84 84 84 84 84 84 84 84 84 84 84 84 84 84 84 84 84 84 84 84 84 84 84 84 84 84 84 84 84 84 84 84 84 84 84 84 84 84 84 84 84 84 84 84 84 84 84 84 84 84 84 84 84 84 84 84 84 84 84 84 84 85 84 84 84 84 84 84 84 84 84 84 84 84 84 84 84 84 84 84 84 84 84 84 84 84 84 84 84 84 83 83 83 83 83 83 83 83 83 83 83 83 84 84 83 83 83 83 83 83 84 83 83 83 83 82 82 82 82 82 82 82 82 82 82 82 82 82 81 81 81 81 80 80 80 80 80 79 80 80 80 80 79 79 79 79 79 79 78 78 79 78 79 78 78 78 78 78 78 78 78 78 78 78 78 78 78 78 78 78 78 78 78 78 78 0 0 0 0 0 0 0 0 0 0 0 0 0 0 0 0 0 0 0 0 0 0 0 0 0 0 0 0 0 0 0 0 0 0 0 0 0 0 0 0 0 0 0 0 0 0 0 0 0 0 0 0 0 0 0 0 0 0 0 0 
0 0 0 0 0 0 0 0 0 0 0 0 0 0 0 0 0 0 0 0 0 0 0 0 0 0 0 0 0 0 0 0 0 0 0 0 0 0 0 0 0 0 0 0 0 0 0 0 0 77 77 77 78 78 77 76 76 77 77 76 76 77 76 76 75 75 75 75 76 76 77 77 77 76 77 77 77 78 79 79 79 79 79 79 79 78 78 78 77 77 77 77 78 78 79 79 80 80 80 80 81 80 80 80 80 80 80 80 80 81 81 81 81 81 82 82 82 82 82 82 82 82 82 82 82 82 82 82 82 82 82 82 83 83 83 83 83 84 84 84 84 84 84 84 84 83 82 82 82 83 83 83 82 83 83 83 82 82 82 82 82 82 82 82 83 83 83 82 82 82 82 83 83 84 84 83 84 84 84 84 84 84 84 84 84 84 85 85 85 84 84 84 85 85 85 84 84 85 85 85 84 84 84 84 84 85 86 86 86 86 86 86 86 85 84 83 84 84 85 86 86 86 86 86 86 85 85 86 86 85 86 86 86 86 87 87 87 87 86 86 86 86 85 85 85 85 85 85 86 86 86 86 86 86 85 85 85 85 85 85 85 85 85 85 85 85 85 84 84 84 85 84 84 84 84 84 84 84 84 84 84 84 84 84 84 84 84 84 84 84 84 84 84 84 84 84 84 84 84 84 84 84 84 84 84 84 84 84 84 85 84 84 84 84 84 85 84 84 84 84 84 84 84 84 84 84 84 84 84 85 85 84 84 84 84 84 84 85 84 84 84 84 84 84 84 84 84 84 84 84 84 84 84 84 84 84 84 84 83 84 84 84 84 83 84 84 83 83 84 84 84 84 83 84 83 83 83 83 83 83 83 83 83 83 82 82 82 82 82 82 82 82 82 82 82 82 81 81 81 81 80 80 81 81 81 80 80 81 80 80 80 79 79 79 79 79 79 79 78 78 78 79 79 79 79 78 78 79 78 78 78 78 79 79 79 79 78 78 78 78 78 78 78 0 0 0 0 0 0 0 0 0 0 0 0 0 0 0 0 0 0 0 0 0 0 0 0 0 0 0 0 0 0 0 0 0 0 0 0 0 0 0 0 0 0 0 0 0 0 0 0 0 0 0 0 0 0 0 0 0 0 0 0 
0 0 0 0 0 0 0 0 0 0 0 0 0 0 0 0 0 0 0 0 0 0 0 0 0 0 0 0 0 0 0 0 0 0 0 0 0 0 0 0 0 0 0 0 0 0 0 0 0 77 76 77 77 78 78 77 76 77 77 77 76 77 76 76 76 76 76 77 77 78 77 77 76 77 77 77 77 78 78 78 78 78 78 79 79 80 80 79 78 78 78 77 78 78 78 79 79 79 79 80 81 81 81 81 80 81 81 81 81 81 82 81 81 81 82 82 82 82 82 82 82 82 82 82 82 82 82 83 83 82 83 83 83 83 83 84 84 84 84 84 84 84 84 84 85 84 83 83 83 82 83 82 83 83 83 84 84 84 83 82 82 82 83 82 83 83 83 83 83 82 82 83 83 83 83 84 85 85 84 84 84 84 84 84 84 84 85 84 84 84 84 84 85 85 85 85 86 85 86 86 85 85 85 84 84 85 86 85 86 86 85 85 85 85 84 84 84 85 85 85 85 85 86 86 86 85 86 86 86 85 86 86 86 86 86 87 87 88 87 87 86 86 85 85 85 85 85 85 85 85 85 86 86 85 85 85 85 85 85 85 85 85 85 85 85 85 85 85 84 84 85 85 84 84 84 84 84 84 84 84 84 84 84 84 84 84 84 84 84 84 84 84 84 84 84 85 84 84 84 84 84 84 84 84 84 84 85 85 85 84 84 84 84 85 85 85 84 84 84 84 84 85 84 84 84 84 84 85 85 85 85 84 84 84 84 85 85 85 85 84 85 84 84 84 84 84 84 84 84 84 84 84 84 84 84 84 84 84 84 84 84 84 84 84 84 84 84 84 84 84 84 84 84 84 83 83 83 83 83 83 83 83 83 83 82 82 82 82 82 82 82 82 82 82 82 82 81 81 81 81 80 81 81 81 81 81 80 81 81 81 80 80 80 79 80 80 80 79 79 78 78 78 79 79 79 79 78 78 78 78 78 78 78 78 79 79 79 78 78 78 78 78 78 78 0 0 0 0 0 0 0 0 0 0 0 0 0 0 0 0 0 0 0 0 0 0 0 0 0 0 0 0 0 0 0 0 0 0 0 0 0 0 0 0 0 0 0 0 0 0 0 0 0 0 0 0 0 0 0 0 0 0 0 
0 0 0 0 0 0 0 0 0 0 0 0 0 0 0 0 0 0 0 0 0 0 0 0 0 0 0 0 0 0 0 0 0 0 0 0 0 0 0 0 0 0 0 0 0 0 0 0 0 76 76 77 77 77 78 78 77 77 77 77 77 76 76 76 76 77 78 78 79 79 78 77 77 77 78 77 77 78 78 78 78 78 79 79 79 79 80 80 79 78 77 77 79 79 78 78 78 78 79 79 80 80 81 81 81 82 82 82 82 82 82 82 82 83 82 82 82 82 83 83 82 83 83 83 83 83 82 83 83 83 83 83 83 84 84 84 84 84 84 84 84 84 84 84 84 84 85 84 83 83 83 83 84 84 84 84 84 83 83 82 83 83 84 84 84 83 83 83 83 83 83 83 83 83 84 84 85 85 85 84 84 84 84 84 84 84 84 84 84 84 84 84 85 85 86 86 86 86 87 87 86 85 85 84 84 85 85 85 86 86 86 86 85 84 84 84 84 85 85 85 85 85 86 86 86 85 86 86 86 86 86 87 87 87 87 87 88 88 88 87 87 87 86 85 86 86 86 85 85 85 85 85 86 86 86 86 85 85 85 85 85 85 85 85 85 85 85 85 85 85 84 84 84 84 85 85 85 85 85 84 84 84 84 84 85 85 85 84 84 84 85 84 84 85 85 84 84 84 84 84 84 85 84 84 85 85 85 85 85 85 85 84 84 85 85 85 85 84 84 84 84 84 85 85 85 85 85 85 85 85 85 84 84 84 85 85 85 85 85 85 85 85 84 84 84 84 84 84 85 85 85 84 84 84 84 84 84 84 84 84 84 84 84 84 84 84 84 84 84 84 84 84 84 84 83 83 83 83 83 83 83 83 83 83 83 83 83 83 82 82 82 82 82 82 82 82 81 81 81 81 81 81 81 81 81 81 81 81 81 81 80 80 80 80 80 80 80 80 79 79 78 78 79 79 79 79 79 79 78 79 79 79 78 79 79 79 78 78 78 78 78 78 79 79 79 0 0 0 0 0 0 0 0 0 0 0 0 0 0 0 0 0 0 0 0 0 0 0 0 0 0 0 0 0 0 0 0 0 0 0 0 0 0 0 0 0 0 0 0 0 0 0 0 0 0 0 0 0 0 0 0 0 0 
0 0 0 0 0 0 0 0 0 0 0 0 0 0 0 0 0 0 0 0 0 0 0 0 0 0 0 0 0 0 0 0 0 0 0 0 0 0 0 0 0 0 0 0 0 0 0 0 0 78 77 77 76 76 77 77 78 77 77 77 77 77 77 78 78 78 79 79 79 79 79 78 78 79 79 78 78 77 78 78 79 79 80 80 80 80 80 80 80 79 79 78 80 79 79 79 79 79 78 79 79 80 81 81 82 82 82 83 82 82 83 83 83 83 83 83 83 83 83 83 83 83 83 83 83 83 83 83 82 83 83 83 83 83 84 84 84 84 84 84 84 85 85 85 85 84 85 85 84 84 83 83 83 83 83 84 84 83 84 83 83 83 84 84 84 84 83 83 84 84 83 84 84 84 84 84 85 85 85 85 85 86 86 85 85 85 84 84 84 84 84 84 86 86 86 87 87 87 88 87 86 86 85 85 85 85 85 85 86 86 87 86 85 85 84 84 85 85 85 85 86 86 86 86 86 86 85 86 86 86 86 86 87 87 88 88 88 88 88 88 88 88 86 86 86 87 86 86 86 86 85 85 85 86 86 86 86 86 85 86 86 85 85 85 85 85 85 85 85 85 85 85 85 85 85 85 85 85 85 85 85 85 85 84 85 85 85 85 85 85 85 85 85 85 85 84 84 84 84 85 85 85 85 85 85 85 85 85 85 84 85 85 84 85 85 85 85 85 85 85 85 85 85 85 85 85 85 85 85 85 85 85 84 85 85 85 85 85 85 85 85 85 85 85 85 84 84 84 85 85 85 85 85 84 84 84 84 84 85 84 84 84 84 84 84 84 84 84 84 84 84 84 84 83 84 83 83 83 83 83 83 83 83 83 83 83 83 83 83 82 82 82 82 81 81 81 81 81 81 81 81 81 81 81 81 81 81 81 81 81 81 81 81 80 80 80 80 80 80 79 79 78 79 79 79 78 79 79 79 78 79 79 79 79 79 78 78 78 78 79 78 78 78 79 79 0 0 0 0 0 0 0 0 0 0 0 0 0 0 0 0 0 0 0 0 0 0 0 0 0 0 0 0 0 0 0 0 0 0 0 0 0 0 0 0 0 0 0 0 0 0 0 0 0 0 0 0 0 0 0 0 0 0 
0 0 0 0 0 0 0 0 0 0 0 0 0 0 0 0 0 0 0 0 0 0 0 0 0 0 0 0 0 0 0 0 0 0 0 0 0 0 0 0 0 0 0 0 0 0 0 0 0 79 79 78 78 77 77 77 77 77 77 77 77 77 77 77 78 79 79 79 79 78 78 78 78 79 80 80 80 79 78 78 79 80 79 80 80 80 81 81 81 80 80 80 81 80 80 80 80 80 79 79 79 80 80 81 81 81 81 82 82 82 82 82 83 83 83 83 83 84 84 84 83 83 83 84 84 84 84 84 83 83 83 84 84 84 84 85 84 84 84 84 84 85 85 85 84 85 85 85 85 85 84 83 83 83 83 83 83 83 83 83 83 84 84 84 84 84 84 84 84 84 83 83 84 84 85 84 85 85 86 86 86 85 86 85 85 85 85 84 84 84 84 84 86 86 86 87 88 88 88 88 87 87 86 86 85 85 85 86 86 86 86 86 85 85 85 85 85 85 86 86 87 87 87 86 86 85 86 86 86 87 87 87 87 88 88 89 89 89 90 89 89 88 86 86 87 87 86 86 85 86 85 85 85 85 86 86 86 86 86 85 86 86 85 85 85 85 85 85 85 85 85 85 85 85 85 85 85 85 85 85 85 85 85 85 85 85 85 85 85 85 85 85 85 85 85 85 85 85 85 85 85 85 85 85 85 85 85 85 85 85 85 85 85 85 85 85 85 85 85 85 85 85 85 85 85 85 85 85 85 85 85 85 85 85 85 85 85 85 85 85 85 85 85 85 85 85 84 85 85 85 85 85 85 85 85 84 85 85 85 84 85 85 85 85 85 84 84 84 84 84 84 84 84 83 83 83 83 83 83 83 83 83 83 83 83 83 83 83 83 82 82 82 82 82 81 82 82 82 82 82 82 82 81 82 82 82 82 82 82 82 82 81 81 81 81 81 81 80 80 79 79 79 79 79 79 79 79 79 79 79 79 79 79 79 78 78 78 79 79 79 78 78 78 79 79 80 0 0 0 0 0 0 0 0 0 0 0 0 0 0 0 0 0 0 0 0 0 0 0 0 0 0 0 0 0 0 0 0 0 0 0 0 0 0 0 0 0 0 0 0 0 0 0 0 0 0 0 0 0 0 0 0 0 
0 0 0 0 0 0 0 0 0 0 0 0 0 0 0 0 0 0 0 0 0 0 0 0 0 0 0 0 0 0 0 0 0 0 0 0 0 0 0 0 0 0 0 0 0 0 0 0 0 0 0 79 79 78 77 77 77 77 77 77 78 78 78 78 78 79 79 80 80 79 79 79 79 79 80 80 80 80 79 79 79 79 79 79 80 80 80 81 81 80 81 81 81 81 81 80 80 81 80 79 79 79 80 80 80 80 81 81 81 82 82 82 82 83 83 83 84 84 84 84 84 84 83 84 84 84 84 84 84 84 83 84 84 84 84 85 85 85 85 85 85 85 85 85 85 85 85 85 85 85 84 84 84 83 84 84 83 84 84 84 83 83 84 84 85 85 84 84 84 84 83 84 84 85 85 85 86 86 85 85 86 85 85 85 85 85 85 85 85 85 85 85 87 87 87 88 88 89 89 88 88 87 87 87 86 86 85 85 85 86 86 86 85 85 85 85 85 85 85 85 86 86 86 85 85 86 86 86 87 87 87 87 87 88 88 89 89 90 90 89 89 88 87 87 87 87 87 87 86 85 86 86 86 85 86 86 86 86 86 86 86 86 86 85 85 85 85 85 85 85 85 85 85 85 85 85 85 85 85 85 85 85 85 85 85 85 85 85 85 85 85 85 85 85 85 85 85 85 85 85 85 85 85 85 85 85 85 85 85 85 85 85 85 85 85 85 85 85 85 85 85 85 85 85 85 85 85 85 85 85 85 85 85 85 85 85 86 85 85 85 85 85 85 85 85 85 85 85 85 85 85 85 85 85 85 85 85 85 85 85 85 85 85 85 84 84 84 84 84 84 84 84 84 83 83 83 83 83 83 83 83 84 83 83 83 83 83 83 83 83 83 82 82 82 82 83 82 82 82 82 82 82 82 82 82 82 82 82 82 82 82 82 81 81 81 81 81 81 80 79 79 79 79 78 78 78 78 79 79 79 79 79 78 79 79 79 79 79 78 78 78 78 78 79 79 80 0 0 0 0 0 0 0 0 0 0 0 0 0 0 0 0 0 0 0 0 0 0 0 0 0 0 0 0 0 0 0 0 0 0 0 0 0 0 0 0 0 0 0 0 0 0 0 0 0 0 0 0 0 0 0 0 0 
0 0 0 0 0 0 0 0 0 0 0 0 0 0 0 0 0 0 0 0 0 0 0 0 0 0 0 0 0 0 0 0 0 0 0 0 0 0 0 0 0 0 0 0 0 0 0 0 0 0 0 0 0 79 79 78 78 78 77 78 78 78 78 78 79 79 80 80 80 79 79 80 79 79 79 80 81 81 80 80 80 80 81 80 80 80 81 81 80 80 80 80 82 82 81 80 80 80 80 79 80 80 80 80 81 81 81 82 81 81 82 82 82 82 82 82 83 83 83 84 84 84 84 85 84 84 84 84 84 84 83 84 84 84 84 85 85 85 85 85 85 85 86 85 85 86 85 86 86 85 85 84 83 84 84 84 84 84 85 84 83 83 84 84 85 85 84 84 84 84 84 84 84 84 85 86 86 86 86 86 85 85 85 86 86 85 85 85 86 87 86 87 88 87 88 88 88 89 88 88 88 87 86 86 86 85 86 86 85 85 86 86 86 85 85 85 85 85 85 85 85 85 85 85 86 86 87 87 87 88 88 88 88 88 88 89 89 90 89 89 89 88 87 87 88 88 88 88 87 86 86 86 86 86 86 85 86 86 86 86 86 86 86 86 85 85 85 85 85 85 85 85 86 86 86 86 86 85 85 85 85 85 85 85 85 85 85 86 85 85 85 85 85 85 85 85 85 85 85 85 85 85 85 85 85 85 85 85 85 86 85 85 85 85 85 85 86 86 86 85 85 85 85 85 86 85 85 86 85 85 85 85 86 85 85 85 86 86 86 86 86 86 85 85 85 85 85 85 85 85 85 85 85 85 85 85 85 85 85 85 85 85 85 85 85 85 85 85 84 84 84 84 83 83 83 83 83 83 83 84 84 84 84 84 83 84 84 84 84 83 83 83 83 82 82 82 82 82 82 82 82 82 82 82 82 82 82 82 82 82 82 82 82 81 81 81 81 81 81 80 79 79 79 79 79 79 78 78 78 79 79 79 79 79 79 78 78 78 79 79 79 78 78 79 79 79 80 80 0 80 80 0 0 0 0 0 0 0 0 0 0 0 0 0 0 0 0 0 0 0 0 0 0 0 0 0 0 0 0 0 0 0 0 0 0 0 0 0 0 0 0 0 0 0 0 0 0 0 0 0 0 0 0 
0 0 0 0 0 0 0 0 0 0 0 0 0 0 0 0 0 0 0 0 0 0 0 0 0 0 0 0 0 0 0 0 0 0 0 0 0 0 0 0 0 0 0 0 0 0 0 0 0 0 0 0 0 0 0 79 79 78 78 78 78 78 78 79 80 80 80 80 80 80 79 79 80 80 81 81 81 81 81 81 80 80 81 81 81 81 81 81 80 80 80 80 82 82 82 81 80 80 80 80 81 82 82 82 82 82 82 82 82 82 82 82 83 82 82 82 83 84 84 84 84 84 84 84 84 85 85 84 84 84 84 84 84 85 85 85 85 85 85 85 86 86 86 86 86 86 86 86 86 86 85 84 84 84 85 85 85 85 84 84 84 83 84 85 85 85 85 84 84 84 85 85 85 84 86 87 87 86 85 85 85 85 86 86 86 85 85 86 86 87 87 87 89 88 89 89 88 88 88 88 88 87 86 86 86 86 87 87 86 86 85 85 85 85 86 85 86 86 86 86 86 86 85 85 86 86 87 87 87 88 88 88 88 88 89 89 89 90 90 89 90 89 88 88 87 88 88 88 88 87 87 86 86 86 86 86 86 86 86 86 86 86 86 86 86 86 86 85 85 86 86 86 86 86 86 86 85 85 85 85 85 85 85 85 85 86 86 85 85 85 85 85 85 85 85 85 85 85 85 85 85 85 85 85 85 85 85 86 86 86 85 85 86 86 86 85 85 86 86 86 86 85 86 86 86 85 86 86 86 85 85 86 86 86 86 86 86 86 86 86 86 86 86 85 85 85 85 85 85 85 85 85 85 86 85 85 85 85 85 85 85 85 85 85 85 85 85 85 84 84 84 84 83 84 84 84 84 84 84 84 84 84 84 84 84 84 84 84 83 83 83 82 82 82 82 82 82 82 82 82 82 82 82 82 82 82 82 82 82 82 82 82 82 82 81 81 81 81 81 81 80 80 80 80 80 80 80 79 78 78 78 79 79 79 78 78 79 79 79 79 79 79 79 79 79 79 80 80 80 79 79 79 0 0 0 0 0 0 0 0 0 0 0 0 0 0 0 0 0 0 0 0 0 0 0 0 0 0 0 0 0 0 0 0 0 0 0 0 0 0 0 0 0 0 0 0 0 0 0 0 0 0 0 
0 0 0 0 0 0 0 0 0 0 0 0 0 0 0 0 0 0 0 0 0 0 0 0 0 0 0 0 0 0 0 0 0 0 0 0 0 0 0 0 0 0 0 0 0 0 0 0 0 0 0 0 0 0 0 0 0 80 80 79 80 79 79 79 79 79 79 80 80 80 80 79 80 81 81 82 82 82 82 81 81 81 81 81 81 81 82 81 80 80 80 80 81 82 82 81 81 80 80 80 81 81 82 82 83 83 83 83 83 84 84 83 84 84 83 83 83 84 84 84 85 85 84 84 84 85 85 85 85 85 85 85 85 84 85 85 85 85 86 86 86 86 86 86 86 87 87 87 87 86 86 86 85 85 85 85 85 85 85 85 85 84 84 85 85 85 84 84 84 84 85 85 86 85 86 87 87 86 86 86 86 86 86 86 86 85 85 86 86 86 86 87 89 89 89 89 88 88 89 89 89 88 87 87 88 87 87 86 86 86 86 86 86 86 86 86 86 87 87 87 86 86 86 86 86 86 87 87 88 88 88 88 88 88 88 89 89 89 89 89 89 89 88 88 88 88 88 88 88 87 87 87 86 87 87 87 86 86 86 86 86 87 86 86 86 86 86 86 86 86 86 86 86 86 86 86 86 86 85 85 85 85 86 86 86 86 86 85 85 85 85 85 85 85 85 85 85 85 85 85 86 86 86 86 86 85 86 86 86 87 86 87 87 86 85 86 86 86 86 86 86 86 86 86 86 86 86 86 86 86 86 86 86 86 86 86 86 86 86 86 86 86 86 86 86 85 85 85 85 85 85 85 86 86 86 86 85 85 85 85 85 85 85 85 85 85 85 85 85 85 85 85 85 85 85 85 85 85 84 84 84 84 83 83 83 83 83 83 83 83 83 83 83 83 82 82 82 82 82 82 82 82 82 82 82 82 82 82 82 82 83 82 82 82 82 82 81 81 81 81 81 81 80 80 80 80 80 80 79 79 78 79 79 78 78 79 79 79 79 79 79 79 79 79 79 79 79 79 78 78 78 79 79 0 0 0 0 0 0 0 0 0 0 0 0 0 0 0 0 0 0 0 0 0 0 0 0 0 0 0 0 0 0 0 0 0 0 0 0 0 0 0 0 0 0 0 0 0 0 0 0 0 0 
0 0 0 0 0 0 0 0 0 0 0 0 0 0 0 0 0 0 0 0 0 0 0 0 0 0 0 0 0 0 0 0 0 0 0 0 0 0 0 0 0 0 0 0 0 0 0 0 0 0 0 0 0 0 0 0 0 0 0 0 0 0 81 80 80 80 80 80 80 80 81 80 81 81 82 82 82 83 82 82 82 81 81 81 82 82 82 81 81 81 81 80 81 82 82 82 81 81 81 81 81 81 82 82 82 83 83 83 84 84 84 84 84 84 84 84 84 84 84 85 85 85 85 85 85 85 85 85 85 85 85 85 85 85 85 85 85 86 86 86 86 86 86 86 86 87 87 87 87 87 87 87 87 87 86 86 86 86 86 86 84 84 84 85 85 85 85 85 85 85 85 86 86 86 87 87 87 87 87 87 87 86 86 87 86 86 85 85 86 86 86 87 89 89 89 89 89 89 89 89 89 88 87 88 88 87 87 86 87 87 87 87 87 87 86 86 86 87 87 86 86 86 86 86 87 87 88 88 88 88 87 88 88 88 88 88 89 89 88 88 89 89 88 89 88 88 88 89 89 89 89 88 87 86 86 86 86 86 86 86 86 86 87 86 86 86 86 86 86 86 86 86 86 86 86 86 86 86 86 86 86 86 86 86 86 86 86 85 85 85 85 85 85 85 85 85 85 86 86 86 86 86 86 87 86 85 85 86 86 86 87 88 87 87 86 86 86 86 86 86 86 86 86 86 86 86 86 86 86 86 86 86 86 86 86 86 86 86 86 86 86 85 85 85 85 85 85 85 85 85 86 86 86 86 86 86 86 85 85 85 85 85 85 85 85 85 85 85 86 86 86 85 85 86 86 85 85 85 85 85 84 84 84 83 83 83 83 83 83 83 83 83 83 83 83 83 83 83 83 83 83 83 83 83 82 82 82 82 82 82 82 82 82 82 82 82 82 82 81 82 82 81 81 81 81 81 80 80 80 79 79 79 79 79 79 79 79 79 79 79 79 79 79 79 78 79 79 78 78 78 78 79 80 0 0 0 0 0 0 0 0 0 0 0 0 0 0 0 0 0 0 0 0 0 0 0 0 0 0 0 0 0 0 0 0 0 0 0 0 0 0 0 0 0 0 0 0 0 0 0 0 0 0 
0 0 0 0 0 0 0 0 0 0 0 0 0 0 0 0 0 0 0 0 0 0 0 0 0 0 0 0 0 0 0 0 0 0 0 0 0 0 0 0 0 0 0 0 0 0 0 0 0 0 0 0 0 0 0 0 0 0 0 0 0 0 0 81 81 81 80 80 80 81 81 82 82 82 82 82 83 83 83 83 83 83 83 83 83 83 82 82 82 82 81 80 81 81 81 81 81 81 81 81 82 82 82 82 82 82 83 84 84 84 84 84 85 85 85 84 84 85 85 85 85 85 85 85 85 85 86 86 86 86 86 85 85 85 85 86 86 86 86 86 86 86 87 87 87 87 87 87 87 87 87 87 87 87 86 86 86 86 85 85 85 85 86 86 85 85 85 86 85 85 85 86 87 87 88 88 88 87 88 88 88 88 87 87 87 86 86 86 86 86 87 87 89 89 89 89 89 89 89 89 89 88 88 88 88 88 87 87 88 88 87 87 87 87 87 87 86 87 86 86 86 86 87 87 87 87 88 87 88 88 87 87 88 87 88 89 89 88 89 88 89 89 88 88 88 88 89 89 89 89 89 88 87 87 87 87 87 87 86 86 86 86 87 87 86 86 86 86 86 86 86 86 86 86 86 86 86 86 86 86 86 86 86 86 86 86 85 85 85 85 85 85 85 86 86 85 86 86 86 86 86 86 87 87 86 86 86 86 86 86 87 87 87 87 87 87 87 86 86 86 86 86 86 86 86 86 86 86 86 86 86 86 86 86 86 86 86 86 86 85 85 85 85 85 86 86 86 86 86 86 86 86 86 86 86 86 86 86 86 86 86 85 86 85 85 85 85 85 85 85 85 85 85 85 85 85 85 85 85 85 85 84 84 84 84 84 84 83 83 83 83 83 83 83 83 83 83 83 83 83 83 83 83 83 82 82 82 82 82 82 82 82 82 82 82 82 82 82 82 82 82 81 82 81 81 81 81 80 80 80 79 79 79 79 79 79 79 79 79 79 79 80 80 79 78 79 79 78 78 79 79 79 79 79 80 80 0 0 81 81 0 0 0 0 0 0 0 0 0 0 0 0 0 0 0 0 0 0 0 0 0 0 0 0 0 0 0 0 0 0 0 0 0 0 0 0 0 0 0 0 0 0 0 
0 0 0 0 0 0 0 0 0 0 0 0 0 0 0 0 0 0 0 0 0 0 0 0 0 0 0 0 0 0 0 0 0 0 0 0 0 0 0 0 0 0 0 0 0 0 0 0 0 0 0 0 0 0 0 0 0 0 0 0 0 0 0 0 82 82 82 81 81 81 82 82 82 82 83 83 83 83 83 83 83 83 83 83 83 83 83 83 83 83 82 81 82 82 81 81 81 81 82 82 82 82 82 83 83 83 84 84 84 84 83 84 84 85 85 85 85 85 85 85 85 85 85 85 85 85 85 86 86 86 86 86 86 85 86 86 86 87 87 87 87 87 87 87 87 87 87 87 87 87 87 87 87 88 87 86 85 86 86 85 85 86 87 87 86 85 85 86 86 85 86 86 87 87 88 88 88 88 88 88 88 87 87 87 88 87 86 86 86 86 86 87 89 89 89 90 89 89 89 89 89 89 89 88 88 88 88 88 88 88 88 88 87 87 87 87 87 87 87 87 87 86 87 87 88 87 88 88 88 89 88 87 87 88 88 89 89 88 88 89 89 89 88 88 88 88 89 89 89 89 89 88 87 87 87 87 87 87 87 87 86 86 87 87 87 87 86 86 87 86 86 86 86 86 86 86 86 86 86 86 86 86 86 86 86 86 85 85 86 86 86 86 86 86 86 86 86 86 86 87 86 86 87 87 87 86 86 86 86 86 86 87 88 88 88 88 87 87 86 86 86 86 86 86 86 86 86 86 86 86 86 86 86 86 86 86 86 86 86 86 86 86 86 86 86 86 86 86 86 86 86 86 86 86 86 86 86 86 86 86 86 86 86 86 86 86 86 86 86 86 86 86 86 86 86 86 86 86 85 85 85 85 85 84 84 84 84 84 84 84 84 84 84 83 83 83 83 83 83 83 83 83 83 83 83 83 82 82 82 82 82 82 83 82 82 82 82 82 82 82 81 81 82 82 81 81 81 81 80 80 79 79 79 79 79 79 79 79 79 79 80 80 79 79 78 79 79 79 79 79 79 79 79 79 79 80 80 80 80 80 81 0 0 0 0 0 0 0 0 0 0 0 0 0 0 0 0 0 0 0 0 0 0 0 0 0 0 0 0 0 0 0 0 0 0 0 0 0 0 0 0 0 0 
0 0 0 0 0 0 0 0 0 0 0 0 0 0 0 0 0 0 0 0 0 0 0 0 0 0 0 0 0 0 0 0 0 0 0 0 0 0 0 0 0 0 0 0 0 0 0 0 0 0 0 0 0 0 0 0 0 0 0 0 0 0 0 0 0 82 0 0 82 82 82 82 83 83 83 83 83 83 83 83 83 83 83 83 83 84 84 83 83 83 83 82 83 82 82 82 81 81 82 83 83 83 83 83 83 83 84 84 84 83 83 84 84 85 86 86 86 86 86 86 86 86 86 85 86 85 85 85 85 86 86 86 86 86 86 86 86 87 87 87 87 87 87 87 87 87 87 87 87 88 87 88 88 88 87 86 86 86 86 86 86 86 87 87 87 86 85 86 87 86 86 86 87 87 88 88 88 88 88 88 88 87 87 87 87 87 87 87 86 87 87 88 90 89 90 90 90 90 90 90 90 89 89 88 88 88 88 88 88 88 88 87 87 87 87 88 88 88 87 87 87 87 87 87 87 87 87 87 88 88 88 88 88 89 89 90 90 89 89 89 89 89 88 88 88 89 89 89 89 89 89 88 88 88 87 87 87 87 87 87 87 86 87 87 87 87 87 87 87 87 87 87 87 87 86 86 87 87 87 86 86 86 86 86 86 86 86 86 86 86 86 86 86 86 86 86 86 86 86 87 87 86 86 87 88 87 87 86 86 86 87 88 89 88 88 87 87 86 87 87 87 87 87 86 86 87 86 87 86 86 87 87 87 86 86 86 86 86 86 86 86 86 86 86 86 86 86 86 86 86 86 86 86 86 86 86 86 86 86 86 86 86 86 86 86 86 86 86 86 86 86 86 86 86 86 86 86 86 86 86 86 85 85 85 84 84 84 84 84 84 84 84 84 83 83 83 83 83 83 83 83 83 83 83 83 82 83 83 83 83 82 83 83 82 82 82 82 82 82 82 82 82 81 81 81 81 81 81 81 80 80 79 79 79 79 79 79 79 79 79 80 79 80 79 79 79 79 79 79 79 79 79 79 79 79 79 79 79 79 80 80 81 0 0 0 0 0 0 0 0 0 0 0 0 0 0 0 0 0 0 0 0 0 0 0 0 0 0 0 0 0 0 0 0 0 0 0 0 0 0 0 0 0 
0 0 0 0 0 0 0 0 0 0 0 0 0 0 0 0 0 0 0 0 0 0 0 0 0 0 0 0 0 0 0 0 0 0 0 0 0 0 0 0 0 0 0 0 0 0 0 0 0 0 0 0 0 0 0 0 0 0 0 0 0 0 0 0 0 0 0 0 0 83 83 83 83 83 83 83 84 84 84 83 84 84 84 83 84 84 84 84 83 83 83 82 83 83 83 82 82 81 81 82 83 83 83 83 83 83 83 84 84 83 84 84 84 85 86 86 86 87 87 87 87 87 87 86 86 86 86 86 86 86 86 86 86 86 87 86 87 87 87 87 87 87 87 87 87 87 87 87 87 88 88 88 88 88 87 86 86 86 86 86 86 86 86 87 87 86 86 87 88 87 86 87 87 88 88 88 88 88 88 87 88 87 87 88 88 87 88 88 86 87 87 88 90 90 90 90 90 89 89 90 90 89 88 88 88 88 88 88 88 88 88 87 88 88 87 87 87 87 87 87 87 87 87 87 87 87 87 87 87 87 88 88 89 89 90 89 90 89 90 90 90 90 88 88 88 89 89 89 89 89 89 88 88 87 87 87 87 87 87 87 87 87 87 87 88 87 87 88 87 87 87 86 86 86 86 86 87 87 87 87 86 86 87 87 87 87 87 87 87 87 87 86 86 87 87 86 87 87 87 87 87 87 87 88 88 88 88 87 87 87 88 89 89 88 88 87 88 87 88 87 87 87 87 87 87 87 87 86 86 87 87 87 87 86 87 87 87 87 87 87 87 87 86 86 86 86 86 86 86 86 86 86 86 86 86 86 86 86 86 86 86 86 86 86 86 86 87 87 86 86 86 87 87 86 86 87 87 86 86 86 86 86 85 85 85 84 84 84 84 84 84 84 83 83 83 83 83 83 83 83 83 83 83 83 83 83 83 83 83 83 83 83 83 83 82 82 82 82 82 82 82 82 82 81 81 81 81 81 80 81 80 80 79 79 79 79 78 78 78 79 79 79 79 79 79 79 79 80 80 80 79 79 79 79 79 79 80 80 80 81 81 82 0 0 0 0 0 0 0 0 0 0 0 0 0 0 0 0 0 0 0 0 0 0 0 0 0 0 0 0 0 0 0 0 0 0 0 0 0 0 0 0 0 
0 0 0 0 0 0 0 0 0 0 0 0 0 0 0 0 0 0 0 0 0 0 0 0 0 0 0 0 0 0 0 0 0 0 0 0 0 0 0 0 0 0 0 0 0 0 0 0 0 0 0 0 0 0 0 0 0 0 0 0 0 0 0 0 0 0 0 0 0 0 0 83 83 84 84 84 84 84 84 84 84 84 84 84 84 84 84 84 83 83 83 82 83 84 83 83 83 82 82 82 82 82 82 82 82 83 84 84 84 83 84 84 84 85 86 87 86 86 87 87 87 87 87 87 87 86 86 86 86 86 86 86 86 86 86 87 87 87 88 88 87 87 88 87 87 87 88 88 88 88 88 88 88 88 88 87 87 87 86 86 87 87 87 87 87 86 86 87 88 87 86 86 87 88 88 87 88 88 88 88 88 87 88 89 88 88 89 88 87 87 88 89 90 90 90 90 90 90 90 90 90 90 89 88 88 88 88 89 89 89 89 88 88 88 87 87 87 87 87 87 87 87 87 87 88 88 87 88 88 88 88 88 88 89 89 89 89 89 89 90 90 90 88 89 89 89 89 89 89 90 89 89 89 88 88 88 88 87 87 87 87 87 87 87 88 88 88 88 88 87 87 87 86 86 86 87 87 87 87 87 87 86 87 87 86 87 87 87 87 87 87 86 86 86 87 87 87 87 87 88 88 88 88 88 88 89 88 88 88 88 89 89 89 89 89 89 88 88 88 89 88 87 87 88 87 87 87 87 86 86 87 87 87 87 87 87 88 88 88 87 87 87 87 87 87 87 87 87 87 87 87 87 86 86 86 86 87 87 87 86 86 87 87 87 87 87 87 86 86 87 87 87 87 86 86 86 87 86 86 86 86 86 86 85 85 85 85 84 84 84 84 84 84 84 84 83 83 83 83 83 83 83 82 82 82 83 83 83 83 83 83 83 83 83 83 83 82 82 82 82 82 82 82 82 81 81 81 80 80 80 80 80 79 80 80 79 79 79 79 78 78 78 79 80 79 79 79 79 79 79 79 80 80 79 79 79 80 80 81 81 81 81 82 0 0 0 0 0 0 0 0 0 0 0 0 0 0 0 0 0 0 0 0 0 0 0 0 0 0 0 0 0 0 0 0 0 0 0 0 0 0 0 0 
0 0 0 0 0 0 0 0 0 0 0 0 0 0 0 0 0 0 0 0 0 0 0 0 0 0 0 0 0 0 0 0 0 0 0 0 0 0 0 0 0 0 0 0 0 0 0 0 0 0 0 0 0 0 0 0 0 0 0 0 0 0 0 0 0 0 0 0 0 0 0 0 0 0 0 0 84 84 84 84 84 84 84 84 84 84 84 84 83 82 82 82 83 84 84 84 83 83 82 82 82 82 82 83 83 83 84 84 84 83 84 85 85 86 87 87 86 87 87 87 87 87 87 87 87 87 87 87 87 87 86 86 86 86 87 87 87 87 87 88 88 88 88 88 88 88 88 88 88 88 88 88 88 88 88 87 87 87 86 87 87 87 88 88 87 86 87 87 87 88 87 87 87 88 88 88 88 88 88 88 88 88 89 89 88 88 89 88 88 87 88 89 90 90 90 90 91 90 90 90 90 90 89 89 88 88 88 88 88 89 89 89 89 88 87 87 87 87 87 87 87 88 88 88 88 88 88 89 89 89 88 88 88 88 88 89 89 89 90 90 90 91 90 89 90 90 90 89 89 90 90 90 89 88 88 88 87 87 87 87 88 88 87 87 87 87 87 88 88 88 87 87 87 87 87 87 87 87 87 87 87 86 86 86 87 87 87 87 87 87 87 87 87 87 87 88 88 88 88 88 88 88 88 88 88 88 88 88 88 88 89 89 88 88 89 89 89 89 89 89 89 88 88 88 87 87 87 87 87 87 87 87 87 87 87 88 88 88 88 88 88 87 87 87 87 87 87 87 87 87 87 87 86 86 86 87 87 87 87 87 87 87 87 87 87 87 87 86 86 86 86 86 86 86 86 86 86 86 86 86 86 86 86 86 86 86 85 85 85 85 84 84 85 84 84 83 83 83 83 83 83 83 83 83 82 82 82 83 83 83 83 83 83 83 82 82 82 82 82 82 82 82 82 82 82 82 81 81 81 80 80 80 79 79 80 80 79 79 79 79 79 79 79 79 80 80 80 80 79 80 79 79 80 80 79 80 80 81 81 80 80 80 81 82 82 81 81 81 80 81 81 0 0 0 0 0 0 0 0 0 0 0 0 0 0 0 0 0 0 0 0 0 0 0 0 0 0 0 0 0 0 0 0 
0 0 0 0 0 0 0 0 0 0 0 0 0 0 0 0 0 0 0 0 0 0 0 0 0 0 0 0 0 0 0 0 0 0 0 0 0 0 0 0 0 0 0 0 0 0 0 0 0 0 0 0 0 0 0 0 0 0 0 0 0 0 0 0 0 0 0 0 0 0 0 0 0 0 0 0 84 84 84 84 84 84 84 84 84 84 84 84 83 82 82 81 83 83 84 84 83 83 83 83 83 83 83 83 83 84 84 84 83 84 85 86 87 87 87 87 86 86 87 87 87 87 87 87 87 87 88 88 88 87 87 87 86 87 87 87 88 88 88 88 88 88 88 88 88 88 88 88 89 89 89 88 88 89 88 88 88 88 87 87 87 87 87 88 87 87 87 87 88 88 88 88 88 89 89 88 88 88 88 89 88 89 89 89 88 89 89 89 88 88 88 88 90 90 91 91 91 90 90 90 90 90 89 89 89 88 88 88 88 89 88 89 89 88 88 88 87 87 87 87 88 88 88 88 88 89 89 90 89 89 88 88 89 89 89 89 89 89 89 90 91 91 90 90 90 90 90 90 90 90 90 90 90 89 88 88 88 88 88 88 88 88 88 87 87 88 87 87 88 88 88 87 87 87 87 87 87 87 87 87 87 86 86 87 87 87 87 88 88 88 88 87 88 88 88 88 88 88 88 88 88 88 88 88 88 88 88 88 88 89 89 89 88 88 89 89 89 89 89 89 89 88 88 88 88 88 88 87 87 87 87 87 88 88 88 88 88 88 88 88 88 88 88 88 88 88 88 88 87 87 87 87 86 86 87 87 87 87 87 87 87 87 87 87 87 87 87 87 87 87 87 86 87 86 86 86 86 86 86 86 86 86 86 86 86 85 85 85 85 85 85 85 85 85 84 84 84 84 84 83 83 83 83 83 83 83 83 83 83 83 83 83 83 82 82 82 82 82 82 82 82 82 82 82 82 82 82 81 81 81 80 80 80 79 80 81 80 80 80 80 80 79 79 79 79 80 80 80 80 80 80 79 79 80 80 80 80 81 80 80 79 79 79 80 81 81 80 79 79 80 79 80 80 0 0 0 0 0 0 0 0 0 0 0 0 0 0 0 0 0 0 0 0 0 0 0 0 0 0 0 0 0 0 
0 0 0 0 0 0 0 0 0 0 0 0 0 0 0 0 0 0 0 0 0 0 0 0 0 0 0 0 0 0 0 0 0 0 0 0 0 0 0 0 0 0 0 0 0 0 0 0 0 0 0 0 0 0 0 0 0 0 0 0 0 0 0 0 0 0 0 0 0 0 0 0 0 0 0 0 85 85 85 85 85 85 85 85 85 84 84 84 84 83 82 82 83 83 83 83 83 83 83 84 84 84 84 84 83 83 83 83 84 85 85 86 86 87 87 87 87 86 87 87 88 88 88 88 88 88 88 88 88 87 87 87 88 88 88 87 88 88 88 88 88 88 88 88 89 89 88 88 89 89 89 89 89 89 89 89 89 88 87 87 87 88 88 88 87 87 87 87 87 88 89 89 89 89 89 89 89 89 88 89 89 89 89 89 88 89 89 89 89 88 89 89 90 90 91 91 90 90 90 89 89 89 89 89 89 89 88 88 88 88 89 88 89 88 88 88 88 88 87 88 88 88 88 88 88 89 90 90 89 89 88 89 90 90 90 90 90 90 90 89 90 91 90 90 90 90 90 90 90 90 90 90 90 89 88 88 88 89 88 89 88 88 88 88 88 88 88 88 87 88 88 88 87 87 87 87 87 87 88 87 87 87 87 87 87 87 87 87 88 88 88 88 88 88 88 88 89 89 88 88 88 88 88 88 88 88 88 89 89 89 89 88 88 88 89 88 88 88 89 89 89 89 89 89 89 88 88 88 88 87 87 87 88 88 88 88 88 88 88 88 88 88 88 87 87 87 87 87 87 87 87 87 87 87 87 87 87 87 87 87 87 87 87 87 87 87 87 87 87 87 87 87 87 87 86 86 86 86 86 86 86 86 86 86 85 85 85 85 85 85 85 85 85 85 85 84 85 84 84 83 83 84 83 83 83 83 83 83 83 83 83 83 83 83 82 82 82 82 82 82 82 82 81 82 82 82 82 81 81 81 81 80 80 80 79 80 81 80 80 80 81 80 80 79 79 79 79 79 80 80 80 80 80 81 81 82 81 80 79 79 79 79 79 79 80 80 80 79 78 78 79 79 79 80 0 0 0 0 0 0 0 0 0 0 0 0 0 0 0 0 0 0 0 0 0 0 0 0 0 0 0 0 0 
0 0 0 0 0 0 0 0 0 0 0 0 0 0 0 0 0 0 0 0 0 0 0 0 0 0 0 0 0 0 0 0 0 0 0 0 0 0 0 0 0 0 0 0 0 0 0 0 0 0 0 0 0 0 0 0 0 0 0 0 0 0 0 0 0 0 0 0 0 0 0 0 0 0 0 0 0 85 85 85 85 85 85 85 85 85 84 84 83 82 82 82 83 84 83 83 83 83 83 84 84 84 85 85 85 84 84 84 84 84 85 85 86 86 87 87 87 87 87 88 88 87 88 88 88 88 88 88 87 88 88 88 88 88 88 88 88 88 88 88 88 88 88 89 89 89 88 89 88 89 89 89 89 89 89 89 89 88 87 87 87 87 88 88 88 88 87 88 88 88 89 89 89 89 90 89 89 89 89 89 89 89 89 89 88 89 89 89 89 88 89 89 91 91 91 91 91 90 90 89 89 89 89 89 89 89 89 88 88 88 89 89 89 88 88 88 88 88 88 88 88 88 88 88 89 89 90 90 89 89 89 89 90 91 91 91 91 90 91 90 90 91 90 91 91 90 90 90 90 90 91 91 90 89 89 89 88 88 88 88 88 88 89 88 89 88 88 88 88 88 88 88 88 88 88 88 88 88 87 87 87 87 87 87 87 87 88 88 88 88 88 88 88 88 88 89 89 88 88 88 88 88 89 88 88 88 88 88 88 89 89 88 88 89 89 88 88 88 89 89 88 88 89 89 89 89 89 89 88 88 88 88 88 88 88 88 88 88 88 88 88 88 88 88 87 87 87 87 87 87 87 87 87 87 87 87 88 88 88 87 87 87 87 87 87 87 87 87 87 87 87 87 87 87 87 86 86 86 86 86 86 86 86 86 86 85 85 85 85 85 85 85 86 85 85 85 85 84 84 84 85 85 84 83 83 83 83 83 83 83 83 83 83 83 82 82 82 82 82 82 82 82 82 81 81 82 82 82 82 81 81 81 80 80 79 80 81 81 80 80 80 80 80 80 79 79 79 79 80 80 81 81 81 82 82 81 81 81 80 79 79 78 78 79 80 79 79 80 80 78 78 79 79 80 81 0 0 0 0 0 0 0 0 0 0 0 0 0 0 0 0 0 0 0 0 0 0 0 0 0 0 0 0 
0 0 0 0 0 0 0 0 0 0 0 0 0 0 0 0 0 0 0 0 0 0 0 0 0 0 0 0 0 0 0 0 0 0 0 0 0 0 0 0 0 0 0 0 0 0 0 0 0 0 0 0 0 0 0 0 0 0 0 0 0 0 0 0 0 0 0 0 0 0 0 0 0 0 0 0 0 85 85 85 85 85 85 85 85 84 83 82 82 82 82 83 85 84 84 84 83 83 83 83 83 84 85 84 85 85 85 85 85 85 86 86 86 86 86 87 87 87 87 87 87 87 87 88 88 88 88 88 88 88 88 88 88 89 88 88 88 88 88 88 88 88 89 89 89 89 89 89 89 89 89 89 89 89 89 89 89 89 88 88 88 88 89 88 88 89 88 89 89 89 90 90 89 90 90 89 89 89 89 89 90 90 90 89 89 89 89 90 89 89 89 89 91 91 92 91 91 90 90 89 89 89 89 89 90 90 89 89 89 88 88 89 88 88 88 89 89 89 88 88 88 88 88 88 89 89 89 90 90 90 90 90 91 91 91 92 92 92 92 91 91 91 90 91 91 91 90 90 90 91 91 90 90 89 89 89 89 89 89 89 88 88 89 89 89 89 88 88 88 88 88 88 88 88 88 88 88 88 88 88 88 87 87 87 87 87 88 88 88 88 88 88 88 88 88 89 89 88 88 88 88 88 88 88 88 88 88 88 88 88 88 88 88 89 88 88 88 89 89 89 89 88 88 89 88 88 88 89 88 89 89 88 88 88 88 88 88 88 88 88 88 88 88 87 87 87 87 87 87 87 87 87 87 87 87 88 88 88 88 88 88 88 88 87 87 87 87 87 87 87 87 88 87 87 87 87 86 86 86 86 86 86 86 86 86 86 85 85 85 85 85 85 85 86 86 85 85 85 85 85 85 85 85 85 85 85 84 84 83 83 83 82 82 83 83 83 83 83 84 83 83 83 82 81 81 81 81 82 82 82 81 82 81 80 80 80 80 80 80 80 80 80 80 80 79 79 79 79 79 79 80 81 81 81 81 81 80 81 81 80 80 79 78 79 79 79 79 79 79 78 78 79 79 79 79 80 0 0 0 0 0 0 0 0 0 0 0 0 0 0 0 0 0 0 0 0 0 0 0 0 0 0 0 
0 0 0 0 0 0 0 0 0 0 0 0 0 0 0 0 0 0 0 0 0 0 0 0 0 0 0 0 0 0 0 0 0 0 0 0 0 0 0 0 0 0 0 0 0 0 0 0 0 0 0 0 0 0 0 0 0 0 0 0 0 0 0 0 0 0 0 0 0 0 0 0 0 0 0 0 0 0 85 85 85 86 86 86 85 84 83 82 83 83 83 84 85 85 85 84 84 83 83 84 84 84 84 84 84 84 85 86 86 86 87 87 87 86 86 87 87 87 87 87 87 87 88 88 88 88 88 88 88 88 89 89 89 89 89 88 88 89 88 88 89 89 89 89 89 89 89 89 90 90 89 89 89 90 90 90 90 89 88 88 89 89 89 88 88 89 89 89 90 90 90 90 90 90 91 90 90 90 90 90 90 90 89 89 90 89 89 89 89 89 89 90 92 91 92 91 91 90 90 90 89 89 89 89 90 90 90 89 89 88 88 88 88 89 89 89 89 89 88 88 88 88 88 88 88 89 89 90 90 91 91 91 91 92 92 92 93 92 92 92 92 91 90 91 92 91 91 91 90 91 91 90 89 89 89 89 89 89 89 88 88 89 89 89 89 88 88 88 89 88 88 88 88 88 88 87 88 88 87 88 87 87 87 87 87 87 88 88 88 88 88 88 89 88 88 89 89 89 88 88 88 88 88 88 88 88 88 88 88 88 88 88 89 89 89 88 89 89 89 89 89 89 88 88 88 88 88 88 88 88 88 88 88 88 88 88 88 88 88 88 88 88 88 88 88 88 88 88 88 88 88 87 87 87 88 88 88 88 88 88 88 88 88 88 88 88 88 88 88 87 87 87 87 87 87 87 87 87 87 86 86 86 86 86 86 86 85 85 85 85 85 85 84 84 85 84 84 84 84 85 85 84 84 83 84 84 84 85 85 84 83 83 83 83 84 84 84 84 84 83 83 83 82 82 81 81 81 81 82 82 82 82 82 81 80 80 80 80 80 80 80 80 80 81 80 80 79 80 80 80 80 81 81 81 81 80 80 80 81 80 80 80 79 79 79 79 79 79 78 78 79 78 78 78 79 79 80 0 0 0 0 0 0 0 0 0 0 0 0 0 0 0 0 0 0 0 0 0 0 0 0 0 0 
0 0 0 0 0 0 0 0 0 0 0 0 0 0 0 0 0 0 0 0 0 0 0 0 0 0 0 0 0 0 0 0 0 0 0 0 0 0 0 0 0 0 0 0 0 0 0 0 0 0 0 0 0 0 0 0 0 0 0 0 0 0 0 0 0 0 0 0 0 0 0 0 0 0 0 0 0 0 0 86 86 86 86 86 85 84 83 83 84 84 84 84 85 86 86 85 84 84 84 84 84 84 84 85 85 85 85 85 85 86 86 87 87 87 87 87 86 88 88 88 87 88 88 88 88 88 88 89 89 89 89 89 89 89 89 89 89 89 89 89 89 89 89 89 89 89 90 89 89 89 90 90 90 90 90 90 90 89 89 88 89 89 89 89 89 89 89 90 90 91 91 90 90 90 91 91 91 90 90 90 90 90 89 90 90 90 90 90 90 90 90 90 92 92 92 91 91 90 90 89 89 90 90 90 90 90 90 90 89 89 89 89 89 89 89 89 89 88 88 88 88 89 89 89 89 90 90 90 91 91 92 92 92 92 92 93 93 93 93 93 92 92 91 92 92 91 91 91 90 90 90 89 89 89 89 89 89 89 89 89 89 89 89 90 89 89 89 89 89 88 88 88 88 88 88 88 88 88 88 88 88 88 87 87 87 87 87 88 88 88 88 88 89 88 88 88 88 89 89 88 88 88 88 88 88 88 88 89 88 89 89 88 89 89 89 88 89 89 89 89 89 89 88 88 89 88 88 88 88 88 88 88 88 88 88 89 89 88 88 88 88 88 88 88 88 88 88 88 88 88 88 88 88 88 88 88 88 88 88 88 88 88 88 88 88 88 88 88 88 88 88 87 87 87 87 87 87 87 87 86 87 87 87 86 86 86 86 86 86 86 85 84 84 84 84 83 83 82 83 83 83 83 83 83 83 83 84 84 85 85 85 84 85 84 84 84 84 84 84 84 84 83 83 82 81 81 82 82 82 81 82 83 82 81 80 80 80 80 80 80 81 80 80 81 81 80 80 80 80 80 81 81 80 80 80 80 80 80 80 80 79 79 79 79 79 79 78 78 79 79 79 79 79 79 79 79 80 81 81 0 0 0 0 0 0 0 0 0 0 0 0 0 0 0 0 0 0 0 0 0 0 0 0 
0 0 0 0 0 0 0 0 0 0 0 0 0 0 0 0 0 0 0 0 0 0 0 0 0 0 0 0 0 0 0 0 0 0 0 0 0 0 0 0 0 0 0 0 0 0 0 0 0 0 0 0 0 0 0 0 0 0 0 0 0 0 0 0 0 0 0 0 0 0 0 0 0 0 0 0 0 0 0 0 86 87 87 87 87 86 85 85 85 85 85 85 86 86 85 85 84 84 84 84 84 84 84 84 85 85 85 85 85 86 86 86 87 87 88 88 87 87 88 88 88 88 88 88 88 88 88 88 88 88 89 89 89 89 88 88 88 88 89 89 89 89 88 89 89 89 89 89 89 89 89 89 89 90 90 90 90 89 89 88 88 89 89 89 89 89 89 89 89 90 90 89 89 90 89 90 90 90 90 90 90 89 90 90 90 89 89 90 90 90 90 89 92 92 91 91 90 90 90 90 89 90 90 90 90 90 90 90 90 89 89 89 89 89 89 88 88 88 88 88 88 88 89 89 89 89 90 90 90 91 92 93 92 92 93 93 93 93 93 94 93 93 92 92 92 92 91 91 90 90 90 90 90 90 90 90 89 90 90 89 89 90 90 90 89 89 89 89 88 88 88 89 88 89 89 88 88 88 88 88 88 88 88 88 88 88 88 88 88 88 88 89 88 89 89 89 89 89 89 89 88 88 88 88 89 89 89 89 89 89 89 89 89 89 89 89 89 89 89 89 89 88 88 88 89 89 89 89 89 89 89 89 89 89 89 89 89 89 88 88 88 88 89 89 89 89 89 89 89 89 89 89 89 88 88 88 88 89 89 89 89 89 89 89 89 89 88 88 88 88 88 88 88 88 88 88 88 87 87 87 87 87 87 87 86 86 87 86 86 85 85 85 85 85 84 83 83 83 84 84 83 83 83 83 83 83 84 84 84 84 84 85 85 85 84 84 85 84 84 84 84 84 83 83 82 82 82 82 82 82 82 82 82 82 81 81 81 80 80 80 81 81 81 81 81 81 80 80 80 80 81 81 81 80 80 80 80 81 81 80 79 79 80 80 80 80 79 80 80 80 81 81 81 81 81 81 81 81 81 81 81 0 0 0 0 0 0 0 0 0 0 0 0 0 0 0 0 0 0 0 0 0 0 
0 0 0 0 0 0 0 0 0 0 0 0 0 0 0 0 0 0 0 0 0 0 0 0 0 0 0 0 0 0 0 0 0 0 0 0 0 0 0 0 0 0 0 0 0 0 0 0 0 0 0 0 0 0 0 0 0 0 0 0 0 0 0 0 0 0 0 0 0 0 0 0 0 0 0 0 0 0 0 0 0 0 0 87 87 87 86 86 85 85 85 85 86 85 85 84 85 85 84 84 85 85 84 84 84 85 86 86 86 87 87 86 87 87 88 87 87 86 87 88 88 89 89 88 88 88 88 88 89 89 89 89 89 89 89 88 88 89 89 89 89 89 89 89 89 89 89 89 89 89 89 89 89 89 89 89 90 90 89 89 89 89 90 90 90 90 89 89 90 90 90 89 89 89 89 89 90 90 90 90 90 90 90 91 90 90 90 90 91 91 90 90 91 91 91 91 91 90 90 90 90 90 90 90 90 90 90 90 90 90 90 89 89 88 88 88 88 88 88 89 89 89 89 89 90 90 90 90 90 90 91 93 93 93 93 93 93 93 93 94 94 94 93 92 92 92 91 91 91 91 90 90 90 90 91 90 90 90 90 90 89 89 89 89 89 88 88 88 89 89 89 89 89 89 89 89 89 88 88 88 88 88 89 89 89 89 88 88 88 88 89 89 89 89 89 89 89 89 89 89 89 89 89 89 89 89 89 89 89 89 89 89 89 89 89 89 89 89 89 89 89 89 89 89 89 89 89 89 89 89 89 89 89 89 89 89 89 89 89 89 89 89 89 89 89 89 89 89 89 89 89 89 89 89 89 88 88 89 89 89 89 89 89 89 89 89 88 88 88 88 88 88 88 88 88 88 88 88 87 87 87 87 87 87 86 87 86 86 85 86 86 87 86 85 85 84 84 84 85 85 85 84 83 83 83 83 83 84 84 84 84 84 84 84 84 84 84 84 84 84 84 84 83 82 82 82 82 82 82 82 82 82 82 82 82 81 81 81 80 80 80 80 81 81 81 81 80 80 80 80 81 81 81 81 81 80 80 80 80 80 79 80 80 80 81 81 81 80 81 81 81 82 82 82 82 82 81 81 80 80 81 0 0 0 0 0 0 0 0 0 0 0 0 0 0 0 0 0 0 0 0 0 0 
0 0 0 0 0 0 0 0 0 0 0 0 0 0 0 0 0 0 0 0 0 0 0 0 0 0 0 0 0 0 0 0 0 0 0 0 0 0 0 0 0 0 0 0 0 0 0 0 0 0 0 0 0 0 0 0 0 0 0 0 0 0 0 0 0 0 0 0 0 0 0 0 0 0 0 0 0 0 0 0 0 0 0 0 0 0 87 86 86 86 86 85 86 86 85 85 85 85 85 85 85 86 85 84 84 84 85 85 86 86 87 87 87 88 88 88 88 87 87 87 87 88 88 89 89 89 89 89 89 89 89 89 89 89 89 89 89 89 89 89 89 89 89 89 89 89 89 89 89 89 89 89 89 89 89 90 90 90 90 90 90 90 89 90 90 90 90 89 90 90 89 89 89 89 89 89 90 91 91 91 90 90 91 91 91 90 90 91 91 91 90 90 91 91 91 91 91 91 91 90 90 90 90 90 90 89 89 90 90 90 90 90 89 89 89 88 89 89 89 89 89 89 90 90 90 90 90 90 90 90 91 92 93 93 93 93 93 93 94 94 94 94 93 92 91 91 91 91 91 91 91 90 90 91 91 91 91 90 91 90 90 89 90 89 89 90 89 89 89 88 89 89 89 89 90 89 88 88 89 88 88 89 89 89 89 89 88 88 88 89 89 89 89 89 89 89 89 89 89 89 89 89 89 89 89 89 89 89 89 89 89 89 89 89 89 89 89 89 89 89 89 89 89 89 89 89 89 89 89 89 89 89 89 89 89 89 89 89 89 89 89 89 89 89 89 89 89 89 89 89 89 89 89 89 89 89 88 89 89 89 89 89 89 89 89 89 88 88 88 88 88 88 88 88 88 88 88 87 87 87 87 87 87 87 87 86 86 86 86 86 86 86 86 86 85 85 84 84 84 85 84 84 83 83 83 83 83 83 84 84 83 83 84 84 84 83 83 83 83 83 84 83 83 83 82 82 82 82 82 82 82 82 81 82 82 81 81 81 81 80 80 80 80 81 81 81 80 81 80 81 81 80 81 80 81 80 81 80 79 80 80 80 80 80 81 81 81 81 82 82 82 82 81 81 81 81 80 80 80 81 82 81 0 0 0 0 0 0 0 0 0 0 0 0 0 0 0 0 0 0 0 0 0 
0 0 0 0 0 0 0 0 0 0 0 0 0 0 0 0 0 0 0 0 0 0 0 0 0 0 0 0 0 0 0 0 0 0 0 0 0 0 0 0 0 0 0 0 0 0 0 0 0 0 0 0 0 0 0 0 0 0 0 0 0 0 0 0 0 0 0 0 0 0 0 0 0 0 0 0 0 0 0 0 0 0 0 0 0 0 0 87 86 86 86 86 86 85 85 85 85 86 86 86 86 85 85 85 85 84 84 84 85 85 86 87 88 89 89 89 89 89 88 88 88 89 89 89 89 89 89 89 89 89 89 89 89 89 90 90 90 90 90 90 89 89 89 89 89 89 89 89 89 89 90 89 89 89 90 90 90 90 90 90 90 90 90 90 90 90 90 90 90 90 89 89 89 89 89 89 90 90 91 91 90 91 91 91 91 91 91 91 92 91 90 90 91 90 91 91 92 91 91 91 91 90 90 89 89 89 89 89 90 90 90 89 90 90 89 89 89 89 89 89 90 90 90 90 90 90 90 90 90 90 91 92 93 93 93 94 94 94 94 94 94 94 93 92 91 91 91 91 91 91 91 90 91 92 92 91 91 91 91 91 90 90 90 90 90 90 89 89 89 89 89 89 89 89 90 89 89 89 89 88 89 89 89 89 89 89 88 88 89 89 89 89 89 89 89 89 89 89 89 89 89 89 89 89 89 89 89 89 89 89 89 89 89 89 89 89 89 89 89 89 89 89 89 89 89 89 89 89 89 89 89 89 89 89 89 89 89 89 89 89 89 89 89 89 89 89 89 89 89 89 89 89 89 89 89 89 89 89 89 89 89 89 89 89 89 89 89 89 89 88 88 88 88 88 88 88 88 87 87 87 87 87 87 87 86 86 86 86 86 86 86 86 86 86 86 86 85 85 84 85 85 84 84 83 83 83 83 83 83 83 84 84 84 84 83 83 84 84 84 84 83 83 84 84 83 83 83 82 82 82 82 82 81 81 81 81 81 81 81 81 81 80 80 80 81 81 80 80 81 81 81 80 80 80 80 80 80 79 80 80 80 80 80 81 82 81 81 81 81 81 81 81 81 80 81 80 80 80 81 82 82 82 81 0 0 0 0 0 0 0 0 0 0 0 0 0 0 0 0 0 0 0 0 
0 0 0 0 0 0 0 0 0 0 0 0 0 0 0 0 0 0 0 0 0 0 0 0 0 0 0 0 0 0 0 0 0 0 0 0 0 0 0 0 0 0 0 0 0 0 0 0 0 0 0 0 0 0 0 0 0 0 0 0 0 0 0 0 0 0 0 0 0 0 0 0 0 0 0 0 0 0 0 0 0 0 0 0 0 0 88 88 87 86 86 86 86 85 85 86 86 86 87 87 86 86 86 86 86 86 85 84 85 85 86 87 88 89 89 89 90 89 89 88 89 89 89 89 89 89 89 89 89 89 89 89 89 89 89 90 90 90 90 89 89 90 89 90 89 89 90 90 90 90 90 90 90 90 90 90 90 90 90 90 90 90 90 90 90 90 90 90 90 90 89 89 89 89 89 89 90 90 90 91 91 91 92 92 92 91 91 91 92 91 91 90 91 90 91 91 91 92 91 91 90 90 90 89 89 90 90 90 90 90 90 89 90 90 90 89 89 90 90 90 90 90 90 90 90 90 90 90 90 91 92 92 93 93 93 93 94 94 94 94 95 95 93 93 92 92 91 91 92 92 92 91 92 91 92 91 90 90 90 90 91 91 91 91 91 91 90 90 89 89 89 90 89 89 90 90 89 89 89 89 89 90 89 89 89 89 89 89 89 89 89 89 89 89 89 89 89 89 89 89 89 89 89 89 89 89 89 89 89 89 89 89 89 89 89 89 89 89 89 89 89 89 89 89 89 89 89 89 89 89 89 89 89 89 89 89 89 89 89 89 89 89 89 89 89 89 89 89 89 89 89 89 89 89 89 89 89 89 89 89 89 89 89 89 89 89 89 89 89 89 89 88 88 88 89 88 88 88 88 87 87 87 87 86 86 86 86 86 86 86 86 86 86 86 86 86 86 86 85 85 85 85 85 84 84 83 83 83 83 83 83 84 84 83 84 84 84 84 84 84 84 84 84 84 83 83 83 82 82 82 82 81 82 81 81 82 82 81 81 81 81 81 80 80 80 81 80 81 81 81 80 80 80 80 79 79 80 81 81 81 81 81 81 82 82 80 80 81 81 81 81 81 81 80 80 80 81 81 82 82 81 81 80 0 0 0 0 0 0 0 0 0 0 0 0 0 0 0 0 0 0 0 0 
0 0 0 0 0 0 0 0 0 0 0 0 0 0 0 0 0 0 0 0 0 0 0 0 0 0 0 0 0 0 0 0 0 0 0 0 0 0 0 0 0 0 0 0 0 0 0 0 0 0 0 0 0 0 0 0 0 0 0 0 0 0 0 0 0 0 0 0 0 0 0 0 0 0 0 0 0 0 0 0 0 0 0 0 0 88 88 88 88 87 87 87 86 86 86 86 87 87 87 87 86 87 87 87 87 86 86 85 85 87 87 87 88 89 89 89 90 90 90 89 90 90 90 89 89 89 89 89 89 89 89 90 90 90 90 90 90 90 90 90 90 90 90 90 90 90 90 90 90 90 90 90 90 90 90 90 90 90 90 90 90 90 90 90 90 90 90 90 90 90 89 89 89 90 90 90 90 90 90 91 91 91 91 92 91 91 91 92 91 91 90 89 91 91 91 91 91 92 91 91 90 90 90 90 90 90 90 90 90 90 90 90 90 90 90 89 89 90 90 90 90 90 90 90 90 91 91 91 91 91 92 92 93 93 93 93 94 94 94 94 95 95 94 93 92 92 92 91 92 92 91 91 91 91 91 91 91 91 90 90 90 91 90 91 90 91 91 90 89 90 89 90 89 89 90 90 90 90 89 90 90 90 90 90 90 89 89 89 90 90 90 90 89 89 90 90 90 90 90 90 90 89 89 89 89 89 90 89 89 90 90 89 89 90 90 89 89 90 89 89 89 89 89 89 89 89 89 89 89 89 89 90 90 89 89 89 89 89 89 89 89 89 89 89 89 89 89 89 89 89 89 89 89 89 89 89 89 89 89 89 89 89 89 89 89 89 89 89 89 89 89 89 88 88 89 89 88 88 88 87 87 87 87 87 87 86 86 86 86 86 86 87 86 86 86 85 86 86 86 85 85 85 85 84 84 84 84 83 83 83 83 83 83 84 84 84 84 83 83 83 84 84 83 83 83 83 82 82 82 82 82 81 81 81 81 82 82 81 81 81 81 81 81 80 80 81 80 80 81 80 80 79 79 80 81 80 80 80 80 80 80 81 81 81 81 80 80 81 81 81 82 82 81 80 80 80 80 81 82 81 80 80 79 0 0 0 0 0 0 0 0 0 0 0 0 0 0 0 0 0 0 0 0 
0 0 0 0 0 0 0 0 0 0 0 0 0 0 0 0 0 0 0 0 0 0 0 0 0 0 0 0 0 0 0 0 0 0 0 0 0 0 0 0 0 0 0 0 0 0 0 0 0 0 0 0 0 0 0 0 0 0 0 0 0 0 0 0 0 0 0 0 0 0 0 0 0 0 0 0 0 0 0 0 0 0 0 0 0 88 88 88 88 88 88 87 87 86 87 87 88 87 87 87 87 87 88 88 87 87 86 85 85 86 87 87 88 89 89 89 90 90 90 90 90 90 90 90 89 89 89 89 89 90 90 90 90 90 90 90 90 90 90 90 90 90 90 90 90 90 90 90 90 90 90 90 90 90 90 90 90 90 90 90 90 90 90 90 90 90 90 90 91 90 89 89 89 90 90 91 90 89 90 90 91 91 91 91 92 91 91 91 91 90 90 89 91 91 91 91 91 91 92 92 91 91 91 90 90 90 90 90 90 90 90 90 90 90 90 90 90 90 90 90 90 91 91 91 91 91 91 91 91 91 92 92 92 93 93 93 94 94 94 95 95 94 93 93 92 92 91 91 92 91 91 91 91 92 91 91 91 91 91 91 90 90 90 90 90 91 91 91 90 90 90 90 90 89 90 90 91 91 91 91 90 91 91 90 90 90 90 90 90 90 90 90 90 90 90 90 90 90 90 90 90 90 90 90 90 89 90 90 89 90 90 90 90 90 90 90 90 90 90 90 90 89 89 89 89 89 89 89 89 90 89 89 90 90 90 90 89 89 89 89 89 89 90 90 90 89 89 89 89 89 89 89 89 89 89 89 89 89 89 89 89 89 89 89 89 89 89 89 89 89 89 89 89 88 88 88 88 88 88 87 87 87 87 88 88 87 87 87 86 86 86 86 86 86 87 86 86 86 86 86 86 85 85 85 85 85 84 84 84 83 83 83 83 83 83 83 83 83 84 83 83 83 83 83 83 82 82 82 82 82 82 82 81 81 81 81 82 82 81 81 81 82 81 81 81 80 81 80 80 80 79 80 80 81 81 80 80 79 79 80 80 80 80 80 81 80 80 80 81 82 82 82 81 80 80 81 81 81 81 81 80 79 79 80 0 0 0 0 0 0 0 0 0 0 0 0 0 0 0 0 0 0 0 
0 0 0 0 0 0 0 0 0 0 0 0 0 0 0 0 0 0 0 0 0 0 0 0 0 0 0 0 0 0 0 0 0 0 0 0 0 0 0 0 0 0 0 0 0 0 0 0 0 0 0 0 0 0 0 0 0 0 0 0 0 0 0 0 0 0 0 0 0 0 0 0 0 0 0 0 0 0 0 0 0 0 0 0 0 0 88 88 88 88 88 88 88 88 87 87 88 87 87 87 88 88 88 88 87 87 85 86 87 87 88 88 88 88 89 89 90 90 90 90 91 91 91 90 89 89 89 89 89 90 90 90 91 91 90 90 90 90 90 90 90 90 90 90 90 90 90 90 90 90 90 90 90 90 91 91 90 90 90 90 90 90 90 90 90 91 91 91 91 90 89 89 89 90 90 90 90 89 90 90 91 91 91 91 91 91 91 90 90 90 90 90 91 91 91 91 91 91 92 92 92 91 91 91 90 90 90 91 90 90 90 90 90 90 90 90 90 91 90 90 90 90 90 91 91 91 91 90 90 91 92 92 92 93 93 93 93 94 94 95 95 95 93 93 92 92 91 91 91 91 91 92 92 92 91 91 90 91 91 91 91 91 91 91 90 90 90 91 91 91 91 91 90 90 90 91 91 91 91 90 90 90 90 90 90 90 90 90 90 90 90 90 90 90 90 90 90 90 90 90 90 90 90 90 90 90 90 90 90 90 90 90 90 90 90 90 90 90 90 90 90 90 90 89 89 89 89 89 89 90 90 89 89 89 90 90 90 89 89 89 90 90 90 90 90 90 90 90 90 90 89 89 89 89 89 89 89 89 89 89 89 89 89 89 89 89 89 89 89 89 89 89 89 88 89 88 88 88 88 88 87 87 87 87 88 88 88 87 87 86 86 86 86 86 86 86 86 86 86 86 86 86 86 85 85 85 85 84 84 84 83 83 83 83 83 83 83 83 83 83 83 83 83 83 83 83 82 82 82 82 82 82 82 82 81 81 82 81 81 81 81 81 81 81 81 81 81 81 80 80 80 80 81 81 81 81 81 80 79 80 80 80 80 80 80 80 80 80 81 81 82 81 81 80 80 80 81 81 81 81 80 80 79 80 79 80 0 0 0 0 0 0 0 0 0 0 0 0 0 0 0 0 0 
0 0 0 0 0 0 0 0 0 0 0 0 0 0 0 0 0 0 0 0 0 0 0 0 0 0 0 0 0 0 0 0 0 0 0 0 0 0 0 0 0 0 0 0 0 0 0 0 0 0 0 0 0 0 0 0 0 0 0 0 0 0 0 0 0 0 0 0 0 0 0 0 0 0 0 0 0 0 0 0 0 0 0 0 0 0 0 89 88 88 88 88 88 88 88 87 88 87 88 88 88 87 87 87 87 87 86 86 88 88 88 87 88 88 88 89 89 90 90 90 91 91 91 90 90 90 90 90 90 90 91 91 91 91 91 91 91 91 91 91 90 90 90 90 90 91 91 91 91 91 90 90 90 91 91 91 90 91 91 91 91 91 91 91 91 91 91 91 91 90 90 89 89 90 89 89 90 90 90 90 90 91 91 91 91 90 90 90 89 89 90 90 92 91 92 91 91 92 92 91 92 91 91 91 91 91 90 90 90 90 90 90 90 90 91 91 91 91 91 90 90 90 90 91 91 91 90 91 91 91 91 92 92 92 92 93 94 93 94 94 94 95 94 93 92 91 91 92 91 91 91 92 92 91 91 91 91 90 91 91 91 91 91 91 91 90 91 91 91 91 91 91 91 91 91 91 91 91 91 91 90 90 90 90 90 90 90 90 90 91 90 90 90 90 90 90 90 90 90 90 90 90 90 90 90 90 90 90 90 90 90 90 90 90 90 90 90 90 90 90 90 90 90 90 90 89 89 89 89 89 90 89 89 89 89 90 90 90 89 89 89 90 90 90 90 90 90 90 90 90 90 90 90 90 90 90 90 89 89 89 89 89 89 89 89 89 89 89 89 89 89 89 89 88 89 88 88 88 88 88 87 87 87 87 87 87 88 88 87 87 87 86 86 86 86 86 86 86 86 86 86 86 86 85 85 85 85 84 84 84 84 84 83 83 83 83 83 83 83 83 83 82 82 82 82 82 82 82 82 82 82 82 82 82 81 81 81 81 81 81 81 81 82 81 81 81 80 80 80 80 80 80 80 81 81 81 81 80 79 80 80 80 80 80 80 79 80 80 80 81 81 81 81 81 80 80 80 81 81 81 80 79 79 79 79 80 0 0 0 0 0 0 0 0 0 0 0 0 0 0 0 0 0 
0 0 0 0 0 0 0 0 0 0 0 0 0 0 0 0 0 0 0 0 0 0 0 0 0 0 0 0 0 0 0 0 0 0 0 0 0 0 0 0 0 0 0 0 0 0 0 0 0 0 0 0 0 0 0 0 0 0 0 0 0 0 0 0 0 0 0 0 0 0 0 0 0 0 0 0 0 0 0 0 0 0 0 0 0 0 0 89 89 89 89 89 89 88 88 88 88 89 88 87 87 87 87 87 87 87 87 87 87 88 88 88 88 88 88 88 89 90 90 90 90 91 90 90 91 91 90 90 90 91 91 91 91 91 91 91 91 91 91 91 91 91 90 90 91 91 91 91 91 91 91 91 91 91 91 91 91 91 91 91 91 91 91 91 91 91 91 91 91 91 90 90 89 89 90 90 91 91 90 90 90 91 91 91 91 90 90 90 90 89 90 89 91 91 91 91 92 92 92 92 91 91 91 91 91 91 91 91 90 90 90 90 90 90 91 91 91 91 91 90 90 90 90 91 91 91 91 91 91 91 91 91 92 92 93 93 93 93 93 93 94 94 93 93 93 92 92 92 92 92 91 91 91 91 91 91 91 91 91 90 90 90 90 90 90 90 90 90 90 91 91 91 91 91 91 92 92 92 91 91 90 90 90 90 90 90 90 90 90 90 90 90 90 90 90 90 90 90 90 90 90 90 90 90 90 90 90 90 90 90 90 90 90 90 90 90 90 90 90 90 90 90 90 90 90 90 89 89 89 90 90 90 89 89 89 89 90 90 90 90 90 90 90 90 90 90 90 90 90 90 90 90 90 90 90 90 90 90 90 89 89 89 89 89 89 89 89 89 89 89 89 88 89 88 89 89 89 89 88 88 88 87 87 87 87 87 87 88 88 87 87 87 86 86 86 86 86 86 86 86 85 85 85 86 85 85 85 85 85 85 84 84 84 83 83 83 83 83 83 83 83 82 82 82 82 82 83 82 82 82 82 82 82 82 82 81 81 81 81 81 81 81 82 81 81 81 80 81 81 81 81 81 81 81 81 81 80 80 80 80 80 80 80 80 80 79 79 80 80 80 80 80 81 81 80 80 80 81 81 81 81 80 79 79 79 80 80 0 0 0 0 0 0 0 0 0 0 0 0 0 0 0 0 
0 0 0 0 0 0 0 0 0 0 0 0 0 0 0 0 0 0 0 0 0 0 0 0 0 0 0 0 0 0 0 0 0 0 0 0 0 0 0 0 0 0 0 0 0 0 0 0 0 0 0 0 0 0 0 0 0 0 0 0 0 0 0 0 0 0 0 0 0 0 0 0 0 0 0 0 0 0 0 0 0 0 0 0 0 0 0 0 90 0 0 89 89 89 89 89 89 89 88 87 87 87 87 87 87 88 88 88 87 88 88 88 87 88 89 89 90 90 90 90 90 90 91 91 91 91 90 90 91 91 91 91 91 91 91 91 91 91 91 91 91 91 91 91 91 91 91 91 91 91 91 91 91 91 91 91 91 91 91 91 91 91 91 91 91 91 91 91 92 91 91 91 90 90 90 90 90 91 90 91 91 91 91 90 90 90 90 90 90 90 90 90 91 92 92 91 92 92 92 92 92 91 91 91 91 91 91 91 91 91 90 90 90 91 91 91 91 91 91 91 91 90 91 91 91 91 91 91 92 92 91 92 92 92 93 92 92 92 93 93 93 93 92 93 93 92 92 92 92 91 92 92 92 92 92 91 91 92 92 91 91 91 91 91 91 91 91 91 90 90 91 91 91 91 91 92 92 92 91 91 91 91 90 90 90 90 90 90 90 90 91 91 90 90 90 90 90 90 90 90 90 90 90 90 90 90 90 90 90 90 90 90 90 90 90 90 90 90 90 90 90 90 90 90 90 90 90 90 90 90 90 90 89 89 89 89 90 90 90 90 90 90 90 90 90 90 90 90 90 90 90 90 90 90 90 90 90 90 90 90 89 89 90 90 89 89 89 89 89 89 89 89 89 89 89 89 89 89 89 88 88 87 87 87 87 87 87 87 87 87 87 88 87 86 86 86 86 86 86 86 86 86 85 85 85 85 85 85 85 85 84 84 83 83 83 83 83 83 83 83 83 82 82 82 82 82 82 82 82 82 82 82 82 82 82 82 81 81 81 81 81 81 82 81 81 81 81 81 81 81 81 81 81 82 82 81 81 80 80 80 80 80 80 80 80 80 80 80 80 80 79 79 81 81 81 80 80 81 81 81 81 80 80 79 79 80 80 80 0 0 0 0 0 0 0 0 0 0 0 0 0 0 0 
0 0 0 0 0 0 0 0 0 0 0 0 0 0 0 0 0 0 0 0 0 0 0 0 0 0 0 0 0 0 0 0 0 0 0 0 0 0 0 0 0 0 0 0 0 0 0 0 0 0 0 0 0 0 0 0 0 0 0 0 0 0 0 0 0 0 0 0 0 0 0 0 0 0 0 0 0 0 0 0 0 0 0 0 0 0 0 0 0 0 0 0 0 90 89 89 89 89 88 87 87 87 87 87 88 88 88 88 87 88 88 88 88 88 89 89 89 89 90 90 90 90 91 91 91 91 90 90 91 91 92 92 91 91 91 91 92 91 91 91 91 91 91 91 91 91 91 91 91 91 91 91 91 91 91 91 91 91 92 92 92 92 92 92 92 92 92 92 92 92 91 91 91 90 90 90 90 90 90 91 91 91 91 91 90 90 90 90 90 90 90 90 92 92 92 92 92 92 92 92 92 91 91 91 91 91 91 91 91 91 91 91 91 91 91 92 92 91 91 91 91 90 90 91 91 91 91 92 92 91 92 92 92 92 92 92 93 93 93 93 93 93 92 92 92 93 93 92 92 92 92 92 92 93 92 91 91 92 92 91 91 92 91 91 92 92 92 91 91 90 91 91 91 91 91 91 91 91 91 91 91 91 91 91 91 90 90 90 90 90 91 91 90 90 90 90 90 91 91 90 90 90 90 90 90 90 90 90 90 90 90 90 90 90 90 90 90 90 90 90 90 90 90 90 90 90 90 90 90 90 90 90 90 89 89 90 90 90 90 90 90 90 90 90 90 90 90 90 90 90 90 90 90 90 90 90 90 90 90 90 90 90 90 89 89 89 89 89 89 89 89 89 89 89 89 89 89 90 89 89 89 88 88 87 87 87 87 87 87 87 87 88 88 86 86 86 86 86 86 86 86 86 86 86 85 85 85 85 85 85 84 84 83 83 83 83 83 83 83 83 83 83 82 82 82 82 82 82 82 82 82 82 82 82 82 82 81 81 81 81 81 81 82 81 81 81 81 81 81 81 81 81 81 81 82 81 81 81 81 81 81 80 80 79 80 80 80 80 79 79 79 80 81 81 81 80 80 80 81 81 81 80 79 79 80 80 80 80 0 0 0 0 0 0 0 0 0 0 0 0 0 0 0 
0 0 0 0 0 0 0 0 0 0 0 0 0 0 0 0 0 0 0 0 0 0 0 0 0 0 0 0 0 0 0 0 0 0 0 0 0 0 0 0 0 0 0 0 0 0 0 0 0 0 0 0 0 0 0 0 0 0 0 0 0 0 0 0 0 0 0 0 0 0 0 0 0 0 0 0 0 0 0 0 0 0 0 0 0 0 0 0 0 0 0 0 0 0 0 0 89 89 88 87 87 88 88 88 88 88 88 88 87 88 88 88 89 88 88 88 89 90 89 90 90 91 91 92 91 91 91 91 91 91 91 91 91 91 91 91 92 92 92 92 92 92 91 91 91 91 91 91 91 91 91 92 91 91 91 91 91 91 92 92 92 92 92 92 92 92 92 92 92 92 92 91 90 90 90 90 90 90 90 90 91 91 91 91 91 90 90 91 90 90 90 90 92 92 92 92 92 92 92 92 93 92 92 92 91 91 91 91 91 91 91 91 91 91 92 92 91 91 91 92 91 91 91 91 91 91 91 91 91 91 91 91 92 92 92 92 92 93 93 93 93 92 92 92 92 92 93 93 93 93 92 91 92 92 92 91 92 92 92 92 92 92 92 92 92 92 92 91 91 92 91 90 90 91 91 91 90 91 91 91 91 91 91 91 91 91 90 90 91 91 91 91 90 90 90 91 91 90 90 90 90 90 90 90 90 90 90 90 90 90 90 90 90 90 90 90 90 90 90 90 90 90 90 90 90 89 89 89 89 89 89 89 89 89 90 90 90 90 90 90 90 90 90 90 90 90 90 90 90 90 90 90 90 90 90 90 90 90 90 90 90 90 90 89 89 89 89 89 90 90 90 90 90 89 90 90 90 90 89 89 89 88 88 88 87 87 87 87 87 87 87 87 88 87 86 86 86 86 86 86 86 86 86 85 85 85 85 85 85 86 85 84 83 83 83 83 83 83 83 83 83 83 82 82 82 82 82 82 82 82 82 82 82 81 81 81 81 81 81 81 81 81 82 82 81 81 81 81 81 81 81 81 81 81 81 82 82 81 81 82 81 81 80 80 79 79 79 79 79 79 80 80 81 81 81 80 80 80 80 80 81 80 80 79 79 79 79 80 80 81 0 0 0 0 0 0 0 0 0 0 0 0 0 
0 0 0 0 0 0 0 0 0 0 0 0 0 0 0 0 0 0 0 0 0 0 0 0 0 0 0 0 0 0 0 0 0 0 0 0 0 0 0 0 0 0 0 0 0 0 0 0 0 0 0 0 0 0 0 0 0 0 0 0 0 0 0 0 0 0 0 0 0 0 0 0 0 0 0 0 0 0 0 0 0 0 0 0 0 0 0 0 0 0 0 0 0 0 0 0 0 90 89 88 88 89 88 88 89 89 88 88 88 88 88 88 88 88 88 89 89 89 90 91 91 91 91 91 91 91 91 91 91 91 92 92 92 92 92 92 92 92 92 92 92 92 91 92 91 91 91 91 91 91 91 92 92 92 92 92 92 92 92 92 92 92 92 92 92 92 92 92 92 92 92 92 91 91 91 90 90 90 90 91 91 91 91 91 91 91 91 91 91 90 90 90 92 92 92 92 92 92 92 92 92 93 92 92 92 91 91 91 91 91 91 91 91 91 91 92 92 92 92 92 92 92 91 92 91 91 91 91 92 92 92 92 92 93 93 93 93 93 93 93 93 92 92 92 92 92 93 93 93 93 92 92 92 92 92 92 92 93 93 93 93 93 92 92 92 92 92 91 91 92 92 91 90 90 91 90 90 91 91 91 91 91 91 91 91 91 91 91 91 91 91 91 91 91 91 91 91 91 90 90 91 90 90 90 90 90 90 90 90 90 90 90 90 90 90 90 90 90 90 90 90 90 90 90 90 90 89 89 89 90 89 90 90 90 90 90 90 90 90 90 90 90 90 91 91 90 91 90 90 90 90 90 90 90 90 90 90 90 90 90 90 90 90 90 90 90 90 90 90 90 90 90 90 90 90 90 89 89 89 89 88 88 88 88 88 88 88 87 87 87 87 87 87 88 88 87 87 86 86 86 86 86 85 85 85 85 85 85 85 86 86 85 84 83 83 83 83 83 83 83 83 83 83 83 82 82 82 82 82 82 82 82 82 82 82 82 81 81 81 80 80 81 81 81 81 81 81 81 81 81 81 81 81 81 81 81 81 81 81 81 81 82 82 81 80 80 79 79 79 80 80 80 80 81 81 81 80 80 80 80 81 80 79 79 80 80 80 80 80 81 81 80 0 0 0 0 0 0 0 0 0 0 0 
0 0 0 0 0 0 0 0 0 0 0 0 0 0 0 0 0 0 0 0 0 0 0 0 0 0 0 0 0 0 0 0 0 0 0 0 0 0 0 0 0 0 0 0 0 0 0 0 0 0 0 0 0 0 0 0 0 0 0 0 0 0 0 0 0 0 0 0 0 0 0 0 0 0 0 0 0 0 0 0 0 0 0 0 0 0 0 0 0 0 0 0 0 0 0 0 0 0 89 89 89 89 88 88 88 88 88 88 89 89 90 90 89 88 89 89 89 90 90 91 91 91 91 91 91 92 92 92 92 92 92 92 92 92 92 92 92 93 93 92 92 92 91 92 92 92 91 92 91 92 92 92 92 92 92 92 92 92 92 92 92 92 92 92 92 92 92 92 92 92 92 92 92 91 91 91 91 91 90 91 91 91 91 92 92 92 92 91 91 91 91 90 92 92 92 92 92 92 92 92 92 93 93 93 93 92 92 91 91 92 92 91 91 92 92 92 92 92 92 93 93 92 92 91 91 91 91 92 92 93 93 92 93 93 93 93 93 93 93 93 93 92 92 92 93 92 92 93 93 92 92 92 92 92 92 92 92 93 93 93 93 92 92 92 92 93 92 91 92 92 92 91 91 90 90 91 90 91 91 91 91 91 91 91 91 91 91 91 91 91 91 91 91 91 91 91 91 90 90 91 91 91 91 90 90 90 90 90 90 90 90 90 91 90 91 91 90 90 90 90 90 90 90 90 90 90 90 90 89 90 90 90 90 90 90 90 90 90 89 89 90 90 90 90 90 90 91 91 90 90 90 90 90 90 90 90 90 90 90 90 90 90 90 90 90 90 90 90 90 90 89 90 90 90 90 89 89 89 89 88 88 88 88 88 88 88 88 88 87 87 87 87 87 87 88 89 88 87 87 86 86 86 86 85 85 85 85 85 85 85 86 86 85 84 84 83 83 83 83 83 83 83 83 83 83 83 82 82 82 82 82 82 82 82 82 82 82 82 82 82 81 80 81 81 81 81 82 81 81 81 81 81 81 82 81 81 81 81 81 81 81 81 82 82 82 81 80 80 79 79 79 79 80 80 80 81 81 80 80 80 81 80 79 80 80 81 81 81 80 80 80 80 81 0 0 0 0 0 0 0 0 0 0 
0 0 0 0 0 0 0 0 0 0 0 0 0 0 0 0 0 0 0 0 0 0 0 0 0 0 0 0 0 0 0 0 0 0 0 0 0 0 0 0 0 0 0 0 0 0 0 0 0 0 0 0 0 0 0 0 0 0 0 0 0 0 0 0 0 0 0 0 0 0 0 0 0 0 0 0 0 0 0 0 0 0 0 0 0 0 0 0 0 0 0 0 0 0 0 0 0 0 90 90 89 89 89 88 88 88 88 88 89 90 90 89 88 88 89 90 90 91 91 91 91 90 90 91 91 92 92 92 93 93 92 92 92 92 93 93 93 93 93 93 92 92 92 92 92 92 92 92 92 92 92 92 92 92 92 92 92 92 92 92 92 92 92 92 92 92 92 92 92 92 93 93 92 91 91 91 91 91 91 91 91 91 92 92 92 92 92 92 91 91 91 91 93 93 93 93 93 93 92 92 92 92 93 93 93 93 92 91 92 92 92 92 92 92 92 92 93 93 93 92 92 92 92 92 92 91 91 91 92 92 92 92 92 93 93 93 93 93 93 93 93 92 92 92 92 92 93 93 93 93 93 92 92 92 92 93 93 93 93 93 93 93 92 92 92 92 92 92 92 92 93 92 91 91 91 92 91 90 90 90 90 90 91 91 91 92 92 91 91 91 91 91 91 91 91 91 91 91 91 91 91 91 91 90 90 90 90 91 91 90 91 90 91 91 91 91 90 91 91 91 90 90 90 91 91 91 91 90 90 90 90 90 90 90 90 90 90 90 90 90 90 90 90 90 90 90 91 90 90 90 90 90 90 90 90 90 90 90 90 90 90 90 90 90 90 89 89 90 89 89 89 89 90 90 89 89 89 89 89 89 89 89 89 88 88 88 88 88 88 88 87 87 87 87 87 88 89 89 88 87 86 86 86 86 85 85 85 85 85 86 86 87 85 85 84 83 83 83 83 84 84 83 83 83 83 83 83 83 83 83 83 82 83 83 83 83 84 83 83 82 82 81 81 81 81 81 81 82 81 81 81 81 82 81 81 81 81 81 81 81 81 81 81 81 81 81 81 81 80 80 79 79 79 79 80 81 81 81 80 80 81 80 80 80 81 81 80 80 80 81 81 80 80 81 81 80 80 80 80 0 0 0 0 
0 0 0 0 0 0 0 0 0 0 0 0 0 0 0 0 0 0 0 0 0 0 0 0 0 0 0 0 0 0 0 0 0 0 0 0 0 0 0 0 0 0 0 0 0 0 0 0 0 0 0 0 0 0 0 0 0 0 0 0 0 0 0 0 0 0 0 0 0 0 0 0 0 0 0 0 0 0 0 0 0 0 0 0 0 0 0 0 0 0 0 0 0 0 0 0 0 0 91 90 89 90 89 89 89 88 88 88 89 90 89 89 88 88 89 90 90 90 90 90 90 90 90 91 91 91 91 92 93 93 92 92 93 93 93 93 93 93 93 93 93 93 92 92 92 92 92 92 93 93 92 92 92 92 92 92 92 93 93 93 93 93 92 92 93 93 92 92 92 93 93 93 92 92 92 92 91 91 90 90 90 91 92 92 92 92 92 91 91 92 92 91 93 93 93 93 93 93 93 92 92 92 93 93 92 92 92 92 92 92 92 92 92 92 92 92 93 93 92 92 92 92 92 92 92 91 91 91 92 92 92 92 92 93 93 93 93 93 93 92 92 93 93 93 93 93 93 93 94 93 93 92 92 92 92 93 93 93 94 94 94 93 93 93 92 92 92 92 93 93 92 92 92 91 91 92 92 91 91 91 91 90 91 91 91 92 92 91 91 92 91 91 91 91 91 91 91 91 91 91 91 91 91 91 90 90 91 91 91 91 91 91 91 91 91 91 90 90 91 91 91 90 91 91 91 91 91 90 90 90 90 90 90 90 90 90 90 90 90 90 90 90 90 90 90 90 90 90 90 91 91 91 91 90 90 90 90 90 90 90 90 90 90 90 90 90 90 89 90 89 89 89 89 89 89 89 89 89 89 89 89 89 89 89 88 88 89 88 88 88 88 88 87 87 87 87 87 87 88 88 88 87 86 86 86 85 85 85 85 85 86 87 86 85 84 83 83 83 83 84 84 84 84 83 83 83 83 83 83 83 83 83 84 83 83 83 84 83 84 84 83 83 83 82 82 82 82 82 82 81 82 82 82 81 81 82 82 82 82 81 81 81 81 81 81 81 81 81 81 81 81 80 79 80 80 81 81 81 80 80 81 80 80 80 81 81 80 80 80 80 80 80 80 80 80 81 80 80 80 80 80 0 0 
0 0 0 0 0 0 0 0 0 0 0 0 0 0 0 0 0 0 0 0 0 0 0 0 0 0 0 0 0 0 0 0 0 0 0 0 0 0 0 0 0 0 0 0 0 0 0 0 0 0 0 0 0 0 0 0 0 0 0 0 0 0 0 0 0 0 0 0 0 0 0 0 0 0 0 0 0 0 0 0 0 0 0 0 0 0 0 0 0 0 0 0 0 0 0 0 0 0 0 0 91 90 90 90 90 89 89 89 89 89 88 88 88 88 89 89 89 90 90 90 90 90 91 91 91 91 91 92 92 92 93 93 93 93 93 93 93 93 93 93 93 93 93 93 93 93 93 93 93 93 93 93 92 92 92 93 93 93 93 93 93 93 93 93 93 93 93 93 93 93 93 93 92 93 93 93 92 92 91 91 91 90 91 91 92 92 91 91 91 92 92 92 93 93 93 93 93 93 93 93 93 93 93 93 93 92 92 92 92 92 92 92 93 92 93 93 93 93 93 92 92 92 92 92 92 91 91 91 91 92 92 92 92 93 93 93 93 93 92 92 93 93 93 93 94 93 93 93 94 94 94 93 92 93 93 93 93 94 94 94 93 93 94 94 93 92 92 92 93 93 93 92 92 92 91 92 93 92 92 91 91 91 91 91 91 91 91 91 91 92 92 92 91 91 92 92 92 91 91 91 91 91 91 91 90 90 90 91 91 91 91 91 91 91 91 91 91 90 91 91 91 91 91 91 91 92 91 91 91 90 90 90 90 90 90 90 90 90 90 90 90 90 90 90 90 91 91 91 91 91 91 91 91 91 91 90 90 90 90 90 90 90 90 90 90 90 90 90 90 90 90 90 90 89 89 89 89 89 89 89 89 89 89 89 88 88 88 88 88 88 88 88 87 87 87 87 87 87 87 87 88 89 88 88 87 86 85 85 85 85 86 87 87 86 84 84 83 83 83 84 84 84 84 84 83 83 83 83 83 83 83 84 84 84 84 84 83 83 83 83 83 83 83 83 83 83 82 82 82 81 81 82 82 81 82 82 82 82 82 82 82 82 81 81 81 81 81 81 81 81 81 80 80 80 80 80 81 81 81 81 80 80 80 80 81 81 81 79 80 80 80 80 80 80 80 80 80 80 81 81 81 81 81 
0 0 0 0 0 0 0 0 0 0 0 0 0 0 0 0 0 0 0 0 0 0 0 0 0 0 0 0 0 0 0 0 0 0 0 0 0 0 0 0 0 0 0 0 0 0 0 0 0 0 0 0 0 0 0 0 0 0 0 0 0 0 0 0 0 0 0 0 0 0 0 0 0 0 0 0 0 0 0 0 0 0 0 0 0 0 0 0 0 0 0 0 0 0 0 0 0 0 0 0 0 0 0 0 91 90 90 89 89 89 89 89 89 89 89 90 91 91 91 91 91 92 92 92 91 91 92 92 92 93 93 94 94 93 93 93 93 93 93 93 93 94 93 93 93 93 93 93 93 93 93 93 93 93 93 93 93 93 93 93 93 93 93 93 93 93 93 93 93 93 93 93 93 93 93 93 93 93 92 92 91 91 90 90 91 92 92 91 91 91 91 91 93 93 93 93 94 93 93 93 93 93 93 93 93 93 92 92 93 93 93 93 93 93 93 93 93 93 92 92 92 92 92 92 92 92 92 92 92 91 92 93 92 92 93 93 93 93 93 94 94 94 93 93 93 93 93 93 93 94 94 93 93 93 93 94 94 94 93 93 93 93 94 94 93 93 93 92 93 94 93 92 92 92 91 92 93 93 92 92 92 91 91 92 91 91 91 91 91 92 91 92 92 92 92 92 92 91 91 91 91 91 91 91 90 90 91 91 91 91 91 91 91 91 92 91 91 90 91 91 91 91 91 92 92 91 91 91 91 90 90 91 90 90 90 90 91 90 91 90 90 90 90 90 91 91 91 91 91 91 91 91 91 91 91 91 91 90 91 91 91 90 90 90 90 90 90 90 90 90 90 90 90 90 89 90 90 89 89 89 89 89 89 89 89 88 88 88 88 88 88 88 88 87 87 87 87 88 87 87 88 89 90 90 88 87 87 86 86 86 86 88 88 87 85 84 84 84 83 84 84 84 85 85 84 84 84 84 84 84 84 84 84 84 84 84 84 83 83 83 83 82 83 83 83 83 83 83 82 82 81 81 82 81 81 82 82 82 82 82 82 82 82 82 82 81 81 81 81 80 80 80 80 80 79 80 80 81 81 81 80 80 80 80 81 81 80 80 80 81 80 80 80 79 80 79 80 80 80 80 81 81 0 
0 0 0 0 0 0 0 0 0 0 0 0 0 0 0 0 0 0 0 0 0 0 0 0 0 0 0 0 0 0 0 0 0 0 0 0 0 0 0 0 0 0 0 0 0 0 0 0 0 0 0 0 0 0 0 0 0 0 0 0 0 0 0 0 0 0 0 0 0 0 0 0 0 0 0 0 0 0 0 0 0 0 0 0 0 0 0 0 0 0 0 0 0 0 0 0 0 0 0 0 0 0 0 0 92 91 91 0 0 90 90 90 90 90 89 90 90 91 91 91 91 91 91 91 91 91 92 92 92 93 93 94 94 94 94 94 93 93 94 94 94 94 94 93 93 93 94 94 94 94 93 93 93 93 93 93 93 93 93 93 93 93 93 93 93 93 93 93 94 94 93 93 93 93 93 93 93 93 93 93 93 92 91 90 90 90 91 91 91 90 90 91 93 93 93 93 93 94 94 93 93 93 93 93 93 93 92 93 93 93 93 93 93 93 94 94 93 93 93 92 92 92 93 92 93 93 93 92 92 92 92 92 92 93 93 93 92 93 94 94 94 93 92 93 93 93 93 94 93 94 94 94 93 93 94 93 93 93 93 93 93 93 93 94 93 93 92 92 93 93 94 93 92 92 92 92 92 93 93 92 92 92 91 92 92 91 91 91 91 91 91 92 92 92 92 92 91 92 91 91 91 91 91 91 91 91 91 91 91 91 92 92 91 91 92 91 91 90 91 91 91 91 91 92 92 92 91 91 91 91 91 91 90 90 91 91 91 91 91 91 90 90 90 91 91 91 91 91 91 91 91 91 91 91 91 91 91 91 91 91 91 90 90 90 90 90 90 90 90 90 90 90 90 90 90 90 89 89 89 89 89 89 89 89 89 89 88 88 88 88 88 88 87 87 87 87 87 87 87 87 87 88 89 90 90 89 89 88 87 86 87 88 88 87 87 86 85 84 84 84 84 84 84 85 85 85 85 85 84 85 84 84 84 84 83 83 83 83 83 83 83 83 83 83 83 82 82 83 82 83 82 82 82 82 82 82 81 81 81 81 82 82 81 82 82 82 82 82 82 81 80 80 80 80 80 80 79 80 80 81 80 80 81 81 80 80 80 80 80 80 81 80 80 79 79 79 80 80 80 80 80 0 0 
0 0 0 0 0 0 0 0 0 0 0 0 0 0 0 0 0 0 0 0 0 0 0 0 0 0 0 0 0 0 0 0 0 0 0 0 0 0 0 0 0 0 0 0 0 0 0 0 0 0 0 0 0 0 0 0 0 0 0 0 0 0 0 0 0 0 0 0 0 0 0 0 0 0 0 0 0 0 0 0 0 0 0 0 0 0 0 0 0 0 0 0 0 0 0 0 0 0 0 0 0 0 0 0 0 0 0 0 0 0 0 90 91 0 0 90 90 90 90 90 91 91 91 91 92 92 93 93 93 93 93 94 94 94 94 94 93 94 94 94 94 94 94 94 93 94 94 94 94 94 94 93 93 93 93 93 93 93 93 94 93 93 93 93 93 93 94 94 93 93 93 93 93 93 94 94 93 93 94 93 93 93 92 92 91 91 90 90 90 90 90 90 92 93 93 93 93 93 94 94 94 94 94 93 93 93 93 93 93 93 93 94 94 93 93 93 94 94 93 93 93 93 93 92 93 94 94 93 92 92 92 92 92 93 93 92 93 94 94 93 93 93 93 93 93 93 94 94 94 94 94 94 94 94 94 93 93 93 93 94 94 94 93 93 93 93 92 92 93 94 94 93 93 92 92 92 93 93 93 92 92 92 92 92 92 92 92 91 91 91 91 91 91 91 92 91 91 91 91 91 91 91 91 91 91 91 91 91 91 91 92 92 92 92 92 91 91 91 91 91 91 91 92 91 91 92 92 92 91 91 91 91 91 90 91 91 92 92 91 91 91 91 91 91 91 91 91 91 91 91 91 91 91 91 91 91 91 91 91 91 91 91 90 91 91 91 91 90 90 90 90 90 90 90 90 90 90 90 90 90 89 89 89 89 89 89 88 88 88 88 88 88 87 87 87 87 87 87 87 87 87 87 87 88 89 90 90 90 89 88 89 89 88 88 88 87 86 85 84 83 84 84 84 85 86 86 85 85 85 85 85 85 85 84 84 83 83 83 83 83 83 83 83 83 83 83 83 82 82 82 82 82 82 82 82 82 81 81 81 81 81 81 81 81 81 82 82 82 82 82 81 80 80 80 80 80 79 79 79 79 80 80 80 80 80 80 80 80 81 81 80 80 81 80 80 80 80 80 80 80 81 0 0 
0 0 0 0 0 0 0 0 0 0 0 0 0 0 0 0 0 0 0 0 0 0 0 0 0 0 0 0 0 0 0 0 0 0 0 0 0 0 0 0 0 0 0 0 0 0 0 0 0 0 0 0 0 0 0 0 0 0 0 0 0 0 0 0 0 0 0 0 0 0 0 0 0 0 0 0 0 0 0 0 0 0 0 0 0 0 0 0 0 0 0 0 0 0 0 0 0 0 0 0 0 0 0 0 0 0 0 0 0 0 0 0 0 0 0 0 90 91 91 91 91 91 92 92 93 93 93 93 93 93 94 94 94 94 94 94 94 94 95 94 94 95 94 94 94 94 94 94 94 94 94 94 93 93 93 94 93 94 94 94 94 93 93 93 94 94 93 93 93 94 94 94 93 93 93 93 93 93 94 94 93 93 93 93 93 92 91 91 92 92 91 91 92 92 93 93 93 93 94 94 94 94 93 93 93 93 93 93 93 93 93 93 94 94 94 94 94 94 94 93 93 93 93 93 93 93 93 92 92 92 92 92 92 93 93 93 93 94 94 93 93 93 93 94 94 93 94 94 94 95 95 94 95 95 94 94 94 94 94 94 94 93 93 93 94 94 93 93 93 93 93 94 94 93 92 92 93 94 94 93 93 93 92 92 92 92 92 92 92 91 91 91 91 91 91 91 91 91 91 91 91 91 91 91 91 91 91 92 91 91 92 92 92 92 91 91 91 91 91 92 92 92 92 91 91 91 92 92 92 92 92 91 91 91 91 91 92 92 91 91 92 91 91 91 91 91 91 91 91 91 91 91 91 91 91 91 91 91 91 91 91 91 91 91 91 91 91 91 90 90 90 90 90 90 90 90 90 90 90 90 90 89 90 90 90 90 89 89 88 88 88 89 88 87 87 87 87 87 87 87 87 87 87 87 88 90 90 90 89 89 89 89 89 88 88 88 87 86 85 84 84 84 84 84 85 85 85 85 85 85 85 85 85 84 84 84 84 83 83 83 83 83 83 83 83 83 83 83 83 83 83 83 83 82 82 82 82 82 81 81 81 81 81 81 81 81 81 82 82 82 82 81 81 81 80 80 80 80 79 79 79 79 79 80 80 80 80 80 80 80 80 80 80 80 80 80 80 80 80 80 80 81 0 
0 0 0 0 0 0 0 0 0 0 0 0 0 0 0 0 0 0 0 0 0 0 0 0 0 0 0 0 0 0 0 0 0 0 0 0 0 0 0 0 0 0 0 0 0 0 0 0 0 0 0 0 0 0 0 0 0 0 0 0 0 0 0 0 0 0 0 0 0 0 0 0 0 0 0 0 0 0 0 0 0 0 0 0 0 0 0 0 0 0 0 0 0 0 0 0 0 0 0 0 0 0 0 0 0 0 0 0 0 0 0 0 0 0 0 0 90 91 92 92 92 92 92 93 93 93 94 93 93 93 94 94 94 94 94 94 95 95 95 95 94 95 94 94 94 94 94 94 94 94 94 94 94 94 94 94 94 94 94 94 94 94 94 94 93 93 93 93 94 94 94 94 93 93 93 93 93 94 94 94 94 94 94 94 94 93 93 93 92 92 92 92 93 93 93 93 93 93 93 94 94 94 94 93 93 93 94 94 93 93 94 93 94 94 94 94 94 94 94 94 94 94 93 93 94 93 93 93 92 92 93 93 92 93 93 93 94 94 94 93 93 94 93 94 93 93 94 94 94 94 95 95 95 95 95 94 94 94 94 94 94 94 94 94 95 94 93 93 93 93 94 94 94 94 93 93 94 94 94 93 93 92 92 92 93 92 92 92 92 92 91 91 91 91 91 91 91 91 91 91 91 91 91 91 91 92 92 92 92 92 92 92 92 92 92 92 91 91 92 92 92 91 91 91 91 91 92 92 93 92 92 92 92 92 91 92 92 92 92 92 92 91 91 91 91 91 91 91 91 91 91 91 91 91 91 91 91 91 91 91 91 91 91 91 91 91 91 90 90 90 90 90 90 90 90 90 90 90 90 90 90 90 90 90 90 90 90 89 89 88 89 88 88 88 87 87 87 87 87 87 87 87 87 87 87 89 90 90 90 90 89 89 89 89 88 88 87 86 86 85 84 84 84 84 85 85 85 85 85 85 85 85 84 84 84 84 84 83 83 83 83 83 83 83 83 83 83 83 83 83 83 83 83 83 83 82 82 82 82 82 81 81 81 81 81 82 82 82 81 82 82 82 82 82 81 81 81 81 81 80 80 80 79 79 79 80 80 80 80 80 80 80 80 79 80 79 80 80 80 80 80 0 0 
0 0 0 0 0 0 0 0 0 0 0 0 0 0 0 0 0 0 0 0 0 0 0 0 0 0 0 0 0 0 0 0 0 0 0 0 0 0 0 0 0 0 0 0 0 0 0 0 0 0 0 0 0 0 0 0 0 0 0 0 0 0 0 0 0 0 0 0 0 0 0 0 0 0 0 0 0 0 0 0 0 0 0 0 0 0 0 0 0 0 0 0 0 0 0 0 0 0 0 0 0 0 0 0 0 0 0 0 0 0 0 0 0 0 0 90 91 92 92 92 93 93 93 93 93 93 94 94 93 93 94 94 94 94 94 94 95 95 94 95 95 95 94 94 94 94 94 94 94 94 94 95 95 95 94 94 94 94 95 95 94 95 94 94 94 93 93 93 94 94 94 94 93 93 94 94 94 94 94 94 94 94 94 94 94 94 93 93 93 92 92 92 94 93 93 93 93 93 93 93 93 94 94 94 93 94 94 94 94 94 94 94 94 94 94 94 94 95 95 95 95 95 94 94 94 94 94 93 93 93 93 93 92 93 93 93 93 93 94 93 93 93 93 93 93 93 93 94 94 94 94 94 95 96 96 95 95 95 95 95 95 95 95 95 95 95 94 93 93 93 93 94 95 95 94 94 93 94 94 94 93 93 93 92 92 93 93 92 92 92 92 92 91 91 91 91 91 91 91 91 92 91 92 91 91 91 92 91 92 92 92 92 92 92 92 92 92 91 92 91 91 91 91 92 91 91 91 92 93 92 92 92 92 92 92 92 92 92 92 92 91 91 91 91 91 91 91 91 91 91 91 91 91 91 91 91 91 91 91 91 91 91 91 91 91 91 90 90 90 90 90 90 90 90 90 90 90 90 90 90 90 90 90 90 89 90 90 90 89 89 89 89 88 88 88 87 87 87 88 87 87 87 87 87 87 89 89 90 90 90 89 89 89 89 88 88 87 86 86 86 85 84 85 85 85 85 85 85 85 85 85 85 85 85 84 84 84 84 83 83 83 83 83 83 83 83 83 83 83 83 83 83 83 83 83 83 82 82 82 82 82 81 81 81 81 82 82 82 82 81 81 81 81 81 81 81 81 81 81 81 81 81 80 79 79 80 80 80 80 80 80 80 80 80 80 80 80 80 80 80 80 0 0 
0 0 0 0 0 0 0 0 0 0 0 0 0 0 0 0 0 0 0 0 0 0 0 0 0 0 0 0 0 0 0 0 0 0 0 0 0 0 0 0 0 0 0 0 0 0 0 0 0 0 0 0 0 0 0 0 0 0 0 0 0 0 0 0 0 0 0 0 0 0 0 0 0 0 0 0 0 0 0 0 0 0 0 0 0 0 0 0 0 0 0 0 0 0 0 0 0 0 0 0 0 0 0 0 0 0 0 0 0 0 0 0 0 0 0 0 91 92 92 92 92 93 93 93 93 94 94 94 93 93 94 94 94 94 94 95 95 95 95 95 95 95 94 94 94 94 94 95 95 94 94 95 95 95 94 95 94 94 95 95 95 95 94 94 94 94 93 93 94 93 93 94 94 94 94 94 94 94 94 94 94 94 94 94 94 94 93 92 92 92 91 91 93 93 93 93 93 94 94 94 94 94 94 94 94 94 94 94 94 94 94 94 94 95 95 95 95 95 95 95 95 95 95 94 95 94 94 94 94 94 94 93 93 92 93 93 93 93 94 93 94 94 93 93 93 93 94 94 94 94 94 95 95 96 96 96 96 96 96 96 95 95 95 96 96 95 94 94 94 94 94 95 95 95 95 94 94 94 94 94 94 93 93 93 92 92 92 92 92 92 92 92 92 91 92 92 91 91 92 92 92 92 92 92 91 91 91 92 91 92 92 92 92 92 92 92 91 91 91 92 92 92 92 92 92 92 92 92 92 92 91 91 92 91 92 92 92 92 92 91 91 91 92 92 92 91 91 91 91 91 91 91 91 91 91 91 91 91 91 91 91 91 91 91 91 91 91 90 90 90 90 91 90 90 90 90 90 90 90 90 90 90 90 89 90 90 90 90 90 90 89 89 89 88 88 88 88 88 88 88 88 87 87 87 87 87 88 89 89 89 89 89 89 89 89 88 88 87 86 85 85 85 85 85 85 85 85 85 85 85 85 85 85 85 85 85 84 84 84 83 83 83 83 83 83 83 83 83 83 83 83 83 83 83 83 83 83 82 82 82 82 81 81 81 81 81 82 82 81 82 82 81 81 81 82 81 81 81 80 81 81 81 81 80 80 79 80 80 80 80 80 80 80 80 80 80 80 80 80 80 80 0 0 
0 0 0 0 0 0 0 0 0 0 0 0 0 0 0 0 0 0 0 0 0 0 0 0 0 0 0 0 0 0 0 0 0 0 0 0 0 0 0 0 0 0 0 0 0 0 0 0 0 0 0 0 0 0 0 0 0 0 0 0 0 0 0 0 0 0 0 0 0 0 0 0 0 0 0 0 0 0 0 0 0 0 0 0 0 0 0 0 0 0 0 0 0 0 0 0 0 0 0 0 0 0 0 0 0 0 0 0 0 0 0 0 0 0 0 0 0 0 91 92 92 92 93 94 94 94 94 94 94 93 94 94 94 94 94 95 95 95 95 95 95 95 95 95 95 95 95 95 95 95 95 95 95 95 95 95 95 95 95 95 95 95 95 94 94 94 94 94 94 94 94 94 94 94 94 94 94 94 94 94 94 94 94 94 94 93 93 92 92 92 92 92 94 94 95 94 94 94 94 94 94 94 94 94 94 94 94 94 94 94 94 94 94 94 95 95 95 95 95 95 95 95 95 95 95 95 95 95 95 95 95 94 93 93 93 93 93 93 93 94 94 95 94 93 94 94 94 94 94 94 94 95 96 96 96 95 96 96 96 96 95 95 95 95 95 95 95 95 95 95 95 95 95 95 95 95 94 94 95 94 94 93 93 93 93 92 92 92 92 92 92 92 92 92 92 92 91 91 92 92 92 92 92 92 92 92 92 92 92 92 92 92 92 92 92 92 92 92 92 92 92 92 92 92 92 93 93 92 92 92 92 91 91 91 91 92 92 92 92 92 91 91 92 92 92 92 92 92 92 92 91 91 92 92 92 92 92 91 91 91 91 91 91 91 91 91 91 91 90 90 90 91 91 90 90 90 90 90 90 90 90 90 90 89 89 90 90 90 90 90 90 89 89 88 88 88 88 88 88 88 88 87 87 87 87 87 87 87 87 88 89 89 90 89 89 89 88 87 87 86 85 85 85 85 85 86 85 85 85 85 85 85 85 85 85 85 85 84 84 84 84 84 84 84 84 83 83 83 83 83 83 83 83 83 83 83 83 83 82 82 82 82 82 81 81 81 81 81 81 81 81 82 81 81 81 81 81 80 81 80 80 81 81 81 80 80 80 80 80 80 80 80 80 80 80 80 80 80 80 80 0 0 0 
0 0 0 0 0 0 0 0 0 0 0 0 0 0 0 0 0 0 0 0 0 0 0 0 0 0 0 0 0 0 0 0 0 0 0 0 0 0 0 0 0 0 0 0 0 0 0 0 0 0 0 0 0 0 0 0 0 0 0 0 0 0 0 0 0 0 0 0 0 0 0 0 0 0 0 0 0 0 0 0 0 0 0 0 0 0 0 0 0 0 0 0 0 0 0 0 0 0 0 0 0 0 0 0 0 0 0 0 0 0 0 0 0 0 0 0 0 0 0 0 0 0 93 93 94 94 94 94 94 94 94 94 94 94 95 95 95 95 95 95 95 95 95 95 95 95 95 95 95 95 95 95 95 95 95 95 95 95 95 95 95 95 95 95 95 95 94 94 94 94 94 94 94 94 94 94 94 94 94 94 94 94 94 94 94 94 93 92 92 92 93 93 94 95 95 95 95 95 95 94 94 94 95 95 95 95 94 94 94 94 94 94 95 95 94 95 95 95 95 95 95 95 96 95 95 95 96 95 96 96 95 95 94 94 94 93 93 93 94 94 94 95 94 94 94 94 94 94 94 95 95 95 96 96 96 95 96 96 97 97 96 96 96 95 95 95 95 96 95 96 96 95 95 95 95 96 95 95 95 95 94 94 94 93 93 93 93 93 93 93 92 92 92 92 92 92 92 91 91 92 92 92 92 92 92 92 92 92 92 92 92 92 92 93 92 92 92 93 92 92 92 92 92 92 92 93 92 92 92 92 92 92 91 91 92 92 92 92 92 92 92 91 92 92 92 92 92 92 92 92 92 92 92 92 92 92 92 91 91 91 91 91 91 91 91 91 91 91 91 90 90 90 90 90 90 90 90 90 90 90 90 90 89 90 90 90 90 90 90 90 90 90 89 89 89 88 88 88 88 88 88 87 87 87 87 87 87 87 87 87 88 88 89 89 89 89 88 88 87 86 86 85 85 85 85 85 85 85 85 85 85 85 85 85 85 85 85 85 85 84 84 84 84 84 84 83 83 83 83 83 83 83 83 83 83 83 83 83 83 82 82 82 82 82 81 81 81 81 81 81 82 82 81 81 81 81 81 80 80 80 80 80 80 81 81 81 80 80 80 80 80 80 80 80 80 80 79 80 80 80 0 0 0 
0 0 0 0 0 0 0 0 0 0 0 0 0 0 0 0 0 0 0 0 0 0 0 0 0 0 0 0 0 0 0 0 0 0 0 0 0 0 0 0 0 0 0 0 0 0 0 0 0 0 0 0 0 0 0 0 0 0 0 0 0 0 0 0 0 0 0 0 0 0 0 0 0 0 0 0 0 0 0 0 0 0 0 0 0 0 0 0 0 0 0 0 0 0 0 0 0 0 0 0 0 0 0 0 0 0 0 0 0 0 0 0 0 0 0 0 0 0 0 0 0 0 93 93 94 0 0 94 94 94 94 94 94 95 95 95 95 0 0 95 95 95 95 95 95 95 95 95 95 95 95 95 95 95 95 95 95 95 95 95 95 95 95 95 95 95 95 95 95 94 94 94 94 94 95 95 95 94 94 95 95 95 95 95 95 94 94 93 93 93 93 93 94 95 95 95 94 94 94 94 94 94 94 94 95 95 95 94 94 94 94 94 95 95 95 95 95 95 95 96 96 95 95 95 95 95 95 95 95 95 95 96 95 94 94 93 93 93 94 94 95 94 94 94 94 94 94 94 94 95 95 95 95 96 95 95 96 97 97 97 97 97 97 96 95 95 95 96 96 96 96 95 95 95 95 95 95 95 95 95 95 94 94 93 93 93 93 93 93 93 93 92 92 92 93 93 92 92 92 92 93 93 93 93 93 93 92 92 92 92 92 92 92 92 92 92 93 93 92 92 92 92 92 92 92 92 92 92 92 92 92 92 92 92 92 92 92 92 92 92 92 92 92 92 92 92 92 92 92 92 92 92 92 92 92 92 92 91 91 91 91 91 91 91 91 91 91 91 91 91 90 90 90 90 90 90 90 90 90 90 90 90 90 90 90 90 90 89 90 90 89 90 89 89 89 88 88 88 88 88 88 88 88 87 87 87 87 87 87 87 87 87 87 88 89 89 88 88 87 86 86 86 86 85 85 86 85 85 85 85 85 85 85 85 85 85 85 85 85 84 85 85 84 84 84 83 83 84 84 84 84 83 83 83 83 83 83 83 82 82 82 82 82 82 81 81 81 81 81 82 82 82 82 82 81 81 81 81 80 80 80 80 80 80 80 80 81 81 81 80 80 80 80 80 80 80 80 80 0 0 0 0 0 
0 0 0 0 0 0 0 0 0 0 0 0 0 0 0 0 0 0 0 0 0 0 0 0 0 0 0 0 0 0 0 0 0 0 0 0 0 0 0 0 0 0 0 0 0 0 0 0 0 0 0 0 0 0 0 0 0 0 0 0 0 0 0 0 0 0 0 0 0 0 0 0 0 0 0 0 0 0 0 0 0 0 0 0 0 0 0 0 0 0 0 0 0 0 0 0 0 0 0 0 0 0 0 0 0 0 0 0 0 0 0 0 0 0 0 0 0 0 0 0 0 0 93 0 0 0 0 0 0 0 94 94 94 95 95 0 0 0 0 95 95 96 95 95 95 95 95 95 95 95 96 96 96 96 96 96 96 96 96 96 95 95 96 96 95 95 95 95 95 95 95 94 94 95 95 95 94 94 95 95 95 95 95 95 95 95 94 93 93 93 94 94 95 95 95 95 94 95 95 94 95 95 95 95 95 95 95 95 95 95 95 95 95 95 95 95 96 95 95 96 96 96 96 95 95 96 95 95 94 94 95 96 95 95 95 94 94 94 94 94 94 94 94 94 94 94 94 95 95 95 95 95 95 95 95 95 96 96 96 97 96 97 97 96 95 95 95 96 96 95 96 95 95 95 95 95 95 95 95 96 95 94 94 93 93 94 94 94 94 93 93 93 92 92 93 93 93 92 92 92 93 93 93 93 93 93 93 92 92 92 92 92 92 92 92 92 92 93 93 92 93 93 92 92 92 92 92 92 92 92 92 92 92 92 92 92 92 92 92 92 92 92 92 92 92 92 92 92 92 92 92 92 92 92 92 92 91 91 91 91 91 91 91 91 91 91 91 91 91 91 91 91 91 90 90 90 90 90 90 90 90 90 90 90 90 90 90 89 89 89 89 89 89 89 89 89 89 89 88 88 88 88 88 88 87 87 87 87 87 87 87 87 87 87 87 88 88 88 87 87 86 86 86 86 85 85 85 85 85 85 85 85 85 85 85 85 85 85 85 84 85 85 85 85 84 84 84 84 84 84 84 84 83 83 83 83 83 83 83 82 82 82 82 82 82 81 81 82 82 82 82 82 82 82 82 82 81 81 80 80 80 80 80 80 80 80 81 81 81 81 80 80 80 80 80 80 80 0 0 0 0 0 0 
0 0 0 0 0 0 0 0 0 0 0 0 0 0 0 0 0 0 0 0 0 0 0 0 0 0 0 0 0 0 0 0 0 0 0 0 0 0 0 0 0 0 0 0 0 0 0 0 0 0 0 0 0 0 0 0 0 0 0 0 0 0 0 0 0 0 0 0 0 0 0 0 0 0 0 0 0 0 0 0 0 0 0 0 0 0 0 0 0 0 0 0 0 0 0 0 0 0 0 0 0 0 0 0 0 0 0 0 0 0 0 0 0 0 0 0 0 0 0 0 0 0 0 0 0 0 0 0 0 0 0 0 0 0 0 0 0 0 0 96 96 96 95 95 95 95 95 95 95 96 96 96 96 96 96 96 96 96 96 96 96 96 96 96 96 96 96 95 96 95 95 95 95 95 95 95 95 95 95 95 95 95 95 95 95 94 94 94 94 93 94 93 95 95 95 95 95 95 95 94 95 95 95 95 95 95 96 96 95 95 95 95 95 95 96 95 96 96 96 96 96 96 95 95 96 96 96 95 95 94 94 95 95 95 95 95 95 94 94 94 94 95 94 94 94 94 95 95 95 95 95 95 95 96 96 96 96 96 96 97 96 96 97 96 95 95 95 96 96 95 96 96 96 96 95 95 95 95 96 96 95 95 94 94 93 94 94 94 94 94 93 93 93 92 93 93 93 93 92 92 92 92 92 93 93 93 93 93 93 93 92 92 92 92 92 92 92 93 92 92 92 93 92 92 92 92 92 92 92 92 92 92 92 92 92 92 92 92 92 92 92 92 92 92 92 92 92 92 92 92 92 92 92 92 92 92 91 91 91 91 91 91 92 91 92 91 91 91 91 91 91 91 91 91 90 90 90 90 90 90 90 90 90 90 90 90 90 89 89 89 89 89 89 89 89 89 89 89 89 88 88 88 88 88 88 87 87 87 87 87 87 87 87 87 87 87 87 87 87 87 87 87 86 86 85 85 85 85 85 85 85 85 85 85 85 85 85 85 85 85 84 84 85 84 84 84 84 84 84 84 84 84 83 83 83 83 83 83 83 83 82 82 82 82 82 82 82 82 82 82 82 82 82 82 82 82 81 81 81 80 80 80 80 80 80 80 80 80 80 80 81 80 80 80 0 0 0 0 0 0 0 0 0 
0 0 0 0 0 0 0 0 0 0 0 0 0 0 0 0 0 0 0 0 0 0 0 0 0 0 0 0 0 0 0 0 0 0 0 0 0 0 0 0 0 0 0 0 0 0 0 0 0 0 0 0 0 0 0 0 0 0 0 0 0 0 0 0 0 0 0 0 0 0 0 0 0 0 0 0 0 0 0 0 0 0 0 0 0 0 0 0 0 0 0 0 0 0 0 0 0 0 0 0 0 0 0 0 0 0 0 0 0 0 0 0 0 0 0 0 0 0 0 0 0 0 0 0 0 0 0 0 0 0 0 0 0 0 0 0 0 0 0 0 96 96 95 95 96 96 95 95 96 96 96 96 96 96 96 96 96 96 96 96 96 96 96 96 96 96 96 95 96 96 95 95 95 95 95 95 95 95 95 95 95 95 95 94 94 94 94 94 94 94 94 93 96 96 96 96 96 95 95 94 95 96 96 96 95 95 95 95 95 95 95 95 96 96 96 96 96 97 97 97 97 96 96 96 96 96 96 96 95 95 95 95 95 95 94 94 94 94 95 94 95 95 94 94 94 94 94 94 95 95 96 96 96 96 97 97 97 96 96 96 97 97 97 96 96 95 95 95 95 95 96 95 96 96 96 96 95 95 96 96 95 94 94 94 93 94 94 94 94 94 94 93 93 93 94 94 93 93 92 92 93 93 93 93 93 93 94 93 94 93 93 93 92 92 92 92 92 92 92 92 93 93 92 92 92 92 92 92 92 93 93 92 92 92 92 92 92 92 92 92 92 92 92 92 92 92 93 92 92 92 92 92 92 92 92 92 91 91 92 91 92 92 92 92 92 92 91 91 91 91 91 91 91 91 90 91 91 91 90 90 90 90 90 90 90 90 90 90 90 89 89 89 89 89 89 89 89 89 89 89 88 88 88 88 88 88 87 87 87 87 87 87 87 86 86 87 87 87 87 87 87 87 86 86 86 85 85 85 85 85 85 85 85 85 85 85 85 85 85 85 84 84 85 84 84 84 84 84 83 84 84 84 84 83 83 83 83 83 83 83 83 82 82 82 82 82 82 82 82 82 82 82 82 82 82 82 81 81 81 81 81 80 80 80 80 80 80 80 80 80 80 81 0 0 0 0 0 0 0 0 0 0 0 
0 0 0 0 0 0 0 0 0 0 0 0 0 0 0 0 0 0 0 0 0 0 0 0 0 0 0 0 0 0 0 0 0 0 0 0 0 0 0 0 0 0 0 0 0 0 0 0 0 0 0 0 0 0 0 0 0 0 0 0 0 0 0 0 0 0 0 0 0 0 0 0 0 0 0 0 0 0 0 0 0 0 0 0 0 0 0 0 0 0 0 0 0 0 0 0 0 0 0 0 0 0 0 0 0 0 0 0 0 0 0 0 0 0 0 0 0 0 0 0 0 0 0 0 0 0 0 0 0 0 0 0 0 0 0 0 0 0 0 0 96 96 96 96 96 96 96 96 96 96 96 96 96 96 96 96 96 96 96 96 96 96 96 96 96 96 96 95 96 96 96 96 96 96 96 96 96 96 96 95 95 95 95 95 94 95 95 95 95 94 93 94 96 96 97 96 96 95 95 95 95 96 96 96 96 96 96 95 96 96 96 96 96 96 96 97 97 97 97 97 97 97 97 96 96 96 96 96 95 95 95 95 95 95 95 95 95 95 95 95 95 95 94 94 95 95 95 95 96 96 96 96 96 96 97 97 97 96 96 96 97 97 97 97 96 96 95 96 96 95 95 95 96 96 96 96 95 95 96 96 95 95 94 94 94 94 94 93 93 94 94 94 93 93 94 94 93 93 93 92 93 93 93 93 93 94 94 94 94 94 93 93 93 93 93 93 93 93 92 92 92 92 92 92 92 92 92 92 92 92 93 93 92 92 92 92 92 92 92 92 92 92 92 92 93 93 93 92 92 92 92 92 92 92 92 92 91 91 91 92 92 92 92 92 92 92 91 91 91 91 91 91 91 91 91 91 91 91 91 90 90 90 90 90 90 90 90 90 90 90 89 89 89 89 89 89 89 89 89 89 89 88 88 88 88 87 87 87 87 87 87 87 87 87 87 87 87 86 87 87 87 87 87 87 86 86 85 86 85 85 85 85 85 85 85 85 85 85 85 85 85 85 85 85 85 84 84 84 83 83 84 84 84 83 83 83 83 83 83 83 83 83 82 82 82 82 82 82 82 82 82 82 82 82 82 82 82 81 81 81 81 81 80 80 80 80 80 80 80 80 79 80 0 0 0 0 0 0 0 0 0 0 0 
0 0 0 0 0 0 0 0 0 0 0 0 0 0 0 0 0 0 0 0 0 0 0 0 0 0 0 0 0 0 0 0 0 0 0 0 0 0 0 0 0 0 0 0 0 0 0 0 0 0 0 0 0 0 0 0 0 0 0 0 0 0 0 0 0 0 0 0 0 0 0 0 0 0 0 0 0 0 0 0 0 0 0 0 0 0 0 0 0 0 0 0 0 0 0 0 0 0 0 0 0 0 0 0 0 0 0 0 0 0 0 0 0 0 0 0 0 0 0 0 0 0 0 0 0 0 0 0 0 0 0 0 0 0 0 0 0 0 0 0 0 96 96 96 96 96 96 96 96 96 96 96 96 96 96 96 96 96 96 96 96 96 96 97 97 96 96 96 96 95 96 96 96 96 96 96 96 96 96 96 96 96 96 95 95 95 95 95 94 94 94 94 96 96 97 96 95 96 96 95 95 95 96 96 96 96 97 97 97 97 97 97 97 97 97 97 97 97 97 97 97 97 97 97 97 96 97 97 96 96 95 95 95 95 96 95 96 95 95 95 95 95 94 95 95 95 96 96 96 96 96 96 97 96 97 97 96 96 97 97 97 97 97 97 97 96 96 96 96 96 96 96 95 96 96 96 95 96 96 96 96 95 94 94 94 95 94 94 93 93 93 94 93 93 94 94 93 93 93 93 93 93 93 93 94 94 94 94 94 94 94 94 94 94 93 94 93 93 93 93 92 92 93 93 93 92 92 92 92 92 92 93 93 92 92 92 92 92 92 92 92 92 92 92 92 93 93 93 92 92 92 92 92 92 92 92 92 92 92 92 92 92 92 92 92 92 91 91 91 91 91 91 91 91 91 91 91 91 91 91 90 90 90 90 90 90 90 90 90 90 90 89 89 89 89 89 89 89 89 89 89 88 88 88 88 88 87 87 87 87 87 87 87 88 88 87 87 86 86 86 86 87 87 87 87 86 86 86 85 85 85 85 85 85 85 85 85 85 86 85 85 85 86 85 85 85 85 84 84 83 83 84 84 84 83 83 83 83 83 83 83 83 82 82 82 82 82 82 82 82 82 82 82 82 82 82 82 82 82 81 81 81 81 81 81 80 80 80 80 80 79 0 0 0 0 0 0 0 0 0 0 0 0 
0 0 0 0 0 0 0 0 0 0 0 0 0 0 0 0 0 0 0 0 0 0 0 0 0 0 0 0 0 0 0 0 0 0 0 0 0 0 0 0 0 0 0 0 0 0 0 0 0 0 0 0 0 0 0 0 0 0 0 0 0 0 0 0 0 0 0 0 0 0 0 0 0 0 0 0 0 0 0 0 0 0 0 0 0 0 0 0 0 0 0 0 0 0 0 0 0 0 0 0 0 0 0 0 0 0 0 0 0 0 0 0 0 0 0 0 0 0 0 0 0 0 0 0 0 0 0 0 0 0 0 0 0 0 0 0 0 0 0 0 0 97 96 96 96 96 96 96 96 96 96 96 96 96 97 96 96 96 96 96 96 96 96 97 97 96 96 96 96 96 95 96 96 96 96 96 96 96 96 96 96 96 96 96 96 95 94 94 94 94 94 95 97 97 96 96 96 96 96 95 96 96 96 96 96 96 96 97 97 97 97 97 98 97 97 97 97 97 97 97 98 98 97 97 97 96 96 96 97 96 96 95 95 95 95 95 95 95 95 95 95 95 94 94 95 95 96 96 95 96 96 97 96 97 97 97 97 96 97 97 97 96 97 97 97 97 97 96 95 96 96 96 96 96 96 96 96 96 96 96 96 95 95 95 94 95 95 95 94 94 94 93 93 94 94 94 94 94 94 93 93 93 93 94 94 93 94 94 93 93 94 94 94 94 94 94 94 94 93 93 93 93 93 93 93 93 93 92 92 93 92 92 93 92 92 92 92 92 92 92 92 92 92 92 92 92 93 93 93 92 92 92 92 92 92 92 92 92 92 92 92 92 92 92 92 92 92 92 92 91 91 91 91 91 91 91 91 91 91 91 90 91 90 90 90 90 90 90 90 90 90 89 89 89 89 89 89 89 89 90 89 89 88 88 88 87 87 87 87 87 87 87 88 88 87 87 86 86 86 87 86 86 86 86 86 86 86 86 85 85 85 85 85 85 85 85 85 85 85 85 85 85 86 86 85 85 85 85 84 84 83 84 84 84 84 83 83 83 83 83 83 83 82 82 82 82 82 82 82 82 82 82 82 82 82 82 82 82 82 81 81 81 81 81 81 81 81 80 80 80 80 0 0 0 0 0 0 0 0 0 0 0 0 
0 0 0 0 0 0 0 0 0 0 0 0 0 0 0 0 0 0 0 0 0 0 0 0 0 0 0 0 0 0 0 0 0 0 0 0 0 0 0 0 0 0 0 0 0 0 0 0 0 0 0 0 0 0 0 0 0 0 0 0 0 0 0 0 0 0 0 0 0 0 0 0 0 0 0 0 0 0 0 0 0 0 0 0 0 0 0 0 0 0 0 0 0 0 0 0 0 0 0 0 0 0 0 0 0 0 0 0 0 0 0 0 0 0 0 0 0 0 0 0 0 0 0 0 0 0 0 0 0 0 0 0 0 0 0 0 0 0 0 0 0 0 0 97 97 97 96 97 96 96 97 97 97 97 97 96 96 97 97 97 97 97 97 97 97 97 97 96 96 96 95 96 95 95 95 96 96 96 96 96 96 96 96 96 96 95 95 95 94 94 95 95 97 96 96 96 96 96 96 95 96 97 97 97 97 97 97 97 97 97 97 98 97 97 97 97 97 97 97 97 98 97 98 98 98 97 97 97 96 96 96 96 96 96 96 95 95 95 95 95 95 95 95 95 96 95 95 95 95 96 96 96 96 97 97 97 97 97 97 97 97 97 98 97 97 97 97 96 96 96 96 96 96 96 96 96 96 96 96 96 96 96 95 95 95 95 95 95 95 94 94 94 94 94 94 94 94 94 94 93 93 93 93 94 94 93 93 93 93 93 93 93 94 94 94 94 94 94 94 94 93 93 93 93 93 93 93 93 93 92 92 92 92 92 92 92 92 92 92 92 92 92 93 93 92 92 92 92 92 92 92 92 92 92 92 92 92 92 92 92 92 92 92 92 92 92 92 92 92 91 91 91 91 91 91 91 91 91 91 91 91 90 90 90 90 90 90 90 90 90 90 89 89 89 89 89 90 90 90 89 89 89 89 89 88 88 87 87 87 88 87 87 87 87 87 87 86 87 87 87 86 86 86 86 86 86 86 86 86 85 85 85 85 85 85 85 85 85 85 85 85 85 86 86 86 85 85 85 85 84 84 84 84 84 84 84 83 83 83 83 83 83 83 83 82 82 82 82 82 82 82 82 82 82 82 82 82 81 81 81 81 81 81 81 81 81 81 81 80 80 0 0 0 0 0 0 0 0 0 0 0 0 0 
0 0 0 0 0 0 0 0 0 0 0 0 0 0 0 0 0 0 0 0 0 0 0 0 0 0 0 0 0 0 0 0 0 0 0 0 0 0 0 0 0 0 0 0 0 0 0 0 0 0 0 0 0 0 0 0 0 0 0 0 0 0 0 0 0 0 0 0 0 0 0 0 0 0 0 0 0 0 0 0 0 0 0 0 0 0 0 0 0 0 0 0 0 0 0 0 0 0 0 0 0 0 0 0 0 0 0 0 0 0 0 0 0 0 0 0 0 0 0 0 0 0 0 0 0 0 0 0 0 0 0 0 0 0 0 0 0 0 0 0 0 0 0 0 97 97 97 97 97 97 97 97 97 97 97 96 96 97 97 97 97 97 97 97 97 97 97 96 96 96 96 96 96 96 96 96 96 96 96 96 96 96 96 96 96 96 96 95 95 95 94 95 97 97 96 96 96 96 96 96 96 96 97 97 96 97 96 96 97 97 97 97 97 97 97 97 98 98 98 97 97 97 96 97 97 97 97 97 97 96 96 96 96 96 96 95 95 95 95 95 95 96 94 94 95 95 95 95 96 96 96 96 96 97 97 97 97 97 97 97 97 97 97 98 98 97 97 96 96 96 96 96 96 96 96 96 96 96 96 96 96 96 96 95 95 95 95 96 96 95 95 94 94 94 94 94 94 94 94 93 93 94 93 93 93 93 93 93 93 94 94 94 93 94 94 94 94 94 94 95 94 94 93 93 93 93 93 93 93 92 92 92 92 93 92 92 92 92 92 92 92 92 92 92 92 92 92 93 93 92 92 92 92 92 92 92 92 92 92 92 92 92 92 92 92 92 92 92 92 92 91 91 91 91 91 91 91 91 91 91 91 91 90 91 91 90 90 90 90 90 90 90 90 90 90 90 90 90 89 90 90 89 89 89 89 88 88 87 87 88 87 87 87 87 87 87 86 87 87 87 86 86 86 86 86 86 86 86 86 86 85 85 85 85 85 85 85 85 85 85 85 85 85 86 86 85 85 85 85 85 85 84 84 84 84 84 84 83 83 83 83 83 83 83 83 82 82 82 82 82 82 82 82 82 82 82 81 81 81 81 81 81 81 81 81 81 81 81 81 81 0 0 0 0 0 0 0 0 0 0 0 0 0 
0 0 0 0 0 0 0 0 0 0 0 0 0 0 0 0 0 0 0 0 0 0 0 0 0 0 0 0 0 0 0 0 0 0 0 0 0 0 0 0 0 0 0 0 0 0 0 0 0 0 0 0 0 0 0 0 0 0 0 0 0 0 0 0 0 0 0 0 0 0 0 0 0 0 0 0 0 0 0 0 0 0 0 0 0 0 0 0 0 0 0 0 0 0 0 0 0 0 0 0 0 0 0 0 0 0 0 0 0 0 0 0 0 0 0 0 0 0 0 0 0 0 0 0 0 0 0 0 0 0 0 0 0 0 0 0 0 0 0 0 0 0 0 0 0 0 0 97 97 97 97 97 97 97 97 97 97 97 97 97 97 97 97 97 97 97 97 97 96 96 96 97 97 96 97 96 96 97 96 96 96 96 96 96 96 96 96 95 95 95 95 95 97 97 97 97 97 96 96 97 97 96 96 97 97 97 97 97 97 97 97 97 97 97 98 98 98 98 98 98 97 97 97 96 97 97 97 97 97 97 97 96 97 96 96 96 96 96 95 95 95 95 94 95 95 95 96 96 95 95 95 96 97 97 96 98 97 97 97 97 97 97 97 98 98 97 97 97 97 97 96 96 96 96 96 96 96 96 96 96 96 96 96 96 96 96 96 96 96 96 95 95 95 94 94 94 94 94 93 93 93 94 94 94 94 94 94 94 94 94 94 94 94 94 94 94 94 94 94 95 94 93 93 93 93 93 93 93 93 93 93 93 92 93 93 93 92 92 92 92 92 92 93 92 93 92 92 92 92 93 92 92 92 92 92 92 92 92 92 92 92 92 92 92 92 92 92 92 92 92 91 91 91 91 91 91 91 91 91 91 91 91 91 91 90 90 90 90 90 90 90 90 90 90 90 90 90 89 89 89 89 89 90 89 89 88 88 88 88 87 87 87 87 87 87 87 87 87 87 86 86 86 86 86 86 86 86 86 85 86 86 86 86 86 86 85 85 85 85 85 85 86 86 86 86 86 85 85 85 85 85 85 84 84 84 84 84 84 83 83 83 83 83 83 83 82 82 82 82 82 82 82 82 82 81 81 81 81 81 81 81 81 81 81 81 81 81 81 0 0 0 0 0 0 0 0 0 0 0 0 0 0 0 
0 0 0 0 0 0 0 0 0 0 0 0 0 0 0 0 0 0 0 0 0 0 0 0 0 0 0 0 0 0 0 0 0 0 0 0 0 0 0 0 0 0 0 0 0 0 0 0 0 0 0 0 0 0 0 0 0 0 0 0 0 0 0 0 0 0 0 0 0 0 0 0 0 0 0 0 0 0 0 0 0 0 0 0 0 0 0 0 0 0 0 0 0 0 0 0 0 0 0 0 0 0 0 0 0 0 0 0 0 0 0 0 0 0 0 0 0 0 0 0 0 0 0 0 0 0 0 0 0 0 0 0 0 0 0 0 0 0 0 0 0 0 0 0 0 0 0 0 98 98 98 98 98 97 97 97 97 97 97 97 97 97 97 97 97 97 97 97 97 97 97 97 97 97 97 96 96 96 96 96 96 96 96 96 96 96 96 96 96 96 96 96 98 98 97 97 97 96 96 97 97 97 98 98 98 97 97 97 97 98 98 98 98 98 98 98 98 98 98 98 97 97 97 97 97 97 96 97 97 97 97 97 97 97 96 96 96 96 95 96 95 95 95 95 96 96 96 95 95 96 96 96 97 96 97 97 97 97 98 98 98 97 98 98 99 98 97 98 98 97 97 96 96 96 96 96 96 96 96 96 96 96 96 96 96 96 96 96 96 96 96 96 95 95 94 94 94 94 94 93 94 94 94 94 94 95 95 94 94 94 94 94 95 94 94 94 95 94 95 95 94 94 94 94 94 94 93 93 93 93 93 93 93 93 93 93 93 93 93 92 92 92 93 93 93 93 93 93 93 93 93 93 92 92 92 92 92 92 92 92 92 92 92 92 92 92 92 92 92 92 92 92 92 92 92 92 91 91 91 91 91 91 91 91 91 90 90 90 90 90 90 90 90 90 90 90 90 89 89 89 89 89 89 89 89 88 88 87 88 88 88 87 87 87 87 87 87 87 87 86 86 86 86 85 85 85 85 85 85 86 86 86 86 86 86 85 85 85 85 85 85 85 86 86 86 86 86 86 85 86 86 85 84 84 84 84 84 84 83 83 83 83 83 83 83 83 82 82 82 81 81 81 82 82 81 81 80 80 80 80 80 81 81 81 81 0 0 0 0 0 0 0 0 0 0 0 0 0 0 0 0 0 0 
0 0 0 0 0 0 0 0 0 0 0 0 0 0 0 0 0 0 0 0 0 0 0 0 0 0 0 0 0 0 0 0 0 0 0 0 0 0 0 0 0 0 0 0 0 0 0 0 0 0 0 0 0 0 0 0 0 0 0 0 0 0 0 0 0 0 0 0 0 0 0 0 0 0 0 0 0 0 0 0 0 0 0 0 0 0 0 0 0 0 0 0 0 0 0 0 0 0 0 0 0 0 0 0 0 0 0 0 0 0 0 0 0 0 0 0 0 0 0 0 0 0 0 0 0 0 0 0 0 0 0 0 0 0 0 0 0 0 0 0 0 0 0 0 0 0 0 0 98 98 98 98 98 98 98 97 98 97 97 97 97 97 97 98 97 97 98 98 97 97 97 97 97 97 97 97 97 96 96 96 96 96 96 96 96 97 97 96 96 96 96 96 98 98 98 97 98 97 97 97 98 98 98 98 99 98 98 98 98 98 99 99 98 98 98 98 98 98 98 97 98 98 97 98 98 97 97 97 96 96 97 97 97 97 97 96 96 96 95 96 96 96 96 96 96 96 95 96 96 97 97 96 96 97 97 96 96 97 97 97 97 97 98 98 98 98 97 97 98 98 97 96 96 96 96 96 96 96 96 96 96 97 96 96 96 96 96 96 96 97 96 96 96 95 95 95 95 94 94 93 94 94 94 94 94 94 94 95 95 95 95 95 95 95 95 94 94 94 95 95 95 95 95 95 95 94 93 93 93 93 93 93 93 93 93 93 93 93 93 93 93 92 93 93 93 93 93 93 93 93 93 93 93 93 92 92 92 92 93 93 92 92 92 92 92 92 92 92 92 92 92 92 92 92 92 92 92 91 91 91 91 91 91 91 91 90 91 90 90 90 90 90 90 90 90 90 90 89 89 89 89 89 89 89 89 89 89 88 87 88 88 88 87 87 87 87 87 87 87 86 86 86 86 86 86 86 86 86 86 85 85 86 86 86 86 86 86 86 85 85 85 85 86 86 86 87 86 86 86 85 86 85 85 84 83 83 84 84 83 83 83 83 83 83 83 83 83 82 82 82 81 81 81 81 81 81 81 80 80 80 80 80 80 80 80 0 0 0 0 0 0 0 0 0 0 0 0 0 0 0 0 0 0 
0 0 0 0 0 0 0 0 0 0 0 0 0 0 0 0 0 0 0 0 0 0 0 0 0 0 0 0 0 0 0 0 0 0 0 0 0 0 0 0 0 0 0 0 0 0 0 0 0 0 0 0 0 0 0 0 0 0 0 0 0 0 0 0 0 0 0 0 0 0 0 0 0 0 0 0 0 0 0 0 0 0 0 0 0 0 0 0 0 0 0 0 0 0 0 0 0 0 0 0 0 0 0 0 0 0 0 0 0 0 0 0 0 0 0 0 0 0 0 0 0 0 0 0 0 0 0 0 0 0 0 0 0 0 0 0 0 0 0 0 0 0 0 0 0 0 0 0 0 98 98 98 98 98 98 98 98 98 97 97 97 98 98 98 97 97 97 98 98 97 97 96 97 97 97 97 96 96 97 97 96 96 96 96 96 96 97 97 97 97 96 95 97 97 97 97 98 98 98 98 98 97 98 98 98 98 98 98 98 98 98 99 98 97 98 98 98 98 97 97 97 97 98 98 98 97 98 97 97 96 96 97 98 97 97 97 97 96 96 96 96 96 96 96 96 95 96 96 96 96 97 97 97 97 97 97 97 97 97 98 98 98 97 98 99 99 98 97 97 98 97 97 96 96 96 96 96 96 96 96 96 96 97 97 96 96 96 96 96 97 96 96 96 95 95 95 95 95 94 94 94 94 94 94 94 94 94 94 94 94 94 94 95 95 95 95 95 95 95 95 96 96 95 95 95 94 94 93 93 93 93 93 93 93 93 93 93 93 93 93 93 93 93 93 93 93 93 93 93 93 93 93 93 93 92 92 92 93 93 93 93 93 93 92 92 92 92 92 92 92 92 92 92 92 92 92 92 92 92 91 91 91 91 91 91 91 90 90 91 91 90 90 90 90 89 89 89 89 89 89 89 89 89 89 89 89 89 89 88 88 88 89 88 87 87 87 87 87 87 86 86 87 87 86 86 87 86 86 87 86 86 85 86 86 86 86 86 86 86 85 85 85 86 87 86 86 86 86 86 86 86 86 85 84 83 83 83 83 83 83 83 83 83 83 83 83 83 82 82 82 82 82 81 81 81 82 81 81 80 80 80 80 80 80 0 0 0 0 0 0 0 0 0 0 0 0 0 0 0 0 0 0 0 
0 0 0 0 0 0 0 0 0 0 0 0 0 0 0 0 0 0 0 0 0 0 0 0 0 0 0 0 0 0 0 0 0 0 0 0 0 0 0 0 0 0 0 0 0 0 0 0 0 0 0 0 0 0 0 0 0 0 0 0 0 0 0 0 0 0 0 0 0 0 0 0 0 0 0 0 0 0 0 0 0 0 0 0 0 0 0 0 0 0 0 0 0 0 0 0 0 0 0 0 0 0 0 0 0 0 0 0 0 0 0 0 0 0 0 0 0 0 0 0 0 0 0 0 0 0 0 0 0 0 0 0 0 0 0 0 0 0 0 0 0 0 0 0 0 0 0 0 0 98 99 99 99 99 99 99 98 97 97 98 98 98 98 98 98 97 97 98 98 97 97 97 97 97 97 97 97 97 97 97 96 96 97 97 96 96 96 97 97 97 97 97 98 97 97 98 98 98 98 98 98 97 98 98 98 97 98 98 98 98 98 98 98 97 98 98 98 98 97 97 97 97 98 98 98 98 99 98 98 97 96 96 97 97 97 97 97 96 96 96 96 97 96 95 96 96 96 96 96 96 97 97 98 97 97 97 97 97 97 97 97 98 98 98 98 98 98 98 97 98 98 97 96 96 96 96 96 96 96 96 96 97 97 97 96 96 96 96 97 97 96 96 96 96 95 95 95 95 94 94 94 94 94 94 94 94 94 94 95 95 95 95 94 95 95 95 95 95 95 95 96 96 95 95 95 95 94 94 93 93 94 93 93 93 93 93 94 94 93 93 93 93 93 93 93 93 93 93 93 93 93 93 93 93 93 93 93 93 93 93 93 93 93 92 92 92 92 92 92 92 92 92 92 92 92 92 92 92 92 92 91 91 91 91 91 91 91 91 90 90 91 90 90 90 90 89 89 89 89 89 89 89 89 88 88 88 88 89 88 88 88 88 88 88 87 87 87 87 86 86 87 87 87 87 87 87 86 86 87 87 86 86 86 86 85 86 86 86 86 86 85 85 86 86 87 86 86 85 86 85 85 86 86 85 84 83 83 83 83 83 84 83 83 84 84 83 83 83 82 82 82 82 82 81 81 81 82 81 81 80 80 80 0 0 0 0 0 0 0 0 0 0 0 0 0 0 0 0 0 0 0 0 0 
0 0 0 0 0 0 0 0 0 0 0 0 0 0 0 0 0 0 0 0 0 0 0 0 0 0 0 0 0 0 0 0 0 0 0 0 0 0 0 0 0 0 0 0 0 0 0 0 0 0 0 0 0 0 0 0 0 0 0 0 0 0 0 0 0 0 0 0 0 0 0 0 0 0 0 0 0 0 0 0 0 0 0 0 0 0 0 0 0 0 0 0 0 0 0 0 0 0 0 0 0 0 0 0 0 0 0 0 0 0 0 0 0 0 0 0 0 0 0 0 0 0 0 0 0 0 0 0 0 0 0 0 0 0 0 0 0 0 0 0 0 0 0 0 0 0 0 0 0 0 0 0 99 99 99 99 98 97 98 99 0 97 97 97 97 97 97 97 98 97 98 97 97 97 97 97 97 97 97 97 97 97 97 97 97 97 97 97 97 97 97 97 99 98 97 97 98 98 98 98 98 98 98 98 98 98 99 99 99 99 98 98 97 97 98 98 98 98 98 98 97 97 98 98 98 99 99 98 98 98 97 97 96 97 97 97 97 97 97 97 96 96 95 96 96 97 97 97 97 96 97 97 97 98 98 97 97 97 98 98 98 98 99 99 98 98 98 98 98 97 98 98 97 96 96 96 96 96 97 97 97 97 97 97 96 97 96 96 97 97 97 97 96 96 95 95 95 95 94 94 94 94 94 94 94 94 94 94 95 94 94 95 95 95 95 96 96 95 95 95 94 95 95 95 95 95 94 94 93 93 93 93 93 93 93 94 94 94 93 93 93 93 93 93 93 93 93 93 93 93 93 93 93 93 93 93 93 93 93 93 93 93 93 93 92 92 92 92 92 92 92 92 92 92 92 92 92 92 92 92 92 91 91 91 91 91 91 91 90 90 90 90 90 90 90 90 89 90 89 89 89 89 89 89 88 88 88 88 88 88 88 88 88 87 87 88 88 87 87 88 87 87 87 87 88 87 87 87 87 87 86 86 86 86 86 85 85 85 85 85 85 85 86 86 86 86 86 86 85 85 85 86 86 86 85 84 83 83 83 83 84 84 84 84 84 84 83 83 83 82 82 83 82 82 81 81 81 82 0 0 0 0 0 0 0 0 0 0 0 0 0 0 0 0 0 0 0 0 0 0 0 0 0 
0 0 0 0 0 0 0 0 0 0 0 0 0 0 0 0 0 0 0 0 0 0 0 0 0 0 0 0 0 0 0 0 0 0 0 0 0 0 0 0 0 0 0 0 0 0 0 0 0 0 0 0 0 0 0 0 0 0 0 0 0 0 0 0 0 0 0 0 0 0 0 0 0 0 0 0 0 0 0 0 0 0 0 0 0 0 0 0 0 0 0 0 0 0 0 0 0 0 0 0 0 0 0 0 0 0 0 0 0 0 0 0 0 0 0 0 0 0 0 0 0 0 0 0 0 0 0 0 0 0 0 0 0 0 0 0 0 0 0 0 0 0 0 0 0 0 0 0 0 0 0 0 0 99 99 99 98 98 0 0 0 98 98 97 97 97 97 97 97 97 97 97 97 97 97 97 97 97 97 97 97 97 97 97 97 97 97 97 97 98 98 98 99 98 98 97 98 98 98 98 97 97 97 98 98 98 98 98 99 99 98 98 97 98 98 98 98 98 99 98 98 97 98 98 98 98 99 99 98 99 98 97 97 96 97 97 97 97 97 97 96 97 96 96 96 97 97 97 98 97 97 97 97 97 98 98 98 97 98 98 98 98 99 99 99 99 98 98 98 97 98 98 97 97 97 96 97 97 97 97 97 97 97 97 97 97 97 96 96 97 97 97 96 96 96 95 95 95 95 95 95 95 94 94 94 94 94 94 94 94 95 95 95 95 96 96 96 96 95 94 94 94 94 94 94 95 95 94 94 93 93 94 94 94 94 94 94 93 93 93 93 93 93 94 94 94 93 93 93 93 93 93 93 93 93 93 93 93 93 93 93 93 93 93 93 93 93 93 92 92 92 92 92 92 92 92 92 92 92 92 92 91 91 91 91 91 91 91 91 91 90 90 90 90 90 90 90 89 89 89 89 89 89 89 88 88 88 88 88 88 88 87 87 87 87 88 88 88 88 88 87 87 87 87 87 88 87 87 88 87 87 87 86 86 86 86 85 85 86 86 86 86 86 86 86 86 86 86 85 85 85 85 86 86 86 85 84 83 83 83 83 83 84 84 84 84 84 84 83 83 83 83 83 82 82 81 0 0 0 0 0 0 0 0 0 0 0 0 0 0 0 0 0 0 0 0 0 0 0 0 0 0 0 
0 0 0 0 0 0 0 0 0 0 0 0 0 0 0 0 0 0 0 0 0 0 0 0 0 0 0 0 0 0 0 0 0 0 0 0 0 0 0 0 0 0 0 0 0 0 0 0 0 0 0 0 0 0 0 0 0 0 0 0 0 0 0 0 0 0 0 0 0 0 0 0 0 0 0 0 0 0 0 0 0 0 0 0 0 0 0 0 0 0 0 0 0 0 0 0 0 0 0 0 0 0 0 0 0 0 0 0 0 0 0 0 0 0 0 0 0 0 0 0 0 0 0 0 0 0 0 0 0 0 0 0 0 0 0 0 0 0 0 0 0 0 0 0 0 0 0 0 0 0 0 0 0 0 0 99 99 99 0 0 0 0 0 98 98 97 97 97 97 97 97 97 98 98 97 97 97 97 97 97 97 97 98 97 97 97 97 97 98 98 98 98 99 99 98 97 97 97 98 97 98 98 98 98 98 98 98 98 99 98 98 98 98 98 98 98 98 98 99 99 98 97 98 99 98 98 98 99 98 98 98 98 97 97 97 97 97 97 97 97 97 97 96 97 97 97 97 97 97 97 97 97 97 97 98 98 98 98 98 98 98 98 98 99 99 98 99 98 99 98 98 98 98 97 97 96 97 97 97 97 97 97 97 97 97 97 97 97 97 97 97 97 96 96 96 96 95 95 95 95 95 95 95 95 95 95 95 94 95 95 95 95 95 95 95 95 96 96 96 95 94 94 94 94 94 95 95 95 94 94 94 94 94 94 94 94 94 94 93 93 93 93 94 94 94 94 94 93 93 93 93 94 93 93 94 93 93 93 93 93 93 93 93 93 93 93 93 93 92 92 92 92 92 92 92 92 92 92 92 92 91 91 92 91 91 91 91 91 91 91 91 91 90 90 90 90 90 89 89 89 89 89 89 89 89 89 89 88 88 88 88 88 88 87 87 87 87 87 87 87 87 87 87 87 88 88 88 87 87 87 88 88 87 87 87 86 85 85 85 86 86 85 86 85 86 86 86 87 86 86 85 85 85 86 85 84 83 84 83 83 83 83 83 83 83 84 84 84 84 84 83 83 83 83 82 82 0 0 0 0 0 0 0 0 0 0 0 0 0 0 0 0 0 0 0 0 0 0 0 0 0 0 0 
0 0 0 0 0 0 0 0 0 0 0 0 0 0 0 0 0 0 0 0 0 0 0 0 0 0 0 0 0 0 0 0 0 0 0 0 0 0 0 0 0 0 0 0 0 0 0 0 0 0 0 0 0 0 0 0 0 0 0 0 0 0 0 0 0 0 0 0 0 0 0 0 0 0 0 0 0 0 0 0 0 0 0 0 0 0 0 0 0 0 0 0 0 0 0 0 0 0 0 0 0 0 0 0 0 0 0 0 0 0 0 0 0 0 0 0 0 0 0 0 0 0 0 0 0 0 0 0 0 0 0 0 0 0 0 0 0 0 0 0 0 0 0 0 0 0 0 0 0 0 0 0 0 0 0 0 0 0 0 0 0 0 0 0 99 98 98 98 98 98 98 98 98 98 98 98 97 97 97 98 98 98 98 97 97 97 98 98 98 98 98 98 98 98 97 98 98 98 98 98 99 99 99 98 98 98 98 98 98 98 98 98 98 98 98 98 98 98 98 99 98 98 98 98 98 98 99 99 99 98 98 97 98 98 98 97 97 97 97 97 97 97 96 97 97 97 96 97 97 97 97 97 98 98 98 98 98 98 98 98 98 98 98 98 98 98 98 98 99 98 98 98 98 97 97 97 97 97 97 97 97 97 97 97 97 97 97 97 97 97 97 97 96 96 96 96 95 95 96 96 96 95 95 95 96 96 95 95 95 96 95 95 95 95 96 96 95 96 96 95 95 95 95 94 94 94 94 95 95 94 94 94 94 94 94 94 94 94 93 93 93 93 94 94 94 94 94 94 94 94 94 94 94 93 93 93 93 93 93 93 93 93 93 93 93 93 93 93 92 92 92 92 92 92 92 92 92 92 92 92 91 91 92 92 92 91 91 91 91 91 91 91 90 90 90 90 90 89 89 89 89 89 89 89 89 89 89 88 88 88 88 89 88 88 88 87 88 87 87 87 88 88 87 87 87 87 87 87 87 87 87 88 88 87 87 86 86 86 85 86 86 86 86 85 85 86 86 87 86 86 86 85 85 85 84 84 83 85 84 83 83 83 83 83 84 84 84 84 84 84 84 83 82 83 83 82 0 0 0 0 0 0 0 0 0 0 0 0 0 0 0 0 0 0 0 0 0 0 0 0 0 0 0 
0 0 0 0 0 0 0 0 0 0 0 0 0 0 0 0 0 0 0 0 0 0 0 0 0 0 0 0 0 0 0 0 0 0 0 0 0 0 0 0 0 0 0 0 0 0 0 0 0 0 0 0 0 0 0 0 0 0 0 0 0 0 0 0 0 0 0 0 0 0 0 0 0 0 0 0 0 0 0 0 0 0 0 0 0 0 0 0 0 0 0 0 0 0 0 0 0 0 0 0 0 0 0 0 0 0 0 0 0 0 0 0 0 0 0 0 0 0 0 0 0 0 0 0 0 0 0 0 0 0 0 0 0 0 0 0 0 0 0 0 0 0 0 0 0 0 0 0 0 0 0 0 0 0 0 0 0 0 0 0 0 0 0 0 0 0 0 0 99 98 98 98 98 98 98 98 97 97 97 98 98 98 98 97 98 98 98 98 98 98 98 98 98 99 100 100 99 98 98 98 99 99 99 98 99 98 99 99 99 99 98 98 98 98 98 99 98 99 99 98 98 98 98 99 99 98 99 98 99 98 98 98 98 98 98 98 98 97 97 97 98 97 96 97 96 96 97 97 98 98 98 98 98 98 98 98 98 98 98 98 98 98 98 99 99 99 99 98 98 98 98 98 98 98 98 97 97 97 97 97 97 97 97 97 97 97 97 97 97 97 97 97 96 97 97 96 96 96 96 96 96 96 95 95 96 96 96 95 95 96 96 96 96 96 96 96 95 96 96 96 95 95 95 95 95 94 94 94 95 95 94 94 94 94 94 94 94 94 94 94 94 94 94 94 94 94 94 94 94 94 94 94 94 94 93 93 93 93 93 93 93 93 93 93 93 93 93 93 93 93 93 92 92 92 92 92 92 92 92 92 91 91 92 92 92 91 91 91 91 91 91 91 90 90 90 90 90 90 90 90 89 89 89 89 89 89 89 89 88 89 88 88 88 88 88 88 88 87 87 88 88 87 88 88 87 87 87 87 87 87 87 88 88 88 87 87 87 86 86 86 87 86 86 86 86 86 86 86 86 86 86 86 85 84 84 84 84 85 85 84 83 84 83 83 83 84 84 84 84 84 83 83 83 82 82 82 0 0 0 0 0 0 0 0 0 0 0 0 0 0 0 0 0 0 0 0 0 0 0 0 0 0 0 
0 0 0 0 0 0 0 0 0 0 0 0 0 0 0 0 0 0 0 0 0 0 0 0 0 0 0 0 0 0 0 0 0 0 0 0 0 0 0 0 0 0 0 0 0 0 0 0 0 0 0 0 0 0 0 0 0 0 0 0 0 0 0 0 0 0 0 0 0 0 0 0 0 0 0 0 0 0 0 0 0 0 0 0 0 0 0 0 0 0 0 0 0 0 0 0 0 0 0 0 0 0 0 0 0 0 0 0 0 0 0 0 0 0 0 0 0 0 0 0 0 0 0 0 0 0 0 0 0 0 0 0 0 0 0 0 0 0 0 0 0 0 0 0 0 0 0 0 0 0 0 0 0 0 0 0 0 0 0 0 0 0 0 0 0 0 0 0 0 99 99 98 98 98 98 98 98 98 98 98 98 98 98 98 97 98 98 98 98 98 98 98 99 99 100 100 100 100 99 100 99 100 99 98 99 99 99 99 100 100 99 99 98 98 98 98 98 98 99 98 98 98 98 98 99 99 99 98 98 98 98 98 98 98 98 98 98 98 98 98 98 97 96 96 96 97 97 97 98 98 98 98 97 98 98 98 98 98 99 99 99 99 98 98 99 99 99 98 98 98 98 99 98 97 97 97 97 97 97 97 97 97 97 97 98 97 97 97 97 97 97 97 96 96 97 96 96 96 96 96 96 96 96 96 96 96 96 95 95 95 95 96 96 96 96 96 96 96 96 96 95 94 95 95 95 95 94 94 95 95 94 94 94 94 94 94 94 94 94 94 94 94 94 94 94 94 94 94 94 94 94 94 94 94 93 94 94 94 93 93 93 93 93 93 93 93 93 93 93 93 93 92 93 92 92 92 92 92 92 92 92 92 92 92 92 91 91 91 91 91 91 91 90 90 90 90 90 90 90 90 90 89 90 90 90 89 89 90 89 89 89 88 89 88 88 88 87 87 87 87 87 88 88 88 87 87 87 87 87 87 88 87 87 88 88 88 87 87 86 86 87 87 87 86 86 86 86 86 86 86 86 86 86 85 84 84 84 84 85 85 84 84 84 83 84 84 84 84 84 84 83 83 83 83 0 0 0 0 0 0 0 0 0 0 0 0 0 0 0 0 0 0 0 0 0 0 0 0 0 0 0 0 0 
0 0 0 0 0 0 0 0 0 0 0 0 0 0 0 0 0 0 0 0 0 0 0 0 0 0 0 0 0 0 0 0 0 0 0 0 0 0 0 0 0 0 0 0 0 0 0 0 0 0 0 0 0 0 0 0 0 0 0 0 0 0 0 0 0 0 0 0 0 0 0 0 0 0 0 0 0 0 0 0 0 0 0 0 0 0 0 0 0 0 0 0 0 0 0 0 0 0 0 0 0 0 0 0 0 0 0 0 0 0 0 0 0 0 0 0 0 0 0 0 0 0 0 0 0 0 0 0 0 0 0 0 0 0 0 0 0 0 0 0 0 0 0 0 0 0 0 0 0 0 0 0 0 0 0 0 0 0 0 0 0 0 0 0 0 0 0 0 0 0 0 0 0 99 99 99 98 98 98 98 98 98 98 98 98 98 98 98 98 98 98 98 99 99 100 101 101 101 100 100 100 100 100 99 99 99 99 99 99 99 100 100 99 98 98 98 98 98 98 98 98 98 98 98 98 99 99 98 98 98 98 98 99 98 98 98 98 98 98 98 98 97 96 97 97 97 97 97 97 97 97 97 97 98 98 98 98 99 99 99 98 99 99 98 98 99 99 99 98 98 98 98 98 98 97 97 97 97 98 98 98 98 98 98 98 98 98 98 97 97 97 97 97 97 97 96 96 96 97 97 97 97 97 96 96 96 96 96 95 96 96 96 96 96 96 96 96 96 96 95 95 95 95 95 95 95 95 95 95 95 94 94 94 94 94 94 94 94 94 94 94 94 94 94 94 94 94 94 94 94 94 94 94 94 94 94 94 94 94 93 93 93 93 93 93 93 93 93 93 93 93 93 93 92 92 92 92 92 92 92 92 92 92 92 92 91 91 91 91 91 91 91 91 91 90 90 90 90 90 90 90 90 90 90 90 89 89 89 90 89 89 89 89 89 88 89 88 88 87 87 88 88 87 87 87 87 87 87 87 87 87 87 88 87 87 88 88 88 87 87 87 87 87 87 87 86 86 86 86 86 86 86 86 86 85 84 84 84 84 85 85 84 84 84 84 84 85 84 84 84 84 83 83 83 83 0 0 0 0 0 0 0 0 0 0 0 0 0 0 0 0 0 0 0 0 0 0 0 0 0 0 0 0 
0 0 0 0 0 0 0 0 0 0 0 0 0 0 0 0 0 0 0 0 0 0 0 0 0 0 0 0 0 0 0 0 0 0 0 0 0 0 0 0 0 0 0 0 0 0 0 0 0 0 0 0 0 0 0 0 0 0 0 0 0 0 0 0 0 0 0 0 0 0 0 0 0 0 0 0 0 0 0 0 0 0 0 0 0 0 0 0 0 0 0 0 0 0 0 0 0 0 0 0 0 0 0 0 0 0 0 0 0 0 0 0 0 0 0 0 0 0 0 0 0 0 0 0 0 0 0 0 0 0 0 0 0 0 0 0 0 0 0 0 0 0 0 0 0 0 0 0 0 0 0 0 0 0 0 0 0 0 0 0 0 0 0 0 0 0 0 0 0 0 0 0 0 0 0 99 99 99 99 98 98 98 98 98 98 98 98 98 98 98 98 98 99 100 100 101 101 101 101 101 100 100 100 100 100 99 99 99 99 99 99 100 100 99 99 99 99 99 98 99 99 98 98 98 98 98 98 99 99 98 98 98 98 98 98 98 98 98 97 97 97 97 97 97 98 98 97 97 97 97 97 97 98 98 98 98 98 98 98 99 98 98 98 98 98 99 99 99 99 98 98 98 98 98 98 97 97 98 98 98 98 98 98 98 98 98 98 98 98 98 98 97 97 97 97 96 96 96 96 96 97 97 97 97 96 97 97 96 95 95 96 96 96 95 96 96 96 96 96 95 95 95 95 95 95 95 95 95 95 95 95 94 94 94 94 94 94 94 94 94 94 94 94 94 94 94 94 94 94 94 94 94 94 94 94 94 94 94 94 93 93 93 93 93 93 93 93 93 93 93 93 93 92 92 92 92 92 92 92 92 92 92 92 92 91 91 91 91 91 91 91 91 91 91 90 90 90 90 90 90 90 90 90 90 90 89 90 90 90 90 89 89 90 90 89 89 89 88 87 87 87 88 88 88 88 88 87 87 87 87 87 87 87 87 87 88 88 88 88 87 88 87 88 88 87 87 87 86 86 86 86 85 85 85 85 85 84 84 84 84 85 85 85 84 84 84 85 85 84 84 84 83 83 83 83 0 0 0 0 0 0 0 0 0 0 0 0 0 0 0 0 0 0 0 0 0 0 0 0 0 0 0 0 
0 0 0 0 0 0 0 0 0 0 0 0 0 0 0 0 0 0 0 0 0 0 0 0 0 0 0 0 0 0 0 0 0 0 0 0 0 0 0 0 0 0 0 0 0 0 0 0 0 0 0 0 0 0 0 0 0 0 0 0 0 0 0 0 0 0 0 0 0 0 0 0 0 0 0 0 0 0 0 0 0 0 0 0 0 0 0 0 0 0 0 0 0 0 0 0 0 0 0 0 0 0 0 0 0 0 0 0 0 0 0 0 0 0 0 0 0 0 0 0 0 0 0 0 0 0 0 0 0 0 0 0 0 0 0 0 0 0 0 0 0 0 0 0 0 0 0 0 0 0 0 0 0 0 0 0 0 0 0 0 0 0 0 0 0 0 0 0 0 0 0 0 0 0 0 0 0 0 99 99 99 98 98 98 98 98 98 99 98 98 99 99 100 100 100 100 101 101 101 101 101 101 100 100 101 101 100 100 100 100 99 100 100 99 99 99 100 99 98 99 99 99 99 98 98 98 98 98 99 99 99 98 98 98 98 99 99 98 98 98 98 98 97 98 98 98 97 97 98 97 97 98 98 98 98 98 98 98 98 98 98 98 98 98 98 99 98 99 99 98 98 97 98 98 98 98 98 98 98 98 98 98 98 98 98 98 98 98 98 98 98 98 97 97 97 97 97 96 96 97 97 97 97 97 97 97 97 96 96 96 95 96 96 96 96 96 96 96 95 95 95 95 95 95 95 95 95 95 95 95 95 95 95 95 95 95 95 95 95 94 94 94 95 95 95 94 94 94 94 94 94 94 94 94 94 94 94 94 94 94 94 94 94 94 93 93 93 93 93 93 93 93 93 93 92 92 92 92 92 92 92 92 92 92 92 91 91 91 92 92 91 91 91 91 91 91 90 90 90 90 90 90 90 90 90 90 90 91 91 90 90 90 91 90 90 90 89 89 89 88 87 88 88 88 89 88 87 87 87 87 87 87 87 87 87 87 87 88 88 87 88 88 88 88 87 87 87 87 87 87 86 86 86 85 86 86 85 85 84 84 84 85 85 85 85 84 85 85 84 84 84 83 83 83 83 0 0 0 0 0 0 0 0 0 0 0 0 0 0 0 0 0 0 0 0 0 0 0 0 0 0 0 0 
0 0 0 0 0 0 0 0 0 0 0 0 0 0 0 0 0 0 0 0 0 0 0 0 0 0 0 0 0 0 0 0 0 0 0 0 0 0 0 0 0 0 0 0 0 0 0 0 0 0 0 0 0 0 0 0 0 0 0 0 0 0 0 0 0 0 0 0 0 0 0 0 0 0 0 0 0 0 0 0 0 0 0 0 0 0 0 0 0 0 0 0 0 0 0 0 0 0 0 0 0 0 0 0 0 0 0 0 0 0 0 0 0 0 0 0 0 0 0 0 0 0 0 0 0 0 0 0 0 0 0 0 0 0 0 0 0 0 0 0 0 0 0 0 0 0 0 0 0 0 0 0 0 0 0 0 0 0 0 0 0 0 0 0 0 0 0 0 0 0 0 0 0 0 0 0 0 0 0 0 0 0 99 98 99 99 99 100 99 99 99 100 99 98 99 99 99 100 99 99 100 100 100 100 99 99 100 99 99 99 99 99 98 97 97 97 97 97 98 97 98 98 97 97 96 96 96 96 96 97 97 97 97 97 97 97 97 97 97 96 96 97 96 96 96 96 96 96 97 96 96 97 97 97 97 97 97 97 97 97 97 97 97 97 97 97 97 97 97 97 97 96 97 97 97 97 96 97 97 97 97 97 97 97 97 97 97 97 97 97 96 96 97 97 97 97 97 97 97 97 97 97 97 97 97 97 96 96 95 95 95 95 95 96 96 96 96 95 95 95 95 95 95 95 95 94 95 95 94 94 94 94 94 95 95 94 95 94 94 94 94 94 94 94 94 94 94 93 93 93 93 93 93 93 93 93 93 93 93 93 93 93 93 93 93 93 92 92 92 92 92 92 92 92 92 92 91 92 92 92 91 91 91 91 91 91 91 90 90 90 90 90 91 91 91 91 91 90 91 90 89 90 90 90 90 90 90 91 91 90 90 91 91 91 91 90 89 89 89 88 88 87 87 87 88 88 88 88 88 88 87 87 86 87 86 86 87 87 87 87 87 88 88 88 87 87 87 86 86 86 86 87 86 85 85 86 86 85 84 84 84 84 85 85 85 85 85 84 84 84 83 83 83 0 0 0 0 0 0 0 0 0 0 0 0 0 0 0 0 0 0 0 0 0 0 0 0 0 0 0 0 0 0 
0 0 0 0 0 0 0 0 0 0 0 0 0 0 0 0 0 0 0 0 0 0 0 0 0 0 0 0 0 0 0 0 0 0 0 0 0 0 0 0 0 0 0 0 0 0 0 0 0 0 0 0 0 0 0 0 0 0 0 0 0 0 0 0 0 0 0 0 0 0 0 0 0 0 0 0 0 0 0 0 0 0 0 0 0 0 0 0 0 0 0 0 0 0 0 0 0 0 0 0 0 0 0 0 0 0 0 0 0 0 0 0 0 0 0 0 0 0 0 0 0 0 0 0 0 0 0 0 0 0 0 0 0 0 0 0 0 0 0 0 0 0 0 0 0 0 0 0 0 0 0 0 0 0 0 0 0 0 0 0 0 0 0 0 0 0 0 0 0 0 0 0 0 0 0 0 0 0 0 0 0 0 0 0 99 99 99 100 100 99 100 100 99 99 99 99 100 100 100 100 100 100 101 101 101 100 100 101 100 100 100 100 98 98 98 98 98 98 99 98 98 98 98 97 97 97 97 96 96 96 96 97 96 96 96 96 97 97 97 97 97 97 96 97 96 96 96 96 97 96 96 97 97 97 97 97 97 97 97 97 97 97 97 97 97 97 97 97 97 97 97 97 97 97 97 97 97 97 97 97 97 97 97 97 97 97 97 97 97 97 97 97 97 97 97 97 97 98 98 98 97 97 97 97 97 97 96 96 95 96 96 96 95 96 96 96 96 96 95 95 95 95 95 95 95 95 94 95 94 94 94 94 94 95 95 94 94 94 94 94 94 93 93 93 94 94 93 93 93 93 93 93 93 93 93 93 93 93 93 93 93 93 93 93 93 93 93 92 92 92 92 92 92 92 92 92 92 92 92 92 92 92 91 91 91 91 91 90 90 91 90 90 91 91 91 91 91 91 91 91 90 89 90 90 90 90 91 91 91 91 90 90 91 91 91 91 91 90 90 89 89 88 88 87 88 88 88 89 89 89 88 88 87 87 87 87 86 86 86 87 87 88 88 88 87 88 88 87 87 86 87 87 86 86 86 86 86 85 85 84 84 84 85 85 85 85 85 84 84 84 84 83 84 0 0 0 0 0 0 0 0 0 0 0 0 0 0 0 0 0 0 0 0 0 0 0 0 0 0 0 0 0 0 
0 0 0 0 0 0 0 0 0 0 0 0 0 0 0 0 0 0 0 0 0 0 0 0 0 0 0 0 0 0 0 0 0 0 0 0 0 0 0 0 0 0 0 0 0 0 0 0 0 0 0 0 0 0 0 0 0 0 0 0 0 0 0 0 0 0 0 0 0 0 0 0 0 0 0 0 0 0 0 0 0 0 0 0 0 0 0 0 0 0 0 0 0 0 0 0 0 0 0 0 0 0 0 0 0 0 0 0 0 0 0 0 0 0 0 0 0 0 0 0 0 0 0 0 0 0 0 0 0 0 0 0 0 0 0 0 0 0 0 0 0 0 0 0 0 0 0 0 0 0 0 0 0 0 0 0 0 0 0 0 0 0 0 0 0 0 0 0 0 0 0 0 0 0 0 0 0 0 0 0 0 0 0 0 99 99 100 100 100 100 100 100 100 99 100 100 100 100 101 101 100 101 101 101 101 101 100 101 101 101 101 100 99 99 99 99 98 98 98 98 98 98 98 97 98 98 98 97 97 97 97 97 97 97 97 96 97 97 98 97 97 97 97 97 97 97 97 96 97 96 97 97 97 97 97 97 97 97 97 97 97 97 96 97 97 97 97 97 97 98 97 97 97 98 97 97 97 97 97 97 97 97 97 97 97 97 97 97 97 97 97 97 97 97 98 98 98 98 98 97 97 97 97 97 97 96 96 96 96 96 96 96 96 96 96 96 96 96 95 95 95 95 95 95 95 95 95 94 94 94 94 94 94 94 94 94 94 94 94 93 93 94 94 94 94 94 93 93 93 94 94 93 93 93 93 93 93 93 93 93 93 93 93 93 93 93 92 92 92 92 92 92 92 92 92 92 92 92 92 92 92 92 91 91 91 91 91 91 90 90 90 90 90 91 91 91 91 91 91 91 91 90 90 90 90 90 90 91 91 91 91 91 91 91 91 90 90 90 89 89 88 88 88 88 87 87 87 88 88 88 89 89 88 88 88 88 87 87 86 87 87 87 88 88 88 88 88 88 87 87 87 87 87 87 86 87 87 86 85 85 84 84 85 85 85 85 85 85 84 84 84 84 0 0 0 0 0 0 0 0 0 0 0 0 0 0 0 0 0 0 0 0 0 0 0 0 0 0 0 0 0 0 0 
0 0 0 0 0 0 0 0 0 0 0 0 0 0 0 0 0 0 0 0 0 0 0 0 0 0 0 0 0 0 0 0 0 0 0 0 0 0 0 0 0 0 0 0 0 0 0 0 0 0 0 0 0 0 0 0 0 0 0 0 0 0 0 0 0 0 0 0 0 0 0 0 0 0 0 0 0 0 0 0 0 0 0 0 0 0 0 0 0 0 0 0 0 0 0 0 0 0 0 0 0 0 0 0 0 0 0 0 0 0 0 0 0 0 0 0 0 0 0 0 0 0 0 0 0 0 0 0 0 0 0 0 0 0 0 0 0 0 0 0 0 0 0 0 0 0 0 0 0 0 0 0 0 0 0 0 0 0 0 0 0 0 0 0 0 0 0 0 0 0 0 0 0 0 0 0 0 0 0 0 0 0 0 0 99 99 100 100 100 100 100 100 100 100 100 100 100 100 101 101 101 101 101 101 101 101 102 101 101 101 101 101 101 101 100 99 99 99 99 98 98 98 99 99 99 99 98 98 98 98 98 98 97 97 97 97 97 97 98 98 97 97 97 97 97 97 97 97 97 97 97 98 98 97 97 97 97 97 97 97 97 97 97 97 97 97 97 97 97 97 98 97 97 98 98 97 97 97 97 97 97 97 97 97 97 97 97 97 97 97 97 97 97 98 98 98 98 97 98 98 97 97 97 97 97 97 97 96 96 96 96 96 96 96 96 96 96 95 95 95 96 96 95 95 95 95 95 95 94 94 94 94 94 94 94 94 94 94 94 94 94 94 94 94 94 94 94 94 94 94 94 93 93 93 93 94 93 93 93 93 93 93 93 93 93 93 92 93 93 93 92 92 92 92 92 92 92 92 92 92 92 92 91 91 91 91 91 91 91 90 90 90 91 91 91 91 91 91 91 90 91 91 90 90 90 90 90 90 91 91 92 92 92 91 90 90 89 89 88 88 88 88 89 88 88 88 88 88 87 88 88 89 89 89 89 88 88 88 88 87 87 87 88 88 88 88 88 88 87 88 87 88 0 0 0 0 0 86 86 85 85 84 84 85 85 85 85 85 85 0 85 84 0 0 0 0 0 0 0 0 0 0 0 0 0 0 0 0 0 0 0 0 0 0 0 0 0 0 0 0 0 0 0 
0 0 0 0 0 0 0 0 0 0 0 0 0 0 0 0 0 0 0 0 0 0 0 0 0 0 0 0 0 0 0 0 0 0 0 0 0 0 0 0 0 0 0 0 0 0 0 0 0 0 0 0 0 0 0 0 0 0 0 0 0 0 0 0 0 0 0 0 0 0 0 0 0 0 0 0 0 0 0 0 0 0 0 0 0 0 0 0 0 0 0 0 0 0 0 0 0 0 0 0 0 0 0 0 0 0 0 0 0 0 0 0 0 0 0 0 0 0 0 0 0 0 0 0 0 0 0 0 0 0 0 0 0 0 0 0 0 0 0 0 0 0 0 0 0 0 0 0 0 0 0 0 0 0 0 0 0 0 0 0 0 0 0 0 0 0 0 0 0 0 0 0 0 0 0 0 0 0 0 0 0 0 0 0 100 100 100 100 100 101 100 101 101 101 101 101 101 101 101 101 101 101 101 102 102 102 102 102 101 101 101 101 101 101 101 100 100 99 98 98 98 98 99 99 99 99 98 98 98 98 98 98 97 98 97 97 97 97 97 98 97 97 97 97 97 97 97 97 97 97 97 97 98 97 97 97 97 97 97 97 97 97 97 97 97 97 97 97 97 97 98 98 97 97 98 98 97 97 97 97 97 97 97 97 97 97 97 97 97 97 97 97 97 98 98 98 98 98 98 98 98 97 97 97 97 97 97 97 97 97 97 97 97 97 96 96 96 96 95 95 95 95 95 95 95 95 95 95 95 95 94 94 94 94 94 94 94 94 94 94 94 94 94 95 94 94 95 94 94 94 94 93 93 93 94 94 93 93 93 93 93 93 93 93 93 93 93 93 93 93 92 92 92 92 92 92 92 92 92 92 91 91 91 91 91 91 91 91 90 90 90 90 90 91 91 90 91 91 90 90 91 91 90 90 90 90 90 91 91 92 92 92 92 91 90 90 89 88 89 89 90 89 89 89 89 89 89 89 88 88 88 89 89 89 88 88 89 88 88 88 88 88 88 89 89 89 0 88 88 88 88 0 0 0 0 0 0 0 0 0 0 0 84 85 85 0 0 0 0 0 0 0 0 0 0 0 0 0 0 0 0 0 0 0 0 0 0 0 0 0 0 0 0 0 0 0 0 0 0 0 0 0 0 
0 0 0 0 0 0 0 0 0 0 0 0 0 0 0 0 0 0 0 0 0 0 0 0 0 0 0 0 0 0 0 0 0 0 0 0 0 0 0 0 0 0 0 0 0 0 0 0 0 0 0 0 0 0 0 0 0 0 0 0 0 0 0 0 0 0 0 0 0 0 0 0 0 0 0 0 0 0 0 0 0 0 0 0 0 0 0 0 0 0 0 0 0 0 0 0 0 0 0 0 0 0 0 0 0 0 0 0 0 0 0 0 0 0 0 0 0 0 0 0 0 0 0 0 0 0 0 0 0 0 0 0 0 0 0 0 0 0 0 0 0 0 0 0 0 0 0 0 0 0 0 0 0 0 0 0 0 0 0 0 0 0 0 0 0 0 0 0 0 0 0 0 0 0 0 0 0 0 0 0 0 0 0 100 101 100 100 101 101 101 101 101 101 102 102 102 101 101 101 101 101 102 102 102 102 102 102 102 101 100 100 100 101 100 100 100 100 99 99 99 99 99 99 99 99 99 99 99 98 98 99 99 98 98 98 97 97 97 97 97 97 97 97 97 97 98 98 97 97 97 97 97 97 97 97 97 97 97 97 97 97 97 97 98 98 98 97 97 97 97 98 98 97 98 98 98 98 98 97 97 97 97 97 97 98 98 98 98 97 97 97 97 98 98 98 98 98 98 98 98 98 97 97 97 97 98 97 97 98 98 97 97 97 97 97 96 96 95 95 95 96 95 95 95 95 95 95 95 95 95 95 95 94 94 94 94 95 95 95 94 94 94 95 95 95 94 95 94 94 95 94 94 93 93 94 94 94 94 93 93 93 93 93 93 93 93 93 93 93 92 92 92 92 92 92 92 91 91 92 92 92 91 91 91 91 91 91 91 91 90 90 90 90 90 90 90 90 90 90 90 91 91 91 90 90 90 91 92 92 91 91 91 92 91 91 90 89 89 90 90 90 90 89 89 90 90 90 89 89 88 88 88 89 88 88 88 88 88 88 88 88 88 88 89 0 0 0 0 0 88 89 0 0 0 0 0 0 0 0 0 0 0 0 85 0 0 0 0 0 0 0 0 0 0 0 0 0 0 0 0 0 0 0 0 0 0 0 0 0 0 0 0 0 0 0 0 0 0 0 0 0 0 0 
0 0 0 0 0 0 0 0 0 0 0 0 0 0 0 0 0 0 0 0 0 0 0 0 0 0 0 0 0 0 0 0 0 0 0 0 0 0 0 0 0 0 0 0 0 0 0 0 0 0 0 0 0 0 0 0 0 0 0 0 0 0 0 0 0 0 0 0 0 0 0 0 0 0 0 0 0 0 0 0 0 0 0 0 0 0 0 0 0 0 0 0 0 0 0 0 0 0 0 0 0 0 0 0 0 0 0 0 0 0 0 0 0 0 0 0 0 0 0 0 0 0 0 0 0 0 0 0 0 0 0 0 0 0 0 0 0 0 0 0 0 0 0 0 0 0 0 0 0 0 0 0 0 0 0 0 0 0 0 0 0 0 0 0 0 0 0 0 0 0 0 0 0 0 0 0 0 0 0 0 0 0 0 101 101 101 101 102 101 101 101 102 101 102 102 102 102 102 102 102 102 102 102 102 102 102 102 102 101 100 100 100 101 100 100 100 100 100 99 99 99 99 99 99 100 99 100 99 99 99 99 99 99 98 98 98 98 98 98 98 98 98 97 98 98 98 98 98 97 97 97 97 97 97 97 97 97 98 97 97 97 97 97 98 98 98 97 97 97 97 98 98 98 97 98 98 98 98 98 97 97 97 98 98 98 98 98 98 98 98 97 97 98 98 98 98 98 98 98 98 98 97 97 97 97 98 97 98 98 98 97 97 97 97 97 97 96 96 96 96 96 96 95 96 95 95 95 95 95 95 95 95 94 94 95 95 95 95 95 94 94 94 95 95 95 95 95 94 95 95 94 94 93 93 94 94 94 94 94 93 93 93 93 93 93 93 93 93 92 92 92 92 92 92 92 92 92 91 92 92 92 92 92 92 91 91 92 92 91 91 91 91 91 91 91 90 90 90 90 90 90 90 90 91 90 91 92 92 91 91 91 91 92 91 91 90 89 90 90 91 91 90 90 89 90 90 90 89 88 88 88 88 88 88 88 88 88 88 88 87 88 87 88 88 0 0 0 0 0 0 0 0 0 0 0 0 0 0 0 0 0 0 0 0 0 0 0 0 0 0 0 0 0 0 0 0 0 0 0 0 0 0 0 0 0 0 0 0 0 0 0 0 0 0 0 0 0 0 0 0 0 0 0 
0 0 0 0 0 0 0 0 0 0 0 0 0 0 0 0 0 0 0 0 0 0 0 0 0 0 0 0 0 0 0 0 0 0 0 0 0 0 0 0 0 0 0 0 0 0 0 0 0 0 0 0 0 0 0 0 0 0 0 0 0 0 0 0 0 0 0 0 0 0 0 0 0 0 0 0 0 0 0 0 0 0 0 0 0 0 0 0 0 0 0 0 0 0 0 0 0 0 0 0 0 0 0 0 0 0 0 0 0 0 0 0 0 0 0 0 0 0 0 0 0 0 0 0 0 0 0 0 0 0 0 0 0 0 0 0 0 0 0 0 0 0 0 0 0 0 0 0 0 0 0 0 0 0 0 0 0 0 0 0 0 0 0 0 0 0 0 0 0 0 0 0 0 0 0 0 0 0 0 0 0 0 0 0 102 101 102 102 102 102 102 103 103 102 102 102 103 103 103 102 102 102 102 102 102 102 102 101 100 100 101 101 101 100 100 100 100 100 100 99 99 99 100 100 99 100 100 100 99 99 99 99 99 99 99 98 98 99 99 98 98 98 97 98 98 98 98 98 98 98 98 98 98 98 98 98 98 98 98 98 98 97 98 98 98 98 97 98 97 98 98 98 98 97 98 98 98 98 98 98 98 98 98 98 98 98 98 98 98 98 98 97 98 98 98 98 98 98 98 98 98 98 97 98 97 97 97 98 97 97 97 97 97 97 97 97 97 96 96 96 97 96 96 96 96 95 95 95 95 95 95 95 95 95 95 94 95 95 95 95 94 95 95 95 95 95 95 95 95 94 94 93 93 93 94 94 94 94 94 93 93 93 93 93 93 93 92 92 92 92 92 92 92 93 93 93 92 92 92 92 92 92 92 91 91 91 92 91 91 91 91 91 91 91 91 91 90 90 90 90 90 90 90 91 91 91 91 91 91 91 91 91 91 91 91 90 90 90 91 91 91 91 90 90 90 90 89 89 89 89 88 89 90 89 89 88 88 88 89 88 88 88 89 0 0 0 0 0 0 0 0 0 0 0 0 0 0 0 0 0 0 0 0 0 0 0 0 0 0 0 0 0 0 0 0 0 0 0 0 0 0 0 0 0 0 0 0 0 0 0 0 0 0 0 0 0 0 0 0 0 0 0 0 
0 0 0 0 0 0 0 0 0 0 0 0 0 0 0 0 0 0 0 0 0 0 0 0 0 0 0 0 0 0 0 0 0 0 0 0 0 0 0 0 0 0 0 0 0 0 0 0 0 0 0 0 0 0 0 0 0 0 0 0 0 0 0 0 0 0 0 0 0 0 0 0 0 0 0 0 0 0 0 0 0 0 0 0 0 0 0 0 0 0 0 0 0 0 0 0 0 0 0 0 0 0 0 0 0 0 0 0 0 0 0 0 0 0 0 0 0 0 0 0 0 0 0 0 0 0 0 0 0 0 0 0 0 0 0 0 0 0 0 0 0 0 0 0 0 0 0 0 0 0 0 0 0 0 0 0 0 0 0 0 0 0 0 0 0 0 0 0 0 0 0 0 0 0 0 0 0 0 0 0 0 0 0 0 103 103 103 103 103 103 103 103 103 103 102 102 103 103 103 103 103 102 102 102 102 101 101 100 100 100 100 100 100 99 99 99 99 100 100 99 99 99 100 100 99 99 100 100 100 99 99 99 99 99 99 99 98 98 99 98 98 99 98 98 98 98 98 98 98 98 98 98 98 98 98 98 98 98 98 98 98 98 98 98 98 97 98 98 98 98 98 98 98 98 98 98 98 98 98 98 98 98 98 98 98 98 98 98 98 98 98 98 98 98 98 98 99 98 98 98 98 98 97 98 97 98 97 97 98 97 98 97 98 98 97 97 97 96 96 97 97 97 96 96 96 96 95 95 95 95 95 95 94 95 95 95 95 95 95 95 95 95 95 95 95 95 95 95 95 94 94 94 94 93 94 94 94 94 93 93 93 93 93 93 93 93 92 92 92 93 93 92 92 93 93 93 92 92 93 92 93 93 93 92 91 92 92 92 91 91 91 90 91 91 91 91 91 90 89 90 90 91 91 91 92 92 91 91 91 91 91 91 92 92 91 90 90 90 90 90 91 92 91 91 91 90 90 90 90 89 89 90 89 89 89 89 88 89 89 88 89 0 0 0 0 0 0 0 0 0 0 0 0 0 0 0 0 0 0 0 0 0 0 0 0 0 0 0 0 0 0 0 0 0 0 0 0 0 0 0 0 0 0 0 0 0 0 0 0 0 0 0 0 0 0 0 0 0 0 0 0 0 0 
0 0 0 0 0 0 0 0 0 0 0 0 0 0 0 0 0 0 0 0 0 0 0 0 0 0 0 0 0 0 0 0 0 0 0 0 0 0 0 0 0 0 0 0 0 0 0 0 0 0 0 0 0 0 0 0 0 0 0 0 0 0 0 0 0 0 0 0 0 0 0 0 0 0 0 0 0 0 0 0 0 0 0 0 0 0 0 0 0 0 0 0 0 0 0 0 0 0 0 0 0 0 0 0 0 0 0 0 0 0 0 0 0 0 0 0 0 0 0 0 0 0 0 0 0 0 0 0 0 0 0 0 0 0 0 0 0 0 0 0 0 0 0 0 0 0 0 0 0 0 0 0 0 0 0 0 0 0 0 0 0 0 0 0 0 0 0 0 0 0 0 0 0 0 0 0 0 0 0 0 0 0 0 0 0 104 104 104 103 103 103 103 103 103 103 103 103 103 103 103 103 102 102 102 102 101 100 100 100 100 99 100 99 99 99 99 99 99 100 99 99 100 100 100 100 99 100 100 100 100 100 100 99 99 99 99 99 99 99 99 99 99 98 98 98 98 98 98 98 98 98 98 98 98 98 98 98 98 98 98 98 98 98 98 98 98 98 98 98 98 98 98 98 98 98 98 98 98 98 98 98 98 98 98 98 98 98 98 98 98 98 98 98 98 98 98 99 98 98 99 99 98 97 97 98 98 97 98 98 98 97 97 98 98 98 97 96 97 96 97 97 96 96 96 96 96 96 96 96 95 95 95 94 95 95 95 95 95 95 95 95 95 96 95 95 95 95 95 95 95 94 94 94 94 94 94 94 94 94 94 93 93 93 93 93 93 93 93 93 93 93 93 92 93 93 94 93 92 93 93 93 93 92 91 91 92 92 92 92 92 91 90 91 92 91 91 91 90 89 90 90 91 90 91 91 91 91 91 91 91 91 91 92 92 92 91 90 91 91 91 91 92 92 92 92 91 90 91 91 90 90 90 89 90 89 89 89 89 89 89 0 0 0 0 0 0 0 0 0 0 0 0 0 0 0 0 0 0 0 0 0 0 0 0 0 0 0 0 0 0 0 0 0 0 0 0 0 0 0 0 0 0 0 0 0 0 0 0 0 0 0 0 0 0 0 0 0 0 0 0 0 0 0 
0 0 0 0 0 0 0 0 0 0 0 0 0 0 0 0 0 0 0 0 0 0 0 0 0 0 0 0 0 0 0 0 0 0 0 0 0 0 0 0 0 0 0 0 0 0 0 0 0 0 0 0 0 0 0 0 0 0 0 0 0 0 0 0 0 0 0 0 0 0 0 0 0 0 0 0 0 0 0 0 0 0 0 0 0 0 0 0 0 0 0 0 0 0 0 0 0 0 0 0 0 0 0 0 0 0 0 0 0 0 0 0 0 0 0 0 0 0 0 0 0 0 0 0 0 0 0 0 0 0 0 0 0 0 0 0 0 0 0 0 0 0 0 0 0 0 0 0 0 0 0 0 0 0 0 0 0 0 0 0 0 0 0 0 0 0 0 0 0 0 0 0 0 0 0 103 0 103 103 104 0 104 104 104 104 105 104 104 103 103 103 104 103 103 103 103 103 103 103 103 102 102 102 102 101 100 100 100 100 100 99 100 99 100 99 99 99 99 100 100 99 100 100 100 100 100 100 100 100 100 100 100 100 99 100 99 99 99 99 99 99 99 98 98 98 98 98 98 98 98 98 98 98 98 98 98 98 98 98 98 98 98 98 98 98 98 98 98 98 98 98 98 98 98 99 98 98 98 98 98 98 98 98 98 98 98 98 98 98 98 98 98 98 98 98 98 98 98 98 98 98 98 98 98 98 98 98 98 98 98 97 97 98 97 98 97 97 97 96 96 96 97 96 96 97 96 96 96 96 96 95 95 95 95 95 95 95 95 95 95 96 96 96 95 95 95 95 95 95 95 95 94 94 94 94 94 94 94 94 94 93 94 94 93 94 93 93 93 93 94 94 94 93 93 94 94 93 92 93 93 93 92 92 91 92 93 93 92 92 92 91 91 92 92 91 91 90 89 90 90 90 90 90 90 91 90 91 92 92 91 91 91 92 92 92 91 91 91 91 92 92 92 92 92 92 92 91 91 91 90 90 89 90 90 90 90 90 0 0 0 0 0 0 0 0 0 0 0 0 0 0 0 0 0 0 0 0 0 0 0 0 0 0 0 0 0 0 0 0 0 0 0 0 0 0 0 0 0 0 0 0 0 0 0 0 0 0 0 0 0 0 0 0 0 0 0 0 0 0 0 0 0 0 
0 0 0 0 0 0 0 0 0 0 0 0 0 0 0 0 0 0 0 0 0 0 0 0 0 0 0 0 0 0 0 0 0 0 0 0 0 0 0 0 0 0 0 0 0 0 0 0 0 0 0 0 0 0 0 0 0 0 0 0 0 0 0 0 0 0 0 0 0 0 0 0 0 0 0 0 0 0 0 0 0 0 0 0 0 0 0 0 0 0 0 0 0 0 0 0 0 0 0 0 0 0 0 0 0 0 0 0 0 0 0 0 0 0 0 0 0 0 0 0 0 0 0 0 0 0 0 0 0 0 0 0 0 0 0 0 0 0 0 0 0 0 0 0 0 0 0 0 0 0 0 0 0 0 0 0 0 0 0 0 0 0 0 0 0 0 0 0 0 0 0 0 0 0 0 104 104 104 104 105 104 104 104 104 104 104 104 103 103 103 104 104 103 103 103 102 102 102 102 102 102 101 102 102 100 100 100 99 100 100 99 100 99 99 99 100 100 100 100 99 99 100 100 100 100 100 100 100 100 100 100 100 100 99 100 100 100 100 99 99 99 99 99 99 98 98 98 98 98 98 98 98 99 98 98 98 98 98 98 98 98 98 98 98 98 98 98 98 98 98 98 98 98 98 98 99 98 98 98 98 98 98 98 98 98 98 98 98 98 98 98 98 99 99 99 99 99 98 98 98 98 98 98 98 98 98 98 98 98 98 98 98 98 97 97 97 97 97 97 96 96 96 96 96 96 96 96 96 96 96 95 95 95 95 95 95 95 95 95 95 96 95 95 95 95 95 95 95 95 95 95 95 94 94 94 94 94 94 94 94 93 94 94 93 93 94 93 93 94 94 94 93 93 93 93 94 93 93 94 93 92 92 92 91 92 92 93 92 92 92 91 91 92 92 91 90 90 90 90 91 91 90 90 90 90 91 91 92 92 91 91 91 92 92 92 92 91 91 92 92 92 92 92 92 92 92 92 91 90 90 89 90 90 90 90 0 0 0 0 0 0 0 0 0 0 0 0 0 0 0 0 0 0 0 0 0 0 0 0 0 0 0 0 0 0 0 0 0 0 0 0 0 0 0 0 0 0 0 0 0 0 0 0 0 0 0 0 0 0 0 0 0 0 0 0 0 0 0 0 0 0 0 0 
0 0 0 0 0 0 0 0 0 0 0 0 0 0 0 0 0 0 0 0 0 0 0 0 0 0 0 0 0 0 0 0 0 0 0 0 0 0 0 0 0 0 0 0 0 0 0 0 0 0 0 0 0 0 0 0 0 0 0 0 0 0 0 0 0 0 0 0 0 0 0 0 0 0 0 0 0 0 0 0 0 0 0 0 0 0 0 0 0 0 0 0 0 0 0 0 0 0 0 0 0 0 0 0 0 0 0 0 0 0 0 0 0 0 0 0 0 0 0 0 0 0 0 0 0 0 0 0 0 0 0 0 0 0 0 0 0 0 0 0 0 0 0 0 0 0 0 0 0 0 0 0 0 0 0 0 0 0 0 0 0 0 0 0 0 0 0 0 0 0 0 0 104 104 104 104 104 104 105 105 104 104 104 104 103 104 104 104 103 104 104 103 102 102 102 102 102 102 101 101 101 102 101 101 100 100 100 100 100 100 100 100 100 100 100 100 100 100 100 99 100 100 100 100 100 100 100 100 100 100 100 100 100 100 100 100 100 100 99 99 99 99 99 99 99 99 98 98 99 99 99 99 99 99 98 98 98 99 99 99 98 98 98 98 98 98 98 98 98 98 98 98 98 98 98 99 99 98 98 98 98 98 98 98 98 98 98 98 98 98 98 98 99 99 99 99 99 99 99 98 98 98 98 98 98 98 98 98 98 98 98 98 98 97 97 97 97 97 97 97 97 97 96 96 96 96 96 96 96 96 96 95 95 95 95 95 96 95 96 96 96 96 96 95 95 95 96 95 95 95 95 95 94 94 94 94 94 94 94 94 94 94 94 94 93 93 94 94 94 94 94 93 94 94 94 94 93 93 94 93 93 94 93 92 92 92 93 93 92 91 91 91 91 91 91 90 90 90 90 91 91 91 91 91 91 91 92 92 92 92 92 91 92 92 93 92 92 91 91 91 92 92 92 92 92 92 92 92 91 90 90 89 90 90 90 0 0 0 0 0 0 0 0 0 0 0 0 0 0 0 0 0 0 0 0 0 0 0 0 0 0 0 0 0 0 0 0 0 0 0 0 0 0 0 0 0 0 0 0 0 0 0 0 0 0 0 0 0 0 0 0 0 0 0 0 0 0 0 0 0 0 0 0 
0 0 0 0 0 0 0 0 0 0 0 0 0 0 0 0 0 0 0 0 0 0 0 0 0 0 0 0 0 0 0 0 0 0 0 0 0 0 0 0 0 0 0 0 0 0 0 0 0 0 0 0 0 0 0 0 0 0 0 0 0 0 0 0 0 0 0 0 0 0 0 0 0 0 0 0 0 0 0 0 0 0 0 0 0 0 0 0 0 0 0 0 0 0 0 0 0 0 0 0 0 0 0 0 0 0 0 0 0 0 0 0 0 0 0 0 0 0 0 0 0 0 0 0 0 0 0 0 0 0 0 0 0 0 0 0 0 0 0 0 0 0 0 0 0 0 0 0 0 0 0 0 0 0 0 0 0 0 0 0 0 0 0 0 0 0 0 0 0 0 0 0 0 104 104 104 105 104 104 104 104 103 103 103 103 104 104 104 103 103 103 103 102 101 101 101 102 101 101 101 101 101 101 100 100 100 100 100 100 100 100 100 100 100 100 100 100 100 100 100 100 100 100 100 100 100 100 101 100 101 101 101 100 100 100 100 100 100 100 100 100 100 99 100 99 99 99 99 99 99 99 99 99 99 99 99 99 99 99 99 99 99 99 99 99 99 98 99 98 98 98 98 98 98 99 99 99 99 98 98 98 98 99 99 99 99 99 99 98 98 98 99 99 99 99 99 99 99 99 98 98 98 99 98 98 98 98 98 98 98 98 98 98 97 97 96 96 97 97 97 97 97 97 97 97 97 96 96 96 96 96 95 96 96 96 96 96 96 96 96 96 96 96 95 95 95 95 95 95 95 95 95 95 94 94 95 94 94 94 93 93 94 94 94 94 94 95 94 94 95 95 94 94 94 95 94 93 93 94 94 93 94 93 92 92 93 93 93 92 92 91 90 90 90 90 90 91 91 91 91 92 92 92 92 92 92 92 92 92 93 93 92 92 93 93 93 92 92 92 92 91 92 92 92 92 92 92 92 91 90 90 89 89 89 89 0 0 0 0 0 0 0 0 0 0 0 0 0 0 0 0 0 0 0 0 0 0 0 0 0 0 0 0 0 0 0 0 0 0 0 0 0 0 0 0 0 0 0 0 0 0 0 0 0 0 0 0 0 0 0 0 0 0 0 0 0 0 0 0 0 0 0 0 
0 0 0 0 0 0 0 0 0 0 0 0 0 0 0 0 0 0 0 0 0 0 0 0 0 0 0 0 0 0 0 0 0 0 0 0 0 0 0 0 0 0 0 0 0 0 0 0 0 0 0 0 0 0 0 0 0 0 0 0 0 0 0 0 0 0 0 0 0 0 0 0 0 0 0 0 0 0 0 0 0 0 0 0 0 0 0 0 0 0 0 0 0 0 0 0 0 0 0 0 0 0 0 0 0 0 0 0 0 0 0 0 0 0 0 0 0 0 0 0 0 0 0 0 0 0 0 0 0 0 0 0 0 0 0 0 0 0 0 0 0 0 0 0 0 0 0 0 0 0 0 0 0 0 0 0 0 0 0 0 0 0 0 0 0 0 0 0 0 0 0 0 0 0 103 104 104 104 104 104 103 103 103 103 103 104 103 103 102 102 102 102 101 101 100 101 101 101 101 101 100 100 100 100 100 100 100 100 100 100 100 100 101 101 100 100 101 100 100 100 100 100 100 100 100 100 101 101 101 100 101 101 100 100 100 100 100 100 100 100 100 100 100 100 99 100 100 99 99 99 99 99 99 99 99 99 99 99 99 99 99 99 99 99 99 99 99 99 99 99 99 99 99 99 99 99 99 99 99 98 98 98 99 99 99 99 99 99 99 99 99 98 99 99 99 99 99 99 99 99 98 98 99 98 98 99 98 98 98 98 98 98 98 97 97 97 97 96 96 96 97 97 97 96 96 97 97 96 96 96 96 96 96 96 96 96 96 96 96 96 96 96 96 96 95 95 96 95 95 95 95 95 95 94 94 95 94 94 94 93 94 94 94 94 95 95 95 94 95 95 94 94 94 95 95 95 94 94 94 94 93 93 93 93 93 93 93 93 92 91 91 90 90 90 90 91 91 92 92 92 92 92 92 92 92 92 92 92 93 93 93 92 93 93 93 93 92 92 92 93 92 92 92 92 92 92 93 92 91 90 90 90 89 89 89 89 0 0 0 0 0 0 0 0 0 0 0 0 0 0 0 0 0 0 0 0 0 0 0 0 0 0 0 0 0 0 0 0 0 0 0 0 0 0 0 0 0 0 0 0 0 0 0 0 0 0 0 0 0 0 0 0 0 0 0 0 0 0 0 0 0 0 0 
0 0 0 0 0 0 0 0 0 0 0 0 0 0 0 0 0 0 0 0 0 0 0 0 0 0 0 0 0 0 0 0 0 0 0 0 0 0 0 0 0 0 0 0 0 0 0 0 0 0 0 0 0 0 0 0 0 0 0 0 0 0 0 0 0 0 0 0 0 0 0 0 0 0 0 0 0 0 0 0 0 0 0 0 0 0 0 0 0 0 0 0 0 0 0 0 0 0 0 0 0 0 0 0 0 0 0 0 0 0 0 0 0 0 0 0 0 0 0 0 0 0 0 0 0 0 0 0 0 0 0 0 0 0 0 0 0 0 0 0 0 0 0 0 0 0 0 0 0 0 0 0 0 0 0 0 0 0 0 0 0 0 0 0 0 0 0 0 0 0 0 0 0 0 104 103 103 104 103 102 102 102 102 102 102 102 102 102 101 101 101 101 100 100 100 100 100 100 100 99 99 100 100 100 100 100 100 100 101 101 101 101 101 101 101 101 101 100 100 100 100 100 101 101 101 100 101 101 101 100 101 101 101 100 100 100 100 100 100 100 100 100 100 100 99 99 100 100 99 99 99 99 99 99 99 99 99 99 99 99 99 99 99 99 99 99 99 99 99 99 99 99 99 99 99 99 99 99 99 99 99 99 99 99 99 99 99 99 99 99 99 99 99 99 99 100 100 99 100 99 98 99 99 99 99 99 99 98 98 98 98 99 98 97 97 97 97 97 97 97 97 97 97 97 97 96 96 96 96 96 96 96 95 96 96 96 96 96 96 96 96 96 96 96 96 96 95 95 95 95 95 95 94 94 95 95 95 95 94 94 93 94 94 94 94 95 95 95 95 95 95 94 94 94 95 95 95 95 94 94 93 93 92 93 93 93 93 92 92 91 91 90 90 90 91 92 92 92 92 91 92 92 92 92 92 93 93 92 92 93 93 93 93 93 93 93 92 92 93 93 92 92 93 93 92 93 92 92 91 90 90 90 90 90 90 90 90 0 0 0 0 0 0 0 0 0 0 0 0 0 0 0 0 0 0 0 0 0 0 0 0 0 0 0 0 0 0 0 0 0 0 0 0 0 0 0 0 0 0 0 0 0 0 0 0 0 0 0 0 0 0 0 0 0 0 0 0 0 0 0 0 0 0 
0 0 0 0 0 0 0 0 0 0 0 0 0 0 0 0 0 0 0 0 0 0 0 0 0 0 0 0 0 0 0 0 0 0 0 0 0 0 0 0 0 0 0 0 0 0 0 0 0 0 0 0 0 0 0 0 0 0 0 0 0 0 0 0 0 0 0 0 0 0 0 0 0 0 0 0 0 0 0 0 0 0 0 0 0 0 0 0 0 0 0 0 0 0 0 0 0 0 0 0 0 0 0 0 0 0 0 0 0 0 0 0 0 0 0 0 0 0 0 0 0 0 0 0 0 0 0 0 0 0 0 0 0 0 0 0 0 0 0 0 0 0 0 0 0 0 0 0 0 0 0 0 0 0 0 0 0 0 0 0 0 0 0 0 0 0 0 0 0 0 0 0 0 0 103 103 102 102 102 101 101 101 101 101 101 101 101 100 100 100 100 100 100 100 100 100 100 100 100 100 100 100 100 100 101 101 101 101 101 101 101 101 101 101 101 101 101 101 100 101 101 101 101 101 101 101 101 101 101 101 101 101 101 101 101 100 100 100 100 100 100 100 100 100 100 100 99 100 99 99 99 99 99 99 99 99 99 99 99 99 99 99 99 99 99 99 99 99 99 99 99 99 99 99 99 99 99 99 99 99 99 99 99 99 99 99 99 99 99 99 99 99 100 99 100 100 100 99 99 99 99 99 99 99 99 99 99 99 98 98 98 99 98 98 97 97 97 97 98 98 97 97 97 97 97 96 96 97 96 97 96 96 96 95 96 96 96 96 95 96 96 96 97 96 97 96 96 95 95 95 95 95 95 94 95 95 95 95 95 94 94 94 94 95 95 95 95 95 95 96 95 95 94 95 95 95 95 95 94 94 94 93 92 92 92 93 93 92 91 91 91 91 91 91 92 93 93 92 91 91 92 92 93 93 92 92 93 93 93 93 93 93 93 93 93 93 92 93 93 93 93 93 93 93 93 92 92 91 91 90 90 90 90 90 90 90 90 0 0 0 0 0 0 0 0 0 0 0 0 0 0 0 0 0 0 0 0 0 0 0 0 0 0 0 0 0 0 0 0 0 0 0 0 0 0 0 0 0 0 0 0 0 0 0 0 0 0 0 0 0 0 0 0 0 0 0 0 0 0 0 0 0 0 
0 0 0 0 0 0 0 0 0 0 0 0 0 0 0 0 0 0 0 0 0 0 0 0 0 0 0 0 0 0 0 0 0 0 0 0 0 0 0 0 0 0 0 0 0 0 0 0 0 0 0 0 0 0 0 0 0 0 0 0 0 0 0 0 0 0 0 0 0 0 0 0 0 0 0 0 0 0 0 0 0 0 0 0 0 0 0 0 0 0 0 0 0 0 0 0 0 0 0 0 0 0 0 0 0 0 0 0 0 0 0 0 0 0 0 0 0 0 0 0 0 0 0 0 0 0 0 0 0 0 0 0 0 0 0 0 0 0 0 0 0 0 0 0 0 0 105 105 105 105 105 105 106 106 0 0 0 0 0 0 0 0 0 0 0 0 0 0 0 0 0 0 0 105 103 103 102 101 101 101 101 101 101 101 101 101 100 100 100 100 100 100 100 100 100 101 101 101 101 101 101 101 101 101 101 101 101 101 101 101 101 101 101 101 101 101 101 101 101 101 101 101 101 101 101 101 101 101 101 101 101 101 101 101 101 101 100 100 100 100 100 100 100 100 100 100 100 100 100 100 100 99 99 99 99 99 99 99 99 99 99 99 99 99 99 99 99 99 99 99 99 99 99 99 99 99 99 99 99 99 99 99 99 99 99 99 99 99 99 99 99 99 100 100 99 100 100 99 99 99 99 99 99 99 99 99 99 99 99 98 98 98 98 98 97 97 97 97 97 98 97 97 97 97 97 96 97 97 97 97 96 96 96 96 96 95 96 96 96 96 96 96 96 97 97 96 95 95 95 96 96 95 95 95 95 95 95 95 94 94 94 94 94 95 95 95 96 95 95 95 96 95 95 95 95 95 96 95 94 94 93 94 93 92 92 92 93 92 91 91 92 91 91 91 91 92 92 91 92 93 92 92 93 93 93 93 92 93 93 93 93 93 93 94 94 93 93 93 93 93 93 93 93 92 92 92 92 91 91 91 90 90 90 90 90 90 90 90 0 0 0 0 0 0 0 0 0 0 0 0 0 0 0 0 0 0 0 0 0 0 0 0 0 0 0 0 0 0 0 0 0 0 0 0 0 0 0 0 0 0 0 0 0 0 0 0 0 0 0 0 0 0 0 0 0 0 0 0 0 0 0 0 0 
0 0 0 0 0 0 0 0 0 0 0 0 0 0 0 0 0 0 0 0 0 0 0 0 0 0 0 0 0 0 0 0 0 0 0 0 0 0 0 0 0 0 0 0 0 0 0 0 0 0 0 0 0 0 0 0 0 0 0 0 0 0 0 0 0 0 0 0 0 0 0 0 0 0 0 0 0 0 0 0 0 0 0 0 0 0 0 0 0 0 0 0 0 0 0 0 0 0 0 0 0 0 0 0 0 0 0 0 0 0 0 0 0 0 0 0 0 0 0 0 0 0 0 0 0 0 0 0 0 0 0 0 0 0 0 0 0 0 0 0 0 0 0 0 0 106 106 105 105 105 105 105 106 106 106 107 107 0 0 0 105 105 0 0 0 0 0 0 0 0 0 0 107 106 104 103 102 102 101 100 101 101 101 101 101 101 101 101 101 101 101 101 101 101 101 101 101 101 101 101 101 101 101 101 101 101 101 101 101 101 101 101 101 101 101 101 101 101 101 101 101 101 101 101 101 101 101 101 101 101 101 101 101 101 101 101 101 101 101 101 100 100 100 100 100 100 100 100 100 100 100 100 100 99 99 99 99 99 99 99 99 99 99 99 99 99 99 99 99 99 99 99 99 99 99 99 99 99 99 99 99 99 99 99 99 99 99 99 99 99 99 99 100 100 100 100 100 100 100 99 99 99 99 99 99 99 99 99 100 99 99 98 98 98 98 98 97 97 97 97 97 96 96 97 97 96 97 97 97 97 96 97 97 97 96 96 95 96 96 96 96 96 96 97 96 96 96 96 96 96 96 95 95 95 95 96 95 95 95 95 94 95 95 95 95 95 95 95 95 95 95 96 96 95 95 96 96 96 95 94 93 93 93 93 92 92 92 92 92 91 92 91 91 91 91 91 91 92 92 92 92 93 93 93 93 93 93 93 93 93 93 93 93 94 94 93 93 93 93 93 92 93 92 92 92 92 92 91 91 91 91 90 91 90 90 90 90 90 90 0 0 0 0 0 0 0 0 0 0 0 0 0 0 0 0 0 0 0 0 0 0 0 0 0 0 0 0 0 0 0 0 0 0 0 0 0 0 0 0 0 0 0 0 0 0 0 0 0 0 0 0 0 0 0 0 0 0 0 0 0 0 0 0 
0 0 0 0 0 0 0 0 0 0 0 0 0 0 0 0 0 0 0 0 0 0 0 0 0 0 0 0 0 0 0 0 0 0 0 0 0 0 0 0 0 0 0 0 0 0 0 0 0 0 0 0 0 0 0 0 0 0 0 0 0 0 0 0 0 0 0 0 0 0 0 0 0 0 0 0 0 0 0 0 0 0 0 0 0 0 0 0 0 0 0 0 0 0 0 0 0 0 0 0 0 0 0 0 0 0 0 0 0 0 0 0 0 0 0 0 0 0 0 0 0 0 0 0 0 0 0 0 0 0 0 0 0 0 0 0 0 0 0 0 0 0 0 0 0 105 106 106 105 105 106 105 105 105 105 105 106 106 107 107 106 106 106 107 0 0 0 0 0 0 107 107 107 106 105 104 102 102 101 101 101 101 101 102 101 101 101 101 101 101 101 101 102 102 102 102 102 102 102 102 102 102 102 102 102 102 102 102 102 102 102 102 101 101 101 101 101 101 101 101 101 102 102 102 101 101 101 101 101 102 102 101 101 101 101 101 101 101 101 101 101 101 101 101 101 100 100 100 100 100 100 100 100 100 100 99 99 99 99 99 99 99 99 99 99 99 99 99 99 99 99 99 99 99 99 99 99 99 99 99 99 99 99 100 99 99 100 100 100 99 99 99 100 100 100 100 100 100 100 100 99 99 99 99 99 99 99 99 100 99 99 99 98 98 98 98 98 97 98 97 97 97 97 97 97 97 97 97 97 97 97 97 97 96 96 96 96 96 96 96 96 96 97 96 97 97 96 97 97 96 96 95 96 96 96 96 96 95 95 95 95 94 95 95 95 95 95 95 95 95 95 95 96 96 96 95 95 95 95 94 94 93 93 93 92 92 92 92 92 91 91 91 92 92 93 93 93 93 92 92 92 92 92 92 92 93 93 93 93 93 93 94 94 94 94 94 93 93 93 93 92 92 92 92 92 92 92 91 91 90 91 91 91 91 90 90 90 90 90 90 0 0 0 0 0 0 0 0 0 0 0 0 0 0 0 0 0 0 0 0 0 0 0 0 0 0 0 0 0 0 0 0 0 0 0 0 0 0 0 0 0 0 0 0 0 0 0 0 0 0 0 0 0 0 0 0 0 0 0 0 0 0 0 
0 0 0 0 0 0 0 0 0 0 0 0 0 0 0 0 0 0 0 0 0 0 0 0 0 0 0 0 0 0 0 0 0 0 0 0 0 0 0 0 0 0 0 0 0 0 0 0 0 0 0 0 0 0 0 0 0 0 0 0 0 0 0 0 0 0 0 0 0 0 0 0 0 0 0 0 0 0 0 0 0 0 0 0 0 0 0 0 0 0 0 0 0 0 0 0 0 0 0 0 0 0 0 0 0 0 0 0 0 0 0 0 0 0 0 0 0 0 0 0 0 0 0 0 0 0 0 0 0 0 0 0 0 0 0 0 0 0 0 0 0 0 0 0 106 105 105 105 105 105 106 105 105 105 104 105 105 106 106 106 105 105 105 106 106 106 106 106 106 107 108 108 107 106 105 104 103 102 101 101 101 101 102 102 102 102 102 102 102 102 102 102 102 102 102 102 102 102 102 102 102 102 102 102 102 102 102 102 102 102 102 102 101 101 101 101 101 101 101 102 102 102 102 102 102 101 102 102 102 102 102 101 101 101 101 101 101 101 101 101 101 101 101 101 101 101 101 100 100 100 100 100 101 101 100 100 99 99 99 99 100 100 99 99 100 100 100 100 100 99 99 99 99 99 99 99 99 99 99 99 99 99 99 99 100 100 100 100 100 100 100 99 100 100 100 100 100 100 100 100 100 99 99 99 99 99 99 99 100 100 99 99 99 99 99 99 98 98 98 99 98 98 97 97 97 97 97 97 97 98 97 97 97 96 96 97 96 97 96 96 96 96 96 96 97 97 97 97 97 96 96 96 96 96 96 96 95 95 95 95 95 95 95 95 95 95 95 95 95 95 95 96 96 96 95 95 95 95 95 95 94 94 94 93 93 92 92 92 92 92 92 92 92 93 93 93 93 93 93 93 93 93 93 93 93 92 92 93 93 92 92 93 93 94 94 94 94 93 93 93 93 92 92 92 93 92 92 92 91 91 91 91 91 91 90 90 90 90 90 90 90 90 0 0 0 0 0 0 0 0 0 0 0 0 0 0 0 0 0 0 0 0 0 0 0 0 0 0 0 0 0 0 0 0 0 0 0 0 0 0 0 0 0 0 0 0 0 0 0 0 0 0 0 0 0 0 0 0 0 0 0 0 0 
0 0 0 0 0 0 0 0 0 0 0 0 0 0 0 0 0 0 0 0 0 0 0 0 0 0 0 0 0 0 0 0 0 0 0 0 0 0 0 0 0 0 0 0 0 0 0 0 0 0 0 0 0 0 0 0 0 0 0 0 0 0 0 0 0 0 0 0 0 0 0 0 0 0 0 0 0 0 0 0 0 0 0 0 0 0 0 0 0 0 0 0 0 0 0 0 0 0 0 0 0 0 0 0 0 0 0 0 0 0 0 0 0 0 0 0 0 0 0 0 0 0 0 0 0 0 0 0 0 0 0 0 0 0 0 0 0 0 0 0 0 0 0 0 106 106 105 105 105 106 106 105 105 105 105 105 105 106 106 105 105 104 105 105 106 107 106 106 106 107 107 107 107 106 105 104 103 102 101 101 101 102 102 102 102 102 102 102 102 102 102 102 102 102 102 102 102 102 102 102 102 102 102 102 102 102 102 102 102 102 102 101 101 101 101 101 101 102 102 102 102 102 102 102 102 101 102 102 102 102 102 102 102 101 101 101 101 101 101 101 101 101 101 101 101 101 101 101 101 101 100 101 101 101 101 100 100 100 99 100 100 100 100 100 100 100 100 100 100 100 100 100 100 100 100 100 99 99 99 99 99 99 99 100 100 100 100 100 100 100 100 100 100 101 101 101 101 100 100 100 99 99 99 99 99 99 99 99 99 100 99 99 99 98 98 98 98 99 98 98 99 98 98 98 97 98 98 98 98 98 98 97 97 97 97 97 97 97 96 96 96 96 96 96 97 97 97 97 97 96 96 97 97 97 96 96 96 96 96 95 95 95 95 95 95 95 95 95 95 95 95 95 95 96 95 95 95 95 95 94 94 94 94 94 93 93 92 92 92 92 93 93 92 93 92 92 92 92 93 93 93 92 93 93 93 93 93 92 92 92 92 92 93 93 94 94 94 94 93 93 93 92 92 92 93 92 92 92 91 91 91 91 91 91 91 90 90 90 90 90 90 91 0 0 0 0 0 0 0 0 0 0 0 0 0 0 0 0 0 0 0 0 0 0 0 0 0 0 0 0 0 0 0 0 0 0 0 0 0 0 0 0 0 0 0 0 0 0 0 0 0 0 0 0 0 0 0 0 0 0 0 0 0 
0 0 0 0 0 0 0 0 0 0 0 0 0 0 0 0 0 0 0 0 0 0 0 0 0 0 0 0 0 0 0 0 0 0 0 0 0 0 0 0 0 0 0 0 0 0 0 0 0 0 0 0 0 0 0 0 0 0 0 0 0 0 0 0 0 0 0 0 0 0 0 0 0 0 0 0 0 0 0 0 0 0 0 0 0 0 0 0 0 0 0 0 0 0 0 0 0 0 0 0 0 0 0 0 0 0 0 0 0 0 0 0 0 0 0 0 0 0 0 0 0 0 0 0 0 0 0 0 0 0 0 0 0 0 0 0 0 0 0 0 0 0 0 0 106 106 105 106 105 106 106 106 105 105 105 105 105 105 105 105 104 104 104 105 106 107 106 106 106 107 107 106 106 106 104 103 103 102 101 101 101 102 102 102 102 102 102 102 102 102 102 102 102 102 102 102 102 102 102 102 102 102 102 102 102 102 102 102 102 102 102 102 102 102 102 102 102 102 102 102 102 102 102 102 102 102 102 102 102 102 102 102 102 102 101 101 101 101 101 101 101 101 101 101 101 101 101 101 101 101 101 100 101 101 101 101 100 100 100 99 100 100 100 100 100 100 100 100 100 100 100 100 100 100 100 100 100 100 99 99 100 100 100 100 100 100 100 100 100 100 100 100 100 101 101 101 100 100 100 100 100 100 100 99 99 99 99 99 99 100 99 99 99 99 99 99 98 98 98 98 98 98 99 99 98 98 98 99 99 98 99 98 98 98 97 97 97 97 97 97 97 96 96 97 97 97 97 97 96 97 97 97 97 96 96 96 96 96 96 96 95 95 95 95 95 95 95 95 95 95 95 95 95 95 95 95 94 95 95 94 94 94 94 93 93 93 93 92 92 92 92 93 93 93 93 92 92 92 92 92 92 92 93 93 93 93 93 93 93 93 93 93 93 93 94 94 94 94 94 94 93 93 92 92 93 93 93 92 92 92 91 91 91 91 91 90 90 90 90 91 91 91 0 0 0 0 0 0 0 0 0 0 0 0 0 0 0 0 0 0 0 0 0 0 0 0 0 0 0 0 0 0 0 0 0 0 0 0 0 0 0 0 0 0 0 0 0 0 0 0 0 0 0 0 0 0 0 0 0 0 0 0 0 
0 0 0 0 0 0 0 0 0 0 0 0 0 0 0 0 0 0 0 0 0 0 0 0 0 0 0 0 0 0 0 0 0 0 0 0 0 0 0 0 0 0 0 0 0 0 0 0 0 0 0 0 0 0 0 0 0 0 0 0 0 0 0 0 0 0 0 0 0 0 0 0 0 0 0 0 0 0 0 0 0 0 0 0 0 0 0 0 0 0 0 0 0 0 0 0 0 0 0 0 0 0 0 0 0 0 0 0 0 0 0 0 0 0 0 0 0 0 0 0 0 0 0 0 0 0 0 0 0 0 0 0 0 0 0 0 0 0 0 0 0 0 0 0 0 106 106 106 106 107 106 106 105 105 105 105 105 105 105 104 104 104 105 106 106 107 106 105 105 106 106 106 106 105 104 104 104 103 102 102 102 102 102 102 102 102 102 103 103 103 102 102 102 102 102 102 102 102 102 102 102 102 102 102 102 102 102 102 102 102 102 102 102 102 102 102 102 102 102 102 102 102 102 102 102 102 102 102 102 102 102 102 102 102 102 102 102 102 101 101 101 101 101 101 101 101 101 101 101 101 101 101 100 100 101 101 101 100 100 100 100 100 100 100 100 100 100 100 100 100 100 100 100 100 100 100 100 100 100 100 100 100 100 100 100 100 100 100 100 100 100 100 101 101 101 101 101 100 100 100 100 100 100 99 100 100 99 100 100 100 100 100 100 99 99 99 99 99 99 99 98 99 99 98 99 99 99 99 99 99 99 98 98 98 98 98 98 97 97 97 97 97 96 96 97 97 97 97 97 96 97 97 97 97 97 96 96 96 96 96 96 95 95 95 95 95 95 95 95 95 95 95 95 95 95 95 94 94 94 95 94 94 94 94 93 93 93 93 92 92 92 93 93 93 93 93 93 93 92 92 92 93 92 92 92 93 93 93 93 93 93 93 93 94 94 94 94 94 94 94 93 93 92 93 93 93 93 93 92 92 91 91 91 91 91 91 90 90 90 91 0 0 0 0 0 0 0 0 0 0 0 0 0 0 0 0 0 0 0 0 0 0 0 0 0 0 0 0 0 0 0 0 0 0 0 0 0 0 0 0 0 0 0 0 0 0 0 0 0 0 0 0 0 0 0 0 0 0 0 0 0 0 0 
0 0 0 0 0 0 0 0 0 0 0 0 0 0 0 0 0 0 0 0 0 0 0 0 0 0 0 0 0 0 0 0 0 0 0 0 0 0 0 0 0 0 0 0 0 0 0 0 0 0 0 0 0 0 0 0 0 0 0 0 0 0 0 0 0 0 0 0 0 0 0 0 0 0 0 0 0 0 0 0 0 0 0 0 0 0 0 0 0 0 0 0 0 0 0 0 0 0 0 0 0 0 0 0 0 0 0 0 0 0 0 0 0 0 0 0 0 0 0 0 0 0 0 0 0 0 0 0 0 0 0 0 0 0 0 0 0 0 0 0 0 0 0 0 106 106 105 106 105 106 106 106 106 106 106 105 105 105 105 104 105 105 105 105 106 106 106 105 105 104 104 106 106 105 104 103 103 102 102 102 102 103 103 103 103 103 103 103 103 103 103 103 103 103 103 103 103 103 102 102 103 103 103 102 102 102 102 102 102 102 102 102 102 102 102 102 102 102 102 102 102 102 102 102 102 102 102 102 102 102 102 102 102 102 102 102 102 102 102 102 102 102 101 101 101 101 101 101 101 101 101 101 101 101 101 101 101 101 100 100 100 100 100 100 100 100 100 100 100 100 100 100 100 100 100 100 100 100 100 100 100 99 100 100 100 100 100 100 100 100 100 100 101 100 100 101 100 100 100 100 100 100 100 100 100 100 100 100 100 100 100 100 99 99 99 99 99 99 99 99 99 98 98 99 99 99 99 99 99 99 99 98 99 98 98 98 97 98 97 97 97 97 96 97 97 97 97 97 97 97 97 97 97 97 97 96 96 96 97 96 96 95 95 95 95 95 95 96 96 95 95 95 96 96 95 94 94 94 94 94 94 94 94 94 94 93 93 93 93 92 93 93 93 93 93 93 93 93 93 92 92 92 93 93 92 93 93 93 93 93 93 93 93 93 94 94 93 93 94 93 93 93 93 93 93 93 93 93 92 92 92 92 91 91 92 91 91 91 91 0 0 0 0 0 0 0 0 0 0 0 0 0 0 0 0 0 0 0 0 0 0 0 0 0 0 0 0 0 0 0 0 0 0 0 0 0 0 0 0 0 0 0 0 0 0 0 0 0 0 0 0 0 0 0 0 0 0 0 0 0 0 0 0 
0 0 0 0 0 0 0 0 0 0 0 0 0 0 0 0 0 0 0 0 0 0 0 0 0 0 0 0 0 0 0 0 0 0 0 0 0 0 0 0 0 0 0 0 0 0 0 0 0 0 0 0 0 0 0 0 0 0 0 0 0 0 0 0 0 0 0 0 0 0 0 0 0 0 0 0 0 0 0 0 0 0 0 0 0 0 0 0 0 0 0 0 0 0 0 0 0 0 0 0 0 0 0 0 0 0 0 0 0 0 0 0 0 0 0 0 0 0 0 0 0 0 0 0 0 0 0 0 0 0 0 0 0 0 0 0 0 0 0 0 0 0 0 0 0 0 106 106 106 105 105 106 107 106 106 105 104 105 105 104 105 104 104 105 106 106 106 106 105 104 104 105 106 104 103 103 102 102 102 102 103 103 103 103 103 103 103 103 103 103 103 103 103 103 103 103 103 103 103 103 103 103 103 103 102 102 102 103 103 103 102 103 103 102 102 103 103 103 102 103 102 103 102 102 102 102 102 102 102 102 102 102 102 102 102 102 102 102 102 102 102 102 101 101 102 101 102 101 101 101 101 101 101 101 101 101 101 101 101 100 100 100 100 100 100 100 100 100 100 100 100 100 100 100 100 100 100 100 100 100 100 100 100 100 100 100 100 100 99 100 100 100 100 100 100 100 100 100 100 101 100 100 100 100 100 100 100 100 100 100 100 100 99 99 99 99 98 98 99 99 99 99 99 98 99 99 98 99 99 99 99 98 99 99 99 98 98 98 97 98 97 97 97 97 97 97 97 97 97 97 97 97 98 97 97 97 97 97 97 96 96 95 95 95 95 95 95 95 95 95 95 95 96 96 95 95 95 94 94 94 94 94 94 94 94 94 93 93 93 93 93 93 93 93 93 93 93 93 93 92 92 92 92 92 93 93 93 92 92 93 93 92 92 93 94 93 93 93 93 93 93 93 93 93 93 93 93 93 93 93 93 92 92 92 92 92 92 92 91 0 0 0 0 0 0 0 0 0 0 0 0 0 0 0 0 0 0 0 0 0 0 0 0 0 0 0 0 0 0 0 0 0 0 0 0 0 0 0 0 0 0 0 0 0 0 0 0 0 0 0 0 0 0 0 0 0 0 0 0 0 0 0 0 
0 0 0 0 0 0 0 0 0 0 0 0 0 0 0 0 0 0 0 0 0 0 0 0 0 0 0 0 0 0 0 0 0 0 0 0 0 0 0 0 0 0 0 0 0 0 0 0 0 0 0 0 0 0 0 0 0 0 0 0 0 0 0 0 0 0 0 0 0 0 0 0 0 0 0 0 0 0 0 0 0 0 0 0 0 0 0 0 0 0 0 0 0 0 0 0 0 0 0 0 0 0 0 0 0 0 0 0 0 0 0 0 0 0 0 0 0 0 0 0 0 0 0 0 0 0 0 0 0 0 0 0 0 0 0 0 0 0 0 0 0 0 0 0 0 0 0 107 107 107 105 105 105 105 104 104 104 105 104 104 104 103 104 104 105 105 106 106 106 107 105 104 104 103 103 102 102 103 103 103 103 103 103 103 103 103 103 103 103 103 103 103 103 103 103 103 103 103 103 103 103 103 103 103 103 103 103 103 103 103 103 103 103 103 103 103 103 103 102 103 103 103 102 103 103 103 102 102 103 103 102 102 102 103 102 102 102 102 102 102 102 102 102 101 102 102 102 102 101 101 101 101 101 101 101 101 101 101 101 101 100 100 100 100 100 100 100 100 100 101 101 100 100 100 100 100 100 100 100 100 100 100 100 100 100 100 100 100 100 100 100 100 100 100 100 100 100 100 100 100 101 101 100 100 100 100 99 99 99 99 100 99 99 99 99 99 99 98 99 99 99 99 99 99 99 99 98 99 99 99 99 98 99 98 99 98 98 98 98 98 97 97 97 97 98 98 98 97 98 98 97 97 97 97 97 97 97 97 97 96 96 96 96 96 96 95 95 95 95 95 95 96 96 95 96 95 95 94 94 95 94 94 94 94 94 94 93 93 93 93 93 93 94 93 93 93 93 93 93 93 92 92 92 92 92 92 92 92 92 92 92 92 93 93 93 93 93 93 93 94 94 94 93 93 93 93 93 93 93 93 93 93 93 93 92 93 93 93 92 0 0 0 0 0 0 0 0 0 0 0 0 0 0 0 0 0 0 0 0 0 0 0 0 0 0 0 0 0 0 0 0 0 0 0 0 0 0 0 0 0 0 0 0 0 0 0 0 0 0 0 0 0 0 0 0 0 0 0 0 0 0 0 0 
0 0 0 0 0 0 0 0 0 0 0 0 0 0 0 0 0 0 0 0 0 0 0 0 0 0 0 0 0 0 0 0 0 0 0 0 0 0 0 0 0 0 0 0 0 0 0 0 0 0 0 0 0 0 0 0 0 0 0 0 0 0 0 0 0 0 0 0 0 0 0 0 0 0 0 0 0 0 0 0 0 0 0 0 0 0 0 0 0 0 0 0 0 0 0 0 0 0 0 0 0 0 0 0 0 0 0 0 0 0 0 0 0 0 0 0 0 0 0 0 0 0 0 0 0 0 0 0 0 0 0 0 0 0 0 0 0 0 0 0 0 0 0 0 0 0 0 0 106 105 105 105 105 105 105 105 106 106 105 106 105 104 104 103 104 105 105 106 107 107 105 105 104 104 104 103 103 103 103 103 103 103 103 104 104 103 103 103 103 103 103 103 103 103 103 103 103 103 103 103 103 103 103 103 103 103 103 103 103 103 103 103 103 103 103 103 103 103 103 103 103 103 103 103 103 103 103 103 103 102 102 102 102 102 103 103 102 102 102 102 102 102 102 102 102 102 102 102 102 101 101 101 101 101 101 101 101 101 101 101 101 100 100 100 101 101 100 100 100 101 101 101 101 100 100 100 100 100 100 100 100 100 100 100 100 100 100 100 100 100 100 100 101 100 100 100 100 100 100 100 101 101 101 101 100 100 99 100 99 99 99 99 99 99 99 99 98 99 99 99 99 99 99 99 99 99 99 99 99 99 99 99 98 98 98 98 98 98 98 98 97 98 98 98 98 98 98 98 98 98 98 97 97 97 97 97 96 96 96 96 96 96 96 96 95 95 95 95 96 96 96 96 96 95 95 95 95 95 95 94 94 94 94 94 94 94 94 93 93 93 93 93 94 94 94 93 93 93 93 93 93 93 92 92 92 92 92 92 92 92 92 92 92 92 93 93 93 93 94 94 94 94 94 93 93 93 94 94 94 94 94 93 93 93 93 93 93 0 0 0 0 0 0 0 0 0 0 0 0 0 0 0 0 0 0 0 0 0 0 0 0 0 0 0 0 0 0 0 0 0 0 0 0 0 0 0 0 0 0 0 0 0 0 0 0 0 0 0 0 0 0 0 0 0 0 0 0 0 0 0 0 0 0 
0 0 0 0 0 0 0 0 0 0 0 0 0 0 0 0 0 0 0 0 0 0 0 0 0 0 0 0 0 0 0 0 0 0 0 0 0 0 0 0 0 0 0 0 0 0 0 0 0 0 0 0 0 0 0 0 0 0 0 0 0 0 0 0 0 0 0 0 0 0 0 0 0 0 0 0 0 0 0 0 0 0 0 0 0 0 0 0 0 0 0 0 0 0 0 0 0 0 0 0 0 0 0 0 0 0 0 0 0 0 0 0 0 0 0 0 0 0 0 0 0 0 0 0 0 0 0 0 0 0 0 0 0 0 0 0 0 0 0 0 0 0 0 0 0 0 0 0 0 0 0 0 106 106 106 106 107 107 108 108 106 106 106 104 104 105 105 105 106 105 106 105 104 104 103 103 103 103 103 103 103 104 104 104 104 104 104 104 104 104 104 104 104 103 103 103 103 103 103 103 103 103 103 103 103 103 103 103 103 103 103 103 103 103 103 103 103 103 103 103 103 103 103 103 103 103 103 103 103 102 103 103 102 102 103 103 103 102 102 102 102 102 102 102 102 102 102 102 102 101 101 101 101 101 101 101 101 101 101 101 101 101 101 101 101 101 101 101 101 101 101 101 101 101 101 101 101 101 100 100 101 100 100 100 100 100 100 100 100 101 101 101 101 101 100 100 101 100 100 100 100 101 101 101 100 100 99 99 99 99 99 99 99 100 100 100 99 98 99 99 99 99 99 99 99 99 99 99 99 99 99 99 98 98 98 99 98 98 98 98 98 98 99 98 98 98 98 98 98 97 98 98 97 97 97 97 97 97 97 96 96 96 96 96 95 96 96 95 96 95 95 96 96 96 95 95 95 95 95 95 94 94 94 94 94 94 94 93 93 93 93 93 94 94 94 94 93 93 93 93 93 93 93 92 92 92 92 93 92 93 93 93 93 93 92 93 93 93 94 94 94 94 94 93 93 93 94 94 94 94 94 93 93 93 93 93 93 93 93 0 0 0 0 0 0 0 0 0 0 0 0 0 0 0 0 0 0 0 0 0 0 0 0 0 0 0 0 0 0 0 0 0 0 0 0 0 0 0 0 0 0 0 0 0 0 0 0 0 0 0 0 0 0 0 0 0 0 0 0 0 0 0 0 
0 0 0 0 0 0 0 0 0 0 0 0 0 0 0 0 0 0 0 0 0 0 0 0 0 0 0 0 0 0 0 0 0 0 0 0 0 0 0 0 0 0 0 0 0 0 0 0 0 0 0 0 0 0 0 0 0 0 0 0 0 0 0 0 0 0 0 0 0 0 0 0 0 0 0 0 0 0 0 0 0 0 0 0 0 0 0 0 0 0 0 0 0 0 0 0 0 0 0 0 0 0 0 0 0 0 0 0 0 0 0 0 0 0 0 0 0 0 0 0 0 0 0 0 0 0 0 0 0 0 0 0 0 0 0 0 0 0 0 0 0 0 0 0 0 0 0 0 0 0 0 0 108 107 108 108 108 109 109 109 107 108 108 108 103 103 103 104 105 104 105 104 103 103 103 103 103 103 103 103 104 104 104 104 104 104 104 104 104 104 104 104 104 104 104 103 103 103 103 103 103 103 103 103 103 103 103 103 103 103 103 103 103 103 103 103 103 103 103 103 103 103 103 103 103 103 103 103 103 103 103 103 103 103 103 103 103 103 103 102 102 103 102 102 102 102 102 102 102 102 101 102 102 102 101 101 101 101 101 101 101 101 101 101 101 101 101 101 101 101 101 101 101 101 101 101 101 101 101 101 101 100 100 101 100 100 100 100 100 101 101 101 101 101 101 100 100 100 100 100 100 101 101 101 100 100 100 100 100 100 100 99 100 100 100 99 99 99 99 99 99 99 99 99 99 99 99 98 98 99 99 99 99 99 98 98 98 98 98 98 98 99 99 99 98 98 98 98 98 98 97 97 97 97 97 97 97 97 97 97 96 96 96 96 96 96 96 96 96 96 95 95 96 96 95 95 95 95 95 95 95 94 94 94 94 94 94 94 94 93 94 94 94 94 94 94 94 93 93 93 93 93 93 93 93 93 93 93 94 94 94 94 94 93 93 93 93 93 94 94 94 94 94 94 94 94 94 94 94 94 93 93 93 93 94 94 93 93 93 0 0 0 0 0 0 0 0 0 0 0 0 0 0 0 0 0 0 0 0 0 0 0 0 0 0 0 0 0 0 0 0 0 0 0 0 0 0 0 0 0 0 0 0 0 0 0 0 0 0 0 0 0 0 0 0 0 0 0 0 0 0 0 0 
0 0 0 0 0 0 0 0 0 0 0 0 0 0 0 0 0 0 0 0 0 0 0 0 0 0 0 0 0 0 0 0 0 0 0 0 0 0 0 0 0 0 0 0 0 0 0 0 0 0 0 0 0 0 0 0 0 0 0 0 0 0 0 0 0 0 0 0 0 0 0 0 0 0 0 0 0 0 0 0 0 0 0 0 0 0 0 0 0 0 0 0 0 0 0 0 0 0 0 0 0 0 0 0 0 0 0 0 0 0 0 0 0 0 0 0 0 0 0 0 0 0 0 0 0 0 0 0 0 0 0 0 0 0 0 0 0 0 0 0 0 0 0 0 0 0 0 0 0 0 0 0 0 0 109 110 110 110 110 109 109 109 109 108 107 106 104 103 104 103 103 103 102 103 103 103 103 104 104 104 104 104 104 104 104 104 104 104 104 104 104 104 104 104 104 104 104 104 104 104 104 103 103 103 103 103 103 103 103 103 103 103 103 103 103 103 104 104 103 103 103 103 103 103 103 103 103 103 103 103 103 103 103 103 103 103 103 103 103 103 103 102 102 102 102 102 102 102 102 102 102 102 102 102 101 101 101 102 102 101 101 101 101 101 101 101 101 101 101 101 101 101 101 101 101 101 101 101 101 101 101 101 101 100 100 100 100 101 101 101 101 101 101 101 101 101 100 100 100 101 101 101 101 101 101 101 101 101 101 100 100 100 100 100 100 100 99 99 99 99 99 99 99 100 99 99 99 99 98 99 99 99 99 99 99 98 98 98 98 98 99 99 99 99 98 98 97 98 97 97 97 97 97 97 97 97 98 97 97 97 96 96 97 97 96 96 96 96 96 96 96 96 96 95 95 95 94 95 95 95 95 95 95 94 94 94 94 94 94 94 94 94 94 94 94 94 94 93 93 93 93 93 93 94 94 94 94 93 93 94 94 95 95 94 94 94 93 93 94 94 94 94 94 94 94 94 94 94 94 94 93 94 94 94 94 93 93 93 0 0 0 0 0 0 0 0 0 0 0 0 0 0 0 0 0 0 0 0 0 0 0 0 0 0 0 0 0 0 0 0 0 0 0 0 0 0 0 0 0 0 0 0 0 0 0 0 0 0 0 0 0 0 0 0 0 0 0 0 0 0 0 0 0 
0 0 0 0 0 0 0 0 0 0 0 0 0 0 0 0 0 0 0 0 0 0 0 0 0 0 0 0 0 0 0 0 0 0 0 0 0 0 0 0 0 0 0 0 0 0 0 0 0 0 0 0 0 0 0 0 0 0 0 0 0 0 0 0 0 0 0 0 0 0 0 0 0 0 0 0 0 0 0 0 0 0 0 0 0 0 0 0 0 0 0 0 0 0 0 0 0 0 0 0 0 0 0 0 0 0 0 0 0 0 0 0 0 0 0 0 0 0 0 0 0 0 0 0 0 0 0 0 0 0 0 0 0 0 0 0 0 0 0 0 0 0 0 0 0 0 0 0 0 0 0 0 0 0 0 110 110 110 110 109 109 109 109 108 107 107 106 105 104 104 105 104 103 104 104 103 104 104 104 104 104 104 104 104 104 104 104 104 104 104 104 104 104 104 104 104 104 104 104 104 104 104 104 104 104 104 104 103 104 104 104 104 104 104 104 104 104 104 103 103 103 103 103 103 103 103 103 103 103 103 103 103 103 104 103 103 103 103 103 103 103 103 102 102 102 102 102 102 102 102 102 102 102 102 102 102 102 102 102 101 101 101 101 101 101 101 101 101 101 101 101 101 101 101 101 101 101 101 101 101 101 101 101 101 101 101 101 101 101 101 101 101 101 101 100 101 101 101 101 100 101 101 101 101 100 100 101 101 100 101 101 100 100 100 99 99 99 99 99 99 99 99 99 100 99 99 99 98 98 99 99 99 99 99 99 99 99 98 98 98 98 99 98 98 98 98 98 98 98 97 98 98 97 98 98 98 98 98 98 97 97 97 97 97 97 97 96 96 96 96 96 96 96 95 95 95 95 94 94 94 94 94 95 95 95 94 94 94 94 94 94 94 94 94 94 94 94 94 94 94 93 94 94 93 94 94 95 95 95 94 94 94 95 95 95 94 94 93 94 94 94 94 94 94 94 94 94 94 94 94 93 94 94 94 93 93 93 0 0 0 0 0 0 0 0 0 0 0 0 0 0 0 0 0 0 0 0 0 0 0 0 0 0 0 0 0 0 0 0 0 0 0 0 0 0 0 0 0 0 0 0 0 0 0 0 0 0 0 0 0 0 0 0 0 0 0 0 0 0 0 0 0 0 
0 0 0 0 0 0 0 0 0 0 0 0 0 0 0 0 0 0 0 0 0 0 0 0 0 0 0 0 0 0 0 0 0 0 0 0 0 0 0 0 0 0 0 0 0 0 0 0 0 0 0 0 0 0 0 0 0 0 0 0 0 0 0 0 0 0 0 0 0 0 0 0 0 0 0 0 0 0 0 0 0 0 0 0 0 0 0 0 0 0 0 0 0 0 0 0 0 0 0 0 0 0 0 0 0 0 0 0 0 0 0 0 0 0 0 0 0 0 0 0 0 0 0 0 0 0 0 0 0 0 0 0 0 0 0 0 0 0 0 0 0 0 0 0 0 0 0 0 0 0 0 0 0 0 110 110 109 109 109 109 109 109 108 108 107 106 106 106 107 108 107 105 104 104 104 104 104 104 104 104 104 105 105 105 105 105 104 104 104 104 104 104 104 104 104 104 104 104 104 104 104 104 104 104 104 104 104 104 104 104 104 104 104 104 104 104 104 104 103 103 103 103 103 103 103 104 103 103 103 103 103 103 104 104 103 103 103 103 103 103 103 103 102 102 102 102 103 102 102 102 102 102 102 102 102 102 102 102 102 102 101 101 101 101 101 101 101 101 101 101 101 101 101 101 101 101 101 101 101 101 101 101 101 101 101 101 101 101 101 101 101 101 101 101 101 101 101 101 101 101 101 101 101 101 101 100 100 100 100 100 100 100 100 99 99 99 99 100 100 99 99 99 99 99 99 99 99 98 99 99 99 99 99 99 99 99 99 99 98 98 98 99 98 98 98 98 98 98 98 98 98 98 98 98 98 98 98 99 98 98 98 98 97 97 97 96 96 96 96 96 96 97 97 96 95 95 95 95 95 94 94 94 94 95 95 94 94 94 94 94 94 94 94 94 94 94 94 94 94 94 94 95 95 93 94 94 94 95 95 95 95 95 95 96 95 95 94 93 94 94 94 95 95 95 95 94 94 94 94 94 93 94 94 93 93 94 94 0 0 0 0 0 0 0 0 0 0 0 0 0 0 0 0 0 0 0 0 0 0 0 0 0 0 0 0 0 0 0 0 0 0 0 0 0 0 0 0 0 0 0 0 0 0 0 0 0 0 0 0 0 0 0 0 0 0 0 0 0 0 0 0 0 0 
0 0 0 0 0 0 0 0 0 0 0 0 0 0 0 0 0 0 0 0 0 0 0 0 0 0 0 0 0 0 0 0 0 0 0 0 0 0 0 0 0 0 0 0 0 0 0 0 0 0 0 0 0 0 0 0 0 0 0 0 0 0 0 0 0 0 0 0 0 0 0 0 0 0 0 0 0 0 0 0 0 0 0 0 0 0 0 0 0 0 0 0 0 0 0 0 0 0 0 0 0 0 0 0 0 0 0 0 0 0 0 0 0 0 0 0 0 0 0 0 0 0 0 0 0 0 0 0 0 0 0 0 0 0 0 0 0 0 0 0 0 0 0 0 0 0 0 0 0 0 0 0 0 110 109 108 108 108 108 109 108 108 108 108 108 108 108 109 109 107 106 106 105 105 104 104 104 104 104 105 105 105 105 105 105 105 105 105 105 105 105 104 104 104 104 104 104 104 104 104 104 104 104 104 104 104 104 104 104 104 104 104 104 104 104 104 104 104 103 103 103 104 104 103 103 104 103 103 103 103 103 104 104 104 103 104 104 103 104 104 103 103 102 102 103 103 103 103 103 103 102 103 102 102 102 102 102 102 102 102 102 102 101 101 101 102 102 102 102 101 101 102 102 102 101 101 101 101 101 101 101 101 101 101 101 101 101 101 101 101 101 101 101 101 101 101 101 101 101 101 101 101 101 101 101 101 100 100 100 100 100 100 100 99 99 99 99 100 100 99 99 99 99 99 99 99 98 98 98 99 99 99 99 99 99 99 99 99 98 98 98 98 98 98 98 98 98 98 98 98 98 98 98 98 98 99 98 98 98 98 98 98 98 97 97 97 96 96 96 97 97 97 97 96 96 96 95 95 95 95 95 94 95 94 94 94 94 94 94 94 94 94 94 94 94 94 94 95 95 95 96 96 96 94 94 94 95 95 96 96 96 95 96 96 96 95 94 94 94 94 94 95 95 95 95 94 94 93 94 94 93 94 94 93 93 93 94 94 0 0 0 0 0 0 0 0 0 0 0 0 0 0 0 0 0 0 0 0 0 0 0 0 0 0 0 0 0 0 0 0 0 0 0 0 0 0 0 0 0 0 0 0 0 0 0 0 0 0 0 0 0 0 0 0 0 0 0 0 0 0 0 0 0 
0 0 0 0 0 0 0 0 0 0 0 0 0 0 0 0 0 0 0 0 0 0 0 0 0 0 0 0 0 0 0 0 0 0 0 0 0 0 0 0 0 0 0 0 0 0 0 0 0 0 0 0 0 0 0 0 0 0 0 0 0 0 0 0 0 0 0 0 0 0 0 0 0 0 0 0 0 0 0 0 0 0 0 0 0 0 0 0 0 0 0 0 0 0 0 0 0 0 0 0 0 0 0 0 0 0 0 0 0 0 0 0 0 0 0 0 0 0 0 0 0 0 0 0 0 0 0 0 0 0 0 0 0 0 0 0 0 0 0 0 0 0 0 0 0 0 0 0 0 0 0 0 0 109 109 109 109 108 108 108 109 109 110 110 110 110 109 110 109 108 107 106 105 104 104 104 104 104 105 105 105 105 105 105 105 105 105 105 105 105 105 105 105 104 104 104 104 104 104 104 104 104 104 104 104 104 104 104 104 104 104 104 104 104 104 104 104 104 104 104 103 104 104 103 103 104 104 103 103 103 104 103 104 104 104 104 104 103 103 103 103 103 102 102 103 103 103 103 103 103 103 103 102 102 102 102 102 102 102 102 102 102 102 101 101 102 102 102 102 102 102 102 102 102 102 102 101 101 101 101 101 101 101 101 101 101 101 101 101 101 101 100 101 101 101 101 101 102 101 101 101 101 101 101 101 101 101 100 100 101 100 100 100 99 100 100 100 100 100 100 100 99 99 100 99 99 99 98 98 99 99 99 99 99 99 99 99 99 98 98 98 98 98 98 98 98 98 98 98 98 98 98 98 98 99 99 99 98 98 99 98 98 98 97 97 96 96 96 96 97 97 97 97 96 97 96 96 96 96 95 95 95 95 95 94 94 94 94 94 94 94 94 94 94 94 94 94 94 94 95 95 96 96 95 94 94 95 96 96 96 95 96 96 96 96 95 95 94 94 94 95 95 95 95 95 95 94 94 94 94 94 94 94 93 93 94 94 0 0 0 0 0 0 0 0 0 0 0 0 0 0 0 0 0 0 0 0 0 0 0 0 0 0 0 0 0 0 0 0 0 0 0 0 0 0 0 0 0 0 0 0 0 0 0 0 0 0 0 0 0 0 0 0 0 0 0 0 0 0 0 0 0 0 
0 0 0 0 0 0 0 0 0 0 0 0 0 0 0 0 0 0 0 0 0 0 0 0 0 0 0 0 0 0 0 0 0 0 0 0 0 0 0 0 0 0 0 0 0 0 0 0 0 0 0 0 0 0 0 0 0 0 0 0 0 0 0 0 0 0 0 0 0 0 0 0 0 0 0 0 0 0 0 0 0 0 0 0 0 0 0 0 0 0 0 0 0 0 0 0 0 0 0 0 0 0 0 0 0 0 0 0 0 0 0 0 0 0 0 0 0 0 0 0 0 0 0 0 0 0 0 0 0 0 0 0 0 0 0 0 0 0 0 0 0 0 0 0 0 0 0 0 0 0 0 110 110 110 111 111 110 109 108 107 108 110 110 109 109 110 110 110 109 108 107 108 107 105 104 104 104 105 105 105 105 105 105 105 105 105 105 105 105 105 105 105 105 105 105 105 105 104 104 104 104 104 104 104 104 105 104 104 104 104 104 104 104 104 104 104 104 104 104 104 104 104 104 103 103 103 103 103 104 104 103 104 104 104 104 104 104 103 103 104 104 103 103 102 103 103 103 103 103 103 103 103 103 103 103 103 103 103 103 103 103 102 102 102 102 102 102 102 102 102 102 102 102 102 102 102 102 102 102 102 102 101 101 101 101 101 102 102 101 101 101 101 101 101 102 101 101 102 102 101 101 101 101 101 101 101 101 100 101 101 101 100 101 100 101 101 101 100 100 100 100 100 99 100 100 99 99 98 98 99 99 98 99 99 99 99 98 98 98 98 98 98 98 98 98 98 98 98 99 98 98 98 99 99 98 98 98 98 98 98 98 98 98 98 98 97 96 97 96 97 97 97 96 96 96 96 95 95 96 95 95 95 94 94 94 94 94 94 94 94 94 94 94 94 95 95 95 95 94 94 95 95 95 96 95 95 94 95 95 95 95 95 96 96 96 96 95 94 94 95 95 95 95 95 95 95 95 95 94 94 94 94 94 94 94 94 94 0 0 0 0 0 0 0 0 0 0 0 0 0 0 0 0 0 0 0 0 0 0 0 0 0 0 0 0 0 0 0 0 0 0 0 0 0 0 0 0 0 0 0 0 0 0 0 0 0 0 0 0 0 0 0 0 0 0 0 0 0 0 0 0 0 0 
0 0 0 0 0 0 0 0 0 0 0 0 0 0 0 0 0 0 0 0 0 0 0 0 0 0 0 0 0 0 0 0 0 0 0 0 0 0 0 0 0 0 0 0 0 0 0 0 0 0 0 0 0 0 0 0 0 0 0 0 0 0 0 0 0 0 0 0 0 0 0 0 0 0 0 0 0 0 0 0 0 0 0 0 0 0 0 0 0 0 0 0 0 0 0 0 0 0 0 0 0 0 0 0 0 0 0 0 0 0 0 0 0 0 0 0 0 0 0 0 0 0 0 0 0 0 0 0 0 0 0 0 0 0 0 0 0 0 0 0 0 0 0 0 0 0 0 0 0 0 0 110 111 111 111 110 110 110 109 108 108 109 109 108 108 108 109 110 109 109 109 109 108 106 105 104 104 105 105 105 105 105 105 105 105 105 105 105 105 105 105 105 105 105 105 105 105 105 105 105 105 105 105 105 105 105 105 104 104 104 104 104 104 104 104 104 104 104 104 104 104 104 104 104 104 104 103 104 104 104 104 104 104 104 104 104 104 104 104 104 104 104 103 103 103 103 103 103 103 103 103 103 103 103 103 103 103 103 103 103 103 102 102 102 102 102 102 102 102 102 102 102 102 102 102 102 102 102 102 102 102 102 102 101 101 101 101 102 101 101 101 101 102 101 101 102 102 101 101 101 101 101 101 101 101 101 101 101 101 101 101 101 101 101 101 101 101 100 100 100 100 100 100 100 100 100 99 98 98 99 99 98 98 98 98 99 98 98 98 98 98 98 98 98 98 99 98 98 99 99 99 99 99 99 98 98 98 98 98 98 98 98 98 98 98 97 97 97 97 97 97 97 96 95 95 95 95 95 95 96 95 95 94 94 94 94 94 94 94 94 94 94 95 95 95 95 96 96 95 94 95 96 96 96 96 96 95 95 95 95 95 95 95 95 96 96 96 95 96 96 96 95 95 95 94 95 95 95 95 94 94 94 94 94 94 94 0 0 0 0 0 0 0 0 0 0 0 0 0 0 0 0 0 0 0 0 0 0 0 0 0 0 0 0 0 0 0 0 0 0 0 0 0 0 0 0 0 0 0 0 0 0 0 0 0 0 0 0 0 0 0 0 0 0 0 0 0 0 0 0 0 0 0 
0 0 0 0 0 0 0 0 0 0 0 0 0 0 0 0 0 0 0 0 0 0 0 0 0 0 0 0 0 0 0 0 0 0 0 0 0 0 0 0 0 0 0 0 0 0 0 0 0 0 0 0 0 0 0 0 0 0 0 0 0 0 0 0 0 0 0 0 0 0 0 0 0 0 0 0 0 0 0 0 0 0 0 0 0 0 0 0 0 0 0 0 0 0 0 0 0 0 0 0 0 0 0 0 0 0 0 0 0 0 0 0 0 0 0 0 0 0 0 0 0 0 0 0 0 0 0 0 0 0 0 0 0 0 0 0 0 0 0 0 0 0 0 0 0 0 0 0 0 0 0 111 111 111 110 109 109 110 109 108 108 108 108 108 108 108 109 110 111 110 110 109 108 107 105 104 104 105 105 105 105 106 106 106 106 105 105 105 105 105 105 105 105 105 105 105 105 105 105 105 105 105 105 105 105 105 105 105 105 105 105 104 104 104 104 104 105 105 105 105 105 104 104 104 104 104 104 104 104 104 104 104 104 104 104 104 104 104 104 104 104 104 104 103 103 103 103 103 103 103 103 103 103 103 103 103 103 103 103 103 103 102 102 102 102 102 102 102 102 102 102 102 102 102 102 102 102 102 102 102 102 102 102 102 102 101 101 101 101 101 101 102 102 102 101 102 102 102 102 102 101 101 101 101 102 102 101 101 101 101 101 101 101 101 101 100 100 100 100 100 100 100 100 100 100 99 99 99 98 99 99 98 98 98 99 99 99 99 98 98 98 98 98 98 98 99 99 99 99 99 99 99 99 98 99 98 98 98 98 98 98 98 98 98 98 98 97 97 98 97 97 97 96 95 95 95 95 95 95 96 95 95 94 94 94 94 94 94 95 95 94 94 95 95 96 95 96 96 96 95 95 95 96 96 96 96 96 96 96 95 95 95 95 96 96 96 96 97 97 96 96 96 96 95 95 94 95 95 95 94 94 95 94 94 94 94 0 0 0 0 0 0 0 0 0 0 0 0 0 0 0 0 0 0 0 0 0 0 0 0 0 0 0 0 0 0 0 0 0 0 0 0 0 0 0 0 0 0 0 0 0 0 0 0 0 0 0 0 0 0 0 0 0 0 0 0 0 0 0 0 0 0 0 
0 0 0 0 0 0 0 0 0 0 0 0 0 0 0 0 0 0 0 0 0 0 0 0 0 0 0 0 0 0 0 0 0 0 0 0 0 0 0 0 0 0 0 0 0 0 0 0 0 0 0 0 0 0 0 0 0 0 0 0 0 0 0 0 0 0 0 0 0 0 0 0 0 0 0 0 0 0 0 0 0 0 0 0 0 0 0 0 0 0 0 0 0 0 0 0 0 0 0 0 0 0 0 0 0 0 0 0 0 0 0 0 0 0 0 0 0 0 0 0 0 0 0 0 0 0 0 0 0 0 0 0 0 0 0 0 0 0 0 0 0 0 0 0 0 0 0 0 0 0 0 0 111 110 109 110 109 108 108 108 108 108 108 107 108 108 109 109 110 111 110 108 107 107 106 105 105 105 105 105 106 106 106 106 106 106 106 105 105 106 106 105 105 105 105 105 105 105 105 105 105 105 105 105 105 105 105 105 105 105 105 105 104 104 104 105 105 105 105 105 105 105 105 105 105 105 104 104 105 105 104 104 104 104 104 104 104 104 104 104 104 104 104 103 103 103 103 103 103 103 103 103 103 103 103 103 103 103 103 103 103 102 102 102 102 102 103 103 103 103 103 102 102 102 102 102 102 102 102 102 102 102 102 102 102 102 101 101 101 101 101 102 102 102 102 102 102 102 102 102 102 101 101 101 102 101 101 101 101 101 101 101 101 101 101 101 100 100 100 100 100 100 101 100 100 99 99 99 99 99 99 99 99 99 99 99 99 99 99 98 98 98 98 98 99 99 98 99 99 99 99 98 99 98 98 98 98 98 98 99 99 98 99 99 98 98 97 97 97 97 98 97 96 96 95 95 95 95 95 95 95 95 94 94 95 95 95 94 94 94 95 95 96 95 95 96 96 96 97 96 96 95 95 96 96 96 96 96 96 96 95 95 96 96 97 96 96 96 96 96 96 96 95 95 95 95 95 95 95 94 94 94 94 94 94 94 0 0 0 0 0 0 0 0 0 0 0 0 0 0 0 0 0 0 0 0 0 0 0 0 0 0 0 0 0 0 0 0 0 0 0 0 0 0 0 0 0 0 0 0 0 0 0 0 0 0 0 0 0 0 0 0 0 0 0 0 0 0 0 0 0 0 0 
0 0 0 0 0 0 0 0 0 0 0 0 0 0 0 0 0 0 0 0 0 0 0 0 0 0 0 0 0 0 0 0 0 0 0 0 0 0 0 0 0 0 0 0 0 0 0 0 0 0 0 0 0 0 0 0 0 0 0 0 0 0 0 0 0 0 0 0 0 0 0 0 0 0 0 0 0 0 0 0 0 0 0 0 0 0 0 0 0 0 0 0 0 0 0 0 0 0 0 0 0 0 0 0 0 0 0 0 0 0 0 0 0 0 0 0 0 0 0 0 0 0 0 0 0 0 0 0 0 0 0 0 0 0 0 0 0 0 0 0 0 0 0 0 0 0 0 0 0 0 0 0 112 111 111 111 111 110 109 109 110 109 107 107 107 107 108 107 109 109 109 108 107 106 106 106 105 105 105 106 106 106 106 106 106 106 106 106 106 106 106 106 106 106 106 106 106 106 105 105 105 105 105 105 105 105 105 105 105 105 105 105 105 105 105 105 105 105 105 105 105 105 105 105 105 105 105 105 105 105 105 105 105 104 104 104 104 105 104 104 104 104 104 104 103 103 103 103 103 104 104 103 103 103 103 103 103 103 103 103 103 102 102 102 102 103 103 103 103 103 103 103 103 103 103 102 102 102 102 102 102 102 102 102 102 102 102 102 102 102 102 102 103 103 102 102 102 102 102 102 102 102 101 101 102 102 101 101 101 101 101 101 101 101 101 101 101 101 100 100 100 101 101 100 100 99 99 99 99 99 99 99 99 99 99 99 99 99 99 98 98 98 98 99 99 99 98 99 99 98 98 98 98 98 98 98 98 99 99 99 99 99 99 99 98 98 98 97 97 98 98 97 97 96 95 95 95 95 95 95 95 94 94 95 95 94 94 94 94 94 95 95 95 96 96 96 96 97 97 97 96 96 95 96 96 96 96 96 96 96 96 96 97 97 97 96 96 96 95 95 95 95 94 95 95 95 95 95 95 95 95 94 94 94 94 0 0 0 0 0 0 0 0 0 0 0 0 0 0 0 0 0 0 0 0 0 0 0 0 0 0 0 0 0 0 0 0 0 0 0 0 0 0 0 0 0 0 0 0 0 0 0 0 0 0 0 0 0 0 0 0 0 0 0 0 0 0 0 0 0 0 0 0 
0 0 0 0 0 0 0 0 0 0 0 0 0 0 0 0 0 0 0 0 0 0 0 0 0 0 0 0 0 0 0 0 0 0 0 0 0 0 0 0 0 0 0 0 0 0 0 0 0 0 0 0 0 0 0 0 0 0 0 0 0 0 0 0 0 0 0 0 0 0 0 0 0 0 0 0 0 0 0 0 0 0 0 0 0 0 0 0 0 0 0 0 0 0 0 0 0 0 0 0 0 0 0 0 0 0 0 0 0 0 0 0 0 0 0 0 0 0 0 0 0 0 0 0 0 0 0 0 0 0 0 0 0 0 0 0 0 0 0 0 0 0 0 0 0 0 0 0 0 0 0 0 0 112 112 112 111 110 109 108 108 108 109 109 108 107 107 108 108 109 109 108 106 106 105 105 105 105 106 106 106 106 106 106 106 106 106 106 106 106 106 106 106 106 106 106 106 106 106 106 105 106 106 105 105 105 105 105 105 105 105 105 105 105 105 105 105 105 105 105 105 105 105 105 105 105 105 105 105 105 105 105 105 105 104 105 105 105 105 104 104 104 104 103 103 103 103 103 104 104 104 104 104 103 103 103 103 103 103 103 103 103 102 102 102 103 103 103 103 103 103 103 103 103 103 103 103 102 102 102 102 102 102 102 102 102 102 102 102 102 102 102 102 103 103 103 103 102 102 102 102 102 102 101 101 102 102 102 101 101 101 102 101 101 101 101 101 101 101 100 100 101 101 100 100 100 99 99 99 99 99 99 99 99 99 99 99 99 99 99 98 98 99 99 99 98 98 98 98 98 98 98 98 98 98 98 99 99 99 99 99 98 98 98 98 97 97 97 96 97 97 96 96 96 95 95 95 95 95 95 95 95 95 95 95 95 94 94 94 94 94 94 95 95 95 96 97 97 97 97 97 97 96 96 96 96 96 96 96 96 96 97 97 97 96 96 96 96 95 95 95 95 94 94 94 94 95 95 95 94 94 93 94 94 95 0 0 0 0 0 0 0 0 0 0 0 0 0 0 0 0 0 0 0 0 0 0 0 0 0 0 0 0 0 0 0 0 0 0 0 0 0 0 0 0 0 0 0 0 0 0 0 0 0 0 0 0 0 0 0 0 0 0 0 0 0 0 0 0 0 0 0 0 
0 0 0 0 0 0 0 0 0 0 0 0 0 0 0 0 0 0 0 0 0 0 0 0 0 0 0 0 0 0 0 0 0 0 0 0 0 0 0 0 0 0 0 0 0 0 0 0 0 0 0 0 0 0 0 0 0 0 0 0 0 0 0 0 0 0 0 0 0 0 0 0 0 0 0 0 0 0 0 0 0 0 0 0 0 0 0 0 0 0 0 0 0 0 0 0 0 0 0 0 0 0 0 0 0 0 0 0 0 0 0 0 0 0 0 0 0 0 0 0 0 0 0 0 0 0 0 0 0 0 0 0 0 0 0 0 0 0 0 0 0 0 0 0 0 0 0 0 0 0 0 0 112 111 112 112 111 109 109 110 110 111 110 109 109 108 107 107 108 109 110 109 107 107 106 106 106 106 106 106 106 106 106 106 106 106 106 106 106 106 106 106 106 106 106 106 106 106 106 106 106 106 106 106 106 106 106 105 105 105 105 105 105 105 106 106 105 105 105 105 105 105 105 105 105 105 105 105 105 105 105 105 105 105 105 105 105 105 105 104 104 104 104 103 103 103 104 103 104 104 104 104 104 104 104 104 104 104 104 104 104 103 102 102 103 103 103 103 103 103 103 103 103 103 103 103 103 103 103 102 102 102 102 102 102 102 102 102 102 102 102 102 103 103 102 102 103 102 102 102 102 102 102 102 102 102 102 102 102 101 101 102 102 101 101 101 101 101 101 101 101 101 101 101 100 100 99 99 99 99 99 99 99 99 99 99 99 99 99 99 99 99 99 99 98 98 98 98 98 98 98 98 98 98 98 99 99 99 99 99 98 98 97 97 97 97 96 97 96 96 96 96 96 95 95 95 95 95 95 95 95 95 95 95 95 95 95 95 96 95 95 94 95 95 95 96 96 96 96 96 97 97 97 97 96 96 97 97 96 97 97 97 97 97 96 96 96 96 96 96 96 96 95 94 94 94 95 95 94 93 94 94 94 94 95 0 0 0 0 0 0 0 0 0 0 0 0 0 0 0 0 0 0 0 0 0 0 0 0 0 0 0 0 0 0 0 0 0 0 0 0 0 0 0 0 0 0 0 0 0 0 0 0 0 0 0 0 0 0 0 0 0 0 0 0 0 0 0 0 0 0 0 0 
0 0 0 0 0 0 0 0 0 0 0 0 0 0 0 0 0 0 0 0 0 0 0 0 0 0 0 0 0 0 0 0 0 0 0 0 0 0 0 0 0 0 0 0 0 0 0 0 0 0 0 0 0 0 0 0 0 0 0 0 0 0 0 0 0 0 0 0 0 0 0 0 0 0 0 0 0 0 0 0 0 0 0 0 0 0 0 0 0 0 0 0 0 0 0 0 0 0 0 0 0 0 0 0 0 0 0 0 0 0 0 0 0 0 0 0 0 0 0 0 0 0 0 0 0 0 0 0 0 0 0 0 0 0 0 0 0 0 0 0 0 0 0 0 0 0 0 0 0 0 0 0 112 112 111 110 110 111 111 112 112 112 111 110 109 108 107 107 107 107 107 108 107 107 106 106 106 106 106 106 107 107 107 107 107 107 106 106 106 106 106 106 106 106 106 106 106 106 106 106 106 106 106 106 106 106 106 106 105 105 105 105 105 106 106 106 106 105 105 105 105 105 105 105 105 105 105 105 105 105 105 105 105 105 105 105 105 105 105 105 104 104 104 104 104 104 104 103 103 104 104 104 104 104 104 104 104 104 104 104 104 103 103 102 103 103 103 103 103 103 103 103 103 103 103 103 103 103 103 103 103 103 103 103 102 102 102 102 102 102 102 102 103 103 102 102 102 102 102 102 102 103 102 102 102 102 102 102 102 102 102 102 102 102 101 101 101 101 101 101 101 101 101 101 101 100 100 100 100 99 99 99 99 99 99 99 99 99 99 99 99 99 99 99 98 98 99 98 98 98 98 98 98 98 98 98 98 99 99 99 98 98 97 97 97 97 97 96 96 96 96 96 96 96 96 96 95 95 95 95 95 95 95 95 95 95 95 95 95 96 96 96 95 95 95 95 95 95 96 96 96 97 97 97 96 96 96 96 97 97 97 97 97 97 97 96 96 96 96 97 96 96 95 94 94 94 94 95 93 94 95 95 95 95 95 95 94 94 0 0 0 0 0 0 0 0 0 0 0 0 0 0 0 0 0 0 0 0 0 0 0 0 0 0 0 0 0 0 0 0 0 0 0 0 0 0 0 0 0 0 0 0 0 0 0 0 0 0 0 0 0 0 0 0 0 0 0 0 0 0 0 0 0 
0 0 0 0 0 0 0 0 0 0 0 0 0 0 0 0 0 0 0 0 0 0 0 0 0 0 0 0 0 0 0 0 0 0 0 0 0 0 0 0 0 0 0 0 0 0 0 0 0 0 0 0 0 0 0 0 0 0 0 0 0 0 0 0 0 0 0 0 0 0 0 0 0 0 0 0 0 0 0 0 0 0 0 0 0 0 0 0 0 0 0 0 0 0 0 0 0 0 0 0 0 0 0 0 0 0 0 0 0 0 0 0 0 0 0 0 0 0 0 0 0 0 0 0 0 0 0 0 0 0 0 0 0 0 0 0 0 0 0 0 0 0 0 0 0 0 0 0 0 0 0 0 113 112 112 111 111 112 112 111 111 111 111 110 109 109 108 108 108 107 106 106 106 107 106 106 106 106 107 107 107 107 107 107 107 107 107 107 107 106 106 106 106 106 106 106 106 106 106 106 106 106 106 106 106 106 106 106 106 105 105 105 105 106 106 105 105 106 106 105 105 105 105 105 105 105 105 106 105 105 105 105 105 105 105 105 105 105 105 105 105 104 104 104 104 104 104 104 103 104 104 104 104 104 104 104 104 103 103 104 104 103 103 103 103 103 103 103 103 103 103 103 103 103 103 103 103 103 103 103 103 103 103 103 103 102 102 102 102 102 102 102 103 103 102 102 103 103 103 103 103 103 102 102 102 102 102 102 102 102 102 102 102 102 102 101 102 102 101 101 101 101 100 101 101 101 100 100 100 99 99 99 99 99 99 99 99 99 99 99 99 99 99 99 99 99 99 99 98 98 98 98 98 98 99 98 99 99 99 98 98 97 97 97 97 97 97 96 96 96 96 96 96 96 96 96 96 96 96 95 95 95 95 96 96 96 96 96 96 96 96 96 96 95 96 96 96 95 96 97 97 97 97 97 97 96 97 96 96 97 97 97 97 97 97 97 97 97 97 97 96 96 95 95 94 94 94 94 93 94 94 95 95 94 95 94 94 94 93 0 0 0 0 0 0 0 0 0 0 0 0 0 0 0 0 0 0 0 0 0 0 0 0 0 0 0 0 0 0 0 0 0 0 0 0 0 0 0 0 0 0 0 0 0 0 0 0 0 0 0 0 0 0 0 0 0 0 0 0 0 0 0 0 
0 0 0 0 0 0 0 0 0 0 0 0 0 0 0 0 0 0 0 0 0 0 0 0 0 0 0 0 0 0 0 0 0 0 0 0 0 0 0 0 0 0 0 0 0 0 0 0 0 0 0 0 0 0 0 0 0 0 0 0 0 0 0 0 0 0 0 0 0 0 0 0 0 0 0 0 0 0 0 0 0 0 0 0 0 0 0 0 0 0 0 0 0 0 0 0 0 0 0 0 0 0 0 0 0 0 0 0 0 0 0 0 0 0 0 0 0 0 0 0 0 0 0 0 0 0 0 0 0 0 0 0 0 0 0 0 0 0 0 0 0 0 0 0 0 0 0 0 0 0 0 0 0 113 112 111 112 112 112 112 111 111 110 109 109 109 108 108 108 108 108 107 107 106 106 106 107 107 107 107 107 107 107 107 107 107 107 107 107 107 107 107 107 107 106 106 106 106 106 106 106 106 106 106 106 106 106 106 106 105 105 106 106 106 106 106 106 106 106 106 105 106 106 106 106 106 106 106 106 106 105 105 105 105 105 105 105 105 105 105 105 105 104 105 105 104 104 104 104 104 104 104 104 104 104 104 104 104 104 104 104 103 103 103 103 103 104 104 104 104 103 103 103 103 103 103 103 103 103 103 103 103 103 103 103 103 103 103 102 102 102 102 103 103 103 103 103 103 103 102 103 103 102 102 102 102 102 102 102 102 102 102 102 102 102 101 102 102 102 101 101 101 101 100 101 101 100 100 100 100 100 100 99 99 99 99 99 100 99 99 100 99 99 99 99 99 99 99 99 99 98 99 99 99 98 98 98 98 98 98 97 97 97 97 97 97 97 97 97 97 97 96 96 96 96 96 96 96 96 96 96 95 95 95 95 95 95 96 96 96 96 97 96 96 96 97 97 96 96 96 97 97 97 97 97 97 97 97 97 98 97 97 97 96 97 96 97 97 97 97 97 96 96 95 94 94 95 95 94 93 93 94 93 94 94 94 94 94 93 93 93 0 0 0 0 0 0 0 0 0 0 0 0 0 0 0 0 0 0 0 0 0 0 0 0 0 0 0 0 0 0 0 0 0 0 0 0 0 0 0 0 0 0 0 0 0 0 0 0 0 0 0 0 0 0 0 0 0 0 0 0 0 0 
0 0 0 0 0 0 0 0 0 0 0 0 0 0 0 0 0 0 0 0 0 0 0 0 0 0 0 0 0 0 0 0 0 0 0 0 0 0 0 0 0 0 0 0 0 0 0 0 0 0 0 0 0 0 0 0 0 0 0 0 0 0 0 0 0 0 0 0 0 0 0 0 0 0 0 0 0 0 0 0 0 0 0 0 0 0 0 0 0 0 0 0 0 0 0 0 0 0 0 0 0 0 0 0 0 0 0 0 0 0 0 0 0 0 0 0 0 0 0 0 0 0 0 0 0 0 0 0 0 0 0 0 0 0 0 0 0 0 0 0 0 0 0 0 0 0 0 0 0 0 0 0 0 0 113 113 113 113 114 113 112 111 110 110 110 109 109 110 109 108 107 107 107 107 107 107 107 107 107 107 107 107 107 107 107 107 107 107 107 107 107 107 107 107 107 107 107 106 106 106 106 106 106 106 106 106 106 106 106 106 106 106 106 106 106 106 106 106 106 106 106 106 106 106 106 106 106 106 106 106 105 105 105 105 105 105 105 105 105 105 105 105 104 105 105 105 105 105 104 104 104 104 104 104 104 104 104 104 104 104 104 103 103 103 103 104 104 104 104 104 104 104 103 103 103 103 103 103 103 103 103 103 103 103 103 103 103 103 103 103 102 102 103 103 103 103 103 103 103 102 102 103 103 103 102 102 102 102 102 103 103 103 102 102 102 101 101 101 102 102 102 102 101 101 101 101 101 100 100 100 100 100 100 100 99 99 99 100 100 99 99 99 99 99 99 99 99 99 99 99 99 99 99 99 98 98 98 98 98 97 97 97 97 97 97 97 97 97 97 97 97 97 97 96 96 96 96 96 96 96 96 96 96 96 96 95 96 96 96 96 96 97 97 96 97 97 98 97 97 96 96 97 97 97 97 98 97 97 98 98 98 98 97 96 96 96 96 97 97 97 96 96 95 95 95 95 96 95 95 94 93 93 93 93 93 94 94 93 93 93 93 93 0 0 0 0 0 0 0 0 0 0 0 0 0 0 0 0 0 0 0 0 0 0 0 0 0 0 0 0 0 0 0 0 0 0 0 0 0 0 0 0 0 0 0 0 0 0 0 0 0 0 0 0 0 0 0 0 0 0 0 0 0 
0 0 0 0 0 0 0 0 0 0 0 0 0 0 0 0 0 0 0 0 0 0 0 0 0 0 0 0 0 0 0 0 0 0 0 0 0 0 0 0 0 0 0 0 0 0 0 0 0 0 0 0 0 0 0 0 0 0 0 0 0 0 0 0 0 0 0 0 0 0 0 0 0 0 0 0 0 0 0 0 0 0 0 0 0 0 0 0 0 0 0 0 0 0 0 0 0 0 0 0 0 0 0 0 0 0 0 0 0 0 0 0 0 0 0 0 0 0 0 0 0 0 0 0 0 0 0 0 0 0 0 0 0 0 0 0 0 0 0 0 0 0 0 0 0 0 0 0 0 0 0 0 0 0 0 114 114 114 114 113 113 112 111 111 110 110 110 110 110 109 108 107 107 107 107 107 107 107 107 107 107 107 107 107 107 107 107 107 107 107 107 107 107 107 107 107 107 107 106 106 106 107 106 106 106 106 106 106 106 106 106 106 106 106 106 106 106 106 106 106 106 106 106 106 106 106 106 106 106 106 106 106 106 106 106 106 106 106 106 105 105 105 105 105 105 105 105 105 105 104 104 104 104 104 104 104 105 105 104 104 104 104 103 103 104 104 104 104 104 104 104 104 104 104 104 103 103 103 103 103 103 103 103 103 103 103 103 103 103 103 103 103 103 103 103 103 103 102 103 103 103 103 103 103 102 102 102 102 102 102 103 102 102 102 102 102 102 102 102 102 102 101 101 101 101 101 101 101 100 100 100 100 100 100 100 99 99 99 99 99 99 99 99 99 99 99 99 99 99 99 99 99 99 99 99 98 98 98 98 97 97 97 97 97 97 97 97 97 97 97 97 97 97 97 97 96 96 96 96 96 96 96 97 97 97 96 95 95 96 96 96 96 96 96 97 97 98 98 98 97 97 97 97 97 98 98 98 98 98 99 98 98 98 97 96 96 97 97 97 96 95 96 96 96 95 95 96 96 96 95 94 94 93 93 93 93 94 93 93 93 93 93 94 0 0 0 0 0 0 0 0 0 0 0 0 0 0 0 0 0 0 0 0 0 0 0 0 0 0 0 0 0 0 0 0 0 0 0 0 0 0 0 0 0 0 0 0 0 0 0 0 0 0 0 0 0 0 0 0 0 0 0 0 
0 0 0 0 0 0 0 0 0 0 0 0 0 0 0 0 0 0 0 0 0 0 0 0 0 0 0 0 0 0 0 0 0 0 0 0 0 0 0 0 0 0 0 0 0 0 0 0 0 0 0 0 0 0 0 0 0 0 0 0 0 0 0 0 0 0 0 0 0 0 0 0 0 0 0 0 0 0 0 0 0 0 0 0 0 0 0 0 0 0 0 0 0 0 0 0 0 0 0 0 0 0 0 0 0 0 0 0 0 0 0 0 0 0 0 0 0 0 0 0 0 0 0 0 0 0 0 0 0 0 0 0 0 0 0 0 0 0 0 0 0 0 0 0 0 0 0 0 0 0 0 0 0 0 0 0 0 114 113 113 112 111 111 111 111 110 109 109 109 109 109 108 107 107 107 107 107 107 108 108 108 108 108 108 108 107 107 107 107 107 107 107 107 107 107 107 107 107 107 107 107 107 107 107 106 106 106 106 106 106 106 106 106 106 106 106 106 106 106 106 106 106 106 106 106 106 106 106 106 106 106 106 106 106 106 106 106 106 106 105 105 105 105 105 105 105 105 105 105 104 104 104 104 104 104 104 105 104 104 104 104 104 104 104 104 104 104 104 104 104 104 104 104 104 104 104 104 104 104 104 103 103 103 103 103 103 103 103 103 103 103 103 103 103 103 103 103 103 102 103 103 103 103 103 103 102 102 102 102 103 103 102 102 102 102 102 102 102 102 102 101 101 101 101 101 101 101 101 100 100 100 100 100 100 100 100 100 100 99 99 99 99 99 99 100 100 100 99 99 99 99 99 99 99 99 99 98 98 98 98 97 98 98 98 98 97 97 97 97 97 97 97 97 97 97 97 97 96 96 96 96 96 96 96 96 96 96 95 95 95 96 96 96 96 97 97 97 97 97 97 98 97 98 98 97 98 98 98 98 98 97 97 97 97 97 96 97 97 97 96 95 95 96 96 95 95 96 96 95 95 95 95 95 94 94 93 93 94 93 93 93 93 94 94 94 0 0 0 0 0 0 0 0 0 0 0 0 0 0 0 0 0 0 0 0 0 0 0 0 0 0 0 0 0 0 0 0 0 0 0 0 0 0 0 0 0 0 0 0 0 0 0 0 0 0 0 0 0 0 0 0 0 0 
0 0 0 0 0 0 0 0 0 0 0 0 0 0 0 0 0 0 0 0 0 0 0 0 0 0 0 0 0 0 0 0 0 0 0 0 0 0 0 0 0 0 0 0 0 0 0 0 0 0 0 0 0 0 0 0 0 0 0 0 0 0 0 0 0 0 0 0 0 0 0 0 0 0 0 0 0 0 0 0 0 0 0 0 0 0 0 0 0 0 0 0 0 0 0 0 0 0 0 0 0 0 0 0 0 0 0 0 0 0 0 0 0 0 0 0 0 0 0 0 0 0 0 0 0 0 0 0 0 0 0 0 0 0 0 0 0 0 0 0 0 0 0 0 0 0 0 0 0 0 0 0 0 0 0 0 0 0 0 0 113 112 112 112 112 111 110 109 108 108 109 108 107 107 107 107 108 108 108 108 108 108 108 108 108 108 108 108 107 107 107 107 107 107 107 107 107 107 107 107 107 107 107 107 106 106 106 106 106 106 106 106 106 106 106 106 106 106 106 106 106 106 106 106 106 106 106 106 106 106 106 106 106 106 106 106 106 106 106 106 105 105 105 105 105 106 105 105 105 105 104 104 104 104 104 104 105 105 105 104 104 104 104 104 104 104 104 104 104 104 104 104 104 104 104 104 104 104 104 104 104 104 103 103 103 103 103 103 103 103 103 103 103 103 103 103 103 104 103 103 103 103 103 103 103 103 102 102 102 102 102 102 102 102 102 102 102 102 102 102 101 101 101 101 101 101 101 101 100 100 100 100 100 100 100 100 99 99 99 100 100 100 100 100 100 100 100 100 99 99 99 99 99 99 99 98 98 98 98 98 98 98 98 98 98 98 98 97 97 97 97 97 97 97 97 97 97 97 96 96 96 96 96 97 97 97 96 96 96 95 95 95 96 97 97 97 97 97 97 97 97 98 98 97 97 97 98 98 98 98 98 97 97 97 97 96 97 97 96 96 96 95 95 95 95 95 96 96 95 94 95 95 94 94 94 94 93 93 93 93 93 93 94 94 94 94 94 0 0 0 0 0 0 0 0 0 0 0 0 0 0 0 0 0 0 0 0 0 0 0 0 0 0 0 0 0 0 0 0 0 0 0 0 0 0 0 0 0 0 0 0 0 0 0 0 0 0 0 0 0 0 0 0 
0 0 0 0 0 0 0 0 0 0 0 0 0 0 0 0 0 0 0 0 0 0 0 0 0 0 0 0 0 0 0 0 0 0 0 0 0 0 0 0 0 0 0 0 0 0 0 0 0 0 0 0 0 0 0 0 0 0 0 0 0 0 0 0 0 0 0 0 0 0 0 0 0 0 0 0 0 0 0 0 0 0 0 0 0 0 0 0 0 0 0 0 0 0 0 0 0 0 0 0 0 0 0 0 0 0 0 0 0 0 0 0 0 0 0 0 0 0 0 0 0 0 0 0 0 0 0 0 0 0 0 0 0 0 0 0 0 0 0 0 0 0 0 0 0 0 0 0 0 0 0 0 0 0 0 0 0 0 0 0 0 0 113 113 112 111 111 110 109 108 108 108 108 107 107 107 108 108 108 108 108 108 108 108 108 108 108 108 108 107 107 107 108 108 107 107 107 107 107 107 107 107 107 106 106 106 106 106 106 106 106 106 106 106 106 106 106 106 106 106 106 106 106 106 106 106 106 106 106 106 106 106 106 106 106 106 106 106 106 106 105 106 105 105 105 106 106 105 105 105 105 104 104 104 104 104 104 105 105 104 105 105 104 104 104 104 104 104 104 104 104 104 104 104 104 104 104 104 104 104 104 104 104 104 103 103 103 103 103 103 103 103 103 104 104 104 104 104 104 104 103 104 103 103 103 103 103 102 102 102 102 102 103 102 102 102 102 102 102 102 102 101 101 101 101 101 101 101 101 100 100 100 100 100 100 99 100 99 99 99 99 100 100 100 100 100 100 100 99 99 99 99 99 98 98 98 98 98 98 98 98 98 98 98 98 98 98 98 98 97 97 97 97 97 97 97 97 97 97 97 97 97 97 97 97 97 97 97 96 96 96 96 96 96 96 96 96 97 96 97 97 97 97 97 97 97 98 98 99 99 99 98 97 97 97 97 96 96 96 96 95 95 95 95 95 96 96 96 95 94 94 94 94 94 93 93 93 93 93 93 93 93 94 94 94 94 94 94 0 0 0 0 0 0 0 0 0 0 0 0 0 0 0 0 0 0 0 0 0 0 0 0 0 0 0 0 0 0 0 0 0 0 0 0 0 0 0 0 0 0 0 0 0 0 0 0 0 0 0 0 0 0 0 
0 0 0 0 0 0 0 0 0 0 0 0 0 0 0 0 0 0 0 0 0 0 0 0 0 0 0 0 0 0 0 0 0 0 0 0 0 0 0 0 0 0 0 0 0 0 0 0 0 0 0 0 0 0 0 0 0 0 0 0 0 0 0 0 0 0 0 0 0 0 0 0 0 0 0 0 0 0 0 0 0 0 0 0 0 0 0 0 0 0 0 0 0 0 0 0 0 0 0 0 0 0 0 0 0 0 0 0 0 0 0 0 0 0 0 0 0 0 0 0 0 0 0 0 0 0 0 0 0 0 0 0 0 0 0 0 0 0 0 0 0 0 0 0 0 0 0 0 0 0 0 0 0 0 0 0 0 0 0 0 0 0 114 113 112 112 111 110 109 108 108 107 107 107 108 108 108 108 108 108 108 108 108 108 108 108 108 108 108 108 108 108 108 108 108 107 107 108 107 107 107 107 106 106 106 106 106 107 107 107 106 106 106 107 106 106 106 106 106 106 106 106 106 106 106 106 106 106 106 106 106 106 106 106 106 106 106 106 106 106 106 105 105 106 106 106 106 105 105 105 105 105 104 104 104 104 105 105 105 105 105 105 105 104 104 104 104 104 104 104 104 104 104 104 104 104 104 104 104 104 104 104 104 104 104 104 104 104 103 103 103 103 103 103 103 103 103 103 103 103 103 103 103 103 102 102 102 102 102 102 102 102 102 102 102 102 102 101 101 101 101 101 101 101 101 101 101 101 100 100 100 99 99 99 99 99 99 99 99 99 99 99 99 100 100 100 100 100 99 99 99 99 98 98 98 98 98 99 99 99 99 99 98 98 98 98 98 98 98 98 98 98 98 98 98 97 97 97 97 97 97 97 98 98 98 97 97 97 97 97 97 97 97 97 97 96 97 96 96 97 97 97 97 97 97 97 97 98 99 98 98 97 97 97 97 97 97 97 97 97 96 96 95 95 95 96 96 96 96 94 94 94 93 93 94 93 93 93 93 93 93 93 94 94 94 93 93 94 0 0 0 0 0 0 0 0 0 0 0 0 0 0 0 0 0 0 0 0 0 0 0 0 0 0 0 0 0 0 0 0 0 0 0 0 0 0 0 0 0 0 0 0 0 0 0 0 0 0 0 0 0 0 0 
0 0 0 0 0 0 0 0 0 0 0 0 0 0 0 0 0 0 0 0 0 0 0 0 0 0 0 0 0 0 0 0 0 0 0 0 0 0 0 0 0 0 0 0 0 0 0 0 0 0 0 0 0 0 0 0 0 0 0 0 0 0 0 0 0 0 0 0 0 0 0 0 0 0 0 0 0 0 0 0 0 0 0 0 0 0 0 0 0 0 0 0 0 0 0 0 0 0 0 0 0 0 0 0 0 0 0 0 0 0 0 0 0 0 0 0 0 0 0 0 0 0 0 0 0 0 0 0 0 0 0 0 0 0 0 0 0 0 0 0 0 0 0 0 0 0 0 0 0 0 0 0 0 0 0 0 0 0 0 0 0 0 0 112 112 111 111 110 110 109 109 108 108 107 107 108 108 108 108 108 108 108 108 108 108 108 108 108 108 108 108 108 108 108 108 108 108 108 107 107 107 107 106 106 106 106 106 107 107 107 107 107 107 107 107 107 106 106 106 106 106 107 106 106 106 106 106 107 106 106 106 106 106 106 106 106 106 106 106 106 106 106 105 105 106 106 105 105 105 106 105 105 105 104 104 104 104 105 105 105 105 105 105 105 104 105 104 104 104 104 104 104 104 104 104 104 104 104 104 104 104 104 104 104 104 104 104 104 103 103 103 103 103 103 103 103 103 103 103 103 103 103 103 103 102 102 102 102 102 102 102 102 102 102 102 102 102 101 101 101 101 101 101 101 101 101 101 101 101 100 100 99 99 99 99 100 100 100 100 100 99 99 99 99 99 100 100 100 100 99 99 99 99 99 99 99 99 99 99 99 99 99 98 98 98 98 98 98 98 98 98 98 98 97 97 97 98 97 97 97 97 97 97 97 98 98 98 98 98 98 98 98 97 97 98 97 98 97 97 97 97 97 97 97 97 97 98 98 98 98 97 97 97 98 98 97 97 97 97 97 97 97 96 96 96 95 95 95 95 94 95 94 94 94 95 94 94 94 93 92 93 93 94 94 93 93 93 94 94 0 0 0 0 0 0 0 0 0 0 0 0 0 0 0 0 0 0 0 0 0 0 0 0 0 0 0 0 0 0 0 0 0 0 0 0 0 0 0 0 0 0 0 0 0 0 0 0 0 0 0 0 0 0 
0 0 0 0 0 0 0 0 0 0 0 0 0 0 0 0 0 0 0 0 0 0 0 0 0 0 0 0 0 0 0 0 0 0 0 0 0 0 0 0 0 0 0 0 0 0 0 0 0 0 0 0 0 0 0 0 0 0 0 0 0 0 0 0 0 0 0 0 0 0 0 0 0 0 0 0 0 0 0 0 0 0 0 0 0 0 0 0 0 0 0 0 0 0 0 0 0 0 0 0 0 0 0 0 0 0 0 0 0 0 0 0 0 0 0 0 0 0 0 0 0 0 0 0 0 0 0 0 0 0 0 0 0 0 0 0 0 0 0 0 0 0 0 0 0 0 0 0 0 0 0 0 0 0 0 0 0 0 0 0 0 0 0 0 112 112 111 111 110 109 109 109 108 108 108 108 108 108 108 108 108 108 108 108 108 108 108 108 108 108 108 108 108 108 108 108 107 107 107 107 107 107 107 107 107 107 107 107 107 107 107 107 107 108 107 107 107 107 106 106 107 107 107 106 106 106 106 106 107 107 106 106 106 106 106 106 106 106 106 106 106 106 105 106 106 106 106 106 106 106 105 105 105 105 104 104 104 105 105 105 105 105 105 105 105 105 105 104 104 105 105 105 105 105 105 104 104 104 104 104 104 104 104 104 104 104 104 104 104 104 103 103 103 103 103 103 103 103 103 103 103 103 103 103 102 102 103 102 102 102 102 102 102 102 102 102 102 102 102 101 102 101 101 101 101 101 101 101 101 101 100 100 99 100 100 100 100 100 100 100 99 99 100 99 99 100 100 100 100 99 99 99 99 99 99 99 99 99 99 99 99 99 99 99 99 98 98 98 98 98 98 98 98 98 98 98 97 98 98 97 98 98 98 98 98 98 98 99 99 99 98 98 98 98 98 98 98 97 97 97 97 97 97 97 97 97 98 99 99 99 98 98 97 98 98 98 97 97 98 98 97 97 96 96 96 96 96 95 95 95 96 95 95 95 95 94 94 94 93 93 93 94 94 94 93 94 94 94 94 0 0 0 0 0 0 0 0 0 0 0 0 0 0 0 0 0 0 0 0 0 0 0 0 0 0 0 0 0 0 0 0 0 0 0 0 0 0 0 0 0 0 0 0 0 0 0 0 0 0 0 0 0 0 
0 0 0 0 0 0 0 0 0 0 0 0 0 0 0 0 0 0 0 0 0 0 0 0 0 0 0 0 0 0 0 0 0 0 0 0 0 0 0 0 0 0 0 0 0 0 0 0 0 0 0 0 0 0 0 0 0 0 0 0 0 0 0 0 0 0 0 0 0 0 0 0 0 0 0 0 0 0 0 0 0 0 0 0 0 0 0 0 0 0 0 0 0 0 0 0 0 0 0 0 0 0 0 0 0 0 0 0 0 0 0 0 0 0 0 0 0 0 0 0 0 0 0 0 0 0 0 0 0 0 0 0 0 0 0 0 0 0 0 0 0 0 0 0 0 0 0 0 0 0 0 0 0 0 0 0 0 0 0 0 0 0 0 0 112 111 111 110 110 109 108 108 108 108 108 108 108 108 108 108 108 108 108 108 108 108 108 108 108 108 108 108 108 108 107 108 107 107 107 107 107 107 107 107 107 107 107 107 107 107 107 107 107 107 107 107 107 107 107 107 107 107 107 107 106 106 106 107 107 107 107 107 106 106 106 106 106 106 106 106 106 106 106 106 106 106 106 106 106 106 106 106 106 105 105 105 105 105 105 105 106 105 105 105 105 105 105 105 105 105 105 105 105 105 105 105 105 105 105 105 104 104 104 104 104 104 104 104 104 104 104 104 103 103 103 103 103 103 103 103 103 103 103 103 103 103 102 103 103 103 102 102 102 102 102 102 102 102 102 102 102 102 102 102 102 101 101 101 100 100 100 100 100 100 100 100 100 100 100 100 99 99 100 100 99 100 100 100 100 99 99 99 99 99 99 99 99 99 99 99 99 99 99 99 99 99 98 98 98 98 98 98 98 98 98 98 98 97 97 97 97 97 98 98 98 99 99 99 99 99 99 99 99 99 98 98 98 98 98 98 97 98 97 97 97 98 98 99 99 99 99 98 98 98 98 98 97 97 98 97 97 97 96 96 96 96 96 95 96 96 97 96 96 95 94 94 94 94 93 93 93 93 94 94 94 94 94 94 0 0 0 0 0 0 0 0 0 0 0 0 0 0 0 0 0 0 0 0 0 0 0 0 0 0 0 0 0 0 0 0 0 0 0 0 0 0 0 0 0 0 0 0 0 0 0 0 0 0 0 0 0 0 0 
0 0 0 0 0 0 0 0 0 0 0 0 0 0 0 0 0 0 0 0 0 0 0 0 0 0 0 0 0 0 0 0 0 0 0 0 0 0 0 0 0 0 0 0 0 0 0 0 0 0 0 0 0 0 0 0 0 0 0 0 0 0 0 0 0 0 0 0 0 0 0 0 0 0 0 0 0 0 0 0 0 0 0 0 0 0 0 0 0 0 0 0 0 0 0 0 0 0 0 0 0 0 0 0 0 0 0 0 0 0 0 0 0 0 0 0 0 0 0 0 0 0 0 0 0 0 0 0 0 0 0 0 0 0 0 0 0 0 0 0 0 0 0 0 0 0 0 0 0 0 0 0 0 0 0 0 0 0 0 0 0 0 0 0 0 0 111 110 110 109 109 108 108 108 108 108 108 108 109 108 109 109 109 108 108 108 108 108 108 108 108 108 108 108 108 108 108 107 108 108 107 107 107 107 107 107 107 107 107 107 107 107 107 107 107 108 108 108 108 107 107 108 108 107 107 107 107 107 107 107 107 107 107 106 106 106 106 106 106 106 106 106 106 106 106 106 106 106 106 106 106 106 106 106 106 106 105 105 105 105 105 105 105 105 105 105 105 105 105 105 105 105 105 105 105 105 105 105 105 105 105 105 104 104 104 104 104 104 104 104 104 104 104 104 104 104 104 103 103 103 103 104 104 104 103 103 103 103 103 103 103 102 102 102 102 102 102 102 102 102 102 102 102 102 101 102 102 101 101 101 100 100 100 100 100 101 101 100 100 100 100 99 100 100 100 100 100 100 100 99 99 100 100 100 100 100 99 99 99 99 99 99 99 99 99 99 99 98 98 98 98 98 98 98 98 98 98 98 97 98 98 98 98 98 98 99 99 98 99 99 99 99 99 99 100 99 98 99 98 98 98 98 98 98 98 98 99 99 98 99 99 99 99 99 98 98 98 98 98 98 97 97 97 96 97 97 96 96 96 96 96 97 96 96 95 94 94 94 94 93 93 93 94 94 94 94 94 0 0 0 0 0 0 0 0 0 0 0 0 0 0 0 0 0 0 0 0 0 0 0 0 0 0 0 0 0 0 0 0 0 0 0 0 0 0 0 0 0 0 0 0 0 0 0 0 0 0 0 0 0 0 0 0 
0 0 0 0 0 0 0 0 0 0 0 0 0 0 0 0 0 0 0 0 0 0 0 0 0 0 0 0 0 0 0 0 0 0 0 0 0 0 0 0 0 0 0 0 0 0 0 0 0 0 0 0 0 0 0 0 0 0 0 0 0 0 0 0 0 0 0 0 0 0 0 0 0 0 0 0 0 0 0 0 0 0 0 0 0 0 0 0 0 0 0 0 0 0 0 0 0 0 0 0 0 0 0 0 0 0 0 0 0 0 0 0 0 0 0 0 0 0 0 0 0 0 0 0 0 0 0 0 0 0 0 0 0 0 0 0 0 0 0 0 0 0 0 0 0 0 0 0 0 0 0 0 0 0 0 0 0 0 0 0 0 0 0 0 0 110 110 109 109 109 108 108 108 108 108 108 109 109 109 109 109 109 109 109 109 109 108 108 108 108 108 108 108 108 108 108 108 108 108 108 107 107 107 107 107 107 107 107 107 107 107 107 107 107 107 107 108 108 108 107 107 107 107 107 107 107 107 107 107 107 107 107 107 107 107 107 107 107 107 106 106 106 106 106 106 106 106 106 106 106 106 106 106 106 106 106 105 105 105 105 105 105 105 105 105 105 105 105 105 105 105 105 105 105 105 105 105 105 105 105 105 105 105 104 104 104 104 104 104 104 104 104 104 104 104 104 104 104 104 104 104 104 104 104 103 103 103 103 103 103 103 103 102 102 102 102 102 102 102 102 102 102 102 102 101 102 102 102 102 101 101 100 100 100 100 101 101 101 100 100 100 100 101 100 100 100 100 100 100 100 100 100 100 100 100 100 99 99 99 99 99 99 99 99 99 99 99 99 98 98 98 98 98 98 98 98 98 98 98 98 98 98 98 98 99 99 99 98 99 99 100 100 100 99 100 100 100 100 99 98 99 99 98 99 99 99 100 99 98 99 99 99 99 99 99 99 98 98 99 98 97 97 97 97 97 97 96 96 97 97 97 96 96 95 95 94 94 94 94 94 94 93 94 94 94 95 94 0 0 0 0 0 0 0 0 0 0 0 0 0 0 0 0 0 0 0 0 0 0 0 0 0 0 0 0 0 0 0 0 0 0 0 0 0 0 0 0 0 0 0 0 0 0 0 0 0 0 0 0 0 0 0 0 
0 0 0 0 0 0 0 0 0 0 0 0 0 0 0 0 0 0 0 0 0 0 0 0 0 0 0 0 0 0 0 0 0 0 0 0 0 0 0 0 0 0 0 0 0 0 0 0 0 0 0 0 0 0 0 0 0 0 0 0 0 0 0 0 0 0 0 0 0 0 0 0 0 0 0 0 0 0 0 0 0 0 0 0 0 0 0 0 0 0 0 0 0 0 0 0 0 0 0 0 0 0 0 0 0 0 0 0 0 0 0 0 0 0 0 0 0 0 0 0 0 0 0 0 0 0 0 0 0 0 0 0 0 0 0 0 0 0 0 0 0 0 0 0 0 0 0 0 0 0 0 0 0 0 0 0 0 0 0 0 0 0 0 0 0 0 0 109 109 109 109 109 109 109 108 109 109 109 109 109 109 109 109 109 109 109 109 109 109 108 108 108 108 108 108 108 108 108 108 108 108 108 107 107 107 107 107 107 107 107 107 107 107 107 107 107 108 108 108 107 107 107 108 107 107 107 107 107 107 107 107 107 107 107 107 107 107 107 107 107 106 107 106 106 106 106 106 106 106 106 106 106 106 106 106 105 105 105 105 106 106 106 105 105 105 105 105 105 105 105 105 105 105 105 105 105 105 105 105 105 105 105 105 105 105 104 104 104 104 104 104 104 104 104 104 104 104 104 104 104 104 104 104 104 103 103 103 103 103 103 103 103 103 102 102 102 102 103 102 102 102 102 102 102 102 102 102 102 102 101 101 100 100 100 101 101 101 101 101 100 100 100 101 101 101 100 100 100 100 100 100 100 100 100 100 100 100 99 99 99 99 99 99 99 99 99 99 99 99 98 98 98 99 99 98 98 98 99 99 98 98 98 99 99 99 100 99 98 99 99 99 99 100 100 100 100 99 99 100 99 100 100 100 100 99 99 99 99 98 99 99 98 98 98 98 98 99 99 99 98 97 97 97 97 98 97 97 96 97 97 96 96 95 95 95 94 94 94 94 94 94 94 94 94 94 94 94 0 0 0 0 0 0 0 0 0 0 0 0 0 0 0 0 0 0 0 0 0 0 0 0 0 0 0 0 0 0 0 0 0 0 0 0 0 0 0 0 0 0 0 0 0 0 0 0 0 0 0 0 0 0 0 0 
0 0 0 0 0 0 0 0 0 0 0 0 0 0 0 0 0 0 0 0 0 0 0 0 0 0 0 0 0 0 0 0 0 0 0 0 0 0 0 0 0 0 0 0 0 0 0 0 0 0 0 0 0 0 0 0 0 0 0 0 0 0 0 0 0 0 0 0 0 0 0 0 0 0 0 0 0 0 0 0 0 0 0 0 0 0 0 0 0 0 0 0 0 0 0 0 0 0 0 0 0 0 0 0 0 0 0 0 0 0 0 0 0 0 0 0 0 0 0 0 0 0 0 0 0 0 0 0 0 0 0 0 0 0 0 0 0 0 0 0 0 0 0 0 0 0 0 0 0 0 0 0 0 0 0 0 0 0 0 0 0 0 0 0 0 0 0 110 110 109 109 109 109 109 109 109 109 109 109 109 109 109 109 109 109 109 109 109 109 109 109 109 108 108 108 108 108 108 108 108 108 108 108 108 108 107 107 107 107 107 107 107 107 107 107 107 107 107 107 107 107 107 108 108 108 108 107 107 107 107 107 107 107 107 107 107 107 107 107 107 106 106 106 106 106 106 106 107 107 107 106 106 106 106 106 107 107 106 106 106 106 106 105 105 105 105 105 105 105 105 105 105 105 105 105 105 105 105 105 105 105 105 105 105 105 105 105 104 104 104 104 104 104 104 104 104 104 104 104 104 104 104 104 104 104 103 103 103 103 103 103 103 103 103 102 102 102 102 103 102 103 102 102 102 102 102 102 102 101 101 101 100 100 101 101 101 101 101 101 101 100 100 101 101 101 100 100 100 100 100 100 100 100 100 100 100 100 100 100 99 99 99 99 99 99 99 99 99 99 99 98 99 99 99 99 99 98 99 99 99 99 99 98 99 99 100 99 98 98 98 98 98 99 100 100 100 100 99 99 100 100 100 100 100 99 99 99 99 98 99 99 98 98 98 99 99 99 99 98 98 97 97 97 97 98 98 97 97 97 97 96 96 96 95 95 95 95 94 94 94 94 94 94 94 94 94 95 0 0 0 0 0 0 0 0 0 0 0 0 0 0 0 0 0 0 0 0 0 0 0 0 0 0 0 0 0 0 0 0 0 0 0 0 0 0 0 0 0 0 0 0 0 0 0 0 0 0 0 0 0 0 0 0 
0 0 0 0 0 0 0 0 0 0 0 0 0 0 0 0 0 0 0 0 0 0 0 0 0 0 0 0 0 0 0 0 0 0 0 0 0 0 0 0 0 0 0 0 0 0 0 0 0 0 0 0 0 0 0 0 0 0 0 0 0 0 0 0 0 0 0 0 0 0 0 0 0 0 0 0 0 0 0 0 0 0 0 0 0 0 0 0 0 0 0 0 0 0 0 0 0 0 0 0 0 0 0 0 0 0 0 0 0 0 0 0 0 0 0 0 0 0 0 0 0 0 0 0 0 0 0 0 0 0 0 0 0 0 0 0 0 0 0 0 0 0 0 0 0 0 0 0 0 0 0 0 0 0 0 0 0 0 0 0 0 0 0 0 0 0 0 0 0 109 109 108 109 109 109 109 109 109 109 109 109 109 109 109 109 109 109 109 109 109 109 109 109 109 109 108 108 108 108 108 108 108 108 108 108 108 108 108 108 108 108 108 108 107 107 107 107 107 107 107 107 107 108 108 108 108 108 107 107 107 107 107 107 107 107 107 107 107 107 107 107 107 106 106 106 106 106 106 107 107 106 106 106 106 107 107 107 106 106 106 106 106 106 105 105 105 105 106 106 105 105 106 106 105 105 105 105 105 105 105 105 105 105 105 105 105 105 105 105 105 104 104 104 104 104 104 104 104 104 104 104 104 104 104 104 104 104 103 103 103 103 103 103 103 103 103 102 103 103 103 103 102 102 102 102 102 101 101 101 101 101 101 101 101 101 101 101 101 101 101 101 100 101 101 101 101 100 100 100 101 100 100 100 100 100 100 100 100 100 100 99 99 99 99 99 99 99 99 99 99 99 99 99 99 99 99 99 99 99 99 99 99 99 99 99 99 99 98 99 99 99 98 99 99 100 100 100 99 99 100 100 100 99 99 100 99 99 99 99 99 99 98 98 99 98 98 99 99 99 98 98 98 98 98 98 98 98 98 99 98 97 96 96 95 95 95 95 95 95 95 95 95 95 94 94 94 0 0 0 0 0 0 0 0 0 0 0 0 0 0 0 0 0 0 0 0 0 0 0 0 0 0 0 0 0 0 0 0 0 0 0 0 0 0 0 0 0 0 0 0 0 0 0 0 0 0 0 0 0 0 0 0 0 
0 0 0 0 0 0 0 0 0 0 0 0 0 0 0 0 0 0 0 0 0 0 0 0 0 0 0 0 0 0 0 0 0 0 0 0 0 0 0 0 0 0 0 0 0 0 0 0 0 0 0 0 0 0 0 0 0 0 0 0 0 0 0 0 0 0 0 0 0 0 0 0 0 0 0 0 0 0 0 0 0 0 0 0 0 0 0 0 0 0 0 0 0 0 0 0 0 0 0 0 0 0 0 0 0 0 0 0 0 0 0 0 0 0 0 0 0 0 0 0 0 0 0 0 0 0 0 0 0 0 0 0 0 0 0 0 0 0 0 0 0 0 0 0 0 0 0 0 0 0 0 0 0 0 0 0 0 0 0 0 0 0 0 0 0 0 0 0 0 109 109 109 109 109 109 109 109 109 109 109 109 109 109 109 109 109 109 109 109 109 109 109 109 109 109 109 109 109 108 108 108 108 108 108 108 108 108 108 108 108 108 108 108 108 107 107 107 107 107 107 107 108 108 108 108 108 108 107 107 107 107 107 107 107 107 107 106 106 107 107 107 107 106 106 106 106 106 106 107 107 107 107 106 106 106 107 107 107 106 106 106 106 106 106 106 105 106 106 106 106 105 105 106 106 106 106 106 105 105 105 105 105 105 105 105 105 105 105 105 105 105 105 104 104 104 104 104 104 104 104 104 104 104 104 104 103 104 104 103 104 103 103 103 103 103 103 103 103 103 103 102 102 102 102 102 102 102 102 101 102 101 101 101 101 101 101 101 101 101 101 101 101 101 101 101 101 101 101 101 101 100 101 101 100 100 100 100 100 100 100 99 99 100 100 99 99 99 99 99 99 99 99 99 99 99 99 99 99 99 99 99 99 99 99 99 99 98 99 99 100 100 99 100 100 100 101 100 100 99 99 100 100 99 100 100 99 99 99 99 99 98 98 98 98 98 98 99 98 98 99 98 98 99 99 99 98 98 99 98 98 97 96 96 95 96 95 95 95 95 95 95 94 95 94 94 94 0 0 0 0 0 0 0 0 0 0 0 0 0 0 0 0 0 0 0 0 0 0 0 0 0 0 0 0 0 0 0 0 0 0 0 0 0 0 0 0 0 0 0 0 0 0 0 0 0 0 0 0 0 0 0 0 0 
0 0 0 0 0 0 0 0 0 0 0 0 0 0 0 0 0 0 0 0 0 0 0 0 0 0 0 0 0 0 0 0 0 0 0 0 0 0 0 0 0 0 0 0 0 0 0 0 0 0 0 0 0 0 0 0 0 0 0 0 0 0 0 0 0 0 0 0 0 0 0 0 0 0 0 0 0 0 0 0 0 0 0 0 0 0 0 0 0 0 0 0 0 0 0 0 0 0 0 0 0 0 0 0 0 0 0 0 0 0 0 0 0 0 0 0 0 0 0 0 0 0 0 0 0 0 0 0 0 0 0 0 0 0 0 0 0 0 0 0 0 0 0 0 0 0 0 0 0 0 0 0 0 0 0 0 0 0 0 0 0 0 0 0 0 0 0 0 0 109 109 109 109 109 109 109 109 109 110 109 109 110 109 109 109 109 109 109 109 109 109 109 109 109 109 109 109 109 109 109 109 108 108 108 108 108 108 108 108 108 108 108 108 108 108 108 108 108 107 107 107 108 108 108 108 108 108 108 108 108 107 107 107 107 107 106 106 107 107 107 107 107 107 106 107 107 107 106 106 106 106 106 106 106 106 107 107 107 107 107 106 106 105 106 105 105 106 106 106 106 106 106 106 106 106 106 106 106 106 106 105 105 105 105 105 105 105 105 105 105 105 105 104 104 104 104 104 104 104 104 104 104 104 104 104 103 104 104 104 104 103 103 103 103 103 103 103 103 103 103 103 102 102 103 102 102 102 103 102 102 102 101 101 101 101 101 101 101 101 102 101 101 101 101 101 101 101 101 101 101 101 101 101 101 100 100 100 100 100 100 100 100 100 100 99 99 99 99 99 99 100 100 99 99 99 99 99 99 99 99 99 99 99 99 99 98 98 99 99 99 99 99 100 100 100 99 100 100 100 99 99 99 99 100 99 99 99 99 99 98 98 99 99 99 99 98 98 98 99 99 99 99 98 99 99 98 98 98 98 98 97 97 97 96 96 95 95 95 95 94 94 94 95 95 94 0 0 0 0 0 0 0 0 0 0 0 0 0 0 0 0 0 0 0 0 0 0 0 0 0 0 0 0 0 0 0 0 0 0 0 0 0 0 0 0 0 0 0 0 0 0 0 0 0 0 0 0 0 0 0 0 0 0 
0 0 0 0 0 0 0 0 0 0 0 0 0 0 0 0 0 0 0 0 0 0 0 0 0 0 0 0 0 0 0 0 0 0 0 0 0 0 0 0 0 0 0 0 0 0 0 0 0 0 0 0 0 0 0 0 0 0 0 0 0 0 0 0 0 0 0 0 0 0 0 0 0 0 0 0 0 0 0 0 0 0 0 0 0 0 0 0 0 0 0 0 0 0 0 0 0 0 0 0 0 0 0 0 0 0 0 0 0 0 0 0 0 0 0 0 0 0 0 0 0 0 0 0 0 0 0 0 0 0 0 0 0 0 0 0 0 0 0 0 0 0 0 0 0 0 0 0 0 0 0 0 0 0 0 0 0 0 0 0 0 0 0 0 0 0 0 110 109 109 109 109 109 109 109 109 109 109 110 110 110 110 110 109 109 109 109 109 109 109 109 109 109 109 109 109 109 109 109 109 109 109 108 108 108 108 108 108 108 108 108 108 108 108 108 108 108 108 108 108 107 107 107 107 108 108 108 108 108 108 108 107 108 107 107 107 106 106 107 107 107 107 107 107 107 107 107 107 106 106 106 106 106 106 107 107 107 107 107 106 106 106 106 106 106 106 106 106 106 106 106 106 106 106 106 106 106 106 106 106 106 106 106 106 106 106 105 105 105 105 105 105 105 105 105 104 104 104 104 104 104 104 104 104 104 104 104 104 104 104 104 103 103 103 103 103 103 103 103 103 103 103 103 103 102 103 103 103 102 102 102 101 101 101 101 101 101 101 101 101 101 101 102 101 101 101 101 101 101 101 101 101 101 101 101 101 100 100 100 100 100 100 100 100 100 100 99 99 99 99 100 100 99 99 99 100 100 100 99 99 99 99 99 99 99 99 98 99 99 99 98 99 100 100 99 99 99 99 100 99 99 99 99 99 99 99 99 99 99 99 99 99 99 99 100 99 98 99 99 100 99 98 98 98 98 98 98 98 98 97 97 97 97 97 96 95 95 94 94 95 95 95 95 95 95 0 0 0 0 0 0 0 0 0 0 0 0 0 0 0 0 0 0 0 0 0 0 0 0 0 0 0 0 0 0 0 0 0 0 0 0 0 0 0 0 0 0 0 0 0 0 0 0 0 0 0 0 0 0 0 0 0 0 
0 0 0 0 0 0 0 0 0 0 0 0 0 0 0 0 0 0 0 0 0 0 0 0 0 0 0 0 0 0 0 0 0 0 0 0 0 0 0 0 0 0 0 0 0 0 0 0 0 0 0 0 0 0 0 0 0 0 0 0 0 0 0 0 0 0 0 0 0 0 0 0 0 0 0 0 0 0 0 0 0 0 0 0 0 0 0 0 0 0 0 0 0 0 0 0 0 0 0 0 0 0 0 0 0 0 0 0 0 0 0 0 0 0 0 0 0 0 0 0 0 0 0 0 0 0 0 0 0 0 0 0 0 0 0 0 0 0 0 0 0 0 0 0 0 0 0 0 0 0 0 0 0 0 0 0 0 0 0 0 0 0 0 0 0 0 0 0 110 110 109 110 109 109 109 109 109 109 109 110 110 110 110 110 110 110 109 109 109 109 109 109 109 109 109 109 109 109 109 109 109 109 109 108 108 108 108 108 108 108 109 108 108 108 108 108 108 108 108 108 107 108 107 107 107 108 108 108 108 108 108 108 108 108 108 108 107 106 107 107 107 107 107 107 107 107 107 107 106 106 106 106 106 106 107 107 107 107 106 107 107 107 107 107 106 106 106 106 106 106 106 106 106 106 106 106 106 106 106 106 106 106 106 106 106 106 106 106 105 105 105 105 105 105 105 105 104 104 104 104 104 104 104 104 104 104 104 104 104 104 104 104 103 103 103 103 103 103 103 103 103 103 103 103 103 102 103 103 103 102 102 101 101 101 101 101 102 102 102 101 101 101 101 101 101 101 101 101 101 101 101 101 101 101 101 101 101 101 101 100 100 100 100 100 100 100 100 99 99 100 99 99 99 99 99 100 100 99 99 99 99 99 99 99 99 99 99 99 98 98 99 99 100 99 99 99 98 99 99 99 99 99 100 100 100 100 99 100 100 100 99 99 98 99 100 100 99 99 99 100 99 99 98 98 98 98 98 98 97 97 97 97 97 97 96 95 95 95 95 96 95 0 0 96 0 0 0 0 0 0 0 0 0 0 0 0 0 0 0 0 0 0 0 0 0 0 0 0 0 0 0 0 0 0 0 0 0 0 0 0 0 0 0 0 0 0 0 0 0 0 0 0 0 0 0 0 0 0 0 0 0 0 0 
0 0 0 0 0 0 0 0 0 0 0 0 0 0 0 0 0 0 0 0 0 0 0 0 0 0 0 0 0 0 0 0 0 0 0 0 0 0 0 0 0 0 0 0 0 0 0 0 0 0 0 0 0 0 0 0 0 0 0 0 0 0 0 0 0 0 0 0 0 0 0 0 0 0 0 0 0 0 0 0 0 0 0 0 0 0 0 0 0 0 0 0 0 0 0 0 0 0 0 0 0 0 0 0 0 0 0 0 0 0 0 0 0 0 0 0 0 0 0 0 0 0 0 0 0 0 0 0 0 0 0 0 0 0 0 0 0 0 0 0 0 0 0 0 0 0 0 0 0 0 0 0 0 0 0 0 0 0 0 0 0 0 0 0 0 0 0 0 0 111 111 110 110 109 110 109 109 109 109 110 110 110 110 110 110 110 110 110 109 109 110 110 109 109 109 109 109 109 109 109 109 109 109 109 109 109 109 108 109 109 109 108 108 108 108 108 108 108 108 108 108 108 108 108 108 108 108 108 108 108 108 108 108 108 108 107 107 107 107 107 107 107 107 107 107 107 107 107 107 107 106 106 106 106 107 107 107 107 107 107 107 107 107 106 106 106 106 106 106 106 106 106 106 106 106 106 106 106 106 106 106 106 106 106 106 106 106 106 106 105 105 105 105 105 105 105 105 105 105 104 104 104 104 104 104 104 104 104 104 104 104 104 103 103 103 103 103 103 103 103 103 103 103 103 103 103 103 103 103 102 102 102 101 101 101 102 102 102 101 101 101 101 102 102 102 102 102 101 101 101 101 101 101 101 101 101 101 101 101 101 101 101 100 100 100 100 100 100 100 100 100 100 100 100 100 100 100 99 99 99 99 98 98 98 99 99 99 99 98 98 98 99 100 99 98 98 98 99 99 99 100 99 99 100 100 100 99 100 99 100 100 100 99 98 99 100 99 99 99 100 99 99 99 99 99 98 98 98 97 97 97 96 97 97 96 95 95 96 95 96 0 0 0 0 0 0 0 0 0 0 0 0 0 0 0 0 0 0 0 0 0 0 0 0 0 0 0 0 0 0 0 0 0 0 0 0 0 0 0 0 0 0 0 0 0 0 0 0 0 0 0 0 0 0 0 0 0 0 0 0 0 0 0 
0 0 0 0 0 0 0 0 0 0 0 0 0 0 0 0 0 0 0 0 0 0 0 0 0 0 0 0 0 0 0 0 0 0 0 0 0 0 0 0 0 0 0 0 0 0 0 0 0 0 0 0 0 0 0 0 0 0 0 0 0 0 0 0 0 0 0 0 0 0 0 0 0 0 0 0 0 0 0 0 0 0 0 0 0 0 0 0 0 0 0 0 0 0 0 0 0 0 0 0 0 0 0 0 0 0 0 0 0 0 0 0 0 0 0 0 0 0 0 0 0 0 0 0 0 0 0 0 0 0 0 0 0 0 0 0 0 0 0 0 0 0 0 0 0 0 0 0 0 0 0 0 0 0 0 0 0 0 0 0 0 0 0 0 0 0 0 0 0 0 0 111 110 110 110 109 109 109 110 110 110 110 110 110 110 110 110 110 110 110 110 110 110 109 109 109 109 109 109 109 109 109 109 109 109 109 109 109 109 109 109 109 108 108 108 108 108 108 108 108 108 108 108 108 108 108 108 108 108 108 108 108 108 108 108 107 108 108 107 107 107 107 107 107 107 107 107 107 107 107 107 107 107 107 107 107 107 107 107 108 108 108 107 107 107 107 107 107 107 107 106 106 106 106 106 106 106 106 106 106 106 106 106 106 106 106 106 106 106 106 105 105 105 105 105 105 105 105 105 105 105 104 104 104 104 104 104 104 104 104 104 104 104 104 104 104 104 103 103 103 103 103 103 103 103 103 103 103 103 102 102 102 102 101 101 102 102 102 102 101 101 101 102 102 102 102 102 102 102 102 101 101 101 101 101 101 101 101 102 101 101 101 100 100 100 100 100 100 100 100 100 100 100 100 100 100 100 99 99 99 99 99 99 99 99 99 99 99 98 98 98 99 99 99 98 99 99 99 100 100 100 100 99 100 101 101 100 100 100 100 100 100 99 99 99 99 100 100 100 100 100 100 100 100 99 99 98 98 98 98 98 97 96 96 96 96 96 96 96 0 0 0 0 0 0 0 0 0 0 0 0 0 0 0 0 0 0 0 0 0 0 0 0 0 0 0 0 0 0 0 0 0 0 0 0 0 0 0 0 0 0 0 0 0 0 0 0 0 0 0 0 0 0 0 0 0 0 0 0 0 0 0 0 
0 0 0 0 0 0 0 0 0 0 0 0 0 0 0 0 0 0 0 0 0 0 0 0 0 0 0 0 0 0 0 0 0 0 0 0 0 0 0 0 0 0 0 0 0 0 0 0 0 0 0 0 0 0 0 0 0 0 0 0 0 0 0 0 0 0 0 0 0 0 0 0 0 0 0 0 0 0 0 0 0 0 0 0 0 0 0 0 0 0 0 0 0 0 0 0 0 0 0 0 0 0 0 0 0 0 0 0 0 0 0 0 0 0 0 0 0 0 0 0 0 0 0 0 0 0 0 0 0 0 0 0 0 0 0 0 0 0 0 0 0 0 0 0 0 0 0 0 0 0 0 0 0 0 0 0 0 0 0 0 0 0 0 0 0 0 0 0 0 0 0 111 111 111 110 110 110 110 109 110 110 110 110 110 110 110 110 110 110 110 110 110 110 110 110 110 110 109 109 109 109 109 109 109 109 109 109 109 109 109 109 109 109 108 108 108 108 108 108 109 108 108 108 108 108 108 108 108 108 108 108 108 108 108 108 107 108 108 107 108 107 107 107 107 107 107 107 107 107 107 107 107 107 107 107 107 107 107 107 108 108 108 108 107 107 107 107 107 107 106 106 106 106 106 106 106 106 106 106 106 106 106 106 106 106 106 106 106 106 106 106 106 105 105 105 105 105 105 105 105 105 105 105 105 105 105 104 104 104 104 104 104 104 104 104 104 104 104 103 103 103 103 103 103 103 103 103 103 104 103 103 102 102 102 102 102 103 102 102 102 102 101 102 102 102 102 102 102 102 102 102 101 101 101 101 101 102 102 102 102 101 101 100 100 100 100 100 100 100 100 100 100 100 100 100 100 100 99 99 99 99 99 99 99 99 99 99 99 99 99 98 98 99 99 99 100 100 99 100 100 100 101 100 100 101 100 100 101 100 100 100 101 100 99 99 100 0 0 100 100 100 99 99 99 99 99 98 98 97 97 97 97 97 97 96 96 97 97 0 0 0 0 0 0 0 0 0 0 0 0 0 0 0 0 0 0 0 0 0 0 0 0 0 0 0 0 0 0 0 0 0 0 0 0 0 0 0 0 0 0 0 0 0 0 0 0 0 0 0 0 0 0 0 0 0 0 0 0 0 0 0 0 0 
0 0 0 0 0 0 0 0 0 0 0 0 0 0 0 0 0 0 0 0 0 0 0 0 0 0 0 0 0 0 0 0 0 0 0 0 0 0 0 0 0 0 0 0 0 0 0 0 0 0 0 0 0 0 0 0 0 0 0 0 0 0 0 0 0 0 0 0 0 0 0 0 0 0 0 0 0 0 0 0 0 0 0 0 0 0 0 0 0 0 0 0 0 0 0 0 0 0 0 0 0 0 0 0 0 0 0 0 0 0 0 0 0 0 0 0 0 0 0 0 0 0 0 0 0 0 0 0 0 0 0 0 0 0 0 0 0 0 0 0 0 0 0 0 0 0 0 0 0 0 0 0 0 0 0 0 0 0 0 0 0 0 0 0 0 0 0 0 0 0 0 112 111 111 111 111 111 110 110 110 110 110 110 110 110 110 110 110 110 110 110 110 110 110 110 110 110 110 110 109 109 109 109 109 109 109 109 109 109 109 109 109 109 109 109 109 109 109 109 109 109 108 108 109 109 108 108 108 108 108 108 108 108 108 108 108 108 108 108 108 108 108 107 107 107 107 107 107 107 107 107 107 107 107 108 108 108 108 108 108 108 107 107 107 107 107 107 107 107 107 107 107 106 106 106 106 106 106 106 106 106 106 106 106 106 106 106 106 106 106 106 106 106 106 105 105 105 105 105 105 105 105 105 105 105 105 105 105 105 105 104 104 104 104 104 104 104 104 104 103 103 103 103 103 104 104 104 104 104 104 104 103 102 103 103 103 102 102 102 102 102 102 102 102 102 102 102 102 102 102 102 102 102 102 102 102 102 102 102 102 101 101 101 100 100 100 100 100 100 100 100 100 101 101 100 100 99 99 99 100 100 100 100 99 100 99 99 100 99 99 99 98 99 99 100 100 100 100 100 100 100 101 101 101 101 101 100 100 100 100 100 101 100 0 99 0 0 0 100 99 100 100 99 98 98 98 98 97 97 97 97 97 97 96 96 97 97 0 0 0 0 0 0 0 0 0 0 0 0 0 0 0 0 0 0 0 0 0 0 0 0 0 0 0 0 0 0 0 0 0 0 0 0 0 0 0 0 0 0 0 0 0 0 0 0 0 0 0 0 0 0 0 0 0 0 0 0 0 0 0 0 0 0 
0 0 0 0 0 0 0 0 0 0 0 0 0 0 0 0 0 0 0 0 0 0 0 0 0 0 0 0 0 0 0 0 0 0 0 0 0 0 0 0 0 0 0 0 0 0 0 0 0 0 0 0 0 0 0 0 0 0 0 0 0 0 0 0 0 0 0 0 0 0 0 0 0 0 0 0 0 0 0 0 0 0 0 0 0 0 0 0 0 0 0 0 0 0 0 0 0 0 0 0 0 0 0 0 0 0 0 0 0 0 0 0 0 0 0 0 0 0 0 0 0 0 0 0 0 0 0 0 0 0 0 0 0 0 0 0 0 0 0 0 0 0 0 0 0 0 0 0 0 0 0 0 0 0 0 0 0 0 0 0 0 0 0 0 0 0 0 0 0 0 0 112 111 110 110 110 110 110 110 110 110 110 110 110 110 110 110 110 110 110 110 110 110 110 110 110 110 110 110 110 110 110 109 109 109 109 109 109 109 109 109 109 109 109 109 109 109 109 109 109 109 109 109 109 109 109 109 109 109 108 108 108 108 108 108 108 108 108 108 108 108 108 108 107 107 107 107 107 107 107 107 107 107 107 108 108 108 108 109 108 108 107 107 107 107 108 108 107 107 107 107 107 107 106 106 106 106 106 106 106 106 106 106 106 106 106 106 106 106 106 106 106 106 106 105 105 105 105 105 105 105 105 105 105 105 105 105 105 105 105 105 104 104 104 104 104 104 104 104 103 103 103 103 104 104 104 104 104 104 103 103 103 103 103 102 102 102 102 102 102 102 102 103 102 102 102 102 102 102 102 102 102 102 102 101 102 102 102 102 101 101 101 101 101 100 101 101 100 101 101 101 101 100 100 100 100 100 100 100 101 100 101 100 100 100 100 100 100 99 99 99 99 99 99 99 99 99 99 100 100 100 101 101 101 101 101 101 100 100 101 101 101 0 0 0 0 0 100 99 99 99 100 99 99 98 98 98 98 98 97 97 97 97 97 97 97 97 0 0 0 0 0 0 0 0 0 0 0 0 0 0 0 0 0 0 0 0 0 0 0 0 0 0 0 0 0 0 0 0 0 0 0 0 0 0 0 0 0 0 0 0 0 0 0 0 0 0 0 0 0 0 0 0 0 0 0 0 0 0 0 0 0 0 
0 0 0 0 0 0 0 0 0 0 0 0 0 0 0 0 0 0 0 0 0 0 0 0 0 0 0 0 0 0 0 0 0 0 0 0 0 0 0 0 0 0 0 0 0 0 0 0 0 0 0 0 0 0 0 0 0 0 0 0 0 0 0 0 0 0 0 0 0 0 0 0 0 0 0 0 0 0 0 0 0 0 0 0 0 0 0 0 0 0 0 0 0 0 0 0 0 0 0 0 0 0 0 0 0 0 0 0 0 0 0 0 0 0 0 0 0 0 0 0 0 0 0 0 0 0 0 0 0 0 0 0 0 0 0 0 0 0 0 0 0 0 0 0 0 0 0 0 0 0 0 0 0 0 0 0 0 0 0 0 0 0 0 0 0 0 0 0 0 0 0 111 111 110 110 110 111 111 110 110 110 110 110 110 110 110 110 110 110 110 110 110 110 110 110 110 110 110 110 110 110 110 110 110 110 109 109 109 109 109 109 109 109 109 109 109 109 109 109 109 109 109 109 109 109 109 109 109 109 109 108 108 108 108 108 108 108 108 108 108 108 108 108 108 108 108 108 108 108 107 107 107 107 107 107 107 107 107 108 109 108 108 108 108 107 108 108 107 107 108 107 107 106 106 106 106 106 106 106 106 106 106 106 106 106 106 106 106 106 106 106 106 106 106 105 106 106 106 106 105 105 105 105 105 105 105 105 105 105 105 105 105 104 104 104 104 104 104 104 104 103 103 103 103 104 104 104 104 104 104 103 103 103 103 103 103 102 102 102 102 103 102 103 102 102 102 102 102 102 102 102 102 102 102 102 102 102 102 102 101 101 101 101 101 101 101 101 101 101 101 101 100 100 100 100 100 100 101 101 101 101 101 101 101 100 100 100 100 100 100 100 100 100 99 100 100 100 99 100 100 101 101 101 101 101 101 101 100 100 100 101 0 0 0 0 0 0 0 99 99 99 99 99 98 98 98 98 98 98 97 97 98 97 97 97 97 97 0 0 0 0 0 0 0 0 0 0 0 0 0 0 0 0 0 0 0 0 0 0 0 0 0 0 0 0 0 0 0 0 0 0 0 0 0 0 0 0 0 0 0 0 0 0 0 0 0 0 0 0 0 0 0 0 0 0 0 0 0 0 0 0 0 0 
0 0 0 0 0 0 0 0 0 0 0 0 0 0 0 0 0 0 0 0 0 0 0 0 0 0 0 0 0 0 0 0 0 0 0 0 0 0 0 0 0 0 0 0 0 0 0 0 0 0 0 0 0 0 0 0 0 0 0 0 0 0 0 0 0 0 0 0 0 0 0 0 0 0 0 0 0 0 0 0 0 0 0 0 0 0 0 0 0 0 0 0 0 0 0 0 0 0 0 0 0 0 0 0 0 0 0 0 0 0 0 0 0 0 0 0 0 0 0 0 0 0 0 0 0 0 0 0 0 0 0 0 0 0 0 0 0 0 0 0 0 0 0 0 0 0 0 0 0 0 0 0 0 0 0 0 0 0 0 0 0 0 0 0 0 0 0 0 0 0 0 111 111 111 111 111 111 111 110 110 111 111 110 110 110 110 110 110 111 111 110 110 110 111 110 110 110 110 110 110 110 110 110 110 110 110 110 110 109 109 109 109 109 109 109 109 109 109 109 109 109 109 109 109 109 109 109 109 109 109 109 109 109 109 109 109 109 109 109 109 108 108 108 108 108 108 108 108 108 108 107 107 107 107 108 108 108 108 109 109 108 108 107 107 108 108 108 107 108 108 107 107 107 106 106 106 106 106 106 106 106 106 107 107 107 107 106 107 106 106 106 106 106 106 106 106 106 106 106 106 106 106 105 105 105 105 105 105 105 105 105 105 105 105 105 105 104 104 104 104 104 104 103 103 103 103 104 104 104 103 103 104 103 103 103 103 102 102 102 102 102 102 102 102 102 102 103 103 103 102 102 102 102 102 102 102 102 102 102 102 101 101 101 101 101 101 102 101 101 100 100 100 100 100 0 0 0 100 101 101 101 102 102 101 102 101 101 101 101 101 100 100 100 99 99 100 100 100 100 100 100 101 101 101 101 0 0 100 0 100 0 0 0 0 0 0 0 0 0 99 99 99 99 99 98 98 98 98 98 98 98 98 97 97 97 98 98 0 0 0 0 0 0 0 0 0 0 0 0 0 0 0 0 0 0 0 0 0 0 0 0 0 0 0 0 0 0 0 0 0 0 0 0 0 0 0 0 0 0 0 0 0 0 0 0 0 0 0 0 0 0 0 0 0 0 0 0 0 0 0 0 0 0 
0 0 0 0 0 0 0 0 0 0 0 0 0 0 0 0 0 0 0 0 0 0 0 0 0 0 0 0 0 0 0 0 0 0 0 0 0 0 0 0 0 0 0 0 0 0 0 0 0 0 0 0 0 0 0 0 0 0 0 0 0 0 0 0 0 0 0 0 0 0 0 0 0 0 0 0 0 0 0 0 0 0 0 0 0 0 0 0 0 0 0 0 0 0 0 0 0 0 0 0 0 0 0 0 0 0 0 0 0 0 0 0 0 0 0 0 0 0 0 0 0 0 0 0 0 0 0 0 0 0 0 0 0 0 0 0 0 0 0 0 0 0 0 0 0 0 0 0 0 0 0 0 0 0 0 0 0 0 0 0 0 0 0 0 0 0 0 0 0 0 0 112 112 112 111 111 111 111 111 111 112 112 111 111 110 110 110 110 110 111 111 111 111 111 110 110 110 110 110 110 110 110 110 110 110 110 110 110 110 110 110 110 110 110 109 109 109 109 109 109 109 109 109 109 109 109 109 109 109 109 109 109 109 109 109 109 109 109 109 109 109 109 108 108 108 108 108 108 108 108 108 107 107 108 108 108 109 109 110 110 109 108 108 108 108 108 108 107 108 108 108 108 107 107 107 107 107 107 107 106 106 106 107 107 107 107 107 107 107 106 106 106 106 106 106 106 106 106 106 106 106 106 106 106 105 105 105 105 105 105 105 105 105 105 105 105 105 105 105 105 104 104 104 103 103 103 104 104 104 104 104 104 103 104 104 103 103 102 102 102 102 102 103 103 103 103 103 103 103 103 102 102 102 102 102 102 102 102 102 102 101 101 101 101 101 101 101 101 101 100 100 100 101 101 0 0 0 0 0 100 101 101 101 101 101 102 102 101 100 100 100 100 100 100 99 100 100 100 100 100 100 100 100 101 0 0 0 0 0 0 0 0 0 0 0 0 0 0 0 0 0 99 99 99 99 99 99 99 99 98 0 0 0 98 98 0 0 0 0 0 0 0 0 0 0 0 0 0 0 0 0 0 0 0 0 0 0 0 0 0 0 0 0 0 0 0 0 0 0 0 0 0 0 0 0 0 0 0 0 0 0 0 0 0 0 0 0 0 0 0 0 0 0 0 0 0 0 0 0 0 0 0 0 
0 0 0 0 0 0 0 0 0 0 0 0 0 0 0 0 0 0 0 0 0 0 0 0 0 0 0 0 0 0 0 0 0 0 0 0 0 0 0 0 0 0 0 0 0 0 0 0 0 0 0 0 0 0 0 0 0 0 0 0 0 0 0 0 0 0 0 0 0 0 0 0 0 0 0 0 0 0 0 0 0 0 0 0 0 0 0 0 0 0 0 0 0 0 0 0 0 0 0 0 0 0 0 0 0 0 0 0 0 0 0 0 0 0 0 0 0 0 0 0 0 0 0 0 0 0 0 0 0 0 0 0 0 0 0 0 0 0 0 0 0 0 0 0 0 0 0 0 0 0 0 0 0 0 0 0 0 0 0 0 0 0 0 0 0 0 0 0 0 0 0 0 0 112 112 0 0 112 112 112 0 0 0 0 112 111 110 110 110 111 111 111 111 111 111 110 110 110 110 110 110 110 110 110 110 110 110 110 110 110 110 110 110 110 110 110 110 109 109 109 109 109 109 109 109 109 109 109 109 109 109 109 109 109 109 109 109 109 109 109 109 109 108 108 108 108 108 108 108 108 108 108 108 108 108 108 108 109 110 110 109 109 109 109 108 109 108 108 108 108 109 109 108 107 107 107 107 107 107 106 106 106 107 107 107 107 107 107 107 107 106 106 106 106 106 106 106 106 106 106 106 106 106 106 106 105 105 105 105 105 105 105 105 105 105 105 105 105 105 105 105 104 104 104 103 103 104 104 104 104 104 104 104 104 104 104 103 103 103 102 102 102 103 103 103 103 103 103 103 103 103 102 102 102 102 102 103 102 102 102 101 101 0 0 0 101 101 101 101 100 101 101 101 102 0 0 0 0 0 0 0 0 101 101 102 102 102 101 101 101 101 100 100 100 100 100 100 100 101 0 100 100 101 0 0 0 0 0 0 0 0 0 0 0 0 0 0 0 0 0 0 0 99 99 99 99 0 0 0 0 0 0 0 0 0 0 0 0 0 0 0 0 0 0 0 0 0 0 0 0 0 0 0 0 0 0 0 0 0 0 0 0 0 0 0 0 0 0 0 0 0 0 0 0 0 0 0 0 0 0 0 0 0 0 0 0 0 0 0 0 0 0 0 0 0 0 0 0 0 0 0 0 0 
0 0 0 0 0 0 0 0 0 0 0 0 0 0 0 0 0 0 0 0 0 0 0 0 0 0 0 0 0 0 0 0 0 0 0 0 0 0 0 0 0 0 0 0 0 0 0 0 0 0 0 0 0 0 0 0 0 0 0 0 0 0 0 0 0 0 0 0 0 0 0 0 0 0 0 0 0 0 0 0 0 0 0 0 0 0 0 0 0 0 0 0 0 0 0 0 0 0 0 0 0 0 0 0 0 0 0 0 0 0 0 0 0 0 0 0 0 0 0 0 0 0 0 0 0 0 0 0 0 0 0 0 0 0 0 0 0 0 0 0 0 0 0 0 0 0 0 0 0 0 0 0 0 0 0 0 0 0 0 0 0 0 0 0 0 0 0 0 0 0 0 0 0 0 0 0 0 0 0 0 0 0 0 0 0 111 111 111 111 111 111 111 111 111 111 111 110 110 110 110 110 110 110 110 110 110 110 110 110 110 110 110 110 110 110 110 110 109 109 109 109 109 109 109 109 109 109 109 109 109 109 109 109 109 109 109 109 109 109 109 109 109 109 108 108 108 108 108 108 108 108 108 108 108 109 109 109 109 110 110 110 110 110 110 110 110 109 108 109 109 109 109 108 108 108 108 107 107 107 107 106 107 107 107 107 107 107 107 107 107 107 107 106 106 106 106 106 106 106 106 106 106 106 106 106 105 105 105 105 105 105 105 105 105 105 105 105 105 105 105 105 105 104 104 103 103 104 104 104 104 104 104 104 104 104 104 103 102 102 102 102 102 103 103 103 103 103 103 103 103 103 102 102 102 102 102 103 103 103 102 102 101 0 0 0 0 100 100 100 100 101 101 102 102 0 0 0 0 0 0 0 0 0 101 101 102 102 101 102 101 101 100 100 100 100 100 0 100 101 0 0 0 0 0 0 0 0 0 0 0 0 0 0 0 0 0 0 0 0 0 0 0 0 0 0 0 0 0 0 0 0 0 0 0 0 0 0 0 0 0 0 0 0 0 0 0 0 0 0 0 0 0 0 0 0 0 0 0 0 0 0 0 0 0 0 0 0 0 0 0 0 0 0 0 0 0 0 0 0 0 0 0 0 0 0 0 0 0 0 0 0 0 0 0 0 0 0 0 0 0 0 0 0 
0 0 0 0 0 0 0 0 0 0 0 0 0 0 0 0 0 0 0 0 0 0 0 0 0 0 0 0 0 0 0 0 0 0 0 0 0 0 0 0 0 0 0 0 0 0 0 0 0 0 0 0 0 0 0 0 0 0 0 0 0 0 0 0 0 0 0 0 0 0 0 0 0 0 0 0 0 0 0 0 0 0 0 0 0 0 0 0 0 0 0 0 0 0 0 0 0 0 0 0 0 0 0 0 0 0 0 0 0 0 0 0 0 0 0 0 0 0 0 0 0 0 0 0 0 0 0 0 0 0 0 0 0 0 0 0 0 0 0 0 0 0 0 0 0 0 0 0 0 0 0 0 0 0 0 0 0 0 0 0 0 0 0 0 0 0 0 0 0 0 0 0 0 0 0 0 0 0 0 0 0 0 0 0 0 0 0 112 111 111 111 111 111 111 111 111 111 111 111 110 110 110 110 110 110 110 110 110 110 110 110 110 110 110 109 109 109 109 109 109 109 109 109 110 110 109 109 109 109 109 109 109 109 109 109 109 109 109 109 109 109 109 108 108 108 108 108 108 108 108 108 108 108 108 108 109 110 109 109 110 110 110 109 110 110 110 110 110 110 109 109 109 108 108 108 108 107 107 107 107 107 107 107 107 107 107 107 107 107 107 107 107 106 106 106 106 106 106 106 106 106 106 106 105 105 105 105 105 105 105 105 105 105 105 105 105 105 105 105 105 105 105 105 104 104 103 103 104 104 104 104 104 104 104 103 104 103 103 103 102 102 102 103 103 103 103 103 103 103 103 103 103 102 102 103 103 103 103 103 102 102 0 0 0 0 0 0 0 0 101 102 0 0 0 0 0 0 0 0 0 0 0 0 0 101 101 101 0 0 102 101 101 101 0 0 0 0 0 0 0 0 0 0 0 0 0 0 0 0 0 0 0 0 0 0 0 0 0 0 0 0 0 0 0 0 0 0 0 0 0 0 0 0 0 0 0 0 0 0 0 0 0 0 0 0 0 0 0 0 0 0 0 0 0 0 0 0 0 0 0 0 0 0 0 0 0 0 0 0 0 0 0 0 0 0 0 0 0 0 0 0 0 0 0 0 0 0 0 0 0 0 0 0 0 0 0 0 0 0 0 0 0 0 
0 0 0 0 0 0 0 0 0 0 0 0 0 0 0 0 0 0 0 0 0 0 0 0 0 0 0 0 0 0 0 0 0 0 0 0 0 0 0 0 0 0 0 0 0 0 0 0 0 0 0 0 0 0 0 0 0 0 0 0 0 0 0 0 0 0 0 0 0 0 0 0 0 0 0 0 0 0 0 0 0 0 0 0 0 0 0 0 0 0 0 0 0 0 0 0 0 0 0 0 0 0 0 0 0 0 0 0 0 0 0 0 0 0 0 0 0 0 0 0 0 0 0 0 0 0 0 0 0 0 0 0 0 0 0 0 0 0 0 0 0 0 0 0 0 0 0 0 0 0 0 0 0 0 0 0 0 0 0 0 0 0 0 0 0 0 0 0 0 0 0 0 0 0 0 0 0 0 0 0 0 0 0 0 0 0 0 0 0 0 112 111 111 111 111 111 111 112 111 110 110 110 110 110 110 110 110 110 110 110 110 110 110 109 109 109 109 109 109 109 109 109 110 110 110 110 109 109 110 110 110 110 109 109 109 109 109 109 109 109 109 109 108 108 108 108 108 108 108 108 108 108 109 109 109 108 108 109 110 111 110 109 109 109 109 110 111 110 109 108 108 108 108 108 108 107 107 107 107 107 107 107 107 107 107 107 107 107 107 107 107 107 107 106 106 106 106 106 106 106 106 106 106 106 106 105 106 106 106 106 105 105 105 105 105 105 105 105 105 105 105 105 105 105 104 103 104 103 104 104 104 104 104 104 104 104 103 103 103 102 102 103 103 104 104 104 104 103 103 103 103 103 103 103 103 103 102 0 102 102 0 0 0 0 0 0 0 0 0 0 0 0 0 0 0 0 0 0 0 0 0 0 0 0 0 0 0 0 0 0 0 0 0 0 0 0 0 0 0 0 0 0 0 0 0 0 0 0 0 0 0 0 0 0 0 0 0 0 0 0 0 0 0 0 0 0 0 0 0 0 0 0 0 0 0 0 0 0 0 0 0 0 0 0 0 0 0 0 0 0 0 0 0 0 0 0 0 0 0 0 0 0 0 0 0 0 0 0 0 0 0 0 0 0 0 0 0 0 0 0 0 0 0 0 0 0 0 0 0 0 0 0 0 0 0 0 0 0 0 0 0 0 0 
0 0 0 0 0 0 0 0 0 0 0 0 0 0 0 0 0 0 0 0 0 0 0 0 0 0 0 0 0 0 0 0 0 0 0 0 0 0 0 0 0 0 0 0 0 0 0 0 0 0 0 0 0 0 0 0 0 0 0 0 0 0 0 0 0 0 0 0 0 0 0 0 0 0 0 0 0 0 0 0 0 0 0 0 0 0 0 0 0 0 0 0 0 0 0 0 0 0 0 0 0 0 0 0 0 0 0 0 0 0 0 0 0 0 0 0 0 0 0 0 0 0 0 0 0 0 0 0 0 0 0 0 0 0 0 0 0 0 0 0 0 0 0 0 0 0 0 0 0 0 0 0 0 0 0 0 0 0 0 0 0 0 0 0 0 0 0 0 0 0 0 0 0 0 0 0 0 0 0 0 0 0 0 0 0 0 0 0 0 0 112 112 111 111 111 111 111 112 111 111 110 110 110 110 110 110 110 110 110 110 110 110 110 110 110 110 110 110 109 109 109 110 110 110 110 110 110 110 110 110 110 110 110 110 110 110 109 109 109 109 109 109 108 108 108 108 108 108 108 108 109 108 108 109 110 110 109 109 110 111 111 110 109 108 109 109 110 110 110 109 108 108 108 108 108 108 108 108 107 107 107 107 107 107 107 107 107 107 107 107 107 107 107 107 107 107 106 106 106 106 106 106 106 106 106 106 106 106 105 106 106 105 105 105 105 105 104 105 105 105 105 105 105 105 104 104 103 104 104 104 105 105 104 104 104 104 104 104 103 103 103 103 104 104 104 104 104 104 103 103 103 103 103 103 103 103 102 0 0 0 0 0 0 0 0 0 0 0 0 0 0 0 0 0 0 0 0 0 0 0 0 0 0 0 0 0 0 0 0 0 0 0 0 0 0 0 0 0 0 0 0 0 0 0 0 0 0 0 0 0 0 0 0 0 0 0 0 0 0 0 0 0 0 0 0 0 0 0 0 0 0 0 0 0 0 0 0 0 0 0 0 0 0 0 0 0 0 0 0 0 0 0 0 0 0 0 0 0 0 0 0 0 0 0 0 0 0 0 0 0 0 0 0 0 0 0 0 0 0 0 0 0 0 0 0 0 0 0 0 0 0 0 0 0 0 0 0 0 0 0 0 0 0 
0 0 0 0 0 0 0 0 0 0 0 0 0 0 0 0 0 0 0 0 0 0 0 0 0 0 0 0 0 0 0 0 0 0 0 0 0 0 0 0 0 0 0 0 0 0 0 0 0 0 0 0 0 0 0 0 0 0 0 0 0 0 0 0 0 0 0 0 0 0 0 0 0 0 0 0 0 0 0 0 0 0 0 0 0 0 0 0 0 0 0 0 0 0 0 0 0 0 0 0 0 0 0 0 0 0 0 0 0 0 0 0 0 0 0 0 0 0 0 0 0 0 0 0 0 0 0 0 0 0 0 0 0 0 0 0 0 0 0 0 0 0 0 0 0 0 0 0 0 0 0 0 0 0 0 0 0 0 0 0 0 0 0 0 0 0 0 0 0 0 0 0 0 0 0 0 0 0 0 0 0 0 0 0 0 0 0 0 0 0 0 0 0 111 112 112 112 112 112 111 111 111 110 110 110 110 110 110 110 110 110 110 110 110 110 110 111 110 110 110 110 110 110 110 110 110 110 110 110 110 110 110 110 110 110 110 110 109 109 109 109 109 108 109 109 108 108 109 109 109 109 109 108 109 110 111 110 110 111 111 111 110 110 109 109 109 109 110 110 109 108 109 109 109 108 108 108 108 108 108 108 108 107 107 107 107 107 107 107 107 107 107 107 107 107 107 107 106 106 106 106 106 107 106 106 106 106 106 106 106 106 106 106 106 105 0 105 105 0 105 106 105 105 105 105 104 104 104 104 104 104 105 105 104 104 103 103 103 103 103 103 103 104 104 104 104 104 104 103 103 103 103 103 103 103 103 0 0 0 0 0 0 0 0 0 0 0 0 0 0 0 0 0 0 0 0 0 0 0 0 0 0 0 0 0 0 0 0 0 0 0 0 0 0 0 0 0 0 0 0 0 0 0 0 0 0 0 0 0 0 0 0 0 0 0 0 0 0 0 0 0 0 0 0 0 0 0 0 0 0 0 0 0 0 0 0 0 0 0 0 0 0 0 0 0 0 0 0 0 0 0 0 0 0 0 0 0 0 0 0 0 0 0 0 0 0 0 0 0 0 0 0 0 0 0 0 0 0 0 0 0 0 0 0 0 0 0 0 0 0 0 0 0 0 0 0 0 0 0 0 0 0 0 
0 0 0 0 0 0 0 0 0 0 0 0 0 0 0 0 0 0 0 0 0 0 0 0 0 0 0 0 0 0 0 0 0 0 0 0 0 0 0 0 0 0 0 0 0 0 0 0 0 0 0 0 0 0 0 0 0 0 0 0 0 0 0 0 0 0 0 0 0 0 0 0 0 0 0 0 0 0 0 0 0 0 0 0 0 0 0 0 0 0 0 0 0 0 0 0 0 0 0 0 0 0 0 0 0 0 0 0 0 0 0 0 0 0 0 0 0 0 0 0 0 0 0 0 0 0 0 0 0 0 0 0 0 0 0 0 0 0 0 0 0 0 0 0 0 0 0 0 0 0 0 0 0 0 0 0 0 0 0 0 0 0 0 0 0 0 0 0 0 0 0 0 0 0 0 0 0 0 0 0 0 0 0 0 0 0 0 0 0 0 0 0 0 0 0 0 0 113 112 112 112 111 111 111 111 110 110 110 110 110 110 110 110 111 111 111 111 111 110 110 110 110 110 110 110 110 110 110 110 110 110 110 110 110 110 110 110 109 109 110 109 109 110 110 110 110 110 111 110 109 110 110 110 110 110 111 112 111 111 111 110 110 110 110 110 109 109 110 110 109 109 108 109 108 108 108 108 107 107 107 107 107 107 107 107 107 107 107 107 107 107 107 107 107 107 107 107 107 107 107 107 107 106 106 106 106 106 106 106 106 106 106 107 106 106 0 0 0 0 0 0 0 106 106 105 105 104 104 104 105 104 104 105 104 104 104 103 104 104 103 103 103 104 104 104 104 104 104 104 103 103 103 103 103 103 0 0 0 0 0 0 0 0 0 0 0 0 0 0 0 0 0 0 0 0 0 0 0 0 0 0 0 0 0 0 0 0 0 0 0 0 0 0 0 0 0 0 0 0 0 0 0 0 0 0 0 0 0 0 0 0 0 0 0 0 0 0 0 0 0 0 0 0 0 0 0 0 0 0 0 0 0 0 0 0 0 0 0 0 0 0 0 0 0 0 0 0 0 0 0 0 0 0 0 0 0 0 0 0 0 0 0 0 0 0 0 0 0 0 0 0 0 0 0 0 0 0 0 0 0 0 0 0 0 0 0 0 0 0 0 0 0 0 0 0 0 0 0 0 0 0 0 0 
0 0 0 0 0 0 0 0 0 0 0 0 0 0 0 0 0 0 0 0 0 0 0 0 0 0 0 0 0 0 0 0 0 0 0 0 0 0 0 0 0 0 0 0 0 0 0 0 0 0 0 0 0 0 0 0 0 0 0 0 0 0 0 0 0 0 0 0 0 0 0 0 0 0 0 0 0 0 0 0 0 0 0 0 0 0 0 0 0 0 0 0 0 0 0 0 0 0 0 0 0 0 0 0 0 0 0 0 0 0 0 0 0 0 0 0 0 0 0 0 0 0 0 0 0 0 0 0 0 0 0 0 0 0 0 0 0 0 0 0 0 0 0 0 0 0 0 0 0 0 0 0 0 0 0 0 0 0 0 0 0 0 0 0 0 0 0 0 0 0 0 0 0 0 0 0 0 0 0 0 0 0 0 0 0 0 0 0 0 0 0 0 0 0 0 0 0 0 113 113 113 112 112 111 111 110 109 110 111 110 110 110 110 111 111 111 110 110 110 110 110 110 110 110 110 110 110 111 110 110 110 110 110 110 110 110 110 109 109 110 110 110 111 111 112 111 111 112 111 110 111 111 111 111 111 111 111 111 111 112 111 110 109 109 110 109 109 109 109 109 109 108 108 108 108 108 108 108 108 108 107 107 107 107 107 107 107 107 107 107 107 107 107 107 107 107 107 107 107 107 107 107 106 106 106 107 106 106 107 107 106 106 106 107 107 0 0 0 0 0 0 0 0 0 106 105 104 104 105 105 105 105 105 104 104 104 104 104 104 104 103 103 104 104 104 104 104 104 104 0 104 104 104 104 0 0 0 0 0 0 0 0 0 0 0 0 0 0 0 0 0 0 0 0 0 0 0 0 0 0 0 0 0 0 0 0 0 0 0 0 0 0 0 0 0 0 0 0 0 0 0 0 0 0 0 0 0 0 0 0 0 0 0 0 0 0 0 0 0 0 0 0 0 0 0 0 0 0 0 0 0 0 0 0 0 0 0 0 0 0 0 0 0 0 0 0 0 0 0 0 0 0 0 0 0 0 0 0 0 0 0 0 0 0 0 0 0 0 0 0 0 0 0 0 0 0 0 0 0 0 0 0 0 0 0 0 0 0 0 0 0 0 0 0 0 0 0 0 0 0 0 0 0 
0 0 0 0 0 0 0 0 0 0 0 0 0 0 0 0 0 0 0 0 0 0 0 0 0 0 0 0 0 0 0 0 0 0 0 0 0 0 0 0 0 0 0 0 0 0 0 0 0 0 0 0 0 0 0 0 0 0 0 0 0 0 0 0 0 0 0 0 0 0 0 0 0 0 0 0 0 0 0 0 0 0 0 0 0 0 0 0 0 0 0 0 0 0 0 0 0 0 0 0 0 0 0 0 0 0 0 0 0 0 0 0 0 0 0 0 0 0 0 0 0 0 0 0 0 0 0 0 0 0 0 0 0 0 0 0 0 0 0 0 0 0 0 0 0 0 0 0 0 0 0 0 0 0 0 0 0 0 0 0 0 0 0 0 0 0 0 0 0 0 0 0 0 0 0 0 0 0 0 0 0 0 0 0 0 0 0 0 0 0 0 0 0 0 0 0 0 0 0 114 114 113 112 112 111 110 110 110 112 111 110 110 111 111 111 111 110 110 110 110 110 110 111 111 111 111 111 111 111 111 110 110 110 110 110 110 110 110 109 110 110 111 111 112 112 112 113 113 112 111 112 112 112 111 111 111 111 110 111 111 111 111 110 110 110 109 109 109 109 109 109 108 108 108 108 108 108 108 108 108 108 108 107 107 107 107 107 107 107 107 107 107 107 107 107 107 107 107 107 107 107 107 106 106 107 107 107 107 106 107 107 107 107 107 0 0 0 0 0 0 0 0 0 0 106 105 105 105 105 105 105 0 0 0 0 0 0 104 104 104 104 103 104 104 104 104 104 104 104 0 0 0 0 0 0 0 0 0 0 0 0 0 0 0 0 0 0 0 0 0 0 0 0 0 0 0 0 0 0 0 0 0 0 0 0 0 0 0 0 0 0 0 0 0 0 0 0 0 0 0 0 0 0 0 0 0 0 0 0 0 0 0 0 0 0 0 0 0 0 0 0 0 0 0 0 0 0 0 0 0 0 0 0 0 0 0 0 0 0 0 0 0 0 0 0 0 0 0 0 0 0 0 0 0 0 0 0 0 0 0 0 0 0 0 0 0 0 0 0 0 0 0 0 0 0 0 0 0 0 0 0 0 0 0 0 0 0 0 0 0 0 0 0 0 0 0 0 0 0 0 0 0 0 
0 0 0 0 0 0 0 0 0 0 0 0 0 0 0 0 0 0 0 0 0 0 0 0 0 0 0 0 0 0 0 0 0 0 0 0 0 0 0 0 0 0 0 0 0 0 0 0 0 0 0 0 0 0 0 0 0 0 0 0 0 0 0 0 0 0 0 0 0 0 0 0 0 0 0 0 0 0 0 0 0 0 0 0 0 0 0 0 0 0 0 0 0 0 0 0 0 0 0 0 0 0 0 0 0 0 0 0 0 0 0 0 0 0 0 0 0 0 0 0 0 0 0 0 0 0 0 0 0 0 0 0 0 0 0 0 0 0 0 0 0 0 0 0 0 0 0 0 0 0 0 0 0 0 0 0 0 0 0 0 0 0 0 0 0 0 0 0 0 0 0 0 0 0 0 0 0 0 0 0 0 0 0 0 0 0 0 0 0 0 0 0 0 0 0 0 0 0 0 0 0 114 113 112 113 112 112 112 112 111 110 111 112 112 111 111 110 111 111 110 111 111 111 111 111 111 111 111 111 111 111 111 110 110 110 110 110 110 110 110 110 110 110 110 111 112 113 114 113 113 113 113 112 112 111 111 110 110 111 111 111 111 111 110 110 110 109 109 109 109 109 109 109 109 109 109 109 109 109 109 109 108 108 108 107 107 107 107 107 107 107 107 107 107 107 107 107 108 108 108 107 107 106 107 107 107 107 107 0 0 0 107 107 107 107 0 0 0 0 0 0 0 0 0 106 105 0 0 0 0 0 0 0 0 0 0 0 0 0 0 0 0 104 104 104 104 104 104 0 0 0 0 0 0 0 0 0 0 0 0 0 0 0 0 0 0 0 0 0 0 0 0 0 0 0 0 0 0 0 0 0 0 0 0 0 0 0 0 0 0 0 0 0 0 0 0 0 0 0 0 0 0 0 0 0 0 0 0 0 0 0 0 0 0 0 0 0 0 0 0 0 0 0 0 0 0 0 0 0 0 0 0 0 0 0 0 0 0 0 0 0 0 0 0 0 0 0 0 0 0 0 0 0 0 0 0 0 0 0 0 0 0 0 0 0 0 0 0 0 0 0 0 0 0 0 0 0 0 0 0 0 0 0 0 0 0 0 0 0 0 0 0 0 0 0 0 0 0 0 0 0 0 0 
0 0 0 0 0 0 0 0 0 0 0 0 0 0 0 0 0 0 0 0 0 0 0 0 0 0 0 0 0 0 0 0 0 0 0 0 0 0 0 0 0 0 0 0 0 0 0 0 0 0 0 0 0 0 0 0 0 0 0 0 0 0 0 0 0 0 0 0 0 0 0 0 0 0 0 0 0 0 0 0 0 0 0 0 0 0 0 0 0 0 0 0 0 0 0 0 0 0 0 0 0 0 0 0 0 0 0 0 0 0 0 0 0 0 0 0 0 0 0 0 0 0 0 0 0 0 0 0 0 0 0 0 0 0 0 0 0 0 0 0 0 0 0 0 0 0 0 0 0 0 0 0 0 0 0 0 0 0 0 0 0 0 0 0 0 0 0 0 0 0 0 0 0 0 0 0 0 0 0 0 0 0 0 0 0 0 0 0 0 0 0 0 0 0 0 0 0 0 0 0 0 0 113 113 113 113 112 112 112 112 112 112 112 111 111 111 111 111 111 110 111 111 111 111 111 111 111 111 111 111 111 111 110 110 110 110 110 110 111 111 111 112 111 111 112 112 113 114 114 114 114 114 113 113 112 111 111 111 110 111 111 111 111 110 110 110 110 110 110 110 110 110 111 110 109 109 110 110 110 110 109 108 108 108 108 108 108 107 107 107 107 107 106 107 107 107 107 108 108 108 107 107 107 107 107 107 107 106 0 0 0 0 0 108 108 0 0 0 0 0 0 0 0 0 0 0 0 0 0 0 0 0 0 0 0 0 0 0 0 0 0 0 0 0 0 104 104 0 0 0 0 0 0 0 0 0 0 0 0 0 0 0 0 0 0 0 0 0 0 0 0 0 0 0 0 0 0 0 0 0 0 0 0 0 0 0 0 0 0 0 0 0 0 0 0 0 0 0 0 0 0 0 0 0 0 0 0 0 0 0 0 0 0 0 0 0 0 0 0 0 0 0 0 0 0 0 0 0 0 0 0 0 0 0 0 0 0 0 0 0 0 0 0 0 0 0 0 0 0 0 0 0 0 0 0 0 0 0 0 0 0 0 0 0 0 0 0 0 0 0 0 0 0 0 0 0 0 0 0 0 0 0 0 0 0 0 0 0 0 0 0 0 0 0 0 0 0 0 0 0 0 0 0 
0 0 0 0 0 0 0 0 0 0 0 0 0 0 0 0 0 0 0 0 0 0 0 0 0 0 0 0 0 0 0 0 0 0 0 0 0 0 0 0 0 0 0 0 0 0 0 0 0 0 0 0 0 0 0 0 0 0 0 0 0 0 0 0 0 0 0 0 0 0 0 0 0 0 0 0 0 0 0 0 0 0 0 0 0 0 0 0 0 0 0 0 0 0 0 0 0 0 0 0 0 0 0 0 0 0 0 0 0 0 0 0 0 0 0 0 0 0 0 0 0 0 0 0 0 0 0 0 0 0 0 0 0 0 0 0 0 0 0 0 0 0 0 0 0 0 0 0 0 0 0 0 0 0 0 0 0 0 0 0 0 0 0 0 0 0 0 0 0 0 0 0 0 0 0 0 0 0 0 0 0 0 0 0 0 0 0 0 0 0 0 0 0 0 0 0 0 0 0 0 0 0 114 115 115 115 114 113 112 112 112 112 111 111 111 111 111 111 111 111 111 111 111 111 111 111 111 111 111 111 111 111 110 110 110 110 110 110 110 111 112 112 112 111 112 112 113 113 113 113 113 112 112 112 112 112 112 112 111 111 111 111 111 110 110 110 110 111 110 111 111 111 111 111 110 110 111 111 110 110 110 109 109 108 108 108 108 108 108 107 107 107 106 107 107 107 107 108 107 107 108 107 107 107 107 107 107 0 0 0 0 0 0 0 0 0 0 0 0 0 0 0 0 0 0 0 0 0 0 0 0 0 0 0 0 0 0 0 0 0 0 0 0 0 0 0 0 0 0 0 0 0 0 0 0 0 0 0 0 0 0 0 0 0 0 0 0 0 0 0 0 0 0 0 0 0 0 0 0 0 0 0 0 0 0 0 0 0 0 0 0 0 0 0 0 0 0 0 0 0 0 0 0 0 0 0 0 0 0 0 0 0 0 0 0 0 0 0 0 0 0 0 0 0 0 0 0 0 0 0 0 0 0 0 0 0 0 0 0 0 0 0 0 0 0 0 0 0 0 0 0 0 0 0 0 0 0 0 0 0 0 0 0 0 0 0 0 0 0 0 0 0 0 0 0 0 0 0 0 0 0 0 0 0 0 0 0 0 0 0 0 0 0 0 0 0 0 0 0 0 0 0 0 
0 0 0 0 0 0 0 0 0 0 0 0 0 0 0 0 0 0 0 0 0 0 0 0 0 0 0 0 0 0 0 0 0 0 0 0 0 0 0 0 0 0 0 0 0 0 0 0 0 0 0 0 0 0 0 0 0 0 0 0 0 0 0 0 0 0 0 0 0 0 0 0 0 0 0 0 0 0 0 0 0 0 0 0 0 0 0 0 0 0 0 0 0 0 0 0 0 0 0 0 0 0 0 0 0 0 0 0 0 0 0 0 0 0 0 0 0 0 0 0 0 0 0 0 0 0 0 0 0 0 0 0 0 0 0 0 0 0 0 0 0 0 0 0 0 0 0 0 0 0 0 0 0 0 0 0 0 0 0 0 0 0 0 0 0 0 0 0 0 0 0 0 0 0 0 0 0 0 0 0 0 0 0 0 0 0 0 0 0 0 0 0 0 0 0 0 0 0 0 0 0 0 0 0 116 116 115 114 113 112 112 112 111 111 111 111 111 111 111 112 111 111 111 111 111 111 111 111 111 111 111 111 110 110 111 111 111 111 111 111 112 112 113 112 112 113 114 114 113 112 112 112 112 111 111 112 112 112 111 111 111 111 111 111 111 111 111 111 110 110 110 111 112 112 112 111 112 112 111 111 111 110 109 109 109 109 108 108 108 108 107 107 107 107 107 107 108 108 107 108 108 108 107 107 108 0 0 0 0 0 0 0 0 0 0 0 0 0 0 0 0 0 0 0 0 0 0 0 0 0 0 0 0 0 0 0 0 0 0 0 0 0 0 0 0 0 0 0 0 0 0 0 0 0 0 0 0 0 0 0 0 0 0 0 0 0 0 0 0 0 0 0 0 0 0 0 0 0 0 0 0 0 0 0 0 0 0 0 0 0 0 0 0 0 0 0 0 0 0 0 0 0 0 0 0 0 0 0 0 0 0 0 0 0 0 0 0 0 0 0 0 0 0 0 0 0 0 0 0 0 0 0 0 0 0 0 0 0 0 0 0 0 0 0 0 0 0 0 0 0 0 0 0 0 0 0 0 0 0 0 0 0 0 0 0 0 0 0 0 0 0 0 0 0 0 0 0 0 0 0 0 0 0 0 0 0 0 0 0 0 0 0 0 0 0 0 0 0 0 0 0 0 0 
0 0 0 0 0 0 0 0 0 0 0 0 0 0 0 0 0 0 0 0 0 0 0 0 0 0 0 0 0 0 0 0 0 0 0 0 0 0 0 0 0 0 0 0 0 0 0 0 0 0 0 0 0 0 0 0 0 0 0 0 0 0 0 0 0 0 0 0 0 0 0 0 0 0 0 0 0 0 0 0 0 0 0 0 0 0 0 0 0 0 0 0 0 0 0 0 0 0 0 0 0 0 0 0 0 0 0 0 0 0 0 0 0 0 0 0 0 0 0 0 0 0 0 0 0 0 0 0 0 0 0 0 0 0 0 0 0 0 0 0 0 0 0 0 0 0 0 0 0 0 0 0 0 0 0 0 0 0 0 0 0 0 0 0 0 0 0 0 0 0 0 0 0 0 0 0 0 0 0 0 0 0 0 0 0 0 0 0 0 0 0 0 0 0 0 0 0 0 0 0 0 0 0 0 0 116 115 114 113 112 111 111 111 111 111 111 111 111 111 112 112 111 111 111 112 111 111 111 111 111 111 111 111 111 111 112 112 112 112 112 113 113 113 114 114 114 114 114 113 112 112 111 111 111 111 111 111 111 111 111 111 111 111 111 111 111 111 111 112 112 111 111 112 113 113 113 114 113 112 111 110 110 110 109 109 109 109 109 108 108 108 107 107 107 107 107 107 107 107 108 108 108 108 108 0 0 0 0 0 0 0 0 0 0 0 0 0 0 0 0 0 0 0 0 0 0 0 0 0 0 0 0 0 0 0 0 0 0 0 0 0 0 0 0 0 0 0 0 0 0 0 0 0 0 0 0 0 0 0 0 0 0 0 0 0 0 0 0 0 0 0 0 0 0 0 0 0 0 0 0 0 0 0 0 0 0 0 0 0 0 0 0 0 0 0 0 0 0 0 0 0 0 0 0 0 0 0 0 0 0 0 0 0 0 0 0 0 0 0 0 0 0 0 0 0 0 0 0 0 0 0 0 0 0 0 0 0 0 0 0 0 0 0 0 0 0 0 0 0 0 0 0 0 0 0 0 0 0 0 0 0 0 0 0 0 0 0 0 0 0 0 0 0 0 0 0 0 0 0 0 0 0 0 0 0 0 0 0 0 0 0 0 0 0 0 0 0 0 0 0 0 0 0 
0 0 0 0 0 0 0 0 0 0 0 0 0 0 0 0 0 0 0 0 0 0 0 0 0 0 0 0 0 0 0 0 0 0 0 0 0 0 0 0 0 0 0 0 0 0 0 0 0 0 0 0 0 0 0 0 0 0 0 0 0 0 0 0 0 0 0 0 0 0 0 0 0 0 0 0 0 0 0 0 0 0 0 0 0 0 0 0 0 0 0 0 0 0 0 0 0 0 0 0 0 0 0 0 0 0 0 0 0 0 0 0 0 0 0 0 0 0 0 0 0 0 0 0 0 0 0 0 0 0 0 0 0 0 0 0 0 0 0 0 0 0 0 0 0 0 0 0 0 0 0 0 0 0 0 0 0 0 0 0 0 0 0 0 0 0 0 0 0 0 0 0 0 0 0 0 0 0 0 0 0 0 0 0 0 0 0 0 0 0 0 0 0 0 0 0 0 0 0 0 0 0 0 0 0 115 114 113 112 112 111 112 112 111 111 111 111 111 111 112 112 111 111 112 112 111 111 111 111 111 111 111 110 111 111 112 111 112 112 113 113 113 113 113 113 114 114 114 114 114 113 113 112 112 112 112 111 111 112 112 111 112 111 111 111 112 111 111 112 113 113 112 113 114 0 0 0 0 112 111 110 109 109 109 108 109 109 109 109 108 108 107 107 107 108 107 107 108 107 108 108 108 0 0 0 0 0 0 0 0 0 0 0 0 0 0 0 0 0 0 0 0 0 0 0 0 0 0 0 0 0 0 0 0 0 0 0 0 0 0 0 0 0 0 0 0 0 0 0 0 0 0 0 0 0 0 0 0 0 0 0 0 0 0 0 0 0 0 0 0 0 0 0 0 0 0 0 0 0 0 0 0 0 0 0 0 0 0 0 0 0 0 0 0 0 0 0 0 0 0 0 0 0 0 0 0 0 0 0 0 0 0 0 0 0 0 0 0 0 0 0 0 0 0 0 0 0 0 0 0 0 0 0 0 0 0 0 0 0 0 0 0 0 0 0 0 0 0 0 0 0 0 0 0 0 0 0 0 0 0 0 0 0 0 0 0 0 0 0 0 0 0 0 0 0 0 0 0 0 0 0 0 0 0 0 0 0 0 0 0 0 0 0 0 0 0 0 0 0 0 0 0 0 
0 0 0 0 0 0 0 0 0 0 0 0 0 0 0 0 0 0 0 0 0 0 0 0 0 0 0 0 0 0 0 0 0 0 0 0 0 0 0 0 0 0 0 0 0 0 0 0 0 0 0 0 0 0 0 0 0 0 0 0 0 0 0 0 0 0 0 0 0 0 0 0 0 0 0 0 0 0 0 0 0 0 0 0 0 0 0 0 0 0 0 0 0 0 0 0 0 0 0 0 0 0 0 0 0 0 0 0 0 0 0 0 0 0 0 0 0 0 0 0 0 0 0 0 0 0 0 0 0 0 0 0 0 0 0 0 0 0 0 0 0 0 0 0 0 0 0 0 0 0 0 0 0 0 0 0 0 0 0 0 0 0 0 0 0 0 0 0 0 0 0 0 0 0 0 0 0 0 0 0 0 0 0 0 0 0 0 0 0 0 0 0 0 0 0 0 0 0 0 0 0 0 0 0 0 114 113 112 112 111 111 111 112 111 111 111 111 112 112 111 111 111 111 111 111 111 111 111 111 111 111 111 111 111 110 111 111 112 113 114 114 114 112 112 113 113 114 115 115 115 115 115 114 114 113 113 113 113 112 112 112 112 112 111 111 112 113 112 113 114 114 114 114 0 0 0 0 0 0 0 0 0 109 109 108 109 109 109 109 109 108 108 107 107 108 107 108 108 108 108 108 108 0 0 0 0 0 0 0 0 0 0 0 0 0 0 0 0 0 0 0 0 0 0 0 0 0 0 0 0 0 0 0 0 0 0 0 0 0 0 0 0 0 0 0 0 0 0 0 0 0 0 0 0 0 0 0 0 0 0 0 0 0 0 0 0 0 0 0 0 0 0 0 0 0 0 0 0 0 0 0 0 0 0 0 0 0 0 0 0 0 0 0 0 0 0 0 0 0 0 0 0 0 0 0 0 0 0 0 0 0 0 0 0 0 0 0 0 0 0 0 0 0 0 0 0 0 0 0 0 0 0 0 0 0 0 0 0 0 0 0 0 0 0 0 0 0 0 0 0 0 0 0 0 0 0 0 0 0 0 0 0 0 0 0 0 0 0 0 0 0 0 0 0 0 0 0 0 0 0 0 0 0 0 0 0 0 0 0 0 0 0 0 0 0 0 0 0 0 0 0 0 0 
0 0 0 0 0 0 0 0 0 0 0 0 0 0 0 0 0 0 0 0 0 0 0 0 0 0 0 0 0 0 0 0 0 0 0 0 0 0 0 0 0 0 0 0 0 0 0 0 0 0 0 0 0 0 0 0 0 0 0 0 0 0 0 0 0 0 0 0 0 0 0 0 0 0 0 0 0 0 0 0 0 0 0 0 0 0 0 0 0 0 0 0 0 0 0 0 0 0 0 0 0 0 0 0 0 0 0 0 0 0 0 0 0 0 0 0 0 0 0 0 0 0 0 0 0 0 0 0 0 0 0 0 0 0 0 0 0 0 0 0 0 0 0 0 0 0 0 0 0 0 0 0 0 0 0 0 0 0 0 0 0 0 0 0 0 0 0 0 0 0 0 0 0 0 0 0 0 0 0 0 0 0 0 0 0 0 0 0 0 0 0 0 0 0 0 0 0 0 0 0 0 0 0 0 0 0 112 112 112 112 112 111 111 111 112 112 112 112 112 111 111 111 111 111 111 111 111 111 111 111 112 111 111 112 112 112 111 111 112 112 112 113 112 112 112 112 112 113 113 113 113 113 113 114 114 114 114 114 113 112 112 112 112 113 112 113 114 114 115 115 0 0 0 0 0 0 0 0 0 0 0 0 109 109 109 109 109 109 109 109 108 108 107 106 107 107 108 108 108 108 108 108 0 0 0 0 0 0 0 0 0 0 0 0 0 0 0 0 0 0 0 0 0 0 0 0 0 0 0 0 0 0 0 0 0 0 0 0 0 0 0 0 0 0 0 0 0 0 0 0 0 0 0 0 0 0 0 0 0 0 0 0 0 0 0 0 0 0 0 0 0 0 0 0 0 0 0 0 0 0 0 0 0 0 0 0 0 0 0 0 0 0 0 0 0 0 0 0 0 0 0 0 0 0 0 0 0 0 0 0 0 0 0 0 0 0 0 0 0 0 0 0 0 0 0 0 0 0 0 0 0 0 0 0 0 0 0 0 0 0 0 0 0 0 0 0 0 0 0 0 0 0 0 0 0 0 0 0 0 0 0 0 0 0 0 0 0 0 0 0 0 0 0 0 0 0 0 0 0 0 0 0 0 0 0 0 0 0 0 0 0 0 0 0 0 0 0 0 0 0 0 0 0 
0 0 0 0 0 0 0 0 0 0 0 0 0 0 0 0 0 0 0 0 0 0 0 0 0 0 0 0 0 0 0 0 0 0 0 0 0 0 0 0 0 0 0 0 0 0 0 0 0 0 0 0 0 0 0 0 0 0 0 0 0 0 0 0 0 0 0 0 0 0 0 0 0 0 0 0 0 0 0 0 0 0 0 0 0 0 0 0 0 0 0 0 0 0 0 0 0 0 0 0 0 0 0 0 0 0 0 0 0 0 0 0 0 0 0 0 0 0 0 0 0 0 0 0 0 0 0 0 0 0 0 0 0 0 0 0 0 0 0 0 0 0 0 0 0 0 0 0 0 0 0 0 0 0 0 0 0 0 0 0 0 0 0 0 0 0 0 0 0 0 0 0 0 0 0 0 0 0 0 0 0 0 0 0 0 0 0 0 0 0 0 0 0 0 0 0 0 0 0 0 0 0 0 0 0 0 112 112 112 112 112 111 111 112 112 112 112 112 112 111 111 111 111 111 111 111 111 112 112 112 112 113 113 112 112 112 112 111 111 111 111 112 111 111 111 112 112 111 111 112 112 112 112 112 112 112 113 114 113 113 113 113 113 113 114 113 114 115 115 0 0 0 0 0 0 0 0 0 0 0 0 0 109 109 109 109 109 109 109 109 109 107 107 106 107 107 107 107 107 107 107 0 0 0 0 0 0 0 0 0 0 0 0 0 0 0 0 0 0 0 0 0 0 0 0 0 0 0 0 0 0 0 0 0 0 0 0 0 0 0 0 0 0 0 0 0 0 0 0 0 0 0 0 0 0 0 0 0 0 0 0 0 0 0 0 0 0 0 0 0 0 0 0 0 0 0 0 0 0 0 0 0 0 0 0 0 0 0 0 0 0 0 0 0 0 0 0 0 0 0 0 0 0 0 0 0 0 0 0 0 0 0 0 0 0 0 0 0 0 0 0 0 0 0 0 0 0 0 0 0 0 0 0 0 0 0 0 0 0 0 0 0 0 0 0 0 0 0 0 0 0 0 0 0 0 0 0 0 0 0 0 0 0 0 0 0 0 0 0 0 0 0 0 0 0 0 0 0 0 0 0 0 0 0 0 0 0 0 0 0 0 0 0 0 0 0 0 0 0 0 0 0 0 
0 0 0 0 0 0 0 0 0 0 0 0 0 0 0 0 0 0 0 0 0 0 0 0 0 0 0 0 0 0 0 0 0 0 0 0 0 0 0 0 0 0 0 0 0 0 0 0 0 0 0 0 0 0 0 0 0 0 0 0 0 0 0 0 0 0 0 0 0 0 0 0 0 0 0 0 0 0 0 0 0 0 0 0 0 0 0 0 0 0 0 0 0 0 0 0 0 0 0 0 0 0 0 0 0 0 0 0 0 0 0 0 0 0 0 0 0 0 0 0 0 0 0 0 0 0 0 0 0 0 0 0 0 0 0 0 0 0 0 0 0 0 0 0 0 0 0 0 0 0 0 0 0 0 0 0 0 0 0 0 0 0 0 0 0 0 0 0 0 0 0 0 0 0 0 0 0 0 0 0 0 0 0 0 0 0 0 0 0 0 0 0 0 0 0 0 0 0 0 0 0 0 0 0 0 0 0 112 111 111 111 111 111 111 112 112 112 112 112 112 112 112 112 112 111 111 111 111 112 112 113 114 113 113 112 112 113 112 112 111 111 112 111 111 111 111 111 111 111 111 112 112 112 112 112 113 113 113 113 113 113 114 114 114 114 114 115 116 0 0 0 0 0 0 0 0 0 0 0 0 0 0 0 109 109 109 110 109 108 108 108 107 107 107 107 106 107 107 107 107 0 0 0 0 0 0 0 0 0 0 0 0 0 0 0 0 0 0 0 0 0 0 0 0 0 0 0 0 0 0 0 0 0 0 0 0 0 0 0 0 0 0 0 0 0 0 0 0 0 0 0 0 0 0 0 0 0 0 0 0 0 0 0 0 0 0 0 0 0 0 0 0 0 0 0 0 0 0 0 0 0 0 0 0 0 0 0 0 0 0 0 0 0 0 0 0 0 0 0 0 0 0 0 0 0 0 0 0 0 0 0 0 0 0 0 0 0 0 0 0 0 0 0 0 0 0 0 0 0 0 0 0 0 0 0 0 0 0 0 0 0 0 0 0 0 0 0 0 0 0 0 0 0 0 0 0 0 0 0 0 0 0 0 0 0 0 0 0 0 0 0 0 0 0 0 0 0 0 0 0 0 0 0 0 0 0 0 0 0 0 0 0 0 0 0 0 0 0 0 0 0 0 0 
0 0 0 0 0 0 0 0 0 0 0 0 0 0 0 0 0 0 0 0 0 0 0 0 0 0 0 0 0 0 0 0 0 0 0 0 0 0 0 0 0 0 0 0 0 0 0 0 0 0 0 0 0 0 0 0 0 0 0 0 0 0 0 0 0 0 0 0 0 0 0 0 0 0 0 0 0 0 0 0 0 0 0 0 0 0 0 0 0 0 0 0 0 0 0 0 0 0 0 0 0 0 0 0 0 0 0 0 0 0 0 0 0 0 0 0 0 0 0 0 0 0 0 0 0 0 0 0 0 0 0 0 0 0 0 0 0 0 0 0 0 0 0 0 0 0 0 0 0 0 0 0 0 0 0 0 0 0 0 0 0 0 0 0 0 0 0 0 0 0 0 0 0 0 0 0 0 0 0 0 0 0 0 0 0 0 0 0 0 0 0 0 0 0 0 0 0 0 0 0 0 0 0 0 0 0 0 111 112 112 112 112 112 111 111 111 112 112 112 112 112 112 112 112 112 111 111 112 111 112 112 112 113 113 114 113 113 113 113 112 112 112 112 112 112 112 112 112 112 112 112 113 113 113 113 114 114 114 114 114 115 114 115 115 116 116 0 0 0 0 0 0 0 0 0 0 0 0 0 0 0 0 0 0 109 110 110 110 109 109 109 109 108 108 107 106 106 107 107 107 0 0 0 0 0 0 0 0 0 0 0 0 0 0 0 0 0 0 0 0 0 0 0 0 0 0 0 0 0 0 0 0 0 0 0 0 0 0 0 0 0 0 0 0 0 0 0 0 0 0 0 0 0 0 0 0 0 0 0 0 0 0 0 0 0 0 0 0 0 0 0 0 0 0 0 0 0 0 0 0 0 0 0 0 0 0 0 0 0 0 0 0 0 0 0 0 0 0 0 0 0 0 0 0 0 0 0 0 0 0 0 0 0 0 0 0 0 0 0 0 0 0 0 0 0 0 0 0 0 0 0 0 0 0 0 0 0 0 0 0 0 0 0 0 0 0 0 0 0 0 0 0 0 0 0 0 0 0 0 0 0 0 0 0 0 0 0 0 0 0 0 0 0 0 0 0 0 0 0 0 0 0 0 0 0 0 0 0 0 0 0 0 0 0 0 0 0 0 0 0 0 0 0 
0 0 0 0 0 0 0 0 0 0 0 0 0 0 0 0 0 0 0 0 0 0 0 0 0 0 0 0 0 0 0 0 0 0 0 0 0 0 0 0 0 0 0 0 0 0 0 0 0 0 0 0 0 0 0 0 0 0 0 0 0 0 0 0 0 0 0 0 0 0 0 0 0 0 0 0 0 0 0 0 0 0 0 0 0 0 0 0 0 0 0 0 0 0 0 0 0 0 0 0 0 0 0 0 0 0 0 0 0 0 0 0 0 0 0 0 0 0 0 0 0 0 0 0 0 0 0 0 0 0 0 0 0 0 0 0 0 0 0 0 0 0 0 0 0 0 0 0 0 0 0 0 0 0 0 0 0 0 0 0 0 0 0 0 0 0 0 0 0 0 0 0 0 0 0 0 0 0 0 0 0 0 0 0 0 0 0 0 0 0 0 0 0 0 0 0 0 0 0 0 0 0 0 0 0 0 0 0 112 112 112 113 112 113 113 113 113 112 113 114 113 113 113 113 113 112 112 113 112 112 112 113 113 114 115 114 114 113 112 113 113 112 112 113 113 113 113 113 113 113 113 113 114 114 114 115 115 115 115 115 116 116 117 117 117 0 0 0 0 0 0 0 0 0 0 0 0 0 0 0 0 0 0 0 0 109 109 110 109 109 109 109 109 109 109 108 107 106 107 107 0 0 0 0 0 0 0 0 0 0 0 0 0 0 0 0 0 0 0 0 0 0 0 0 0 0 0 0 0 0 0 0 0 0 0 0 0 0 0 0 0 0 0 0 0 0 0 0 0 0 0 0 0 0 0 0 0 0 0 0 0 0 0 0 0 0 0 0 0 0 0 0 0 0 0 0 0 0 0 0 0 0 0 0 0 0 0 0 0 0 0 0 0 0 0 0 0 0 0 0 0 0 0 0 0 0 0 0 0 0 0 0 0 0 0 0 0 0 0 0 0 0 0 0 0 0 0 0 0 0 0 0 0 0 0 0 0 0 0 0 0 0 0 0 0 0 0 0 0 0 0 0 0 0 0 0 0 0 0 0 0 0 0 0 0 0 0 0 0 0 0 0 0 0 0 0 0 0 0 0 0 0 0 0 0 0 0 0 0 0 0 0 0 0 0 0 0 0 0 0 0 0 0 
0 0 0 0 0 0 0 0 0 0 0 0 0 0 0 0 0 0 0 0 0 0 0 0 0 0 0 0 0 0 0 0 0 0 0 0 0 0 0 0 0 0 0 0 0 0 0 0 0 0 0 0 0 0 0 0 0 0 0 0 0 0 0 0 0 0 0 0 0 0 0 0 0 0 0 0 0 0 0 0 0 0 0 0 0 0 0 0 0 0 0 0 0 0 0 0 0 0 0 0 0 0 0 0 0 0 0 0 0 0 0 0 0 0 0 0 0 0 0 0 0 0 0 0 0 0 0 0 0 0 0 0 0 0 0 0 0 0 0 0 0 0 0 0 0 0 0 0 0 0 0 0 0 0 0 0 0 0 0 0 0 0 0 0 0 0 0 0 0 0 0 0 0 0 0 0 0 0 0 0 0 0 0 0 0 0 0 0 0 0 0 0 0 0 0 0 0 0 0 0 0 0 0 0 0 0 0 0 0 113 114 113 113 114 114 114 114 114 114 114 114 114 114 114 115 114 114 114 114 113 113 113 114 115 115 115 114 113 113 114 114 113 112 112 112 113 113 113 114 114 114 114 116 116 116 117 117 116 117 117 118 117 0 0 0 0 0 0 0 0 0 0 0 0 0 0 0 0 0 0 0 0 0 0 0 0 109 109 109 109 109 109 108 108 108 107 107 107 107 0 0 0 0 0 0 0 0 0 0 0 0 0 0 0 0 0 0 0 0 0 0 0 0 0 0 0 0 0 0 0 0 0 0 0 0 0 0 0 0 0 0 0 0 0 0 0 0 0 0 0 0 0 0 0 0 0 0 0 0 0 0 0 0 0 0 0 0 0 0 0 0 0 0 0 0 0 0 0 0 0 0 0 0 0 0 0 0 0 0 0 0 0 0 0 0 0 0 0 0 0 0 0 0 0 0 0 0 0 0 0 0 0 0 0 0 0 0 0 0 0 0 0 0 0 0 0 0 0 0 0 0 0 0 0 0 0 0 0 0 0 0 0 0 0 0 0 0 0 0 0 0 0 0 0 0 0 0 0 0 0 0 0 0 0 0 0 0 0 0 0 0 0 0 0 0 0 0 0 0 0 0 0 0 0 0 0 0 0 0 0 0 0 0 0 0 0 0 0 0 0 0 0 0 
0 0 0 0 0 0 0 0 0 0 0 0 0 0 0 0 0 0 0 0 0 0 0 0 0 0 0 0 0 0 0 0 0 0 0 0 0 0 0 0 0 0 0 0 0 0 0 0 0 0 0 0 0 0 0 0 0 0 0 0 0 0 0 0 0 0 0 0 0 0 0 0 0 0 0 0 0 0 0 0 0 0 0 0 0 0 0 0 0 0 0 0 0 0 0 0 0 0 0 0 0 0 0 0 0 0 0 0 0 0 0 0 0 0 0 0 0 0 0 0 0 0 0 0 0 0 0 0 0 0 0 0 0 0 0 0 0 0 0 0 0 0 0 0 0 0 0 0 0 0 0 0 0 0 0 0 0 0 0 0 0 0 0 0 0 0 0 0 0 0 0 0 0 0 0 0 0 0 0 0 0 0 0 0 0 0 0 0 0 0 0 0 0 0 0 0 0 0 0 0 0 0 0 0 0 0 0 0 0 114 114 114 115 115 115 115 115 115 115 115 115 115 115 115 115 115 115 116 116 115 115 115 115 115 115 115 115 114 113 114 115 114 113 113 112 113 113 114 115 116 116 117 117 117 117 0 0 118 0 0 0 0 0 0 0 0 0 0 0 0 0 0 0 0 0 0 0 0 0 0 0 0 0 0 0 0 0 109 109 109 109 109 109 108 108 108 107 107 0 0 0 0 0 0 0 0 0 0 0 0 0 0 0 0 0 0 0 0 0 0 0 0 0 0 0 0 0 0 0 0 0 0 0 0 0 0 0 0 0 0 0 0 0 0 0 0 0 0 0 0 0 0 0 0 0 0 0 0 0 0 0 0 0 0 0 0 0 0 0 0 0 0 0 0 0 0 0 0 0 0 0 0 0 0 0 0 0 0 0 0 0 0 0 0 0 0 0 0 0 0 0 0 0 0 0 0 0 0 0 0 0 0 0 0 0 0 0 0 0 0 0 0 0 0 0 0 0 0 0 0 0 0 0 0 0 0 0 0 0 0 0 0 0 0 0 0 0 0 0 0 0 0 0 0 0 0 0 0 0 0 0 0 0 0 0 0 0 0 0 0 0 0 0 0 0 0 0 0 0 0 0 0 0 0 0 0 0 0 0 0 0 0 0 0 0 0 0 0 0 0 0 0 0 
0 0 0 0 0 0 0 0 0 0 0 0 0 0 0 0 0 0 0 0 0 0 0 0 0 0 0 0 0 0 0 0 0 0 0 0 0 0 0 0 0 0 0 0 0 0 0 0 0 0 0 0 0 0 0 0 0 0 0 0 0 0 0 0 0 0 0 0 0 0 0 0 0 0 0 0 0 0 0 0 0 0 0 0 0 0 0 0 0 0 0 0 0 0 0 0 0 0 0 0 0 0 0 0 0 0 0 0 0 0 0 0 0 0 0 0 0 0 0 0 0 0 0 0 0 0 0 0 0 0 0 0 0 0 0 0 0 0 0 0 0 0 0 0 0 0 0 0 0 0 0 0 0 0 0 0 0 0 0 0 0 0 0 0 0 0 0 0 0 0 0 0 0 0 0 0 0 0 0 0 0 0 0 0 0 0 0 0 0 0 0 0 0 0 0 0 0 0 0 0 0 0 0 0 0 0 0 0 0 0 115 115 115 115 116 116 116 115 115 115 115 116 116 116 116 116 116 116 116 115 115 115 115 115 115 116 116 115 114 114 115 115 114 114 113 113 113 113 114 115 115 117 118 118 0 0 0 0 0 0 0 0 0 0 0 0 0 0 0 0 0 0 0 0 0 0 0 0 0 0 0 0 0 0 0 0 0 0 109 109 109 109 109 109 109 108 108 107 107 0 0 0 0 0 0 0 0 0 0 0 0 0 0 0 0 0 0 0 0 0 0 0 0 0 0 0 0 0 0 0 0 0 0 0 0 0 0 0 0 0 0 0 0 0 0 0 0 0 0 0 0 0 0 0 0 0 0 0 0 0 0 0 0 0 0 0 0 0 0 0 0 0 0 0 0 0 0 0 0 0 0 0 0 0 0 0 0 0 0 0 0 0 0 0 0 0 0 0 0 0 0 0 0 0 0 0 0 0 0 0 0 0 0 0 0 0 0 0 0 0 0 0 0 0 0 0 0 0 0 0 0 0 0 0 0 0 0 0 0 0 0 0 0 0 0 0 0 0 0 0 0 0 0 0 0 0 0 0 0 0 0 0 0 0 0 0 0 0 0 0 0 0 0 0 0 0 0 0 0 0 0 0 0 0 0 0 0 0 0 0 0 0 0 0 0 0 0 0 0 0 0 0 0 
0 0 0 0 0 0 0 0 0 0 0 0 0 0 0 0 0 0 0 0 0 0 0 0 0 0 0 0 0 0 0 0 0 0 0 0 0 0 0 0 0 0 0 0 0 0 0 0 0 0 0 0 0 0 0 0 0 0 0 0 0 0 0 0 0 0 0 0 0 0 0 0 0 0 0 0 0 0 0 0 0 0 0 0 0 0 0 0 0 0 0 0 0 0 0 0 0 0 0 0 0 0 0 0 0 0 0 0 0 0 0 0 0 0 0 0 0 0 0 0 0 0 0 0 0 0 0 0 0 0 0 0 0 0 0 0 0 0 0 0 0 0 0 0 0 0 0 0 0 0 0 0 0 0 0 0 0 0 0 0 0 0 0 0 0 0 0 0 0 0 0 0 0 0 0 0 0 0 0 0 0 0 0 0 0 0 0 0 0 0 0 0 0 0 0 0 0 0 0 0 0 0 0 0 0 0 0 0 0 0 116 116 117 117 117 116 116 115 115 115 116 116 116 116 116 116 116 115 115 115 115 115 115 115 115 116 116 116 115 114 115 116 115 114 114 114 114 114 115 115 115 117 0 0 0 0 0 0 0 0 0 0 0 0 0 0 0 0 0 0 0 0 0 0 0 0 0 0 0 0 0 0 0 0 0 0 0 0 109 109 109 109 109 109 109 109 108 108 108 107 0 0 0 0 0 0 0 0 0 0 0 0 0 0 0 0 0 0 0 0 0 0 0 0 0 0 0 0 0 0 0 0 0 0 0 0 0 0 0 0 0 0 0 0 0 0 0 0 0 0 0 0 0 0 0 0 0 0 0 0 0 0 0 0 0 0 0 0 0 0 0 0 0 0 0 0 0 0 0 0 0 0 0 0 0 0 0 0 0 0 0 0 0 0 0 0 0 0 0 0 0 0 0 0 0 0 0 0 0 0 0 0 0 0 0 0 0 0 0 0 0 0 0 0 0 0 0 0 0 0 0 0 0 0 0 0 0 0 0 0 0 0 0 0 0 0 0 0 0 0 0 0 0 0 0 0 0 0 0 0 0 0 0 0 0 0 0 0 0 0 0 0 0 0 0 0 0 0 0 0 0 0 0 0 0 0 0 0 0 0 0 0 0 0 0 0 0 0 0 0 0 0 0 
0 0 0 0 0 0 0 0 0 0 0 0 0 0 0 0 0 0 0 0 0 0 0 0 0 0 0 0 0 0 0 0 0 0 0 0 0 0 0 0 0 0 0 0 0 0 0 0 0 0 0 0 0 0 0 0 0 0 0 0 0 0 0 0 0 0 0 0 0 0 0 0 0 0 0 0 0 0 0 0 0 0 0 0 0 0 0 0 0 0 0 0 0 0 0 0 0 0 0 0 0 0 0 0 0 0 0 0 0 0 0 0 0 0 0 0 0 0 0 0 0 0 0 0 0 0 0 0 0 0 0 0 0 0 0 0 0 0 0 0 0 0 0 0 0 0 0 0 0 0 0 0 0 0 0 0 0 0 0 0 0 0 0 0 0 0 0 0 0 0 0 0 0 0 0 0 0 0 0 0 0 0 0 0 0 0 0 0 0 0 0 0 0 0 0 0 0 0 0 0 0 0 0 0 0 0 0 0 0 0 117 118 118 117 117 117 116 115 115 115 116 116 116 116 116 116 116 116 115 115 116 116 116 116 116 116 116 116 115 115 115 115 116 115 116 116 115 115 116 116 117 0 0 0 0 0 0 0 0 0 0 0 0 0 0 0 0 0 0 0 0 0 0 0 0 0 0 0 0 0 0 0 0 0 0 0 0 0 109 109 109 109 109 109 109 109 109 109 108 107 0 0 0 0 0 0 0 0 0 0 0 0 0 0 0 0 0 0 0 0 0 0 0 0 0 0 0 0 0 0 0 0 0 0 0 0 0 0 0 0 0 0 0 0 0 0 0 0 0 0 0 0 0 0 0 0 0 0 0 0 0 0 0 0 0 0 0 0 0 0 0 0 0 0 0 0 0 0 0 0 0 0 0 0 0 0 0 0 0 0 0 0 0 0 0 0 0 0 0 0 0 0 0 0 0 0 0 0 0 0 0 0 0 0 0 0 0 0 0 0 0 0 0 0 0 0 0 0 0 0 0 0 0 0 0 0 0 0 0 0 0 0 0 0 0 0 0 0 0 0 0 0 0 0 0 0 0 0 0 0 0 0 0 0 0 0 0 0 0 0 0 0 0 0 0 0 0 0 0 0 0 0 0 0 0 0 0 0 0 0 0 0 0 0 0 0 0 0 0 0 0 0 0 
0 0 0 0 0 0 0 0 0 0 0 0 0 0 0 0 0 0 0 0 0 0 0 0 0 0 0 0 0 0 0 0 0 0 0 0 0 0 0 0 0 0 0 0 0 0 0 0 0 0 0 0 0 0 0 0 0 0 0 0 0 0 0 0 0 0 0 0 0 0 0 0 0 0 0 0 0 0 0 0 0 0 0 0 0 0 0 0 0 0 0 0 0 0 0 0 0 0 0 0 0 0 0 0 0 0 0 0 0 0 0 0 0 0 0 0 0 0 0 0 0 0 0 0 0 0 0 0 0 0 0 0 0 0 0 0 0 0 0 0 0 0 0 0 0 0 0 0 0 0 0 0 0 0 0 0 0 0 0 0 0 0 0 0 0 0 0 0 0 0 0 0 0 0 0 0 0 0 0 0 0 0 0 0 0 0 0 0 0 0 0 0 0 0 0 0 0 0 0 0 0 0 0 0 0 0 0 0 0 0 119 119 118 117 117 116 116 116 116 116 116 116 116 116 116 116 116 116 116 116 116 116 116 116 117 117 117 117 116 116 115 116 117 118 118 118 117 117 117 117 0 0 0 0 0 0 0 0 0 0 0 0 0 0 0 0 0 0 0 0 0 0 0 0 0 0 0 0 0 0 0 0 0 0 0 0 0 0 109 109 109 109 109 109 109 109 0 0 0 0 0 0 0 0 0 0 0 0 0 0 0 0 0 0 0 0 0 0 0 0 0 0 0 0 0 0 0 0 0 0 0 0 0 0 0 0 0 0 0 0 0 0 0 0 0 0 0 0 0 0 0 0 0 0 0 0 0 0 0 0 0 0 0 0 0 0 0 0 0 0 0 0 0 0 0 0 0 0 0 0 0 0 0 0 0 0 0 0 0 0 0 0 0 0 0 0 0 0 0 0 0 0 0 0 0 0 0 0 0 0 0 0 0 0 0 0 0 0 0 0 0 0 0 0 0 0 0 0 0 0 0 0 0 0 0 0 0 0 0 0 0 0 0 0 0 0 0 0 0 0 0 0 0 0 0 0 0 0 0 0 0 0 0 0 0 0 0 0 0 0 0 0 0 0 0 0 0 0 0 0 0 0 0 0 0 0 0 0 0 0 0 0 0 0 0 0 0 0 0 0 0 0 0 
0 0 0 0 0 0 0 0 0 0 0 0 0 0 0 0 0 0 0 0 0 0 0 0 0 0 0 0 0 0 0 0 0 0 0 0 0 0 0 0 0 0 0 0 0 0 0 0 0 0 0 0 0 0 0 0 0 0 0 0 0 0 0 0 0 0 0 0 0 0 0 0 0 0 0 0 0 0 0 0 0 0 0 0 0 0 0 0 0 0 0 0 0 0 0 0 0 0 0 0 0 0 0 0 0 0 0 0 0 0 0 0 0 0 0 0 0 0 0 0 0 0 0 0 0 0 0 0 0 0 0 0 0 0 0 0 0 0 0 0 0 0 0 0 0 0 0 0 0 0 0 0 0 0 0 0 0 0 0 0 0 0 0 0 0 0 0 0 0 0 0 0 0 0 0 0 0 0 0 0 0 0 0 0 0 0 0 0 0 0 0 0 0 0 0 0 0 0 0 0 0 0 0 0 0 0 0 0 0 0 119 119 118 116 116 116 116 116 116 116 116 116 116 116 116 116 116 116 116 116 116 116 117 117 118 118 118 118 117 117 116 117 119 0 0 0 0 0 0 0 0 0 0 0 0 0 0 0 0 0 0 0 0 0 0 0 0 0 0 0 0 0 0 0 0 0 0 0 0 0 0 0 0 0 0 0 0 0 0 0 109 109 109 109 0 0 0 0 0 0 0 0 0 0 0 0 0 0 0 0 0 0 0 0 0 0 0 0 0 0 0 0 0 0 0 0 0 0 0 0 0 0 0 0 0 0 0 0 0 0 0 0 0 0 0 0 0 0 0 0 0 0 0 0 0 0 0 0 0 0 0 0 0 0 0 0 0 0 0 0 0 0 0 0 0 0 0 0 0 0 0 0 0 0 0 0 0 0 0 0 0 0 0 0 0 0 0 0 0 0 0 0 0 0 0 0 0 0 0 0 0 0 0 0 0 0 0 0 0 0 0 0 0 0 0 0 0 0 0 0 0 0 0 0 0 0 0 0 0 0 0 0 0 0 0 0 0 0 0 0 0 0 0 0 0 0 0 0 0 0 0 0 0 0 0 0 0 0 0 0 0 0 0 0 0 0 0 0 0 0 0 0 0 0 0 0 0 0 0 0 0 0 0 0 0 0 0 0 0 0 0 0 0 
0 0 0 0 0 0 0 0 0 0 0 0 0 0 0 0 0 0 0 0 0 0 0 0 0 0 0 0 0 0 0 0 0 0 0 0 0 0 0 0 0 0 0 0 0 0 0 0 0 0 0 0 0 0 0 0 0 0 0 0 0 0 0 0 0 0 0 0 0 0 0 0 0 0 0 0 0 0 0 0 0 0 0 0 0 0 0 0 0 0 0 0 0 0 0 0 0 0 0 0 0 0 0 0 0 0 0 0 0 0 0 0 0 0 0 0 0 0 0 0 0 0 0 0 0 0 0 0 0 0 0 0 0 0 0 0 0 0 0 0 0 0 0 0 0 0 0 0 0 0 0 0 0 0 0 0 0 0 0 0 0 0 0 0 0 0 0 0 0 0 0 0 0 0 0 0 0 0 0 0 0 0 0 0 0 0 0 0 0 0 0 0 0 0 0 0 0 0 0 0 0 0 0 0 0 0 0 0 0 120 120 120 118 117 116 115 116 116 117 116 116 116 117 117 117 116 116 117 117 117 117 117 117 118 119 119 119 119 118 118 118 119 0 0 0 0 0 0 0 0 0 0 0 0 0 0 0 0 0 0 0 0 0 0 0 0 0 0 0 0 0 0 0 0 0 0 0 0 0 0 0 0 0 0 0 0 0 0 0 0 0 0 0 0 0 0 0 0 0 0 0 0 0 0 0 0 0 0 0 0 0 0 0 0 0 0 0 0 0 0 0 0 0 0 0 0 0 0 0 0 0 0 0 0 0 0 0 0 0 0 0 0 0 0 0 0 0 0 0 0 0 0 0 0 0 0 0 0 0 0 0 0 0 0 0 0 0 0 0 0 0 0 0 0 0 0 0 0 0 0 0 0 0 0 0 0 0 0 0 0 0 0 0 0 0 0 0 0 0 0 0 0 0 0 0 0 0 0 0 0 0 0 0 0 0 0 0 0 0 0 0 0 0 0 0 0 0 0 0 0 0 0 0 0 0 0 0 0 0 0 0 0 0 0 0 0 0 0 0 0 0 0 0 0 0 0 0 0 0 0 0 0 0 0 0 0 0 0 0 0 0 0 0 0 0 0 0 0 0 0 0 0 0 0 0 0 0 0 0 0 0 0 0 0 0 0 0 0 0 0 0 0 0 
0 0 0 0 0 0 0 0 0 0 0 0 0 0 0 0 0 0 0 0 0 0 0 0 0 0 0 0 0 0 0 0 0 0 0 0 0 0 0 0 0 0 0 0 0 0 0 0 0 0 0 0 0 0 0 0 0 0 0 0 0 0 0 0 0 0 0 0 0 0 0 0 0 0 0 0 0 0 0 0 0 0 0 0 0 0 0 0 0 0 0 0 0 0 0 0 0 0 0 0 0 0 0 0 0 0 0 0 0 0 0 0 0 0 0 0 0 0 0 0 0 0 0 0 0 0 0 0 0 0 0 0 0 0 0 0 0 0 0 0 0 0 0 0 0 0 0 0 0 0 0 0 0 0 0 0 0 0 0 0 0 0 0 0 0 0 0 0 0 0 0 0 0 0 0 0 0 0 0 0 0 0 0 0 0 0 0 0 0 0 0 0 0 0 0 0 0 0 0 0 0 0 0 0 0 0 0 0 0 120 120 119 117 116 116 115 115 116 116 116 116 115 116 116 116 116 116 116 117 117 117 118 118 117 119 119 0 0 0 0 0 0 0 0 0 0 0 0 0 0 0 0 0 0 0 0 0 0 0 0 0 0 0 0 0 0 0 0 0 0 0 0 0 0 0 0 0 0 0 0 0 0 0 0 0 0 0 0 0 0 0 0 0 0 0 0 0 0 0 0 0 0 0 0 0 0 0 0 0 0 0 0 0 0 0 0 0 0 0 0 0 0 0 0 0 0 0 0 0 0 0 0 0 0 0 0 0 0 0 0 0 0 0 0 0 0 0 0 0 0 0 0 0 0 0 0 0 0 0 0 0 0 0 0 0 0 0 0 0 0 0 0 0 0 0 0 0 0 0 0 0 0 0 0 0 0 0 0 0 0 0 0 0 0 0 0 0 0 0 0 0 0 0 0 0 0 0 0 0 0 0 0 0 0 0 0 0 0 0 0 0 0 0 0 0 0 0 0 0 0 0 0 0 0 0 0 0 0 0 0 0 0 0 0 0 0 0 0 0 0 0 0 0 0 0 0 0 0 0 0 0 0 0 0 0 0 0 0 0 0 0 0 0 0 0 0 0 0 0 0 0 0 0 0 0 0 0 0 0 0 0 0 0 0 0 0 0 0 0 0 0 0 0 
0 0 0 0 0 0 0 0 0 0 0 0 0 0 0 0 0 0 0 0 0 0 0 0 0 0 0 0 0 0 0 0 0 0 0 0 0 0 0 0 0 0 0 0 0 0 0 0 0 0 0 0 0 0 0 0 0 0 0 0 0 0 0 0 0 0 0 0 0 0 0 0 0 0 0 0 0 0 0 0 0 0 0 0 0 0 0 0 0 0 0 0 0 0 0 0 0 0 0 0 0 0 0 0 0 0 0 0 0 0 0 0 0 0 0 0 0 0 0 0 0 0 0 0 0 0 0 0 0 0 0 0 0 0 0 0 0 0 0 0 0 0 0 0 0 0 0 0 0 0 0 0 0 0 0 0 0 0 0 0 0 0 0 0 0 0 0 0 0 0 0 0 0 0 0 0 0 0 0 0 0 0 0 0 0 0 0 0 0 0 0 0 0 0 0 0 0 0 0 0 0 0 0 0 0 0 0 0 0 119 118 117 116 116 115 115 116 116 116 116 116 116 116 116 116 117 116 117 117 118 118 119 119 118 119 120 0 0 0 0 0 0 0 0 0 0 0 0 0 0 0 0 0 0 0 0 0 0 0 0 0 0 0 0 0 0 0 0 0 0 0 0 0 0 0 0 0 0 0 0 0 0 0 0 0 0 0 0 0 0 0 0 0 0 0 0 0 0 0 0 0 0 0 0 0 0 0 0 0 0 0 0 0 0 0 0 0 0 0 0 0 0 0 0 0 0 0 0 0 0 0 0 0 0 0 0 0 0 0 0 0 0 0 0 0 0 0 0 0 0 0 0 0 0 0 0 0 0 0 0 0 0 0 0 0 0 0 0 0 0 0 0 0 0 0 0 0 0 0 0 0 0 0 0 0 0 0 0 0 0 0 0 0 0 0 0 0 0 0 0 0 0 0 0 0 0 0 0 0 0 0 0 0 0 0 0 0 0 0 0 0 0 0 0 0 0 0 0 0 0 0 0 0 0 0 0 0 0 0 0 0 0 0 0 0 0 0 0 0 0 0 0 0 0 0 0 0 0 0 0 0 0 0 0 0 0 0 0 0 0 0 0 0 0 0 0 0 0 0 0 0 0 0 0 0 0 0 0 0 0 0 0 0 0 0 0 0 0 0 0 0 0 0 
0 0 0 0 0 0 0 0 0 0 0 0 0 0 0 0 0 0 0 0 0 0 0 0 0 0 0 0 0 0 0 0 0 0 0 0 0 0 0 0 0 0 0 0 0 0 0 0 0 0 0 0 0 0 0 0 0 0 0 0 0 0 0 0 0 0 0 0 0 0 0 0 0 0 0 0 0 0 0 0 0 0 0 0 0 0 0 0 0 0 0 0 0 0 0 0 0 0 0 0 0 0 0 0 0 0 0 0 0 0 0 0 0 0 0 0 0 0 0 0 0 0 0 0 0 0 0 0 0 0 0 0 0 0 0 0 0 0 0 0 0 0 0 0 0 0 0 0 0 0 0 0 0 0 0 0 0 0 0 0 0 0 0 0 0 0 0 0 0 0 0 0 0 0 0 0 0 0 0 0 0 0 0 0 0 0 0 0 0 0 0 0 0 0 0 0 0 0 0 0 0 0 0 0 0 0 0 0 0 0 117 116 116 115 115 116 116 116 116 116 116 116 116 116 117 117 117 117 117 118 119 119 119 119 120 0 0 0 0 0 0 0 0 0 0 0 0 0 0 0 0 0 0 0 0 0 0 0 0 0 0 0 0 0 0 0 0 0 0 0 0 0 0 0 0 0 0 0 0 0 0 0 0 0 0 0 0 0 0 0 0 0 0 0 0 0 0 0 0 0 0 0 0 0 0 0 0 0 0 0 0 0 0 0 0 0 0 0 0 0 0 0 0 0 0 0 0 0 0 0 0 0 0 0 0 0 0 0 0 0 0 0 0 0 0 0 0 0 0 0 0 0 0 0 0 0 0 0 0 0 0 0 0 0 0 0 0 0 0 0 0 0 0 0 0 0 0 0 0 0 0 0 0 0 0 0 0 0 0 0 0 0 0 0 0 0 0 0 0 0 0 0 0 0 0 0 0 0 0 0 0 0 0 0 0 0 0 0 0 0 0 0 0 0 0 0 0 0 0 0 0 0 0 0 0 0 0 0 0 0 0 0 0 0 0 0 0 0 0 0 0 0 0 0 0 0 0 0 0 0 0 0 0 0 0 0 0 0 0 0 0 0 0 0 0 0 0 0 0 0 0 0 0 0 0 0 0 0 0 0 0 0 0 0 0 0 0 0 0 0 0 0 0 
0 0 0 0 0 0 0 0 0 0 0 0 0 0 0 0 0 0 0 0 0 0 0 0 0 0 0 0 0 0 0 0 0 0 0 0 0 0 0 0 0 0 0 0 0 0 0 0 0 0 0 0 0 0 0 0 0 0 0 0 0 0 0 0 0 0 0 0 0 0 0 0 0 0 0 0 0 0 0 0 0 0 0 0 0 0 0 0 0 0 0 0 0 0 0 0 0 0 0 0 0 0 0 0 0 0 0 0 0 0 0 0 0 0 0 0 0 0 0 0 0 0 0 0 0 0 0 0 0 0 0 0 0 0 0 0 0 0 0 0 0 0 0 0 0 0 0 0 0 0 0 0 0 0 0 0 0 0 0 0 0 0 0 0 0 0 0 0 0 0 0 0 0 0 0 0 0 0 0 0 0 0 0 0 0 0 0 0 0 0 0 0 0 0 0 0 0 0 0 0 0 0 0 0 0 0 0 0 0 0 0 0 116 115 116 116 116 117 116 116 116 116 116 117 117 117 117 117 118 118 119 120 120 0 0 0 0 0 0 0 0 0 0 0 0 0 0 0 0 0 0 0 0 0 0 0 0 0 0 0 0 0 0 0 0 0 0 0 0 0 0 0 0 0 0 0 0 0 0 0 0 0 0 0 0 0 0 0 0 0 0 0 0 0 0 0 0 0 0 0 0 0 0 0 0 0 0 0 0 0 0 0 0 0 0 0 0 0 0 0 0 0 0 0 0 0 0 0 0 0 0 0 0 0 0 0 0 0 0 0 0 0 0 0 0 0 0 0 0 0 0 0 0 0 0 0 0 0 0 0 0 0 0 0 0 0 0 0 0 0 0 0 0 0 0 0 0 0 0 0 0 0 0 0 0 0 0 0 0 0 0 0 0 0 0 0 0 0 0 0 0 0 0 0 0 0 0 0 0 0 0 0 0 0 0 0 0 0 0 0 0 0 0 0 0 0 0 0 0 0 0 0 0 0 0 0 0 0 0 0 0 0 0 0 0 0 0 0 0 0 0 0 0 0 0 0 0 0 0 0 0 0 0 0 0 0 0 0 0 0 0 0 0 0 0 0 0 0 0 0 0 0 0 0 0 0 0 0 0 0 0 0 0 0 0 0 0 0 0 0 0 0 0 
0 0 0 0 0 0 0 0 0 0 0 0 0 0 0 0 0 0 0 0 0 0 0 0 0 0 0 0 0 0 0 0 0 0 0 0 0 0 0 0 0 0 0 0 0 0 0 0 0 0 0 0 0 0 0 0 0 0 0 0 0 0 0 0 0 0 0 0 0 0 0 0 0 0 0 0 0 0 0 0 0 0 0 0 0 0 0 0 0 0 0 0 0 0 0 0 0 0 0 0 0 0 0 0 0 0 0 0 0 0 0 0 0 0 0 0 0 0 0 0 0 0 0 0 0 0 0 0 0 0 0 0 0 0 0 0 0 0 0 0 0 0 0 0 0 0 0 0 0 0 0 0 0 0 0 0 0 0 0 0 0 0 0 0 0 0 0 0 0 0 0 0 0 0 0 0 0 0 0 0 0 0 0 0 0 0 0 0 0 0 0 0 0 0 0 0 0 0 0 0 0 0 0 0 0 0 0 0 0 0 0 0 0 115 116 117 117 116 116 116 116 117 117 117 117 117 117 117 118 118 118 119 120 0 0 0 0 0 0 0 0 0 0 0 0 0 0 0 0 0 0 0 0 0 0 0 0 0 0 0 0 0 0 0 0 0 0 0 0 0 0 0 0 0 0 0 0 0 0 0 0 0 0 0 0 0 0 0 0 0 0 0 0 0 0 0 0 0 0 0 0 0 0 0 0 0 0 0 0 0 0 0 0 0 0 0 0 0 0 0 0 0 0 0 0 0 0 0 0 0 0 0 0 0 0 0 0 0 0 0 0 0 0 0 0 0 0 0 0 0 0 0 0 0 0 0 0 0 0 0 0 0 0 0 0 0 0 0 0 0 0 0 0 0 0 0 0 0 0 0 0 0 0 0 0 0 0 0 0 0 0 0 0 0 0 0 0 0 0 0 0 0 0 0 0 0 0 0 0 0 0 0 0 0 0 0 0 0 0 0 0 0 0 0 0 0 0 0 0 0 0 0 0 0 0 0 0 0 0 0 0 0 0 0 0 0 0 0 0 0 0 0 0 0 0 0 0 0 0 0 0 0 0 0 0 0 0 0 0 0 0 0 0 0 0 0 0 0 0 0 0 0 0 0 0 0 0 0 0 0 0 0 0 0 0 0 0 0 0 0 0 0 0 
0 0 0 0 0 0 0 0 0 0 0 0 0 0 0 0 0 0 0 0 0 0 0 0 0 0 0 0 0 0 0 0 0 0 0 0 0 0 0 0 0 0 0 0 0 0 0 0 0 0 0 0 0 0 0 0 0 0 0 0 0 0 0 0 0 0 0 0 0 0 0 0 0 0 0 0 0 0 0 0 0 0 0 0 0 0 0 0 0 0 0 0 0 0 0 0 0 0 0 0 0 0 0 0 0 0 0 0 0 0 0 0 0 0 0 0 0 0 0 0 0 0 0 0 0 0 0 0 0 0 0 0 0 0 0 0 0 0 0 0 0 0 0 0 0 0 0 0 0 0 0 0 0 0 0 0 0 0 0 0 0 0 0 0 0 0 0 0 0 0 0 0 0 0 0 0 0 0 0 0 0 0 0 0 0 0 0 0 0 0 0 0 0 0 0 0 0 0 0 0 0 0 0 0 0 0 0 0 0 0 0 0 0 116 116 117 117 117 116 116 116 117 117 117 117 117 118 118 118 119 119 119 120 0 0 0 0 0 0 0 0 0 0 0 0 0 0 0 0 0 0 0 0 0 0 0 0 0 0 0 0 0 0 0 0 0 0 0 0 0 0 0 0 0 0 0 0 0 0 0 0 0 0 0 0 0 0 0 0 0 0 0 0 0 0 0 0 0 0 0 0 0 0 0 0 0 0 0 0 0 0 0 0 0 0 0 0 0 0 0 0 0 0 0 0 0 0 0 0 0 0 0 0 0 0 0 0 0 0 0 0 0 0 0 0 0 0 0 0 0 0 0 0 0 0 0 0 0 0 0 0 0 0 0 0 0 0 0 0 0 0 0 0 0 0 0 0 0 0 0 0 0 0 0 0 0 0 0 0 0 0 0 0 0 0 0 0 0 0 0 0 0 0 0 0 0 0 0 0 0 0 0 0 0 0 0 0 0 0 0 0 0 0 0 0 0 0 0 0 0 0 0 0 0 0 0 0 0 0 0 0 0 0 0 0 0 0 0 0 0 0 0 0 0 0 0 0 0 0 0 0 0 0 0 0 0 0 0 0 0 0 0 0 0 0 0 0 0 0 0 0 0 0 0 0 0 0 0 0 0 0 0 0 0 0 0 0 0 0 0 0 0 0 
0 0 0 0 0 0 0 0 0 0 0 0 0 0 0 0 0 0 0 0 0 0 0 0 0 0 0 0 0 0 0 0 0 0 0 0 0 0 0 0 0 0 0 0 0 0 0 0 0 0 0 0 0 0 0 0 0 0 0 0 0 0 0 0 0 0 0 0 0 0 0 0 0 0 0 0 0 0 0 0 0 0 0 0 0 0 0 0 0 0 0 0 0 0 0 0 0 0 0 0 0 0 0 0 0 0 0 0 0 0 0 0 0 0 0 0 0 0 0 0 0 0 0 0 0 0 0 0 0 0 0 0 0 0 0 0 0 0 0 0 0 0 0 0 0 0 0 0 0 0 0 0 0 0 0 0 0 0 0 0 0 0 0 0 0 0 0 0 0 0 0 0 0 0 0 0 0 0 0 0 0 0 0 0 0 0 0 0 0 0 0 0 0 0 0 0 0 0 0 0 0 0 0 0 0 0 0 0 0 0 0 0 0 0 117 117 117 117 116 116 116 117 117 118 118 118 118 119 119 120 121 120 121 0 0 0 0 0 0 0 0 0 0 0 0 0 0 0 0 0 0 0 0 0 0 0 0 0 0 0 0 0 0 0 0 0 0 0 0 0 0 0 0 0 0 0 0 0 0 0 0 0 0 0 0 0 0 0 0 0 0 0 0 0 0 0 0 0 0 0 0 0 0 0 0 0 0 0 0 0 0 0 0 0 0 0 0 0 0 0 0 0 0 0 0 0 0 0 0 0 0 0 0 0 0 0 0 0 0 0 0 0 0 0 0 0 0 0 0 0 0 0 0 0 0 0 0 0 0 0 0 0 0 0 0 0 0 0 0 0 0 0 0 0 0 0 0 0 0 0 0 0 0 0 0 0 0 0 0 0 0 0 0 0 0 0 0 0 0 0 0 0 0 0 0 0 0 0 0 0 0 0 0 0 0 0 0 0 0 0 0 0 0 0 0 0 0 0 0 0 0 0 0 0 0 0 0 0 0 0 0 0 0 0 0 0 0 0 0 0 0 0 0 0 0 0 0 0 0 0 0 0 0 0 0 0 0 0 0 0 0 0 0 0 0 0 0 0 0 0 0 0 0 0 0 0 0 0 0 0 0 0 0 0 0 0 0 0 0 0 0 0 0 
0 0 0 0 0 0 0 0 0 0 0 0 0 0 0 0 0 0 0 0 0 0 0 0 0 0 0 0 0 0 0 0 0 0 0 0 0 0 0 0 0 0 0 0 0 0 0 0 0 0 0 0 0 0 0 0 0 0 0 0 0 0 0 0 0 0 0 0 0 0 0 0 0 0 0 0 0 0 0 0 0 0 0 0 0 0 0 0 0 0 0 0 0 0 0 0 0 0 0 0 0 0 0 0 0 0 0 0 0 0 0 0 0 0 0 0 0 0 0 0 0 0 0 0 0 0 0 0 0 0 0 0 0 0 0 0 0 0 0 0 0 0 0 0 0 0 0 0 0 0 0 0 0 0 0 0 0 0 0 0 0 0 0 0 0 0 0 0 0 0 0 0 0 0 0 0 0 0 0 0 0 0 0 0 0 0 0 0 0 0 0 0 0 0 0 0 0 0 0 0 0 0 0 0 0 0 0 0 0 0 0 0 0 0 119 118 118 117 117 117 116 117 117 118 119 119 119 120 120 120 120 121 120 0 0 0 0 0 0 0 0 0 0 0 0 0 0 0 0 0 0 0 0 0 0 0 0 0 0 0 0 0 0 0 0 0 0 0 0 0 0 0 0 0 0 0 0 0 0 0 0 0 0 0 0 0 0 0 0 0 0 0 0 0 0 0 0 0 0 0 0 0 0 0 0 0 0 0 0 0 0 0 0 0 0 0 0 0 0 0 0 0 0 0 0 0 0 0 0 0 0 0 0 0 0 0 0 0 0 0 0 0 0 0 0 0 0 0 0 0 0 0 0 0 0 0 0 0 0 0 0 0 0 0 0 0 0 0 0 0 0 0 0 0 0 0 0 0 0 0 0 0 0 0 0 0 0 0 0 0 0 0 0 0 0 0 0 0 0 0 0 0 0 0 0 0 0 0 0 0 0 0 0 0 0 0 0 0 0 0 0 0 0 0 0 0 0 0 0 0 0 0 0 0 0 0 0 0 0 0 0 0 0 0 0 0 0 0 0 0 0 0 0 0 0 0 0 0 0 0 0 0 0 0 0 0 0 0 0 0 0 0 0 0 0 0 0 0 0 0 0 0 0 0 0 0 0 0 0 0 0 0 0 0 0 0 0 0 0 0 0 0 0 
0 0 0 0 0 0 0 0 0 0 0 0 0 0 0 0 0 0 0 0 0 0 0 0 0 0 0 0 0 0 0 0 0 0 0 0 0 0 0 0 0 0 0 0 0 0 0 0 0 0 0 0 0 0 0 0 0 0 0 0 0 0 0 0 0 0 0 0 0 0 0 0 0 0 0 0 0 0 0 0 0 0 0 0 0 0 0 0 0 0 0 0 0 0 0 0 0 0 0 0 0 0 0 0 0 0 0 0 0 0 0 0 0 0 0 0 0 0 0 0 0 0 0 0 0 0 0 0 0 0 0 0 0 0 0 0 0 0 0 0 0 0 0 0 0 0 0 0 0 0 0 0 0 0 0 0 0 0 0 0 0 0 0 0 0 0 0 0 0 0 0 0 0 0 0 0 0 0 0 0 0 0 0 0 0 0 0 0 0 0 0 0 0 0 0 0 0 0 0 0 0 0 0 0 0 0 0 0 0 0 0 0 0 0 119 119 118 118 118 118 117 117 117 117 118 119 120 120 120 120 120 121 0 0 0 0 0 0 0 0 0 0 0 0 0 0 0 0 0 0 0 0 0 0 0 0 0 0 0 0 0 0 0 0 0 0 0 0 0 0 0 0 0 0 0 0 0 0 0 0 0 0 0 0 0 0 0 0 0 0 0 0 0 0 0 0 0 0 0 0 0 0 0 0 0 0 0 0 0 0 0 0 0 0 0 0 0 0 0 0 0 0 0 0 0 0 0 0 0 0 0 0 0 0 0 0 0 0 0 0 0 0 0 0 0 0 0 0 0 0 0 0 0 0 0 0 0 0 0 0 0 0 0 0 0 0 0 0 0 0 0 0 0 0 0 0 0 0 0 0 0 0 0 0 0 0 0 0 0 0 0 0 0 0 0 0 0 0 0 0 0 0 0 0 0 0 0 0 0 0 0 0 0 0 0 0 0 0 0 0 0 0 0 0 0 0 0 0 0 0 0 0 0 0 0 0 0 0 0 0 0 0 0 0 0 0 0 0 0 0 0 0 0 0 0 0 0 0 0 0 0 0 0 0 0 0 0 0 0 0 0 0 0 0 0 0 0 0 0 0 0 0 0 0 0 0 0 0 0 0 0 0 0 0 0 0 0 0 0 0 0 0 0 
0 0 0 0 0 0 0 0 0 0 0 0 0 0 0 0 0 0 0 0 0 0 0 0 0 0 0 0 0 0 0 0 0 0 0 0 0 0 0 0 0 0 0 0 0 0 0 0 0 0 0 0 0 0 0 0 0 0 0 0 0 0 0 0 0 0 0 0 0 0 0 0 0 0 0 0 0 0 0 0 0 0 0 0 0 0 0 0 0 0 0 0 0 0 0 0 0 0 0 0 0 0 0 0 0 0 0 0 0 0 0 0 0 0 0 0 0 0 0 0 0 0 0 0 0 0 0 0 0 0 0 0 0 0 0 0 0 0 0 0 0 0 0 0 0 0 0 0 0 0 0 0 0 0 0 0 0 0 0 0 0 0 0 0 0 0 0 0 0 0 0 0 0 0 0 0 0 0 0 0 0 0 0 0 0 0 0 0 0 0 0 0 0 0 0 0 0 0 0 0 0 0 0 0 0 0 0 0 0 0 0 0 0 0 0 118 118 118 119 119 118 118 118 117 117 119 119 119 119 119 120 121 0 0 0 0 0 0 0 0 0 0 0 0 0 0 0 0 0 0 0 0 0 0 0 0 0 0 0 0 0 0 0 0 0 0 0 0 0 0 0 0 0 0 0 0 0 0 0 0 0 0 0 0 0 0 0 0 0 0 0 0 0 0 0 0 0 0 0 0 0 0 0 0 0 0 0 0 0 0 0 0 0 0 0 0 0 0 0 0 0 0 0 0 0 0 0 0 0 0 0 0 0 0 0 0 0 0 0 0 0 0 0 0 0 0 0 0 0 0 0 0 0 0 0 0 0 0 0 0 0 0 0 0 0 0 0 0 0 0 0 0 0 0 0 0 0 0 0 0 0 0 0 0 0 0 0 0 0 0 0 0 0 0 0 0 0 0 0 0 0 0 0 0 0 0 0 0 0 0 0 0 0 0 0 0 0 0 0 0 0 0 0 0 0 0 0 0 0 0 0 0 0 0 0 0 0 0 0 0 0 0 0 0 0 0 0 0 0 0 0 0 0 0 0 0 0 0 0 0 0 0 0 0 0 0 0 0 0 0 0 0 0 0 0 0 0 0 0 0 0 0 0 0 0 0 0 0 0 0 0 0 0 0 0 0 0 0 0 0 0 0 0 
0 0 0 0 0 0 0 0 0 0 0 0 0 0 0 0 0 0 0 0 0 0 0 0 0 0 0 0 0 0 0 0 0 0 0 0 0 0 0 0 0 0 0 0 0 0 0 0 0 0 0 0 0 0 0 0 0 0 0 0 0 0 0 0 0 0 0 0 0 0 0 0 0 0 0 0 0 0 0 0 0 0 0 0 0 0 0 0 0 0 0 0 0 0 0 0 0 0 0 0 0 0 0 0 0 0 0 0 0 0 0 0 0 0 0 0 0 0 0 0 0 0 0 0 0 0 0 0 0 0 0 0 0 0 0 0 0 0 0 0 0 0 0 0 0 0 0 0 0 0 0 0 0 0 0 0 0 0 0 0 0 0 0 0 0 0 0 0 0 0 0 0 0 0 0 0 0 0 0 0 0 0 0 0 0 0 0 0 0 0 0 0 0 0 0 0 0 0 0 0 0 0 0 0 0 0 0 0 0 0 0 0 0 0 0 119 118 119 119 119 119 119 119 119 119 118 118 118 119 119 120 121 0 0 0 0 0 0 0 0 0 0 0 0 0 0 0 0 0 0 0 0 0 0 0 0 0 0 0 0 0 0 0 0 0 0 0 0 0 0 0 0 0 0 0 0 0 0 0 0 0 0 0 0 0 0 0 0 0 0 0 0 0 0 0 0 0 0 0 0 0 0 0 0 0 0 0 0 0 0 0 0 0 0 0 0 0 0 0 0 0 0 0 0 0 0 0 0 0 0 0 0 0 0 0 0 0 0 0 0 0 0 0 0 0 0 0 0 0 0 0 0 0 0 0 0 0 0 0 0 0 0 0 0 0 0 0 0 0 0 0 0 0 0 0 0 0 0 0 0 0 0 0 0 0 0 0 0 0 0 0 0 0 0 0 0 0 0 0 0 0 0 0 0 0 0 0 0 0 0 0 0 0 0 0 0 0 0 0 0 0 0 0 0 0 0 0 0 0 0 0 0 0 0 0 0 0 0 0 0 0 0 0 0 0 0 0 0 0 0 0 0 0 0 0 0 0 0 0 0 0 0 0 0 0 0 0 0 0 0 0 0 0 0 0 0 0 0 0 0 0 0 0 0 0 0 0 0 0 0 0 0 0 0 0 0 0 0 0 0 0 0 0 
0 0 0 0 0 0 0 0 0 0 0 0 0 0 0 0 0 0 0 0 0 0 0 0 0 0 0 0 0 0 0 0 0 0 0 0 0 0 0 0 0 0 0 0 0 0 0 0 0 0 0 0 0 0 0 0 0 0 0 0 0 0 0 0 0 0 0 0 0 0 0 0 0 0 0 0 0 0 0 0 0 0 0 0 0 0 0 0 0 0 0 0 0 0 0 0 0 0 0 0 0 0 0 0 0 0 0 0 0 0 0 0 0 0 0 0 0 0 0 0 0 0 0 0 0 0 0 0 0 0 0 0 0 0 0 0 0 0 0 0 0 0 0 0 0 0 0 0 0 0 0 0 0 0 0 0 0 0 0 0 0 0 0 0 0 0 0 0 0 0 0 0 0 0 0 0 0 0 0 0 0 0 0 0 0 0 0 0 0 0 0 0 0 0 0 0 0 0 0 0 0 0 0 0 0 0 0 0 0 0 0 0 0 0 0 120 119 119 119 119 119 119 120 120 120 119 118 119 119 120 121 121 0 0 0 0 0 0 0 0 0 0 0 0 0 0 0 0 0 0 0 0 0 0 0 0 0 0 0 0 0 0 0 0 0 0 0 0 0 0 0 0 0 0 0 0 0 0 0 0 0 0 0 0 0 0 0 0 0 0 0 0 0 0 0 0 0 0 0 0 0 0 0 0 0 0 0 0 0 0 0 0 0 0 0 0 0 0 0 0 0 0 0 0 0 0 0 0 0 0 0 0 0 0 0 0 0 0 0 0 0 0 0 0 0 0 0 0 0 0 0 0 0 0 0 0 0 0 0 0 0 0 0 0 0 0 0 0 0 0 0 0 0 0 0 0 0 0 0 0 0 0 0 0 0 0 0 0 0 0 0 0 0 0 0 0 0 0 0 0 0 0 0 0 0 0 0 0 0 0 0 0 0 0 0 0 0 0 0 0 0 0 0 0 0 0 0 0 0 0 0 0 0 0 0 0 0 0 0 0 0 0 0 0 0 0 0 0 0 0 0 0 0 0 0 0 0 0 0 0 0 0 0 0 0 0 0 0 0 0 0 0 0 0 0 0 0 0 0 0 0 0 0 0 0 0 0 0 0 0 0 0 0 0 0 0 0 0 0 0 0 0 0 
0 0 0 0 0 0 0 0 0 0 0 0 0 0 0 0 0 0 0 0 0 0 0 0 0 0 0 0 0 0 0 0 0 0 0 0 0 0 0 0 0 0 0 0 0 0 0 0 0 0 0 0 0 0 0 0 0 0 0 0 0 0 0 0 0 0 0 0 0 0 0 0 0 0 0 0 0 0 0 0 0 0 0 0 0 0 0 0 0 0 0 0 0 0 0 0 0 0 0 0 0 0 0 0 0 0 0 0 0 0 0 0 0 0 0 0 0 0 0 0 0 0 0 0 0 0 0 0 0 0 0 0 0 0 0 0 0 0 0 0 0 0 0 0 0 0 0 0 0 0 0 0 0 0 0 0 0 0 0 0 0 0 0 0 0 0 0 0 0 0 0 0 0 0 0 0 0 0 0 0 0 0 0 0 0 0 0 0 0 0 0 0 0 0 0 0 0 0 0 0 0 0 0 0 0 0 0 0 0 0 0 0 0 0 0 0 120 119 118 119 119 119 120 120 121 120 119 119 120 121 121 121 121 0 0 0 0 0 0 0 0 0 0 0 0 0 0 0 0 0 0 0 0 0 0 0 0 0 0 0 0 0 0 0 0 0 0 0 0 0 0 0 0 0 0 0 0 0 0 0 0 0 0 0 0 0 0 0 0 0 0 0 0 0 0 0 0 0 0 0 0 0 0 0 0 0 0 0 0 0 0 0 0 0 0 0 0 0 0 0 0 0 0 0 0 0 0 0 0 0 0 0 0 0 0 0 0 0 0 0 0 0 0 0 0 0 0 0 0 0 0 0 0 0 0 0 0 0 0 0 0 0 0 0 0 0 0 0 0 0 0 0 0 0 0 0 0 0 0 0 0 0 0 0 0 0 0 0 0 0 0 0 0 0 0 0 0 0 0 0 0 0 0 0 0 0 0 0 0 0 0 0 0 0 0 0 0 0 0 0 0 0 0 0 0 0 0 0 0 0 0 0 0 0 0 0 0 0 0 0 0 0 0 0 0 0 0 0 0 0 0 0 0 0 0 0 0 0 0 0 0 0 0 0 0 0 0 0 0 0 0 0 0 0 0 0 0 0 0 0 0 0 0 0 0 0 0 0 0 0 0 0 0 0 0 0 0 0 0 0 0 0 0 
0 0 0 0 0 0 0 0 0 0 0 0 0 0 0 0 0 0 0 0 0 0 0 0 0 0 0 0 0 0 0 0 0 0 0 0 0 0 0 0 0 0 0 0 0 0 0 0 0 0 0 0 0 0 0 0 0 0 0 0 0 0 0 0 0 0 0 0 0 0 0 0 0 0 0 0 0 0 0 0 0 0 0 0 0 0 0 0 0 0 0 0 0 0 0 0 0 0 0 0 0 0 0 0 0 0 0 0 0 0 0 0 0 0 0 0 0 0 0 0 0 0 0 0 0 0 0 0 0 0 0 0 0 0 0 0 0 0 0 0 0 0 0 0 0 0 0 0 0 0 0 0 0 0 0 0 0 0 0 0 0 0 0 0 0 0 0 0 0 0 0 0 0 0 0 0 0 0 0 0 0 0 0 0 0 0 0 0 0 0 0 0 0 0 0 0 0 0 0 0 0 0 0 0 0 0 0 0 0 0 0 0 0 0 0 0 0 120 119 119 119 119 119 120 121 120 120 119 120 120 120 120 121 0 0 0 0 0 0 0 0 0 0 0 0 0 0 0 0 0 0 0 0 0 0 0 0 0 0 0 0 0 0 0 0 0 0 0 0 0 0 0 0 0 0 0 0 0 0 0 0 0 0 0 0 0 0 0 0 0 0 0 0 0 0 0 0 0 0 0 0 0 0 0 0 0 0 0 0 0 0 0 0 0 0 0 0 0 0 0 0 0 0 0 0 0 0 0 0 0 0 0 0 0 0 0 0 0 0 0 0 0 0 0 0 0 0 0 0 0 0 0 0 0 0 0 0 0 0 0 0 0 0 0 0 0 0 0 0 0 0 0 0 0 0 0 0 0 0 0 0 0 0 0 0 0 0 0 0 0 0 0 0 0 0 0 0 0 0 0 0 0 0 0 0 0 0 0 0 0 0 0 0 0 0 0 0 0 0 0 0 0 0 0 0 0 0 0 0 0 0 0 0 0 0 0 0 0 0 0 0 0 0 0 0 0 0 0 0 0 0 0 0 0 0 0 0 0 0 0 0 0 0 0 0 0 0 0 0 0 0 0 0 0 0 0 0 0 0 0 0 0 0 0 0 0 0 0 0 0 0 0 0 0 0 0 0 0 0 0 0 0 0 
0 0 0 0 0 0 0 0 0 0 0 0 0 0 0 0 0 0 0 0 0 0 0 0 0 0 0 0 0 0 0 0 0 0 0 0 0 0 0 0 0 0 0 0 0 0 0 0 0 0 0 0 0 0 0 0 0 0 0 0 0 0 0 0 0 0 0 0 0 0 0 0 0 0 0 0 0 0 0 0 0 0 0 0 0 0 0 0 0 0 0 0 0 0 0 0 0 0 0 0 0 0 0 0 0 0 0 0 0 0 0 0 0 0 0 0 0 0 0 0 0 0 0 0 0 0 0 0 0 0 0 0 0 0 0 0 0 0 0 0 0 0 0 0 0 0 0 0 0 0 0 0 0 0 0 0 0 0 0 0 0 0 0 0 0 0 0 0 0 0 0 0 0 0 0 0 0 0 0 0 0 0 0 0 0 0 0 0 0 0 0 0 0 0 0 0 0 0 0 0 0 0 0 0 0 0 0 0 0 0 0 0 0 0 0 0 0 120 120 119 120 120 120 121 122 121 121 120 121 121 121 120 121 122 0 0 0 0 0 0 0 0 0 0 0 0 0 0 0 0 0 0 0 0 0 0 0 0 0 0 0 0 0 0 0 0 0 0 0 0 0 0 0 0 0 0 0 0 0 0 0 0 0 0 0 0 0 0 0 0 0 0 0 0 0 0 0 0 0 0 0 0 0 0 0 0 0 0 0 0 0 0 0 0 0 0 0 0 0 0 0 0 0 0 0 0 0 0 0 0 0 0 0 0 0 0 0 0 0 0 0 0 0 0 0 0 0 0 0 0 0 0 0 0 0 0 0 0 0 0 0 0 0 0 0 0 0 0 0 0 0 0 0 0 0 0 0 0 0 0 0 0 0 0 0 0 0 0 0 0 0 0 0 0 0 0 0 0 0 0 0 0 0 0 0 0 0 0 0 0 0 0 0 0 0 0 0 0 0 0 0 0 0 0 0 0 0 0 0 0 0 0 0 0 0 0 0 0 0 0 0 0 0 0 0 0 0 0 0 0 0 0 0 0 0 0 0 0 0 0 0 0 0 0 0 0 0 0 0 0 0 0 0 0 0 0 0 0 0 0 0 0 0 0 0 0 0 0 0 0 0 0 0 0 0 0 0 0 0 0 0 0 0 
0 0 0 0 0 0 0 0 0 0 0 0 0 0 0 0 0 0 0 0 0 0 0 0 0 0 0 0 0 0 0 0 0 0 0 0 0 0 0 0 0 0 0 0 0 0 0 0 0 0 0 0 0 0 0 0 0 0 0 0 0 0 0 0 0 0 0 0 0 0 0 0 0 0 0 0 0 0 0 0 0 0 0 0 0 0 0 0 0 0 0 0 0 0 0 0 0 0 0 0 0 0 0 0 0 0 0 0 0 0 0 0 0 0 0 0 0 0 0 0 0 0 0 0 0 0 0 0 0 0 0 0 0 0 0 0 0 0 0 0 0 0 0 0 0 0 0 0 0 0 0 0 0 0 0 0 0 0 0 0 0 0 0 0 0 0 0 0 0 0 0 0 0 0 0 0 0 0 0 0 0 0 0 0 0 0 0 0 0 0 0 0 0 0 0 0 0 0 0 0 0 0 0 0 0 0 0 0 0 0 0 0 0 0 0 0 0 120 120 119 119 121 121 121 122 121 121 120 120 122 122 122 122 123 0 0 0 0 0 0 0 0 0 0 0 0 0 0 0 0 0 0 0 0 0 0 0 0 0 0 0 0 0 0 0 0 0 0 0 0 0 0 0 0 0 0 0 0 0 0 0 0 0 0 0 0 0 0 0 0 0 0 0 0 0 0 0 0 0 0 0 0 0 0 0 0 0 0 0 0 0 0 0 0 0 0 0 0 0 0 0 0 0 0 0 0 0 0 0 0 0 0 0 0 0 0 0 0 0 0 0 0 0 0 0 0 0 0 0 0 0 0 0 0 0 0 0 0 0 0 0 0 0 0 0 0 0 0 0 0 0 0 0 0 0 0 0 0 0 0 0 0 0 0 0 0 0 0 0 0 0 0 0 0 0 0 0 0 0 0 0 0 0 0 0 0 0 0 0 0 0 0 0 0 0 0 0 0 0 0 0 0 0 0 0 0 0 0 0 0 0 0 0 0 0 0 0 0 0 0 0 0 0 0 0 0 0 0 0 0 0 0 0 0 0 0 0 0 0 0 0 0 0 0 0 0 0 0 0 0 0 0 0 0 0 0 0 0 0 0 0 0 0 0 0 0 0 0 0 0 0 0 0 0 0 0 0 0 0 0 0 0 0 
0 0 0 0 0 0 0 0 0 0 0 0 0 0 0 0 0 0 0 0 0 0 0 0 0 0 0 0 0 0 0 0 0 0 0 0 0 0 0 0 0 0 0 0 0 0 0 0 0 0 0 0 0 0 0 0 0 0 0 0 0 0 0 0 0 0 0 0 0 0 0 0 0 0 0 0 0 0 0 0 0 0 0 0 0 0 0 0 0 0 0 0 0 0 0 0 0 0 0 0 0 0 0 0 0 0 0 0 0 0 0 0 0 0 0 0 0 0 0 0 0 0 0 0 0 0 0 0 0 0 0 0 0 0 0 0 0 0 0 0 0 0 0 0 0 0 0 0 0 0 0 0 0 0 0 0 0 0 0 0 0 0 0 0 0 0 0 0 0 0 0 0 0 0 0 0 0 0 0 0 0 0 0 0 0 0 0 0 0 0 0 0 0 0 0 0 0 0 0 0 0 0 0 0 0 0 0 0 0 0 0 0 0 0 0 0 0 121 120 120 119 120 120 120 121 121 122 121 121 121 121 122 123 0 0 0 0 0 0 0 0 0 0 0 0 0 0 0 0 0 0 0 0 0 0 0 0 0 0 0 0 0 0 0 0 0 0 0 0 0 0 0 0 0 0 0 0 0 0 0 0 0 0 0 0 0 0 0 0 0 0 0 0 0 0 0 0 0 0 0 0 0 0 0 0 0 0 0 0 0 0 0 0 0 0 0 0 0 0 0 0 0 0 0 0 0 0 0 0 0 0 0 0 0 0 0 0 0 0 0 0 0 0 0 0 0 0 0 0 0 0 0 0 0 0 0 0 0 0 0 0 0 0 0 0 0 0 0 0 0 0 0 0 0 0 0 0 0 0 0 0 0 0 0 0 0 0 0 0 0 0 0 0 0 0 0 0 0 0 0 0 0 0 0 0 0 0 0 0 0 0 0 0 0 0 0 0 0 0 0 0 0 0 0 0 0 0 0 0 0 0 0 0 0 0 0 0 0 0 0 0 0 0 0 0 0 0 0 0 0 0 0 0 0 0 0 0 0 0 0 0 0 0 0 0 0 0 0 0 0 0 0 0 0 0 0 0 0 0 0 0 0 0 0 0 0 0 0 0 0 0 0 0 0 0 0 0 0 0 0 0 0 0 
0 0 0 0 0 0 0 0 0 0 0 0 0 0 0 0 0 0 0 0 0 0 0 0 0 0 0 0 0 0 0 0 0 0 0 0 0 0 0 0 0 0 0 0 0 0 0 0 0 0 0 0 0 0 0 0 0 0 0 0 0 0 0 0 0 0 0 0 0 0 0 0 0 0 0 0 0 0 0 0 0 0 0 0 0 0 0 0 0 0 0 0 0 0 0 0 0 0 0 0 0 0 0 0 0 0 0 0 0 0 0 0 0 0 0 0 0 0 0 0 0 0 0 0 0 0 0 0 0 0 0 0 0 0 0 0 0 0 0 0 0 0 0 0 0 0 0 0 0 0 0 0 0 0 0 0 0 0 0 0 0 0 0 0 0 0 0 0 0 0 0 0 0 0 0 0 0 0 0 0 0 0 0 0 0 0 0 0 0 0 0 0 0 0 0 0 0 0 0 0 0 0 0 0 0 0 0 0 0 0 0 0 0 0 0 0 122 121 120 120 120 120 120 121 121 120 122 122 122 121 122 122 122 0 0 0 0 0 0 0 0 0 0 0 0 0 0 0 0 0 0 0 0 0 0 0 0 0 0 0 0 0 0 0 0 0 0 0 0 0 0 0 0 0 0 0 0 0 0 0 0 0 0 0 0 0 0 0 0 0 0 0 0 0 0 0 0 0 0 0 0 0 0 0 0 0 0 0 0 0 0 0 0 0 0 0 0 0 0 0 0 0 0 0 0 0 0 0 0 0 0 0 0 0 0 0 0 0 0 0 0 0 0 0 0 0 0 0 0 0 0 0 0 0 0 0 0 0 0 0 0 0 0 0 0 0 0 0 0 0 0 0 0 0 0 0 0 0 0 0 0 0 0 0 0 0 0 0 0 0 0 0 0 0 0 0 0 0 0 0 0 0 0 0 0 0 0 0 0 0 0 0 0 0 0 0 0 0 0 0 0 0 0 0 0 0 0 0 0 0 0 0 0 0 0 0 0 0 0 0 0 0 0 0 0 0 0 0 0 0 0 0 0 0 0 0 0 0 0 0 0 0 0 0 0 0 0 0 0 0 0 0 0 0 0 0 0 0 0 0 0 0 0 0 0 0 0 0 0 0 0 0 0 0 0 0 0 0 0 0 0 0 0 
0 0 0 0 0 0 0 0 0 0 0 0 0 0 0 0 0 0 0 0 0 0 0 0 0 0 0 0 0 0 0 0 0 0 0 0 0 0 0 0 0 0 0 0 0 0 0 0 0 0 0 0 0 0 0 0 0 0 0 0 0 0 0 0 0 0 0 0 0 0 0 0 0 0 0 0 0 0 0 0 0 0 0 0 0 0 0 0 0 0 0 0 0 0 0 0 0 0 0 0 0 0 0 0 0 0 0 0 0 0 0 0 0 0 0 0 0 0 0 0 0 0 0 0 0 0 0 0 0 0 0 0 0 0 0 0 0 0 0 0 0 0 0 0 0 0 0 0 0 0 0 0 0 0 0 0 0 0 0 0 0 0 0 0 0 0 0 0 0 0 0 0 0 0 0 0 0 0 0 0 0 0 0 0 0 0 0 0 0 0 0 0 0 0 0 0 0 0 0 0 0 0 0 0 0 0 0 0 0 0 0 0 0 0 0 122 122 122 121 121 121 121 121 122 122 121 121 123 123 122 122 122 122 123 0 0 0 0 0 0 0 0 0 0 0 0 0 0 0 0 0 0 0 0 0 0 0 0 0 0 0 0 0 0 0 0 0 0 0 0 0 0 0 0 0 0 0 0 0 0 0 0 0 0 0 0 0 0 0 0 0 0 0 0 0 0 0 0 0 0 0 0 0 0 0 0 0 0 0 0 0 0 0 0 0 0 0 0 0 0 0 0 0 0 0 0 0 0 0 0 0 0 0 0 0 0 0 0 0 0 0 0 0 0 0 0 0 0 0 0 0 0 0 0 0 0 0 0 0 0 0 0 0 0 0 0 0 0 0 0 0 0 0 0 0 0 0 0 0 0 0 0 0 0 0 0 0 0 0 0 0 0 0 0 0 0 0 0 0 0 0 0 0 0 0 0 0 0 0 0 0 0 0 0 0 0 0 0 0 0 0 0 0 0 0 0 0 0 0 0 0 0 0 0 0 0 0 0 0 0 0 0 0 0 0 0 0 0 0 0 0 0 0 0 0 0 0 0 0 0 0 0 0 0 0 0 0 0 0 0 0 0 0 0 0 0 0 0 0 0 0 0 0 0 0 0 0 0 0 0 0 0 0 0 0 0 0 0 0 0 0 0 0 
0 0 0 0 0 0 0 0 0 0 0 0 0 0 0 0 0 0 0 0 0 0 0 0 0 0 0 0 0 0 0 0 0 0 0 0 0 0 0 0 0 0 0 0 0 0 0 0 0 0 0 0 0 0 0 0 0 0 0 0 0 0 0 0 0 0 0 0 0 0 0 0 0 0 0 0 0 0 0 0 0 0 0 0 0 0 0 0 0 0 0 0 0 0 0 0 0 0 0 0 0 0 0 0 0 0 0 0 0 0 0 0 0 0 0 0 0 0 0 0 0 0 0 0 0 0 0 0 0 0 0 0 0 0 0 0 0 0 0 0 0 0 0 0 0 0 0 0 0 0 0 0 0 0 0 0 0 0 0 0 0 0 0 0 0 0 0 0 0 0 0 0 0 0 0 0 0 0 0 0 0 0 0 0 0 0 0 0 0 0 0 0 0 0 0 0 0 0 0 0 0 0 0 0 0 0 0 0 0 0 0 0 0 122 122 122 123 123 122 122 122 122 122 122 123 122 122 123 123 123 122 123 123 123 124 0 0 0 0 0 0 0 0 0 0 0 0 0 0 0 0 0 0 0 0 0 0 0 0 0 0 0 0 0 0 0 0 0 0 0 0 0 0 0 0 0 0 0 0 0 0 0 0 0 0 0 0 0 0 0 0 0 0 0 0 0 0 0 0 0 0 0 0 0 0 0 0 0 0 0 0 0 0 0 0 0 0 0 0 0 0 0 0 0 0 0 0 0 0 0 0 0 0 0 0 0 0 0 0 0 0 0 0 0 0 0 0 0 0 0 0 0 0 0 0 0 0 0 0 0 0 0 0 0 0 0 0 0 0 0 0 0 0 0 0 0 0 0 0 0 0 0 0 0 0 0 0 0 0 0 0 0 0 0 0 0 0 0 0 0 0 0 0 0 0 0 0 0 0 0 0 0 0 0 0 0 0 0 0 0 0 0 0 0 0 0 0 0 0 0 0 0 0 0 0 0 0 0 0 0 0 0 0 0 0 0 0 0 0 0 0 0 0 0 0 0 0 0 0 0 0 0 0 0 0 0 0 0 0 0 0 0 0 0 0 0 0 0 0 0 0 0 0 0 0 0 0 0 0 0 0 0 0 0 0 0 0 0 0 0 0 0 0 
0 0 0 0 0 0 0 0 0 0 0 0 0 0 0 0 0 0 0 0 0 0 0 0 0 0 0 0 0 0 0 0 0 0 0 0 0 0 0 0 0 0 0 0 0 0 0 0 0 0 0 0 0 0 0 0 0 0 0 0 0 0 0 0 0 0 0 0 0 0 0 0 0 0 0 0 0 0 0 0 0 0 0 0 0 0 0 0 0 0 0 0 0 0 0 0 0 0 0 0 0 0 0 0 0 0 0 0 0 0 0 0 0 0 0 0 0 0 0 0 0 0 0 0 0 0 0 0 0 0 0 0 0 0 0 0 0 0 0 0 0 0 0 0 0 0 0 0 0 0 0 0 0 0 0 0 0 0 0 0 0 0 0 0 0 0 0 0 0 0 0 0 0 0 0 0 0 0 0 0 0 0 0 0 0 0 0 0 0 0 0 0 0 0 0 0 0 0 0 0 0 0 0 0 0 0 0 0 0 0 0 123 123 122 123 123 123 123 123 123 123 123 123 123 123 123 122 122 123 123 123 123 123 124 0 0 0 0 0 0 0 0 0 0 0 0 0 0 0 0 0 0 0 0 0 0 0 0 0 0 0 0 0 0 0 0 0 0 0 0 0 0 0 0 0 0 0 0 0 0 0 0 0 0 0 0 0 0 0 0 0 0 0 0 0 0 0 0 0 0 0 0 0 0 0 0 0 0 0 0 0 0 0 0 0 0 0 0 0 0 0 0 0 0 0 0 0 0 0 0 0 0 0 0 0 0 0 0 0 0 0 0 0 0 0 0 0 0 0 0 0 0 0 0 0 0 0 0 0 0 0 0 0 0 0 0 0 0 0 0 0 0 0 0 0 0 0 0 0 0 0 0 0 0 0 0 0 0 0 0 0 0 0 0 0 0 0 0 0 0 0 0 0 0 0 0 0 0 0 0 0 0 0 0 0 0 0 0 0 0 0 0 0 0 0 0 0 0 0 0 0 0 0 0 0 0 0 0 0 0 0 0 0 0 0 0 0 0 0 0 0 0 0 0 0 0 0 0 0 0 0 0 0 0 0 0 0 0 0 0 0 0 0 0 0 0 0 0 0 0 0 0 0 0 0 0 0 0 0 0 0 0 0 0 0 0 0 0 0 0 0 0 0 
0 0 0 0 0 0 0 0 0 0 0 0 0 0 0 0 0 0 0 0 0 0 0 0 0 0 0 0 0 0 0 0 0 0 0 0 0 0 0 0 0 0 0 0 0 0 0 0 0 0 0 0 0 0 0 0 0 0 0 0 0 0 0 0 0 0 0 0 0 0 0 0 0 0 0 0 0 0 0 0 0 0 0 0 0 0 0 0 0 0 0 0 0 0 0 0 0 0 0 0 0 0 0 0 0 0 0 0 0 0 0 0 0 0 0 0 0 0 0 0 0 0 0 0 0 0 0 0 0 0 0 0 0 0 0 0 0 0 0 0 0 0 0 0 0 0 0 0 0 0 0 0 0 0 0 0 0 0 0 0 0 0 0 0 0 0 0 0 0 0 0 0 0 0 0 0 0 0 0 0 0 0 0 0 0 0 0 0 0 0 0 0 0 0 0 0 0 0 0 0 0 0 0 0 0 0 0 0 0 0 0 0 122 122 123 123 123 122 122 122 123 123 123 123 123 123 123 123 123 123 123 123 123 0 0 0 0 0 0 0 0 0 0 0 0 0 0 0 0 0 0 0 0 0 0 0 0 0 0 0 0 0 0 0 0 0 0 0 0 0 0 0 0 0 0 0 0 0 0 0 0 0 0 0 0 0 0 0 0 0 0 0 0 0 0 0 0 0 0 0 0 0 0 0 0 0 0 0 0 0 0 0 0 0 0 0 0 0 0 0 0 0 0 0 0 0 0 0 0 0 0 0 0 0 0 0 0 0 0 0 0 0 0 0 0 0 0 0 0 0 0 0 0 0 0 0 0 0 0 0 0 0 0 0 0 0 0 0 0 0 0 0 0 0 0 0 0 0 0 0 0 0 0 0 0 0 0 0 0 0 0 0 0 0 0 0 0 0 0 0 0 0 0 0 0 0 0 0 0 0 0 0 0 0 0 0 0 0 0 0 0 0 0 0 0 0 0 0 0 0 0 0 0 0 0 0 0 0 0 0 0 0 0 0 0 0 0 0 0 0 0 0 0 0 0 0 0 0 0 0 0 0 0 0 0 0 0 0 0 0 0 0 0 0 0 0 0 0 0 0 0 0 0 0 0 0 0 0 0 0 0 0 0 0 0 0 0 0 0 0 0 0 0 
0 0 0 0 0 0 0 0 0 0 0 0 0 0 0 0 0 0 0 0 0 0 0 0 0 0 0 0 0 0 0 0 0 0 0 0 0 0 0 0 0 0 0 0 0 0 0 0 0 0 0 0 0 0 0 0 0 0 0 0 0 0 0 0 0 0 0 0 0 0 0 0 0 0 0 0 0 0 0 0 0 0 0 0 0 0 0 0 0 0 0 0 0 0 0 0 0 0 0 0 0 0 0 0 0 0 0 0 0 0 0 0 0 0 0 0 0 0 0 0 0 0 0 0 0 0 0 0 0 0 0 0 0 0 0 0 0 0 0 0 0 0 0 0 0 0 0 0 0 0 0 0 0 0 0 0 0 0 0 0 0 0 0 0 0 0 0 0 0 0 0 0 0 0 0 0 0 0 0 0 0 0 0 0 0 0 0 0 0 0 0 0 0 0 0 0 0 0 0 0 0 0 0 0 0 0 0 0 0 0 0 0 123 123 123 122 122 123 123 123 123 123 123 123 123 123 123 123 123 123 123 123 0 0 0 0 0 0 0 0 0 0 0 0 0 0 0 0 0 0 0 0 0 0 0 0 0 0 0 0 0 0 0 0 0 0 0 0 0 0 0 0 0 0 0 0 0 0 0 0 0 0 0 0 0 0 0 0 0 0 0 0 0 0 0 0 0 0 0 0 0 0 0 0 0 0 0 0 0 0 0 0 0 0 0 0 0 0 0 0 0 0 0 0 0 0 0 0 0 0 0 0 0 0 0 0 0 0 0 0 0 0 0 0 0 0 0 0 0 0 0 0 0 0 0 0 0 0 0 0 0 0 0 0 0 0 0 0 0 0 0 0 0 0 0 0 0 0 0 0 0 0 0 0 0 0 0 0 0 0 0 0 0 0 0 0 0 0 0 0 0 0 0 0 0 0 0 0 0 0 0 0 0 0 0 0 0 0 0 0 0 0 0 0 0 0 0 0 0 0 0 0 0 0 0 0 0 0 0 0 0 0 0 0 0 0 0 0 0 0 0 0 0 0 0 0 0 0 0 0 0 0 0 0 0 0 0 0 0 0 0 0 0 0 0 0 0 0 0 0 0 0 0 0 0 0 0 0 0 0 0 0 0 0 0 0 0 0 0 0 0 0 0 
0 0 0 0 0 0 0 0 0 0 0 0 0 0 0 0 0 0 0 0 0 0 0 0 0 0 0 0 0 0 0 0 0 0 0 0 0 0 0 0 0 0 0 0 0 0 0 0 0 0 0 0 0 0 0 0 0 0 0 0 0 0 0 0 0 0 0 0 0 0 0 0 0 0 0 0 0 0 0 0 0 0 0 0 0 0 0 0 0 0 0 0 0 0 0 0 0 0 0 0 0 0 0 0 0 0 0 0 0 0 0 0 0 0 0 0 0 0 0 0 0 0 0 0 0 0 0 0 0 0 0 0 0 0 0 0 0 0 0 0 0 0 0 0 0 0 0 0 0 0 0 0 0 0 0 0 0 0 0 0 0 0 0 0 0 0 0 0 0 0 0 0 0 0 0 0 0 0 0 0 0 0 0 0 0 0 0 0 0 0 0 0 0 0 0 0 0 0 0 0 0 0 0 0 0 0 0 0 0 0 0 0 0 123 123 123 123 123 124 123 122 122 122 122 122 122 123 123 123 123 124 0 0 0 0 0 0 0 0 0 0 0 0 0 0 0 0 0 0 0 0 0 0 0 0 0 0 0 0 0 0 0 0 0 0 0 0 0 0 0 0 0 0 0 0 0 0 0 0 0 0 0 0 0 0 0 0 0 0 0 0 0 0 0 0 0 0 0 0 0 0 0 0 0 0 0 0 0 0 0 0 0 0 0 0 0 0 0 0 0 0 0 0 0 0 0 0 0 0 0 0 0 0 0 0 0 0 0 0 0 0 0 0 0 0 0 0 0 0 0 0 0 0 0 0 0 0 0 0 0 0 0 0 0 0 0 0 0 0 0 0 0 0 0 0 0 0 0 0 0 0 0 0 0 0 0 0 0 0 0 0 0 0 0 0 0 0 0 0 0 0 0 0 0 0 0 0 0 0 0 0 0 0 0 0 0 0 0 0 0 0 0 0 0 0 0 0 0 0 0 0 0 0 0 0 0 0 0 0 0 0 0 0 0 0 0 0 0 0 0 0 0 0 0 0 0 0 0 0 0 0 0 0 0 0 0 0 0 0 0 0 0 0 0 0 0 0 0 0 0 0 0 0 0 0 0 0 0 0 0 0 0 0 0 0 0 0 0 0 0 0 0 0 
0 0 0 0 0 0 0 0 0 0 0 0 0 0 0 0 0 0 0 0 0 0 0 0 0 0 0 0 0 0 0 0 0 0 0 0 0 0 0 0 0 0 0 0 0 0 0 0 0 0 0 0 0 0 0 0 0 0 0 0 0 0 0 0 0 0 0 0 0 0 0 0 0 0 0 0 0 0 0 0 0 0 0 0 0 0 0 0 0 0 0 0 0 0 0 0 0 0 0 0 0 0 0 0 0 0 0 0 0 0 0 0 0 0 0 0 0 0 0 0 0 0 0 0 0 0 0 0 0 0 0 0 0 0 0 0 0 0 0 0 0 0 0 0 0 0 0 0 0 0 0 0 0 0 0 0 0 0 0 0 0 0 0 0 0 0 0 0 0 0 0 0 0 0 0 0 0 0 0 0 0 0 0 0 0 0 0 0 0 0 0 0 0 0 0 0 0 0 0 0 0 0 0 0 0 0 0 0 0 0 0 0 0 124 124 123 124 124 123 123 122 123 122 123 123 123 123 123 123 124 0 0 0 0 0 0 0 0 0 0 0 0 0 0 0 0 0 0 0 0 0 0 0 0 0 0 0 0 0 0 0 0 0 0 0 0 0 0 0 0 0 0 0 0 0 0 0 0 0 0 0 0 0 0 0 0 0 0 0 0 0 0 0 0 0 0 0 0 0 0 0 0 0 0 0 0 0 0 0 0 0 0 0 0 0 0 0 0 0 0 0 0 0 0 0 0 0 0 0 0 0 0 0 0 0 0 0 0 0 0 0 0 0 0 0 0 0 0 0 0 0 0 0 0 0 0 0 0 0 0 0 0 0 0 0 0 0 0 0 0 0 0 0 0 0 0 0 0 0 0 0 0 0 0 0 0 0 0 0 0 0 0 0 0 0 0 0 0 0 0 0 0 0 0 0 0 0 0 0 0 0 0 0 0 0 0 0 0 0 0 0 0 0 0 0 0 0 0 0 0 0 0 0 0 0 0 0 0 0 0 0 0 0 0 0 0 0 0 0 0 0 0 0 0 0 0 0 0 0 0 0 0 0 0 0 0 0 0 0 0 0 0 0 0 0 0 0 0 0 0 0 0 0 0 0 0 0 0 0 0 0 0 0 0 0 0 0 0 0 0 0 0 0 
0 0 0 0 0 0 0 0 0 0 0 0 0 0 0 0 0 0 0 0 0 0 0 0 0 0 0 0 0 0 0 0 0 0 0 0 0 0 0 0 0 0 0 0 0 0 0 0 0 0 0 0 0 0 0 0 0 0 0 0 0 0 0 0 0 0 0 0 0 0 0 0 0 0 0 0 0 0 0 0 0 0 0 0 0 0 0 0 0 0 0 0 0 0 0 0 0 0 0 0 0 0 0 0 0 0 0 0 0 0 0 0 0 0 0 0 0 0 0 0 0 0 0 0 0 0 0 0 0 0 0 0 0 0 0 0 0 0 0 0 0 0 0 0 0 0 0 0 0 0 0 0 0 0 0 0 0 0 0 0 0 0 0 0 0 0 0 0 0 0 0 0 0 0 0 0 0 0 0 0 0 0 0 0 0 0 0 0 0 0 0 0 0 0 0 0 0 0 0 0 0 0 0 0 0 0 0 0 0 0 0 0 0 0 123 123 123 123 123 0 0 123 123 123 123 123 124 124 0 0 0 0 0 0 0 0 0 0 0 0 0 0 0 0 0 0 0 0 0 0 0 0 0 0 0 0 0 0 0 0 0 0 0 0 0 0 0 0 0 0 0 0 0 0 0 0 0 0 0 0 0 0 0 0 0 0 0 0 0 0 0 0 0 0 0 0 0 0 0 0 0 0 0 0 0 0 0 0 0 0 0 0 0 0 0 0 0 0 0 0 0 0 0 0 0 0 0 0 0 0 0 0 0 0 0 0 0 0 0 0 0 0 0 0 0 0 0 0 0 0 0 0 0 0 0 0 0 0 0 0 0 0 0 0 0 0 0 0 0 0 0 0 0 0 0 0 0 0 0 0 0 0 0 0 0 0 0 0 0 0 0 0 0 0 0 0 0 0 0 0 0 0 0 0 0 0 0 0 0 0 0 0 0 0 0 0 0 0 0 0 0 0 0 0 0 0 0 0 0 0 0 0 0 0 0 0 0 0 0 0 0 0 0 0 0 0 0 0 0 0 0 0 0 0 0 0 0 0 0 0 0 0 0 0 0 0 0 0 0 0 0 0 0 0 0 0 0 0 0 0 0 0 0 0 0 0 0 0 0 0 0 0 0 0 0 0 0 0 0 0 0 0 0 
0 0 0 0 0 0 0 0 0 0 0 0 0 0 0 0 0 0 0 0 0 0 0 0 0 0 0 0 0 0 0 0 0 0 0 0 0 0 0 0 0 0 0 0 0 0 0 0 0 0 0 0 0 0 0 0 0 0 0 0 0 0 0 0 0 0 0 0 0 0 0 0 0 0 0 0 0 0 0 0 0 0 0 0 0 0 0 0 0 0 0 0 0 0 0 0 0 0 0 0 0 0 0 0 0 0 0 0 0 0 0 0 0 0 0 0 0 0 0 0 0 0 0 0 0 0 0 0 0 0 0 0 0 0 0 0 0 0 0 0 0 0 0 0 0 0 0 0 0 0 0 0 0 0 0 0 0 0 0 0 0 0 0 0 0 0 0 0 0 0 0 0 0 0 0 0 0 0 0 0 0 0 0 0 0 0 0 0 0 0 0 0 0 0 0 0 0 0 0 0 0 0 0 0 0 0 0 0 0 0 0 0 0 0 0 123 123 123 0 0 0 0 123 124 124 124 0 0 0 0 0 0 0 0 0 0 0 0 0 0 0 0 0 0 0 0 0 0 0 0 0 0 0 0 0 0 0 0 0 0 0 0 0 0 0 0 0 0 0 0 0 0 0 0 0 0 0 0 0 0 0 0 0 0 0 0 0 0 0 0 0 0 0 0 0 0 0 0 0 0 0 0 0 0 0 0 0 0 0 0 0 0 0 0 0 0 0 0 0 0 0 0 0 0 0 0 0 0 0 0 0 0 0 0 0 0 0 0 0 0 0 0 0 0 0 0 0 0 0 0 0 0 0 0 0 0 0 0 0 0 0 0 0 0 0 0 0 0 0 0 0 0 0 0 0 0 0 0 0 0 0 0 0 0 0 0 0 0 0 0 0 0 0 0 0 0 0 0 0 0 0 0 0 0 0 0 0 0 0 0 0 0 0 0 0 0 0 0 0 0 0 0 0 0 0 0 0 0 0 0 0 0 0 0 0 0 0 0 0 0 0 0 0 0 0 0 0 0 0 0 0 0 0 0 0 0 0 0 0 0 0 0 0 0 0 0 0 0 0 0 0 0 0 0 0 0 0 0 0 0 0 0 0 0 0 0 0 0 0 0 0 0 0 0 0 0 0 0 0 0 0 0 0 
