0 0 0 0 0 0 0 0 0 0 0 0 0 0 0 0 0 0 0 0 0 0 0 0 0 0 0 0 0 0 0 0 0 0 0 0 0 0 0 0 0 0 0 0 0 0 0 0 0 0 0 0 0 0 0 0 0 0 0 0 0 0 0 0 0 0 0 0 0 0 0 0 0 0 0 0 0 0 0 0 0 0 0 0 0 0 0 0 0 0 0 0 0 0 0 0 0 0 0 0 0 199 0 0 0 0 0 0 0 0 0 0 0 0 0 0 0 0 0 0 0 0 0 0 0 0 0 0 0 0 0 0 0 0 0 0 0 0 0 0 0 0 0 0 0 0 0 0 0 0 0 0 0 0 0 0 0 0 0 0 0 0 0 0 0 0 0 0 0 0 0 0 0 0 0 0 0 0 0 0 0 0 0 0 0 0 0 0 0 0 0 0 0 0 0 0 0 0 0 0 0 0 0 0 0 0 0 0 0 0 0 0 0 0 0 0 0 0 0 0 0 0 0 0 0 0 0 0 0 0 0 0 0 0 0 0 0 0 0 0 0 0 0 0 0 0 0 0 0 0 0 0 0 0 0 0 0 0 0 0 0 0 0 0 0 0 0 0 0 0 0 0 0 0 0 0 0 0 0 0 0 0 0 0 0 0 0 0 0 0 0 0 0 0 0 0 0 0 0 0 0 0 0 0 0 0 0 0 0 0 0 0 0 0 0 0 0 0 0 0 0 0 0 0 0 0 0 0 0 0 0 0 0 0 0 0 0 0 0 0 0 0 0 0 0 0 0 0 0 0 0 0 0 0 0 0 0 0 0 0 0 0 0 0 0 0 0 0 0 0 0 0 0 0 0 0 0 0 0 0 0 0 0 0 0 0 0 0 0 0 0 0 0 0 0 0 0 0 0 0 0 0 0 0 0 0 0 0 0 0 0 0 0 0 0 0 0 0 0 0 0 0 0 0 0 0 0 0 0 0 0 0 0 0 0 0 0 0 0 0 0 0 0 0 0 0 0 0 0 0 0 0 0 0 0 0 0 0 0 0 0 0 0 0 0 0 0 0 0 0 0 0 0 0 0 0 0 0 0 0 0 0 0 0 0 0 0 0 0 0 0 0 0 0 0 0 0 0 0 0 0 0 0 
0 0 0 0 0 0 0 0 0 0 0 0 0 0 0 0 0 0 0 0 0 0 0 0 0 0 0 0 0 0 0 0 0 0 0 0 0 0 0 0 0 0 0 0 0 0 0 0 0 0 0 0 0 0 0 0 0 0 0 0 0 0 0 0 0 0 0 0 0 0 0 0 0 0 0 0 0 0 0 0 0 0 0 0 0 0 0 0 0 0 0 0 0 0 0 0 0 0 0 0 199 199 199 199 199 199 199 0 0 0 0 0 0 0 0 0 0 0 0 0 0 0 0 0 0 0 0 0 0 0 0 0 0 0 0 0 0 0 0 0 0 0 0 0 0 0 0 0 0 0 0 0 0 0 0 0 0 0 0 0 0 0 0 0 0 0 0 0 0 0 0 0 0 0 0 0 0 0 0 0 0 0 0 0 0 0 0 0 0 0 0 0 0 0 0 0 0 0 0 0 0 0 0 0 0 0 0 0 0 0 0 0 0 0 0 0 0 0 0 0 0 0 0 0 0 0 0 0 0 0 0 0 0 0 0 0 0 0 0 0 0 0 0 0 0 0 0 0 0 0 0 0 0 0 0 0 0 0 0 0 0 0 0 0 0 0 0 0 0 0 0 0 0 0 0 0 0 0 0 0 0 0 0 0 0 0 0 0 0 0 0 0 0 0 0 0 0 0 0 0 0 0 0 0 0 0 0 0 0 0 0 0 0 0 0 0 0 0 0 0 0 0 0 0 0 0 0 0 0 0 0 0 0 0 0 0 0 0 0 0 0 0 0 0 0 0 0 0 0 0 0 0 0 0 0 0 0 0 0 0 0 0 0 0 0 0 0 0 0 0 0 0 0 0 0 0 0 0 0 0 0 0 0 0 0 0 0 0 0 0 0 0 0 0 0 0 0 0 0 0 0 0 0 0 0 0 0 0 0 0 0 0 0 0 0 0 0 0 0 0 0 0 0 0 0 0 0 0 0 0 0 0 0 0 0 0 0 0 0 0 0 0 0 0 0 0 0 0 0 0 0 0 0 0 0 0 0 0 0 0 0 0 0 0 0 0 0 0 0 0 0 0 0 0 0 0 0 0 0 0 0 0 0 0 0 0 0 0 0 0 0 0 0 0 0 0 0 0 0 0 0 0 0 
0 0 0 0 0 0 0 0 0 0 0 0 0 0 0 0 0 0 0 0 0 0 0 0 0 0 0 0 0 0 0 0 0 0 0 0 0 0 0 0 0 0 0 0 0 0 0 0 0 0 0 0 0 0 0 0 0 0 0 0 0 0 0 0 0 0 0 0 0 0 0 0 0 0 0 0 0 0 0 0 0 0 0 0 0 0 0 0 0 0 198 198 198 198 198 198 198 0 198 199 199 199 199 199 199 199 199 199 0 0 0 0 0 0 0 0 0 0 0 0 0 0 0 0 0 0 0 0 0 0 0 0 0 201 201 201 201 201 201 201 201 201 201 201 201 0 0 0 0 0 0 0 0 201 0 0 0 0 0 0 0 0 0 0 0 0 0 0 0 0 0 0 0 0 0 0 0 0 0 0 0 0 0 0 0 0 0 0 0 0 0 0 0 0 0 0 0 0 0 0 0 0 0 0 0 0 0 0 0 0 0 0 0 0 0 0 0 0 0 0 0 0 0 0 0 0 0 0 0 0 0 0 0 0 0 0 0 0 0 0 0 0 0 0 0 0 0 0 0 0 0 0 0 0 0 0 0 0 0 0 0 0 0 0 0 0 0 0 0 0 0 0 0 0 0 0 0 0 0 0 0 0 0 0 0 0 0 0 0 0 0 0 0 0 0 0 0 0 0 0 0 0 0 0 0 0 0 0 0 0 0 0 0 0 0 0 0 0 0 0 0 0 0 0 0 0 0 0 0 0 0 0 0 0 0 0 0 0 0 0 0 0 0 0 0 0 0 0 0 0 0 0 0 0 0 0 0 0 0 0 0 0 0 0 0 0 0 0 0 0 0 0 0 0 0 0 0 0 0 0 0 0 0 0 0 0 0 0 0 0 0 0 0 0 0 0 0 0 0 0 0 0 0 0 0 0 0 0 0 0 0 0 0 0 0 0 0 0 0 0 0 0 0 0 0 0 0 0 0 0 0 0 0 0 0 0 0 0 0 0 0 0 0 0 0 0 0 0 0 0 0 0 0 0 0 0 0 0 0 0 0 0 0 0 0 0 0 0 0 0 0 0 0 0 0 0 0 0 0 0 0 0 0 0 0 0 0 0 0 0 0 0 0 0 0 0 0 0 0 0 0 0 0 
0 0 0 0 0 0 0 0 0 0 0 0 0 0 0 0 0 0 0 0 0 0 0 0 0 0 0 0 0 0 0 0 0 0 0 0 0 0 0 0 0 0 0 0 0 0 0 0 0 0 0 0 0 0 0 0 0 0 0 0 0 0 0 0 0 0 0 0 0 0 0 0 0 0 0 0 0 0 0 0 0 0 0 0 0 0 0 0 198 198 198 198 198 198 198 198 198 198 198 199 199 199 199 199 199 199 199 199 199 199 199 0 0 0 0 0 0 0 0 0 0 0 0 0 0 0 0 0 0 0 0 200 201 201 201 201 201 201 201 201 201 201 201 201 201 0 0 0 0 0 0 0 201 201 201 0 0 0 0 0 0 0 0 0 0 0 0 0 0 0 0 0 0 0 0 0 0 0 0 0 0 0 0 0 0 0 0 0 0 0 0 0 0 0 0 0 0 0 0 0 0 0 0 0 0 0 0 0 0 0 0 0 0 0 0 0 0 0 0 0 0 0 0 0 0 0 0 0 0 0 0 0 0 0 0 0 0 0 0 0 0 0 0 0 0 0 0 0 0 0 0 0 0 0 0 0 0 0 0 0 0 0 0 0 0 0 0 0 0 0 0 0 0 0 0 0 0 0 0 0 0 0 0 0 0 0 0 0 0 0 0 0 0 0 0 0 0 0 0 0 0 0 0 0 0 0 0 0 0 0 0 0 0 0 0 0 0 0 0 0 0 0 0 0 0 0 0 0 0 0 0 0 0 0 0 0 0 0 0 0 0 0 0 0 0 0 0 0 0 0 0 0 0 0 0 0 0 0 0 0 0 0 0 0 0 0 0 0 0 0 0 0 0 0 0 0 0 0 0 0 0 0 0 0 0 0 0 0 0 0 0 0 0 0 0 0 0 0 0 0 0 0 0 0 0 0 0 0 0 0 0 0 0 0 0 0 0 0 0 0 0 0 0 0 0 0 0 0 0 0 0 0 0 0 0 0 0 0 0 0 0 0 0 0 0 0 0 0 0 0 0 0 0 0 0 0 0 0 0 0 0 0 0 0 0 0 0 0 0 0 0 0 0 0 0 0 0 0 0 0 0 0 0 0 0 0 0 0 0 0 0 0 0 0 0 0 0 0 0 0 0 0 0 
0 0 0 0 0 0 0 0 0 0 0 0 0 0 0 0 0 0 0 0 0 0 0 0 0 0 0 0 0 0 0 0 0 0 0 0 0 0 0 0 0 0 0 0 0 0 0 0 0 0 0 0 0 0 0 0 0 0 0 0 0 0 0 0 0 0 0 0 0 0 0 0 0 0 0 0 0 0 0 0 0 0 0 0 0 0 0 198 198 198 198 198 198 198 198 198 198 198 198 199 199 199 199 199 199 199 199 199 199 199 199 199 0 0 0 0 0 0 0 0 0 0 0 0 0 0 0 0 200 200 200 200 200 201 201 201 201 201 201 201 201 201 201 201 201 0 0 0 0 0 0 201 201 201 201 201 201 0 0 0 0 0 0 202 202 0 0 0 0 0 0 0 0 0 0 0 0 0 0 0 0 0 0 0 0 0 0 0 0 0 0 0 0 0 0 0 0 0 0 0 0 0 0 0 0 0 0 0 0 0 0 0 0 0 0 0 0 0 0 0 0 0 0 0 0 0 0 0 0 0 0 0 0 0 0 0 0 0 0 0 0 0 0 0 0 0 0 0 0 0 0 0 0 0 0 0 0 0 0 0 0 0 0 0 0 0 0 0 0 0 0 0 0 0 0 0 0 0 0 0 0 0 0 0 0 0 0 0 0 0 0 0 0 0 0 0 0 0 0 0 0 0 0 0 0 0 0 0 0 0 0 0 0 0 0 0 0 0 0 0 0 0 0 0 0 0 0 0 0 0 0 0 0 0 0 0 0 0 0 0 0 0 0 0 0 0 0 0 0 0 0 0 0 0 0 0 0 0 0 0 0 0 0 0 0 0 0 0 0 0 0 0 0 0 0 0 0 0 0 0 0 0 0 0 0 0 0 0 0 0 0 0 0 0 0 0 0 0 0 0 0 0 0 0 0 0 0 0 0 0 0 0 0 0 0 0 0 0 0 0 0 0 0 0 0 0 0 0 0 0 0 0 0 0 0 0 0 0 0 0 0 0 0 0 0 0 0 0 0 0 0 0 0 0 0 0 0 0 0 0 0 0 0 0 0 0 0 0 0 0 0 0 0 0 0 0 0 0 0 0 0 0 0 0 0 0 0 0 0 0 0 0 0 0 0 0 0 0 0 0 0 0 0 
0 0 0 0 0 0 0 0 0 0 0 0 0 0 0 0 0 0 0 0 0 0 0 0 0 0 0 0 0 0 0 0 0 0 0 0 0 0 0 0 0 0 0 0 0 0 0 0 0 0 0 0 0 0 0 0 0 0 0 0 0 0 0 0 0 0 0 0 0 0 0 0 0 0 0 0 0 0 0 0 0 0 0 197 197 197 198 198 198 198 198 198 198 198 198 198 198 198 198 199 199 199 199 199 199 199 199 199 199 199 199 199 199 199 0 0 0 0 0 0 0 0 0 0 200 200 200 200 200 200 200 200 200 201 201 201 201 201 201 201 201 201 201 201 201 201 0 0 201 201 201 201 201 201 201 201 201 202 0 0 202 202 202 202 202 202 202 0 0 0 0 0 0 0 0 0 0 0 0 0 0 0 0 0 0 0 0 0 0 0 0 0 0 0 0 0 0 0 0 0 0 0 0 0 0 0 0 0 0 0 0 0 0 0 0 0 0 0 0 0 0 0 0 0 0 0 0 0 0 0 0 0 0 0 0 0 0 0 0 0 0 0 0 0 0 0 0 0 0 0 0 0 0 0 0 0 0 0 0 0 0 0 0 0 0 0 0 0 0 0 0 0 0 0 0 0 0 0 0 0 0 0 0 0 0 0 0 0 0 0 0 0 0 0 0 0 0 0 0 0 0 0 0 0 0 0 0 0 0 0 0 0 0 0 0 0 0 0 0 0 0 0 0 0 0 0 0 0 0 0 0 0 0 0 0 0 0 0 0 0 0 0 0 0 0 0 0 0 0 0 0 0 0 0 0 0 0 0 0 0 0 0 0 0 0 0 0 0 0 0 0 0 0 0 0 0 0 0 0 0 0 0 0 0 0 0 0 0 0 0 0 0 0 0 0 0 0 0 0 0 0 0 0 0 0 0 0 0 0 0 0 0 0 0 0 0 0 0 0 0 0 0 0 0 0 0 0 0 0 0 0 0 0 0 0 0 0 0 0 0 0 0 0 0 0 0 0 0 0 0 0 0 0 0 0 0 0 0 0 0 0 0 0 0 0 0 0 0 0 0 0 0 0 0 0 0 0 0 0 0 0 0 0 0 0 0 0 0 0 0 0 0 0 0 0 0 0 0 0 0 0 0 0 
0 0 0 0 0 0 0 0 0 0 0 0 0 0 0 0 0 0 0 0 0 0 0 0 0 0 0 0 0 0 0 0 0 0 0 0 0 0 0 0 0 0 0 0 0 0 0 0 0 0 0 0 0 0 0 0 0 0 0 0 0 0 0 0 0 0 0 0 0 0 0 0 0 0 0 0 0 0 0 0 0 0 0 197 197 197 198 198 198 198 198 198 198 198 198 198 198 198 198 198 199 199 199 199 199 199 199 199 199 199 199 199 199 199 199 199 199 200 0 0 0 0 200 200 200 200 200 200 200 200 200 200 200 201 201 201 201 201 201 201 201 201 201 201 201 201 201 201 201 201 201 201 201 201 201 201 201 202 202 202 202 202 202 202 202 202 202 0 0 0 0 0 0 0 0 0 0 0 0 0 0 0 0 0 0 0 0 0 0 0 0 0 0 0 0 0 0 0 0 0 0 0 0 0 0 0 0 0 0 0 0 0 0 0 0 0 0 0 0 0 0 0 0 0 0 0 0 0 0 0 0 0 0 0 0 0 0 0 0 0 0 0 0 0 0 0 0 0 0 0 0 0 0 0 0 0 0 0 0 0 0 0 0 0 0 0 0 0 0 0 0 0 0 0 0 0 0 0 0 0 0 0 0 0 0 0 0 0 0 0 0 0 0 0 0 0 0 0 0 0 0 0 0 0 0 0 0 0 0 0 0 0 0 0 0 0 0 0 0 0 0 0 0 0 0 0 0 0 0 0 0 0 0 0 0 0 0 0 0 0 0 0 0 0 0 0 0 0 0 0 0 0 0 0 0 0 0 0 0 0 0 0 0 0 0 0 0 0 0 0 0 0 0 0 0 0 0 0 0 0 0 0 0 0 0 0 0 0 0 0 0 0 0 0 0 0 0 0 0 0 0 0 0 0 0 0 0 0 0 0 0 0 0 0 0 0 0 0 0 0 0 0 0 0 0 0 0 0 0 0 0 0 0 0 0 0 0 0 0 0 0 0 0 0 0 0 0 0 0 0 0 0 0 0 0 0 0 0 0 0 0 0 0 0 0 0 0 0 0 0 0 0 0 0 0 0 0 0 0 0 0 0 0 0 0 0 0 0 0 0 0 0 0 0 0 0 0 0 0 0 0 0 0 
0 0 0 0 0 0 0 0 0 0 0 0 0 0 0 0 0 0 0 0 0 0 0 0 0 0 0 0 0 0 0 0 0 0 0 0 0 0 0 0 0 0 0 0 0 0 0 0 0 0 0 0 0 0 0 0 0 0 0 0 0 0 0 0 0 0 0 0 0 0 0 0 0 0 0 0 0 0 0 0 0 0 0 0 197 197 198 198 198 198 198 198 198 198 198 198 198 198 198 198 199 199 199 199 199 199 199 199 199 199 199 199 199 199 199 199 199 200 200 200 200 200 200 200 200 200 200 200 200 200 200 200 200 200 201 201 201 201 201 201 201 201 201 201 201 201 201 201 201 201 201 201 201 201 201 201 201 201 202 202 202 202 202 202 202 202 202 202 202 202 0 0 0 0 0 0 0 0 0 0 0 0 0 0 0 0 0 0 0 0 0 0 0 0 0 0 0 0 0 0 0 0 0 0 0 0 0 0 0 0 0 0 0 0 0 0 0 0 0 0 0 0 0 0 0 0 0 0 0 0 0 0 0 0 0 0 0 0 0 0 0 0 0 0 0 0 0 0 0 0 0 0 0 0 0 0 0 0 0 0 0 0 0 0 0 0 0 0 0 0 0 0 0 0 0 0 0 0 0 0 0 0 0 0 0 0 0 0 0 0 0 0 0 0 0 0 0 0 0 0 0 0 0 0 0 0 0 0 0 0 0 0 0 0 0 0 0 0 0 0 0 0 0 0 0 0 0 0 0 0 0 0 0 0 0 0 0 0 0 0 0 0 0 0 0 0 0 0 0 0 0 0 0 0 0 0 0 0 0 0 0 0 0 0 0 0 0 0 0 0 0 0 0 0 0 0 0 0 0 0 0 0 0 0 0 0 0 0 0 0 0 0 0 0 0 0 0 0 0 0 0 0 0 0 0 0 0 0 0 0 0 0 0 0 0 0 0 0 0 0 0 0 0 0 0 0 0 0 0 0 0 0 0 0 0 0 0 0 0 0 0 0 0 0 0 0 0 0 0 0 0 0 0 0 0 0 0 0 0 0 0 0 0 0 0 0 0 0 0 0 0 0 0 0 0 0 0 0 0 0 0 0 0 0 0 0 0 0 0 0 0 0 0 0 0 0 0 0 0 0 0 0 0 
0 0 0 0 0 0 0 0 0 0 0 0 0 0 0 0 0 0 0 0 0 0 0 0 0 0 0 0 0 0 0 0 0 0 0 0 0 0 0 0 0 0 0 0 0 0 0 0 0 0 0 0 0 0 0 0 0 0 0 0 0 0 0 0 0 0 0 0 0 0 0 0 0 0 0 0 0 0 0 0 0 0 0 0 0 197 197 198 198 198 198 198 198 198 198 198 198 198 198 198 198 199 199 199 199 199 199 199 199 199 199 199 199 199 199 199 199 200 200 200 200 200 200 200 200 200 200 200 200 200 200 200 200 200 201 201 201 201 201 201 201 201 201 201 201 201 201 201 201 201 201 201 201 201 201 201 201 201 201 202 202 202 202 202 202 202 202 202 202 202 202 202 0 0 0 0 0 0 0 0 0 0 0 0 0 0 0 0 0 0 0 0 0 0 0 0 0 0 0 0 0 0 0 0 0 0 0 0 0 0 0 0 0 0 0 0 0 0 0 0 0 0 0 0 0 0 0 0 0 0 0 0 0 0 0 0 0 0 0 0 0 0 0 0 0 0 0 0 0 0 0 0 0 0 0 0 0 0 0 0 0 0 0 0 0 0 0 0 0 0 0 0 0 0 0 0 0 0 0 0 0 0 0 0 0 0 0 0 0 0 0 0 0 0 0 0 0 0 0 0 0 0 0 0 0 0 0 0 0 0 0 0 0 0 0 0 0 0 0 0 0 0 0 0 0 0 0 0 0 0 0 0 0 0 0 0 0 0 0 0 0 0 0 0 0 0 0 0 0 0 0 0 0 0 0 0 0 0 0 0 0 0 0 0 0 0 0 0 0 0 0 0 0 0 0 0 0 0 0 0 0 0 0 0 0 0 0 0 0 0 0 0 0 0 0 0 0 0 0 0 0 0 0 0 0 0 0 0 0 0 0 0 0 0 0 0 0 0 0 0 0 0 0 0 0 0 0 0 0 0 0 0 0 0 0 0 0 0 0 0 0 0 0 0 0 0 0 0 0 0 0 0 0 0 0 0 0 0 0 0 0 0 0 0 0 0 0 0 0 0 0 0 0 0 0 0 0 0 0 0 0 0 0 0 0 0 0 0 0 0 0 0 0 0 0 0 0 0 0 0 0 0 0 
0 0 0 0 0 0 0 0 0 0 0 0 0 0 0 0 0 0 0 0 0 0 0 0 0 0 0 0 0 0 0 0 0 0 0 0 0 0 0 0 0 0 0 0 0 0 0 0 0 0 0 0 0 0 0 0 0 0 0 0 0 0 0 0 0 0 0 0 0 0 0 0 0 0 0 0 0 0 0 0 0 0 0 197 197 197 197 198 198 198 198 198 198 198 198 198 198 198 198 198 198 199 199 199 199 199 199 199 199 199 199 199 199 199 199 199 199 199 200 200 200 200 200 200 200 200 200 200 200 200 200 200 200 200 201 201 201 201 201 201 201 201 201 201 201 201 201 201 201 201 201 201 201 201 201 201 201 201 201 202 202 202 202 202 202 202 202 202 202 202 202 202 202 202 202 0 0 0 0 0 0 0 0 0 0 0 0 0 0 0 0 0 0 0 0 0 0 0 0 0 0 0 0 0 0 0 0 0 0 0 0 0 0 0 0 0 0 0 0 0 0 0 0 0 0 0 0 0 0 0 0 0 0 0 0 0 0 0 0 0 0 0 0 0 0 0 0 0 0 0 0 0 0 0 0 0 0 0 0 0 0 0 0 0 0 0 0 0 0 0 0 0 0 0 0 0 0 0 0 0 0 0 0 0 0 0 0 0 0 0 0 0 0 0 0 0 0 0 0 0 0 0 0 0 0 0 0 0 0 0 0 0 0 0 0 0 0 0 0 0 0 0 0 0 0 0 0 0 0 0 0 0 0 0 0 0 0 0 0 0 0 0 0 0 0 0 0 0 0 0 0 0 0 0 0 0 0 0 0 0 0 0 0 0 0 0 0 0 0 0 0 0 0 0 0 0 0 0 0 0 0 0 0 0 0 0 0 0 0 0 0 0 0 0 0 0 0 0 0 0 0 0 0 0 0 0 0 0 0 0 0 0 0 0 0 0 0 0 0 0 0 0 0 0 0 0 0 0 0 0 0 0 0 0 0 0 0 0 0 0 0 0 0 0 0 0 0 0 0 0 0 0 0 0 0 0 0 0 0 0 0 0 0 0 0 0 0 0 0 0 0 0 0 0 0 0 0 0 0 0 0 0 0 0 0 0 0 0 0 0 0 0 0 0 0 0 0 0 0 0 0 0 0 
0 0 0 0 0 0 0 0 0 0 0 0 0 0 0 0 0 0 0 0 0 0 0 0 0 0 0 0 0 0 0 0 0 0 0 0 0 0 0 0 0 0 0 0 0 0 0 0 0 0 0 0 0 0 0 0 0 0 0 0 0 0 0 0 0 0 0 0 0 0 0 0 0 0 0 0 0 0 0 0 0 197 197 197 197 197 197 197 198 198 198 198 198 198 198 198 198 198 198 198 198 198 199 199 199 199 199 199 199 199 199 199 199 199 199 199 199 199 200 200 200 200 200 200 200 200 200 200 200 200 200 200 200 200 200 201 201 201 201 201 201 201 201 201 201 201 201 201 201 201 201 201 201 201 201 201 201 201 201 202 202 202 202 202 202 202 202 202 202 202 202 202 202 202 0 0 0 0 0 0 0 0 0 0 0 0 0 0 0 0 0 0 0 0 0 0 0 0 0 0 0 0 0 0 0 0 0 0 0 0 0 0 0 0 0 0 0 0 0 0 0 0 0 0 0 0 0 0 0 0 0 0 0 0 0 0 0 0 0 0 0 0 0 0 0 0 0 0 0 0 0 0 0 0 0 0 0 0 0 0 0 0 0 0 0 0 0 0 0 0 0 0 0 0 0 0 0 0 0 0 0 0 0 0 0 0 0 0 0 0 0 0 0 0 0 0 0 0 0 0 0 0 0 0 0 0 0 0 0 0 0 0 0 0 0 0 0 0 0 0 0 0 0 0 0 0 0 0 0 0 0 0 0 0 0 0 0 0 0 0 0 0 0 0 0 0 0 0 0 0 0 0 0 0 0 0 0 0 0 0 0 0 0 0 0 0 0 0 0 0 0 0 0 0 0 0 0 0 0 0 0 0 0 0 0 0 0 0 0 0 0 0 0 0 0 0 0 0 0 0 0 0 0 0 0 0 0 0 0 0 0 0 0 0 0 0 0 0 0 0 0 0 0 0 0 0 0 0 0 0 0 0 0 0 0 0 0 0 0 0 0 0 0 0 0 0 0 0 0 0 0 0 0 0 0 0 0 0 0 0 0 0 0 0 0 0 0 0 0 0 0 0 0 0 0 0 0 0 0 0 0 0 0 0 0 0 0 0 0 0 0 0 0 0 0 0 0 0 0 0 0 0 0 
0 0 0 0 0 0 0 0 0 0 0 0 0 0 0 0 0 0 0 0 0 0 0 0 0 0 0 0 0 0 0 0 0 0 0 0 0 0 0 0 0 0 0 0 0 0 0 0 0 0 0 0 0 0 0 0 0 0 0 0 0 0 0 0 0 0 0 0 0 0 0 0 0 0 0 0 0 0 197 197 197 197 197 197 197 197 197 197 198 198 198 198 198 198 198 198 198 198 198 198 198 198 199 199 199 199 199 199 199 199 199 199 199 199 199 199 199 199 200 200 200 200 200 200 200 200 200 200 200 200 200 200 200 200 200 201 201 201 201 201 201 201 201 201 201 201 201 201 201 201 201 201 201 201 201 201 201 201 201 202 202 202 202 202 202 202 202 202 202 202 202 202 202 202 202 202 0 0 0 0 0 0 0 0 0 0 0 0 0 0 0 0 0 0 0 0 0 0 0 0 0 0 0 0 0 0 0 0 0 0 0 0 0 0 0 0 0 0 0 0 0 0 0 0 0 0 0 0 0 0 0 0 0 0 0 0 0 0 0 0 0 0 0 0 0 0 0 0 0 0 0 0 0 0 0 0 0 0 0 0 0 0 0 0 0 0 0 0 0 0 0 0 0 0 0 0 0 0 0 0 0 0 0 0 0 0 0 0 0 0 0 0 0 0 0 0 0 0 0 0 0 0 0 0 0 0 0 0 0 0 0 0 0 0 0 0 0 0 0 0 0 0 0 0 0 0 0 0 0 0 0 0 0 0 0 0 0 0 0 0 0 0 0 0 0 0 0 0 0 0 0 0 0 0 0 0 0 0 0 0 0 0 0 0 0 0 0 0 0 0 0 0 0 0 0 0 0 0 0 0 0 0 0 0 0 0 0 0 0 0 0 0 0 0 0 0 0 0 0 0 0 0 0 0 0 0 0 0 0 0 0 0 0 0 0 0 0 0 0 0 0 0 0 0 0 0 0 0 0 0 0 0 0 0 0 0 0 0 0 0 0 0 0 0 0 0 0 0 0 0 0 0 0 0 0 0 0 0 0 0 0 0 0 0 0 0 0 0 0 0 0 0 0 0 0 0 0 0 0 0 0 0 0 0 0 0 0 0 0 0 0 0 0 0 0 0 0 0 0 0 0 0 0 
0 0 0 0 0 0 0 0 0 0 0 0 0 0 0 0 0 0 0 0 0 0 0 0 0 0 0 0 0 0 0 0 0 0 0 0 0 0 0 0 0 0 0 0 0 0 0 0 0 0 0 0 0 0 0 0 0 0 0 0 0 0 0 0 0 0 0 0 0 0 0 0 0 0 0 0 0 0 197 197 197 197 197 197 197 197 197 197 197 198 198 198 198 198 198 198 198 198 198 198 198 198 199 199 199 199 199 199 199 199 199 199 199 199 199 199 199 199 200 200 200 200 200 200 200 200 200 200 200 200 200 200 200 200 200 200 201 201 201 201 201 201 201 201 201 201 201 201 201 201 201 201 201 201 201 201 201 201 202 202 202 202 202 202 202 202 202 202 202 202 202 202 202 202 202 202 202 202 0 0 0 0 0 0 0 0 0 0 0 0 0 0 0 0 0 0 0 0 0 0 0 0 0 0 0 0 0 0 0 0 0 0 0 0 0 0 0 0 0 0 0 0 0 0 0 0 0 0 0 0 0 0 0 0 0 0 0 0 0 0 0 0 0 0 0 0 0 0 0 0 0 0 0 0 0 0 0 0 0 0 0 0 0 0 0 0 0 0 0 0 0 0 0 0 0 0 0 0 0 0 0 0 0 0 0 0 0 0 0 0 0 0 0 0 0 0 0 0 0 0 0 0 0 0 0 0 0 0 0 0 0 0 0 0 0 0 0 0 0 0 0 0 0 0 0 0 0 0 0 0 0 0 0 0 0 0 0 0 0 0 0 0 0 0 0 0 0 0 0 0 0 0 0 0 0 0 0 0 0 0 0 0 0 0 0 0 0 0 0 0 0 0 0 0 0 0 0 0 0 0 0 0 0 0 0 0 0 0 0 0 0 0 0 0 0 0 0 0 0 0 0 0 0 0 0 0 0 0 0 0 0 0 0 0 0 0 0 0 0 0 0 0 0 0 0 0 0 0 0 0 0 0 0 0 0 0 0 0 0 0 0 0 0 0 0 0 0 0 0 0 0 0 0 0 0 0 0 0 0 0 0 0 0 0 0 0 0 0 0 0 0 0 0 0 0 0 0 0 0 0 0 0 0 0 0 0 0 0 0 0 0 0 0 0 0 0 0 0 0 0 0 0 0 
0 0 0 0 0 0 0 0 0 0 0 0 0 0 0 0 0 0 0 0 0 0 0 0 0 0 0 0 0 0 0 0 0 0 0 0 0 0 0 0 0 0 0 0 0 0 0 0 0 0 0 0 0 0 0 0 0 0 0 0 0 0 0 0 0 0 0 0 0 0 0 0 0 0 0 0 0 197 197 197 197 197 197 197 197 197 197 197 197 198 198 198 198 198 198 198 198 198 198 198 198 198 198 199 199 199 199 199 199 199 199 199 199 199 199 199 199 199 199 200 200 200 200 200 200 200 200 200 200 200 200 200 200 200 200 200 201 201 201 201 201 201 201 201 201 201 201 201 201 201 201 201 201 201 201 201 201 201 201 201 202 202 202 202 202 202 202 202 202 202 202 202 202 202 202 202 202 202 202 0 0 0 0 0 0 0 0 0 0 0 0 0 0 0 0 0 0 0 0 0 0 0 0 0 0 0 0 0 0 0 0 0 0 0 0 0 0 0 0 0 0 0 0 0 0 0 0 0 0 0 0 0 0 0 0 0 0 0 0 0 0 0 0 0 0 0 0 0 0 0 0 0 0 0 0 0 0 0 0 0 0 0 0 0 0 0 0 0 0 0 0 0 0 0 0 0 0 0 0 0 0 0 0 0 0 0 0 0 0 0 0 0 0 0 0 0 0 0 0 0 0 0 0 0 0 0 0 0 0 0 0 0 0 0 0 0 0 0 0 0 0 0 0 0 0 0 0 0 0 0 0 0 0 0 0 0 0 0 0 0 0 0 0 0 0 0 0 0 0 0 0 0 0 0 0 0 0 0 0 0 0 0 0 0 0 0 0 0 0 0 0 0 0 0 0 0 0 0 0 0 0 0 0 0 0 0 0 0 0 0 0 0 0 0 0 0 0 0 0 0 0 0 0 0 0 0 0 0 0 0 0 0 0 0 0 0 0 0 0 0 0 0 0 0 0 0 0 0 0 0 0 0 0 0 0 0 0 0 0 0 0 0 0 0 0 0 0 0 0 0 0 0 0 0 0 0 0 0 0 0 0 0 0 0 0 0 0 0 0 0 0 0 0 0 0 0 0 0 0 0 0 0 0 0 0 0 0 0 0 0 0 0 0 0 0 0 0 0 0 0 0 0 0 
0 0 0 0 0 0 0 0 0 0 0 0 0 0 0 0 0 0 0 0 0 0 0 0 0 0 0 0 0 0 0 0 0 0 0 0 0 0 0 0 0 0 0 0 0 0 0 0 0 0 0 0 0 0 0 0 0 0 0 0 0 0 0 0 0 0 0 0 0 0 0 0 0 0 0 0 197 197 197 197 197 197 197 197 197 197 197 197 197 197 198 198 198 198 198 198 198 198 198 198 198 198 198 199 199 199 199 199 199 199 199 199 199 199 199 199 199 199 200 200 200 200 200 200 200 200 200 200 200 200 200 200 200 200 200 200 201 201 201 201 201 201 201 201 201 201 201 201 201 201 201 201 201 201 201 201 201 201 201 201 201 202 202 202 202 202 202 202 202 202 202 202 202 202 202 202 202 202 202 0 0 0 0 0 0 0 0 0 0 0 0 0 0 0 0 0 0 0 0 0 0 0 0 0 0 0 0 0 0 0 0 0 0 0 0 0 0 0 0 0 0 0 0 0 0 0 0 0 0 0 0 0 0 0 0 0 0 0 0 0 0 0 0 0 0 0 0 0 0 0 0 0 0 0 0 0 0 0 0 0 0 0 0 0 0 0 0 0 0 0 0 0 0 0 0 0 0 0 0 0 0 0 0 0 0 0 0 0 0 0 0 0 0 0 0 0 0 0 0 0 0 0 0 0 0 0 0 0 0 0 0 0 0 0 0 0 0 0 0 0 0 0 0 0 0 0 0 0 0 0 0 0 0 0 0 0 0 0 0 0 0 0 0 0 0 0 0 0 0 0 0 0 0 0 0 0 0 0 0 0 0 0 0 0 0 0 0 0 0 0 0 0 0 0 0 0 0 0 0 0 0 0 0 0 0 0 0 0 0 0 0 0 0 0 0 0 0 0 0 0 0 0 0 0 0 0 0 0 0 0 0 0 0 0 0 0 0 0 0 0 0 0 0 0 0 0 0 0 0 0 0 0 0 0 0 0 0 0 0 0 0 0 0 0 0 0 0 0 0 0 0 0 0 0 0 0 0 0 0 0 0 0 0 0 0 0 0 0 0 0 0 0 0 0 0 0 0 0 0 0 0 0 0 0 0 0 0 0 0 0 0 0 0 0 0 0 0 0 0 0 0 0 0 
0 0 0 0 0 0 0 0 0 0 0 0 0 0 0 0 0 0 0 0 0 0 0 0 0 0 0 0 0 0 0 0 0 0 0 0 0 0 0 0 0 0 0 0 0 0 0 0 0 0 0 0 0 0 0 0 0 0 0 0 0 0 0 0 0 0 0 0 0 0 0 0 0 0 196 196 197 197 197 197 197 197 197 197 197 197 197 197 197 197 198 198 198 198 198 198 198 198 198 198 198 198 198 199 199 199 199 199 199 199 199 199 199 199 199 199 199 199 199 200 200 200 200 200 200 200 200 200 200 200 200 200 200 200 200 200 201 201 201 201 201 201 201 201 201 201 201 201 201 201 201 201 201 201 201 201 201 201 201 201 201 202 202 202 202 202 202 202 202 202 202 202 202 202 202 202 202 202 202 202 202 0 0 0 0 0 0 0 0 0 0 0 0 0 0 0 0 0 0 0 0 0 0 0 0 0 0 0 0 0 0 0 0 0 0 0 0 0 0 0 0 0 0 0 0 0 0 0 0 0 0 0 0 0 0 0 0 0 0 0 0 0 0 0 0 0 0 0 0 0 0 0 0 0 0 0 0 0 0 0 0 0 0 0 0 0 0 0 0 0 0 0 0 0 0 0 0 0 0 0 0 0 0 0 0 0 0 0 0 0 0 0 0 0 0 0 0 0 0 0 0 0 0 0 0 0 0 0 0 0 0 0 0 0 0 0 0 0 0 0 0 0 0 0 0 0 0 0 0 0 0 0 0 0 0 0 0 0 0 0 0 0 0 0 0 0 0 0 0 0 0 0 0 0 0 0 0 0 0 0 0 0 0 0 0 0 0 0 0 0 0 0 0 0 0 0 0 0 0 0 0 0 0 0 0 0 0 0 0 0 0 0 0 0 0 0 0 0 0 0 0 0 0 0 0 0 0 0 0 0 0 0 0 0 0 0 0 0 0 0 0 0 0 0 0 0 0 0 0 0 0 0 0 0 0 0 0 0 0 0 0 0 0 0 0 0 0 0 0 0 0 0 0 0 0 0 0 0 0 0 0 0 0 0 0 0 0 0 0 0 0 0 0 0 0 0 0 0 0 0 0 0 0 0 0 0 0 0 0 0 0 0 0 0 0 0 0 0 0 0 0 0 0 
0 0 0 0 0 0 0 0 0 0 0 0 0 0 0 0 0 0 0 0 0 0 0 0 0 0 0 0 0 0 0 0 0 0 0 0 0 0 0 0 0 0 0 0 0 0 0 0 0 0 0 0 0 0 0 0 0 0 0 0 0 0 0 0 0 0 0 0 0 0 0 0 0 196 196 196 196 197 197 197 197 197 197 197 197 197 197 197 197 197 197 198 198 198 198 198 198 198 198 198 198 198 198 199 199 199 199 199 199 199 199 199 199 199 199 199 199 199 199 200 200 200 200 200 200 200 200 200 200 200 200 200 200 200 200 200 200 201 201 201 201 201 201 201 201 201 201 201 201 201 201 201 201 201 201 201 201 201 201 201 201 202 202 202 202 202 202 202 202 202 202 202 202 202 202 202 202 202 202 202 202 202 0 0 0 0 0 0 0 0 0 0 0 0 0 0 0 0 0 0 0 0 0 0 0 0 0 0 0 0 0 0 0 0 0 0 0 0 0 0 0 0 0 0 0 0 0 0 0 0 0 0 0 0 0 0 0 0 0 0 0 0 0 0 0 0 0 0 0 0 0 0 0 0 0 0 0 0 0 0 0 0 0 0 0 0 0 0 0 0 0 0 0 0 0 0 0 0 0 0 0 0 0 0 0 0 0 0 0 0 0 0 0 0 0 0 0 0 0 0 0 0 0 0 0 0 0 0 0 0 0 0 0 0 0 0 0 0 0 0 0 0 0 0 0 0 0 0 0 0 0 0 0 0 0 0 0 0 0 0 0 0 0 0 0 0 0 0 0 0 0 0 0 0 0 0 0 0 0 0 0 0 0 0 0 0 0 0 0 0 0 0 0 0 0 0 0 0 0 0 0 0 0 0 0 0 0 0 0 0 0 0 0 0 0 0 0 0 0 0 0 0 0 0 0 0 0 0 0 0 0 0 0 0 0 0 0 0 0 0 0 0 0 0 0 0 0 0 0 0 0 0 0 0 0 0 0 0 0 0 0 0 0 0 0 0 0 0 0 0 0 0 0 0 0 0 0 0 0 0 0 0 0 0 0 0 0 0 0 0 0 0 0 0 0 0 0 0 0 0 0 0 0 0 0 0 0 0 0 0 0 0 0 0 0 0 0 0 0 0 0 0 0 
0 0 0 0 0 0 0 0 0 0 0 0 0 0 0 0 0 0 0 0 0 0 0 0 0 0 0 0 0 0 0 0 0 0 0 0 0 0 0 0 0 0 0 0 0 0 0 0 0 0 0 0 0 0 0 0 0 0 0 0 0 0 0 0 195 196 196 0 0 0 0 0 196 196 196 196 196 196 197 197 197 197 197 197 197 197 197 197 197 197 197 198 198 198 198 198 198 198 198 198 198 198 198 198 199 199 199 199 199 199 199 199 199 199 199 199 199 199 199 200 200 200 200 200 200 200 200 200 200 200 200 200 200 200 200 200 200 201 201 201 201 201 201 201 201 201 201 201 201 201 201 201 201 201 201 201 201 201 201 201 201 202 202 202 202 202 202 202 202 202 202 202 202 202 202 202 202 202 202 202 202 202 202 0 0 0 0 0 0 0 0 0 0 0 0 0 0 0 0 0 0 0 0 0 0 0 0 0 0 0 0 0 0 0 0 0 0 0 0 0 0 0 0 0 0 0 0 0 0 0 0 0 0 0 0 0 0 0 0 0 0 0 0 0 0 0 0 0 0 0 0 0 0 0 0 0 0 0 0 0 0 0 0 0 0 0 0 0 0 0 0 0 0 0 0 0 0 0 0 0 0 0 0 0 0 0 0 0 0 0 0 0 0 0 0 0 0 0 0 0 0 0 0 0 0 0 0 0 0 0 0 0 0 0 0 0 0 0 0 0 0 0 0 0 0 0 0 0 0 0 0 0 0 0 0 0 0 0 0 0 0 0 0 0 0 0 0 0 0 0 0 0 0 0 0 0 0 0 0 0 0 0 0 0 0 0 0 0 0 0 0 0 0 0 0 0 0 0 0 0 0 0 0 0 0 0 0 0 0 0 0 0 0 0 0 0 0 0 0 0 0 0 0 0 0 0 0 0 0 0 0 0 0 0 0 0 0 0 0 0 0 0 0 0 0 0 0 0 0 0 0 0 0 0 0 0 0 0 0 0 0 0 0 0 0 0 0 0 0 0 0 0 0 0 0 0 0 0 0 0 0 0 0 0 0 0 0 0 0 0 0 0 0 0 0 0 0 0 0 0 0 0 0 0 0 0 0 0 0 0 0 0 0 0 0 0 0 0 0 0 0 0 0 
0 0 0 0 0 0 0 0 0 0 0 0 0 0 0 0 0 0 0 0 0 0 0 0 0 0 0 0 0 0 0 0 0 0 193 193 193 0 0 0 0 0 0 0 0 0 0 0 0 0 0 0 0 0 0 0 0 0 0 0 0 0 195 195 195 196 196 0 196 196 196 196 196 196 196 196 196 196 196 197 197 197 197 197 197 197 197 197 197 197 197 197 198 198 198 198 198 198 198 198 198 198 198 198 199 199 199 199 199 199 199 199 199 199 199 199 199 199 199 199 200 200 200 200 200 200 200 200 200 200 200 200 200 200 200 200 200 200 201 201 201 201 201 201 201 201 201 201 201 201 201 201 201 201 201 201 201 201 201 201 201 202 202 202 202 202 202 202 202 202 202 202 202 202 202 202 202 202 202 202 202 202 202 0 0 0 0 0 0 0 0 0 0 0 0 0 0 0 0 0 0 0 0 0 0 0 0 0 0 0 0 0 0 0 0 0 0 0 0 0 0 0 0 0 0 0 0 0 0 0 0 0 0 0 0 0 0 0 0 0 0 0 0 0 0 0 0 0 0 0 0 0 0 0 0 0 0 0 0 0 0 0 0 0 0 0 0 0 0 0 0 0 0 0 0 0 0 0 0 0 0 0 0 0 0 0 0 0 0 0 0 0 0 0 0 0 0 0 0 0 0 0 0 0 0 0 0 0 0 0 0 0 0 0 0 0 0 0 0 0 0 0 0 0 0 0 0 0 0 0 0 0 0 0 0 0 0 0 0 0 0 0 0 0 0 0 0 0 0 0 0 0 0 0 0 0 0 0 0 0 0 0 0 0 0 0 0 0 0 0 0 0 0 0 0 0 0 0 0 0 0 0 0 0 0 0 0 0 0 0 0 0 0 0 0 0 0 0 0 0 0 0 0 0 0 0 0 0 0 0 0 0 0 0 0 0 0 0 0 0 0 0 0 0 0 0 0 0 0 0 0 0 0 0 0 0 0 0 0 0 0 0 0 0 0 0 0 0 0 0 0 0 0 0 0 0 0 0 0 0 0 0 0 0 0 0 0 0 0 0 0 0 0 0 0 0 0 0 0 0 0 0 0 0 0 0 0 0 0 0 0 0 0 0 0 0 0 0 0 0 0 0 0 
0 0 0 0 0 0 0 0 0 0 0 0 0 0 0 0 0 0 0 0 0 0 0 0 0 0 0 0 0 0 0 0 0 193 193 193 193 193 193 0 0 0 0 0 0 0 0 0 0 0 0 0 0 0 0 0 0 0 0 0 195 195 195 195 195 195 196 196 196 196 196 196 196 196 196 196 196 196 196 197 197 197 197 197 197 197 197 197 197 197 197 197 198 198 198 198 198 198 198 198 198 198 198 198 198 199 199 199 199 199 199 199 199 199 199 199 199 199 199 199 200 200 200 200 200 200 200 200 200 200 200 200 200 200 200 200 200 200 201 201 201 201 201 201 201 201 201 201 201 201 201 201 201 201 201 201 201 201 201 201 201 201 202 202 202 202 202 202 202 202 202 202 202 202 202 202 202 202 202 202 202 202 202 0 0 0 0 0 0 0 0 0 0 0 0 0 0 0 0 0 0 0 0 0 0 0 0 0 0 0 0 0 0 0 0 0 0 0 0 0 0 0 0 0 0 0 0 0 0 0 0 0 0 0 0 0 0 0 0 0 0 0 0 0 0 0 0 0 0 0 0 0 0 0 0 0 0 0 0 0 0 0 0 0 0 0 0 0 0 0 0 0 0 0 0 0 0 0 0 0 0 0 0 0 0 0 0 0 0 0 0 0 0 0 0 0 0 0 0 0 0 0 0 0 0 0 0 0 0 0 0 0 0 0 0 0 0 0 0 0 0 0 0 0 0 0 0 0 0 0 0 0 0 0 0 0 0 0 0 0 0 0 0 0 0 0 0 0 0 0 0 0 0 0 0 0 0 0 0 0 0 0 0 0 0 0 0 0 0 0 0 0 0 0 0 0 0 0 0 0 0 0 0 0 0 0 0 0 0 0 0 0 0 0 0 0 0 0 0 0 0 0 0 0 0 0 0 0 0 0 0 0 0 0 0 0 0 0 0 0 0 0 0 0 0 0 0 0 0 0 0 0 0 0 0 0 0 0 0 0 0 0 0 0 0 0 0 0 0 0 0 0 0 0 0 0 0 0 0 0 0 0 0 0 0 0 0 0 0 0 0 0 0 0 0 0 0 0 0 0 0 0 0 0 0 0 0 0 0 0 0 0 0 0 0 0 0 0 0 0 0 0 0 
0 0 0 0 0 0 0 0 0 0 0 0 0 0 0 0 0 0 0 0 0 0 0 0 0 0 0 0 0 0 0 0 193 193 193 193 193 193 193 0 0 0 0 0 0 0 0 0 0 0 0 0 0 0 0 0 0 195 195 195 195 195 195 195 195 195 196 196 196 196 196 196 196 196 196 196 196 196 196 196 197 197 197 197 197 197 197 197 197 197 197 197 198 198 198 198 198 198 198 198 198 198 198 198 198 199 199 199 199 199 199 199 199 199 199 199 199 199 199 199 199 200 200 200 200 200 200 200 200 200 200 200 200 200 200 200 200 200 200 201 201 201 201 201 201 201 201 201 201 201 201 201 201 201 201 201 201 201 201 201 201 201 202 202 202 202 202 202 202 202 202 202 202 202 202 202 202 202 202 202 202 202 202 202 0 0 0 0 0 0 0 0 0 0 0 0 0 0 0 0 0 0 0 0 0 0 0 0 0 0 0 0 0 0 0 0 0 0 0 0 0 0 0 0 0 0 0 0 0 0 0 0 0 0 0 0 0 0 0 0 0 0 0 0 0 0 0 0 0 0 0 0 0 0 0 0 0 0 0 0 0 0 0 0 0 0 0 0 0 0 0 0 0 0 0 0 0 0 0 0 0 0 0 0 0 0 0 0 0 0 0 0 0 0 0 0 0 0 0 0 0 0 0 0 0 0 0 0 0 0 0 0 0 0 0 0 0 0 0 0 0 0 0 0 0 0 0 0 0 0 0 0 0 0 0 0 0 0 0 0 0 0 0 0 0 0 0 0 0 0 0 0 0 0 0 0 0 0 0 0 0 0 0 0 0 0 0 0 0 0 0 0 0 0 0 0 0 0 0 0 0 0 0 0 0 0 0 0 0 0 0 0 0 0 0 0 0 0 0 0 0 0 0 0 0 0 0 0 0 0 0 0 0 0 0 0 0 0 0 0 0 0 0 0 0 0 0 0 0 0 0 0 0 0 0 0 0 0 0 0 0 0 0 0 0 0 0 0 0 0 0 0 0 0 0 0 0 0 0 0 0 0 0 0 0 0 0 0 0 0 0 0 0 0 0 0 0 0 0 0 0 0 0 0 0 0 0 0 0 0 0 0 0 0 0 0 0 0 0 0 0 0 0 
0 0 0 0 0 0 0 0 0 0 0 0 0 0 0 0 0 0 0 0 0 0 0 0 0 0 0 0 0 0 0 193 193 193 193 193 193 193 193 0 0 0 0 0 0 0 0 0 0 0 0 0 0 0 0 0 195 195 195 195 195 195 195 195 195 195 196 196 196 196 196 196 196 196 196 196 196 196 196 196 196 197 197 197 197 197 197 197 197 197 197 197 198 198 198 198 198 198 198 198 198 198 198 198 198 198 199 199 199 199 199 199 199 199 199 199 199 199 199 199 199 200 200 200 200 200 200 200 200 200 200 200 200 200 200 200 200 200 200 200 201 201 201 201 201 201 201 201 201 201 201 201 201 201 201 201 201 201 201 201 201 201 202 202 202 202 202 202 202 202 202 202 202 202 202 202 202 202 202 202 202 202 202 202 202 0 0 0 0 0 0 0 0 0 0 0 0 0 0 0 0 0 0 0 0 0 0 0 0 0 0 0 0 0 0 0 0 0 0 0 0 0 0 0 0 0 0 0 0 0 0 0 0 0 0 0 0 0 0 0 0 0 0 0 0 0 0 0 0 0 0 0 0 0 0 0 0 0 0 0 0 0 0 0 0 0 0 0 0 0 0 0 0 0 0 0 0 0 0 0 0 0 0 0 0 0 0 0 0 0 0 0 0 0 0 0 0 0 0 0 0 0 0 0 0 0 0 0 0 0 0 0 0 0 0 0 0 0 0 0 0 0 0 0 0 0 0 0 0 0 0 0 0 0 0 0 0 0 0 0 0 0 0 0 0 0 0 0 0 0 0 0 0 0 0 0 0 0 0 0 0 0 0 0 0 0 0 0 0 0 0 0 0 0 0 0 0 0 0 0 0 0 0 0 0 0 0 0 0 0 0 0 0 0 0 0 0 0 0 0 0 0 0 0 0 0 0 0 0 0 0 0 0 0 0 0 0 0 0 0 0 0 0 0 0 0 0 0 0 0 0 0 0 0 0 0 0 0 0 0 0 0 0 0 0 0 0 0 0 0 0 0 0 0 0 0 0 0 0 0 0 0 0 0 0 0 0 0 0 0 0 0 0 0 0 0 0 0 0 0 0 0 0 0 0 0 0 0 0 0 0 0 0 0 0 0 0 0 0 0 0 0 0 
0 0 0 0 0 0 0 0 0 0 0 0 0 0 0 0 0 0 0 0 0 0 0 0 0 0 0 0 0 0 192 193 193 193 193 193 193 193 193 193 0 0 0 0 0 0 0 0 0 0 0 0 0 0 0 0 0 195 195 195 195 195 195 195 195 195 195 195 196 196 196 196 196 196 196 196 196 196 196 196 196 197 197 197 197 197 197 197 197 197 197 197 198 198 198 198 198 198 198 198 198 198 198 198 198 198 199 199 199 199 199 199 199 199 199 199 199 199 199 199 199 199 200 200 200 200 200 200 200 200 200 200 200 200 200 200 200 200 200 200 200 201 201 201 201 201 201 201 201 201 201 201 201 201 201 201 201 201 201 201 201 202 202 202 202 202 202 202 202 202 202 202 202 202 202 202 202 202 202 202 202 202 202 202 0 0 0 0 0 0 0 0 0 0 0 0 0 0 0 0 0 0 0 0 0 0 0 0 0 0 0 0 0 0 0 0 0 0 0 0 0 0 0 0 0 0 0 0 0 0 0 0 0 0 0 0 0 0 0 0 0 0 0 0 0 0 0 0 0 0 0 0 0 0 0 0 0 0 0 0 0 0 0 0 0 0 0 0 0 0 0 0 0 0 0 0 0 0 0 0 0 0 0 0 0 0 0 0 0 0 0 0 0 0 0 0 0 0 0 0 0 0 0 0 0 0 0 0 0 0 0 0 0 0 0 0 0 0 0 0 0 0 0 0 0 0 0 0 0 0 0 0 0 0 0 0 0 0 0 0 0 0 0 0 0 0 0 0 0 0 0 0 0 0 0 0 0 0 0 0 0 0 0 0 0 0 0 0 0 0 0 0 0 0 0 0 0 0 0 0 0 0 0 0 0 0 0 0 0 0 0 0 0 0 0 0 0 0 0 0 0 0 0 0 0 0 0 0 0 0 0 0 0 0 0 0 0 0 0 0 0 0 0 0 0 0 0 0 0 0 0 0 0 0 0 0 0 0 0 0 0 0 0 0 0 0 0 0 0 0 0 0 0 0 0 0 0 0 0 0 0 0 0 0 0 0 0 0 0 0 0 0 0 0 0 0 0 0 0 0 0 0 0 0 0 0 0 0 0 0 0 0 0 0 0 0 0 0 0 0 0 0 0 
0 0 0 0 0 0 0 0 0 0 0 0 0 0 0 0 0 0 0 0 0 0 0 0 0 0 0 0 0 0 192 192 192 193 193 193 193 193 193 193 193 193 0 0 0 0 194 194 194 194 0 0 194 194 194 195 0 0 195 195 195 195 195 195 195 195 195 195 196 196 196 196 196 196 196 196 196 196 196 196 196 196 197 197 197 197 197 197 197 197 197 197 197 198 198 198 198 198 198 198 198 198 198 198 198 198 198 199 199 199 199 199 199 199 199 199 199 199 199 199 199 199 200 200 200 200 200 200 200 200 200 200 200 200 200 200 200 200 200 200 200 200 201 201 201 201 201 201 201 201 201 201 201 201 201 201 201 201 201 201 201 201 202 202 202 202 202 202 202 202 202 202 202 202 202 202 202 202 202 202 202 202 202 202 202 0 0 0 0 0 0 0 0 0 0 0 0 0 0 0 0 0 0 0 0 0 0 0 0 0 0 0 0 0 0 0 0 0 0 0 0 0 0 0 0 0 0 0 0 0 0 0 0 0 0 0 0 0 0 0 0 0 0 0 0 0 0 0 0 0 0 0 0 0 0 0 0 0 0 0 0 0 0 0 0 0 0 0 0 0 0 0 0 0 0 0 0 0 0 0 0 0 0 0 0 0 0 0 0 0 0 0 0 0 0 0 0 0 0 0 0 0 0 0 0 0 0 0 0 0 0 0 0 0 0 0 0 0 0 0 0 0 0 0 0 0 0 0 0 0 0 0 0 0 0 0 0 0 0 0 0 0 0 0 0 0 0 0 0 0 0 0 0 0 0 0 0 0 0 0 0 0 0 0 0 0 0 0 0 0 0 0 0 0 0 0 0 0 0 0 0 0 0 0 0 0 0 0 0 0 0 0 0 0 0 0 0 0 0 0 0 0 0 0 0 0 0 0 0 0 0 0 0 0 0 0 0 0 0 0 0 0 0 0 0 0 0 0 0 0 0 0 0 0 0 0 0 0 0 0 0 0 0 0 0 0 0 0 0 0 0 0 0 0 0 0 0 0 0 0 0 0 0 0 0 0 0 0 0 0 0 0 0 0 0 0 0 0 0 0 0 0 0 0 0 0 0 0 0 0 0 0 0 0 0 0 0 0 0 0 0 0 0 
0 0 0 0 0 0 0 0 0 0 0 0 0 0 0 0 0 0 0 0 0 0 0 0 0 0 0 0 0 0 0 192 192 193 193 193 193 193 193 193 193 193 193 193 194 194 194 194 194 194 194 194 194 194 194 194 195 195 195 195 195 195 195 195 195 195 195 195 195 196 196 196 196 196 196 196 196 196 196 196 196 196 196 197 197 197 197 197 197 197 197 197 197 197 198 198 198 198 198 198 198 198 198 198 198 198 198 198 199 199 199 199 199 199 199 199 199 199 199 199 199 199 199 200 200 200 200 200 200 200 200 200 200 200 200 200 200 200 200 200 200 200 201 201 201 201 201 201 201 201 201 201 201 201 201 201 201 201 201 201 201 201 202 202 202 202 202 202 202 202 202 202 202 202 202 202 202 202 202 202 202 202 202 202 202 202 0 0 0 0 0 0 0 0 0 0 0 0 0 0 0 0 0 0 0 0 0 0 0 0 0 0 0 0 0 0 0 0 0 0 0 0 0 0 0 0 0 0 0 0 0 0 0 0 0 0 0 0 0 0 0 0 0 0 0 0 0 0 0 0 0 0 0 0 0 0 0 0 0 0 0 0 0 0 0 0 0 0 0 0 0 0 0 0 0 0 0 0 0 0 0 0 0 0 0 0 0 0 0 0 0 0 0 0 0 0 0 0 0 0 0 0 0 0 0 0 0 0 0 0 0 0 0 0 0 0 0 0 0 0 0 0 0 0 0 0 0 0 0 0 0 0 0 0 0 0 0 0 0 0 0 0 0 0 0 0 0 0 0 0 0 0 0 0 0 0 0 0 0 0 0 0 0 0 0 0 0 0 0 0 0 0 0 0 0 0 0 0 0 0 0 0 0 0 0 0 0 0 0 0 0 0 0 0 0 0 0 0 0 0 0 0 0 0 0 0 0 0 0 0 0 0 0 0 0 0 0 0 0 0 0 0 0 0 0 0 0 0 0 0 0 0 0 0 0 0 0 0 0 0 0 0 0 0 0 0 0 0 0 0 0 0 0 0 0 0 0 0 0 0 0 0 0 0 0 0 0 0 0 0 0 0 0 0 0 0 0 0 0 0 0 0 0 0 0 0 0 0 0 0 0 0 0 0 0 0 0 0 0 0 0 0 0 
0 0 0 0 0 0 0 0 0 0 0 0 0 0 0 0 0 0 0 0 0 0 0 0 0 0 0 0 0 0 0 192 192 192 193 193 193 193 193 193 193 193 193 193 193 194 194 194 194 194 194 194 194 194 194 194 194 195 195 195 195 195 195 195 195 195 195 195 195 196 196 196 196 196 196 196 196 196 196 196 196 196 196 197 197 197 197 197 197 197 197 197 197 197 198 198 198 198 198 198 198 198 198 198 198 198 198 198 199 199 199 199 199 199 199 199 199 199 199 199 199 199 199 200 200 200 200 200 200 200 200 200 200 200 200 200 200 200 200 200 200 200 200 201 201 201 201 201 201 201 201 201 201 201 201 201 201 201 201 201 201 201 201 202 202 202 202 202 202 202 202 202 202 202 202 202 202 202 202 202 202 202 202 202 202 202 202 202 0 0 0 0 0 0 0 0 0 0 0 0 0 0 0 0 0 0 0 0 0 0 0 0 0 0 0 0 0 0 0 0 0 0 0 0 0 0 0 0 0 0 0 0 0 0 0 0 0 0 0 0 0 0 0 0 0 0 0 0 0 0 0 0 0 0 0 0 0 0 0 0 0 0 0 0 0 0 0 0 0 0 0 0 0 0 0 0 0 0 0 0 0 0 0 0 0 0 0 0 0 0 0 0 0 0 0 0 0 0 0 0 0 0 0 0 0 0 0 0 0 0 0 0 0 0 0 0 0 0 0 0 0 0 0 0 0 0 0 0 0 0 0 0 0 0 0 0 0 0 0 0 0 0 0 0 0 0 0 0 0 0 0 0 0 0 0 0 0 0 0 0 0 0 0 0 0 0 0 0 0 0 0 0 0 0 0 0 0 0 0 0 0 0 0 0 0 0 0 0 0 0 0 0 0 0 0 0 0 0 0 0 0 0 0 0 0 0 0 0 0 0 0 0 0 0 0 0 0 0 0 0 0 0 0 0 0 0 0 0 0 0 0 0 0 0 0 0 0 0 0 0 0 0 0 0 0 0 0 0 0 0 0 0 0 0 0 0 0 0 0 0 0 0 0 0 0 0 0 0 0 0 0 0 0 0 0 0 0 0 0 0 0 0 0 0 0 0 0 0 0 0 0 0 0 0 0 0 0 0 0 0 0 0 0 
0 0 0 0 0 0 0 0 0 0 0 0 0 0 0 0 0 0 0 0 0 0 0 0 0 0 0 0 0 0 0 192 192 192 192 193 193 193 193 193 193 193 193 193 193 193 194 194 194 194 194 194 194 194 194 194 194 194 195 195 195 195 195 195 195 195 195 195 195 195 196 196 196 196 196 196 196 196 196 196 196 196 196 196 197 197 197 197 197 197 197 197 197 197 197 198 198 198 198 198 198 198 198 198 198 198 198 198 198 199 199 199 199 199 199 199 199 199 199 199 199 199 199 199 200 200 200 200 200 200 200 200 200 200 200 200 200 200 200 200 200 200 200 200 200 201 201 201 201 201 201 201 201 201 201 201 201 201 201 201 201 201 201 202 202 202 202 202 202 202 202 202 202 202 202 202 202 202 202 202 202 202 202 202 202 202 202 202 202 202 0 0 0 0 0 0 0 0 0 0 0 0 0 0 0 0 0 0 0 0 0 0 0 0 0 0 0 0 0 0 0 0 0 0 0 0 0 0 0 0 0 0 0 0 0 0 0 0 0 0 0 0 0 0 0 0 0 0 0 0 0 0 0 0 0 0 0 0 0 0 0 0 0 0 0 0 0 0 0 0 0 0 0 0 0 0 0 0 0 0 0 0 0 0 0 0 0 0 0 0 0 0 0 0 0 0 0 0 0 0 0 0 0 0 0 0 0 0 0 0 0 0 0 0 0 0 0 0 0 0 0 0 0 0 0 0 0 0 0 0 0 0 0 0 0 0 0 0 0 0 0 0 0 0 0 0 0 0 0 0 0 0 0 0 0 0 0 0 0 0 0 0 0 0 0 0 0 0 0 0 0 0 0 0 0 0 0 0 0 0 0 0 0 0 0 0 0 0 0 0 0 0 0 0 0 0 0 0 0 0 0 0 0 0 0 0 0 0 0 0 0 0 0 0 0 0 0 0 0 0 0 0 0 0 0 0 0 0 0 0 0 0 0 0 0 0 0 0 0 0 0 0 0 0 0 0 0 0 0 0 0 0 0 0 0 0 0 0 0 0 0 0 0 0 0 0 0 0 0 0 0 0 0 0 0 0 0 0 0 0 0 0 0 0 0 0 0 0 0 0 0 0 0 0 0 0 0 0 0 0 0 0 0 
0 0 0 0 0 0 0 0 0 0 0 0 0 0 0 0 0 0 0 0 0 0 0 0 192 192 192 192 192 192 192 192 192 192 192 193 193 193 193 193 193 193 193 193 193 193 194 194 194 194 194 194 194 194 194 194 194 194 195 195 195 195 195 195 195 195 195 195 195 195 195 196 196 196 196 196 196 196 196 196 196 196 196 196 197 197 197 197 197 197 197 197 197 197 197 198 198 198 198 198 198 198 198 198 198 198 198 198 198 198 199 199 199 199 199 199 199 199 199 199 199 199 199 199 199 200 200 200 200 200 200 200 200 200 200 200 200 200 200 200 200 200 200 200 200 200 201 201 201 201 201 201 201 201 201 201 201 201 201 201 201 201 201 202 202 202 202 202 202 202 202 202 202 202 202 202 202 202 202 202 202 202 202 202 202 202 202 202 202 202 202 202 202 203 203 203 203 203 0 0 0 0 0 0 0 0 0 0 0 0 0 0 0 0 0 0 0 0 0 0 0 0 0 0 0 0 0 0 0 0 0 0 0 0 0 0 0 0 0 0 0 0 0 0 0 0 0 0 0 0 0 0 0 0 0 0 0 0 0 0 0 0 0 0 0 0 0 0 0 0 0 0 0 0 0 0 0 0 0 0 0 0 0 0 0 0 0 0 0 0 0 0 0 0 0 0 0 0 0 0 0 0 0 0 0 0 0 0 0 0 0 0 0 0 0 0 0 0 0 0 0 0 0 0 0 0 0 0 0 0 0 0 0 0 0 0 0 0 0 0 0 0 0 0 0 0 0 0 0 0 0 0 0 0 0 0 0 0 0 0 0 0 0 0 0 0 0 0 0 0 0 0 0 0 0 0 0 0 0 0 0 0 0 0 0 0 0 0 0 0 0 0 0 0 0 0 0 0 0 0 0 0 0 0 0 0 0 0 0 0 0 0 0 0 0 0 0 0 0 0 0 0 0 0 0 0 0 0 0 0 0 0 0 0 0 0 0 0 0 0 0 0 0 0 0 0 0 0 0 0 0 0 0 0 0 0 0 0 0 0 0 0 0 0 0 0 0 0 0 0 0 0 0 0 0 0 0 0 0 0 0 0 0 0 0 0 0 0 0 0 0 0 0 0 0 0 0 0 0 0 0 0 0 
0 0 0 0 0 0 0 0 0 0 0 0 0 0 0 0 0 0 0 0 0 0 191 191 192 192 192 192 192 192 192 192 192 192 192 192 193 193 193 193 193 193 193 193 193 193 193 194 194 194 194 194 194 194 194 194 194 194 194 195 195 195 195 195 195 195 195 195 195 195 195 196 196 196 196 196 196 196 196 196 196 196 196 196 196 197 197 197 197 197 197 197 197 197 197 198 198 198 198 198 198 198 198 198 198 198 198 198 198 198 199 199 199 199 199 199 199 199 199 199 199 199 199 199 199 200 200 200 200 200 200 200 200 200 200 200 200 200 200 200 200 200 200 200 200 200 201 201 201 201 201 201 201 201 201 201 201 201 201 201 201 201 201 201 201 202 202 202 202 202 202 202 202 202 202 202 202 202 202 202 202 202 202 202 202 202 202 202 202 202 202 202 203 203 203 203 203 203 203 203 0 0 0 0 0 0 0 0 0 0 0 0 0 0 0 0 0 0 0 0 0 0 0 0 0 0 0 0 0 0 0 0 0 0 0 0 0 0 0 0 0 0 0 0 0 0 0 0 0 0 0 0 0 0 0 0 0 0 0 0 0 0 0 0 0 0 0 0 0 0 0 0 0 0 0 0 0 0 0 0 0 0 0 0 0 0 0 0 0 0 0 0 0 0 0 0 0 0 0 0 0 0 0 0 0 0 0 0 0 0 0 0 0 0 0 0 0 0 0 0 0 0 0 0 0 0 0 0 0 0 0 0 0 0 0 0 0 0 0 0 0 0 0 0 0 0 0 0 0 0 0 0 0 0 0 0 0 0 0 0 0 0 0 0 0 0 0 0 0 0 0 0 0 0 0 0 0 0 0 0 0 0 0 0 0 0 0 0 0 0 0 0 0 0 0 0 0 0 0 0 0 0 0 0 0 0 0 0 0 0 0 0 0 0 0 0 0 0 0 0 0 0 0 0 0 0 0 0 0 0 0 0 0 0 0 0 0 0 0 0 0 0 0 0 0 0 0 0 0 0 0 0 0 0 0 0 0 0 0 0 0 0 0 0 0 0 0 0 0 0 0 0 0 0 0 0 0 0 0 0 0 0 0 0 0 0 0 0 0 0 0 0 0 0 0 0 0 0 0 0 0 0 0 
0 0 0 0 0 0 0 0 0 0 0 0 0 0 0 0 0 0 0 0 0 0 191 191 191 192 192 192 192 192 192 192 192 192 192 192 192 193 193 193 193 193 193 193 193 193 193 193 194 194 194 194 194 194 194 194 194 194 194 195 195 195 195 195 195 195 195 195 195 195 195 195 196 196 196 196 196 196 196 196 196 196 196 196 196 196 197 197 197 197 197 197 197 197 197 197 198 198 198 198 198 198 198 198 198 198 198 198 198 198 198 199 199 199 199 199 199 199 199 199 199 199 199 199 199 199 200 200 200 200 200 200 200 200 200 200 200 200 200 200 200 200 200 200 200 200 201 201 201 201 201 201 201 201 201 201 201 201 201 201 201 201 201 201 201 201 202 202 202 202 202 202 202 202 202 202 202 202 202 202 202 202 202 202 202 202 202 202 202 202 202 202 203 203 203 203 203 203 203 203 0 0 0 0 0 0 0 0 0 0 0 0 0 0 0 0 0 0 0 0 0 0 0 0 0 0 0 0 0 0 0 0 0 0 0 0 0 0 0 0 0 0 0 0 0 0 0 0 0 0 0 0 0 0 0 0 0 0 0 0 0 0 0 0 0 0 0 0 0 0 0 0 0 0 0 0 0 0 0 0 0 0 0 0 0 0 0 0 0 0 0 0 0 0 0 0 0 0 0 0 0 0 0 0 0 0 0 0 0 0 0 0 0 0 0 0 0 0 0 0 0 0 0 0 0 0 0 0 0 0 0 0 0 0 0 0 0 0 0 0 0 0 0 0 0 0 0 0 0 0 0 0 0 0 0 0 0 0 0 0 0 0 0 0 0 0 0 0 0 0 0 0 0 0 0 0 0 0 0 0 0 0 0 0 0 0 0 0 0 0 0 0 0 0 0 0 0 0 0 0 0 0 0 0 0 0 0 0 0 0 0 0 0 0 0 0 0 0 0 0 0 0 0 0 0 0 0 0 0 0 0 0 0 0 0 0 0 0 0 0 0 0 0 0 0 0 0 0 0 0 0 0 0 0 0 0 0 0 0 0 0 0 0 0 0 0 0 0 0 0 0 0 0 0 0 0 0 0 0 0 0 0 0 0 0 0 0 0 0 0 0 0 0 0 0 0 0 0 0 0 0 0 0 
0 0 0 0 0 0 0 0 0 0 0 0 0 0 0 0 0 0 0 0 0 0 191 191 191 191 192 192 192 192 192 192 192 192 192 192 192 192 193 193 193 193 193 193 193 193 193 193 193 194 194 194 194 194 194 194 194 194 194 194 195 195 195 195 195 195 195 195 195 195 195 195 195 196 196 196 196 196 196 196 196 196 196 196 196 196 197 197 197 197 197 197 197 197 197 197 197 198 198 198 198 198 198 198 198 198 198 198 198 198 198 198 199 199 199 199 199 199 199 199 199 199 199 199 199 199 199 200 200 200 200 200 200 200 200 200 200 200 200 200 200 200 200 200 200 200 200 201 201 201 201 201 201 201 201 201 201 201 201 201 201 201 201 201 201 201 202 202 202 202 202 202 202 202 202 202 202 202 202 202 202 202 202 202 202 202 202 202 202 202 202 202 203 203 203 203 203 203 203 203 203 0 0 0 0 0 0 0 0 0 0 0 0 0 0 0 0 0 0 0 0 0 0 0 0 0 0 0 0 0 0 0 0 0 0 0 0 0 0 0 0 0 0 0 0 0 0 0 0 0 0 0 0 0 0 0 0 0 0 0 0 0 0 0 0 0 0 0 0 0 0 0 0 0 0 0 0 0 0 0 0 0 0 0 0 0 0 0 0 0 0 0 0 0 0 0 0 0 0 0 0 0 0 0 0 0 0 0 0 0 0 0 0 0 0 0 0 0 0 0 0 0 0 0 0 0 0 0 0 0 0 0 0 0 0 0 0 0 0 0 0 0 0 0 0 0 0 0 0 0 0 0 0 0 0 0 0 0 0 0 0 0 0 0 0 0 0 0 0 0 0 0 0 0 0 0 0 0 0 0 0 0 0 0 0 0 0 0 0 0 0 0 0 0 0 0 0 0 0 0 0 0 0 0 0 0 0 0 0 0 0 0 0 0 0 0 0 0 0 0 0 0 0 0 0 0 0 0 0 0 0 0 0 0 0 0 0 0 0 0 0 0 0 0 0 0 0 0 0 0 0 0 0 0 0 0 0 0 0 0 0 0 0 0 0 0 0 0 0 0 0 0 0 0 0 0 0 0 0 0 0 0 0 0 0 0 0 0 0 0 0 0 0 0 0 0 0 0 0 0 0 0 0 
0 0 0 0 0 0 0 0 0 0 190 190 190 190 190 0 0 0 0 191 191 0 0 191 191 191 191 192 192 192 192 192 192 192 192 192 192 192 192 193 193 193 193 193 193 193 193 193 193 194 194 194 194 194 194 194 194 194 194 194 194 195 195 195 195 195 195 195 195 195 195 195 195 195 196 196 196 196 196 196 196 196 196 196 196 196 196 197 197 197 197 197 197 197 197 197 197 198 198 198 198 198 198 198 198 198 198 198 198 198 198 198 198 199 199 199 199 199 199 199 199 199 199 199 199 199 199 200 200 200 200 200 200 200 200 200 200 200 200 200 200 200 200 200 200 200 201 201 201 201 201 201 201 201 201 201 201 201 201 201 201 201 201 201 201 201 202 202 202 202 202 202 202 202 202 202 202 202 202 202 202 202 202 202 202 202 202 202 202 202 202 202 203 203 203 203 203 203 203 203 203 0 0 0 0 0 0 0 0 0 0 0 0 0 0 0 0 0 0 0 0 0 0 0 0 0 0 0 0 0 0 0 0 0 0 0 0 0 0 0 0 0 0 0 0 0 0 0 0 0 0 0 0 0 0 0 0 0 0 0 0 0 0 0 0 0 0 0 0 0 0 0 0 0 0 0 0 0 0 0 0 0 0 0 0 0 0 0 0 0 0 0 0 0 0 0 0 0 0 0 0 0 0 0 0 0 0 0 0 0 0 0 0 0 0 0 0 0 0 0 0 0 0 0 0 0 0 0 0 0 0 0 0 0 0 0 0 0 0 0 0 0 0 0 0 0 0 0 0 0 0 0 0 0 0 0 0 0 0 0 0 0 0 0 0 0 0 0 0 0 0 0 0 0 0 0 0 0 0 0 0 0 0 0 0 0 0 0 0 0 0 0 0 0 0 0 0 0 0 0 0 0 0 0 0 0 0 0 0 0 0 0 0 0 0 0 0 0 0 0 0 0 0 0 0 0 0 0 0 0 0 0 0 0 0 0 0 0 0 0 0 0 0 0 0 0 0 0 0 0 0 0 0 0 0 0 0 0 0 0 0 0 0 0 0 0 0 0 0 0 0 0 0 0 0 0 0 0 0 0 0 0 0 0 0 0 0 0 0 0 0 0 0 0 0 0 0 0 0 0 0 0 0 
0 0 0 0 0 0 0 0 190 190 190 190 190 190 190 190 191 191 191 191 191 191 191 191 191 191 191 192 192 192 192 192 192 192 192 192 192 192 192 192 193 193 193 193 193 193 193 193 193 193 194 194 194 194 194 194 194 194 194 194 194 195 195 195 195 195 195 195 195 195 195 195 195 195 196 196 196 196 196 196 196 196 196 196 196 196 196 196 197 197 197 197 197 197 197 197 197 197 198 198 198 198 198 198 198 198 198 198 198 198 198 198 198 199 199 199 199 199 199 199 199 199 199 199 199 199 199 199 200 200 200 200 200 200 200 200 200 200 200 200 200 200 200 200 200 200 201 201 201 201 201 201 201 201 201 201 201 201 201 201 201 201 201 201 201 201 201 202 202 202 202 202 202 202 202 202 202 202 202 202 202 202 202 202 202 202 202 202 202 202 202 202 203 203 203 203 203 203 203 203 203 203 0 0 0 0 0 0 0 0 0 0 0 0 0 0 0 0 0 0 0 0 0 0 0 0 0 0 0 0 0 0 0 0 0 0 0 0 0 0 0 0 0 0 0 0 0 0 0 0 0 0 0 0 0 0 0 0 0 0 0 0 0 0 0 0 0 0 0 0 0 0 0 0 0 0 0 0 0 0 0 0 0 0 0 0 0 0 0 0 0 0 0 0 0 0 0 0 0 0 0 0 0 0 0 0 0 0 0 0 0 0 0 0 0 0 0 0 0 0 0 0 0 0 0 0 0 0 0 0 0 0 0 0 0 0 0 0 0 0 0 0 0 0 0 0 0 0 0 0 0 0 0 0 0 0 0 0 0 0 0 0 0 0 0 0 0 0 0 0 0 0 0 0 0 0 0 0 0 0 0 0 0 0 0 0 0 0 0 0 0 0 0 0 0 0 0 0 0 0 0 0 0 0 0 0 0 0 0 0 0 0 0 0 0 0 0 0 0 0 0 0 0 0 0 0 0 0 0 0 0 0 0 0 0 0 0 0 0 0 0 0 0 0 0 0 0 0 0 0 0 0 0 0 0 0 0 0 0 0 0 0 0 0 0 0 0 0 0 0 0 0 0 0 0 0 0 0 0 0 0 0 0 0 0 0 0 0 0 0 0 0 0 0 0 0 0 0 0 0 0 0 0 
189 0 0 0 0 0 190 190 190 190 190 190 190 190 190 190 190 191 191 191 191 191 191 191 191 191 191 191 192 192 192 192 192 192 192 192 192 192 192 192 192 193 193 193 193 193 193 193 193 193 194 194 194 194 194 194 194 194 194 194 194 194 195 195 195 195 195 195 195 195 195 195 195 195 195 196 196 196 196 196 196 196 196 196 196 196 196 196 197 197 197 197 197 197 197 197 197 197 197 198 198 198 198 198 198 198 198 198 198 198 198 198 198 199 199 199 199 199 199 199 199 199 199 199 199 199 199 199 200 200 200 200 200 200 200 200 200 200 200 200 200 200 200 200 200 200 200 201 201 201 201 201 201 201 201 201 201 201 201 201 201 201 201 201 201 201 201 202 202 202 202 202 202 202 202 202 202 202 202 202 202 202 202 202 202 202 202 202 202 202 202 202 203 203 203 203 203 203 203 203 203 203 0 0 0 0 0 0 0 0 0 0 0 0 0 0 0 0 0 0 0 0 0 0 0 0 0 0 0 0 0 0 0 0 0 0 0 0 0 0 0 0 0 0 0 0 0 0 0 0 0 0 0 0 0 0 0 0 0 0 0 0 0 0 0 0 0 0 0 0 0 0 0 0 0 0 0 0 0 0 0 0 0 0 0 0 0 0 0 0 0 0 0 0 0 0 0 0 0 0 0 0 0 0 0 0 0 0 0 0 0 0 0 0 0 0 0 0 0 0 0 0 0 0 0 0 0 0 0 0 0 0 0 0 0 0 0 0 0 0 0 0 0 0 0 0 0 0 0 0 0 0 0 0 0 0 0 0 0 0 0 0 0 0 0 0 0 0 0 0 0 0 0 0 0 0 0 0 0 0 0 0 0 0 0 0 0 0 0 0 0 0 0 0 0 0 0 0 0 0 0 0 0 0 0 0 0 0 0 0 0 0 0 0 0 0 0 0 0 0 0 0 0 0 0 0 0 0 0 0 0 0 0 0 0 0 0 0 0 0 0 0 0 0 0 0 0 0 0 0 0 0 0 0 0 0 0 0 0 0 0 0 0 0 0 0 0 0 0 0 0 0 0 0 0 0 0 0 0 0 0 0 0 0 0 0 0 0 0 0 0 0 0 0 0 0 0 0 0 0 0 0 0 
0 189 189 189 189 189 190 190 190 190 190 190 190 190 190 190 190 190 191 191 191 191 191 191 191 191 191 191 191 192 192 192 192 192 192 192 192 192 192 192 192 192 193 193 193 193 193 193 193 193 193 194 194 194 194 194 194 194 194 194 194 194 194 195 195 195 195 195 195 195 195 195 195 195 195 195 196 196 196 196 196 196 196 196 196 196 196 196 196 197 197 197 197 197 197 197 197 197 197 198 198 198 198 198 198 198 198 198 198 198 198 198 198 198 198 199 199 199 199 199 199 199 199 199 199 199 199 199 200 200 200 200 200 200 200 200 200 200 200 200 200 200 200 200 200 200 200 201 201 201 201 201 201 201 201 201 201 201 201 201 201 201 201 201 201 201 201 201 202 202 202 202 202 202 202 202 202 202 202 202 202 202 202 202 202 202 202 202 202 202 202 202 203 203 203 203 203 203 203 203 203 203 203 0 0 0 0 0 203 203 203 0 0 0 0 0 0 0 0 0 0 0 0 0 0 0 0 0 0 0 0 0 0 0 0 0 0 0 0 0 0 0 0 0 0 0 0 0 0 0 0 0 0 0 0 0 0 0 0 0 0 0 0 0 0 0 0 0 0 0 0 0 0 0 0 0 0 0 0 0 0 0 0 0 0 0 0 0 0 0 0 0 0 0 0 0 0 0 0 0 0 0 0 0 0 0 0 0 0 0 0 0 0 0 0 0 0 0 0 0 0 0 0 0 0 0 0 0 0 0 0 0 0 0 0 0 0 0 0 0 0 0 0 0 0 0 0 0 0 0 0 0 0 0 0 0 0 0 0 0 0 0 0 0 0 0 0 0 0 0 0 0 0 0 0 0 0 0 0 0 0 0 0 0 0 0 0 0 0 0 0 0 0 0 0 0 0 0 0 0 0 0 0 0 0 0 0 0 0 0 0 0 0 0 0 0 0 0 0 0 0 0 0 0 0 0 0 0 0 0 0 0 0 0 0 0 0 0 0 0 0 0 0 0 0 0 0 0 0 0 0 0 0 0 0 0 0 0 0 0 0 0 0 0 0 0 0 0 0 0 0 0 0 0 0 0 0 0 0 0 0 0 0 0 0 0 0 0 0 0 0 0 0 0 0 0 0 0 0 0 0 0 0 
0 189 189 189 189 189 189 190 190 190 190 190 190 190 190 190 190 190 191 191 191 191 191 191 191 191 191 191 191 191 192 192 192 192 192 192 192 192 192 192 192 192 193 193 193 193 193 193 193 193 193 193 194 194 194 194 194 194 194 194 194 194 194 194 195 195 195 195 195 195 195 195 195 195 195 195 195 196 196 196 196 196 196 196 196 196 196 196 196 196 197 197 197 197 197 197 197 197 197 197 198 198 198 198 198 198 198 198 198 198 198 198 198 198 198 198 199 199 199 199 199 199 199 199 199 199 199 199 199 199 200 200 200 200 200 200 200 200 200 200 200 200 200 200 200 200 200 201 201 201 201 201 201 201 201 201 201 201 201 201 201 201 201 201 201 201 201 201 202 202 202 202 202 202 202 202 202 202 202 202 202 202 202 202 202 202 202 202 202 202 202 202 203 203 203 203 203 203 203 203 203 203 203 203 0 0 203 203 203 203 203 0 0 0 0 0 0 0 0 0 0 0 0 0 0 0 0 0 0 0 0 0 0 0 0 0 0 0 0 0 0 0 0 0 0 0 0 0 0 0 0 0 0 0 0 0 0 0 0 0 0 0 0 0 0 0 0 0 0 0 0 0 0 0 0 0 0 0 0 0 0 0 0 0 0 0 0 0 0 0 0 0 0 0 0 0 0 0 0 0 0 0 0 0 0 0 0 0 0 0 0 0 0 0 0 0 0 0 0 0 0 0 0 0 0 0 0 0 0 0 0 0 0 0 0 0 0 0 0 0 0 0 0 0 0 0 0 0 0 0 0 0 0 0 0 0 0 0 0 0 0 0 0 0 0 0 0 0 0 0 0 0 0 0 0 0 0 0 0 0 0 0 0 0 0 0 0 0 0 0 0 0 0 0 0 0 0 0 0 0 0 0 0 0 0 0 0 0 0 0 0 0 0 0 0 0 0 0 0 0 0 0 0 0 0 0 0 0 0 0 0 0 0 0 0 0 0 0 0 0 0 0 0 0 0 0 0 0 0 0 0 0 0 0 0 0 0 0 0 0 0 0 0 0 0 0 0 0 0 0 0 0 0 0 0 0 0 0 0 0 0 0 0 0 0 0 0 0 0 0 0 0 0 0 0 0 0 0 0 0 0 0 0 
0 189 189 189 189 189 189 189 190 190 190 190 190 190 190 190 190 190 190 191 191 191 191 191 191 191 191 191 191 191 191 192 192 192 192 192 192 192 192 192 192 192 193 193 193 193 193 193 193 193 193 193 193 194 194 194 194 194 194 194 194 194 194 194 194 195 195 195 195 195 195 195 195 195 195 195 195 195 196 196 196 196 196 196 196 196 196 196 196 196 196 197 197 197 197 197 197 197 197 197 197 198 198 198 198 198 198 198 198 198 198 198 198 198 198 198 199 199 199 199 199 199 199 199 199 199 199 199 199 199 199 200 200 200 200 200 200 200 200 200 200 200 200 200 200 200 200 201 201 201 201 201 201 201 201 201 201 201 201 201 201 201 201 201 201 201 201 201 201 202 202 202 202 202 202 202 202 202 202 202 202 202 202 202 202 202 202 202 202 202 202 202 203 203 203 203 203 203 203 203 203 203 203 203 203 203 203 203 203 203 203 0 0 0 0 0 0 0 0 0 0 0 0 0 0 0 0 0 0 0 0 0 0 0 0 0 0 0 0 0 0 0 0 0 0 0 0 0 0 0 0 0 0 0 0 0 0 0 0 0 0 0 0 0 0 0 0 0 0 0 0 0 0 0 0 0 0 0 0 0 0 0 0 0 0 0 0 0 0 0 0 0 0 0 0 0 0 0 0 0 0 0 0 0 0 0 0 0 0 0 0 0 0 0 0 0 0 0 0 0 0 0 0 0 0 0 0 0 0 0 0 0 0 0 0 0 0 0 0 0 0 0 0 0 0 0 0 0 0 0 0 0 0 0 0 0 0 0 0 0 0 0 0 0 0 0 0 0 0 0 0 0 0 0 0 0 0 0 0 0 0 0 0 0 0 0 0 0 0 0 0 0 0 0 0 0 0 0 0 0 0 0 0 0 0 0 0 0 0 0 0 0 0 0 0 0 0 0 0 0 0 0 0 0 0 0 0 0 0 0 0 0 0 0 0 0 0 0 0 0 0 0 0 0 0 0 0 0 0 0 0 0 0 0 0 0 0 0 0 0 0 0 0 0 0 0 0 0 0 0 0 0 0 0 0 0 0 0 0 0 0 0 0 0 0 0 0 0 0 0 0 0 0 0 0 0 0 0 0 0 0 0 0 
0 0 189 189 189 189 189 189 190 190 190 190 190 190 190 190 190 190 190 190 191 191 191 191 191 191 191 191 191 191 191 191 192 192 192 192 192 192 192 192 192 192 193 193 193 193 193 193 193 193 193 193 193 194 194 194 194 194 194 194 194 194 194 194 194 194 195 195 195 195 195 195 195 195 195 195 195 195 195 196 196 196 196 196 196 196 196 196 196 196 196 197 197 197 197 197 197 197 197 197 197 197 198 198 198 198 198 198 198 198 198 198 198 198 198 198 198 199 199 199 199 199 199 199 199 199 199 199 199 199 199 200 200 200 200 200 200 200 200 200 200 200 200 200 200 200 200 200 201 201 201 201 201 201 201 201 201 201 201 201 201 201 201 201 201 201 201 201 201 202 202 202 202 202 202 202 202 202 202 202 202 202 202 202 202 202 202 202 202 202 202 202 203 203 203 203 203 203 203 203 203 203 203 203 203 203 203 203 203 203 203 0 0 0 0 0 0 0 0 0 0 0 0 0 0 0 0 0 0 0 0 0 0 0 0 0 0 0 0 0 0 0 0 0 0 0 0 0 0 0 0 0 0 0 0 0 0 0 0 0 0 0 0 0 0 0 0 0 0 0 0 0 0 0 0 0 0 0 0 0 0 0 0 0 0 0 0 0 0 0 0 0 0 0 0 0 0 0 0 0 0 0 0 0 0 0 0 0 0 0 0 0 0 0 0 0 0 0 0 0 0 0 0 0 0 0 0 0 0 0 0 0 0 0 0 0 0 0 0 0 0 0 0 0 0 0 0 0 0 0 0 0 0 0 0 0 0 0 0 0 0 0 0 0 0 0 0 0 0 0 0 0 0 0 0 0 0 0 0 0 0 0 0 0 0 0 0 0 0 0 0 0 0 0 0 0 0 0 0 0 0 0 0 0 0 0 0 0 0 0 0 0 0 0 0 0 0 0 0 0 0 0 0 0 0 0 0 0 0 0 0 0 0 0 0 0 0 0 0 0 0 0 0 0 0 0 0 0 0 0 0 0 0 0 0 0 0 0 0 0 0 0 0 0 0 0 0 0 0 0 0 0 0 0 0 0 0 0 0 0 0 0 0 0 0 0 0 0 0 0 0 0 0 0 0 0 0 0 0 0 0 0 0 
0 0 189 189 189 189 189 189 189 189 190 190 190 190 190 190 190 190 190 190 190 191 191 191 191 191 191 191 191 191 191 191 191 192 192 192 192 192 192 192 192 192 192 193 193 193 193 193 193 193 193 193 193 193 194 194 194 194 194 194 194 194 194 194 194 194 194 195 195 195 195 195 195 195 195 195 195 195 195 195 196 196 196 196 196 196 196 196 196 196 196 196 197 197 197 197 197 197 197 197 197 197 198 198 198 198 198 198 198 198 198 198 198 198 198 198 198 198 199 199 199 199 199 199 199 199 199 199 199 199 199 199 200 200 200 200 200 200 200 200 200 200 200 200 200 200 200 200 200 201 201 201 201 201 201 201 201 201 201 201 201 201 201 201 201 201 201 201 201 201 202 202 202 202 202 202 202 202 202 202 202 202 202 202 202 202 202 202 202 202 202 202 203 203 203 203 203 203 203 203 203 203 203 203 203 203 203 203 203 203 203 203 0 0 0 0 0 0 0 0 0 0 0 0 0 0 0 0 0 0 0 0 0 0 0 0 0 0 0 0 0 0 0 0 0 0 0 0 0 0 0 0 0 0 0 0 0 0 0 0 0 0 0 0 0 0 0 0 0 0 0 0 0 0 0 0 0 0 0 0 0 0 0 0 0 0 0 0 0 0 0 0 0 0 0 0 0 0 0 0 0 0 0 0 0 0 0 0 0 0 0 0 0 0 0 0 0 0 0 0 0 0 0 0 0 0 0 0 0 0 0 0 0 0 0 0 0 0 0 0 0 0 0 0 0 0 0 0 0 0 0 0 0 0 0 0 0 0 0 0 0 0 0 0 0 0 0 0 0 0 0 0 0 0 0 0 0 0 0 0 0 0 0 0 0 0 0 0 0 0 0 0 0 0 0 0 0 0 0 0 0 0 0 0 0 0 0 0 0 0 0 0 0 0 0 0 0 0 0 0 0 0 0 0 0 0 0 0 0 0 0 0 0 0 0 0 0 0 0 0 0 0 0 0 0 0 0 0 0 0 0 0 0 0 0 0 0 0 0 0 0 0 0 0 0 0 0 0 0 0 0 0 0 0 0 0 0 0 0 0 0 0 0 0 0 0 0 0 0 0 0 0 0 0 0 0 0 0 0 0 0 0 0 
0 0 0 0 189 189 189 189 189 189 190 190 190 190 190 190 190 190 190 190 190 190 191 191 191 191 191 191 191 191 191 191 191 191 192 192 192 192 192 192 192 192 192 192 193 193 193 193 193 193 193 193 193 193 193 194 194 194 194 194 194 194 194 194 194 194 194 195 195 195 195 195 195 195 195 195 195 195 195 195 195 196 196 196 196 196 196 196 196 196 196 196 197 197 197 197 197 197 197 197 197 197 197 198 198 198 198 198 198 198 198 198 198 198 198 198 198 198 199 199 199 199 199 199 199 199 199 199 199 199 199 199 199 200 200 200 200 200 200 200 200 200 200 200 200 200 200 200 201 201 201 201 201 201 201 201 201 201 201 201 201 201 201 201 201 201 201 201 201 201 202 202 202 202 202 202 202 202 202 202 202 202 202 202 202 202 202 202 202 202 202 202 203 203 203 203 203 203 203 203 203 203 203 203 203 203 203 203 203 203 203 203 203 203 203 203 0 0 0 0 0 0 0 0 0 0 0 0 0 0 0 0 0 0 0 0 0 0 0 0 0 0 0 0 0 0 0 0 0 0 0 0 0 0 0 0 0 0 0 0 0 0 0 0 0 0 0 0 0 0 0 0 0 0 0 0 0 0 0 0 0 0 0 0 0 0 0 0 0 0 0 0 0 0 0 0 0 0 0 0 0 0 0 0 0 0 0 0 0 0 0 0 0 0 0 0 0 0 0 0 0 0 0 0 0 0 0 0 0 0 0 0 0 0 0 0 0 0 0 0 0 0 0 0 0 0 0 0 0 0 0 0 0 0 0 0 0 0 0 0 0 0 0 0 0 0 0 0 0 0 0 0 0 0 0 0 0 0 0 0 0 0 0 0 0 0 0 0 0 0 0 0 0 0 0 0 0 0 0 0 0 0 0 0 0 0 0 0 0 0 0 0 0 0 0 0 0 0 0 0 0 0 0 0 0 0 0 0 0 0 0 0 0 0 0 0 0 0 0 0 0 0 0 0 0 0 0 0 0 0 0 0 0 0 0 0 0 0 0 0 0 0 0 0 0 0 0 0 0 0 0 0 0 0 0 0 0 0 0 0 0 0 0 0 0 0 0 0 0 0 0 0 0 0 0 0 0 0 0 0 0 0 0 
0 0 0 0 0 189 189 189 189 189 189 190 190 190 190 190 190 190 190 190 190 190 190 191 191 191 191 191 191 191 191 191 191 191 191 192 192 192 192 192 192 192 192 192 192 193 193 193 193 193 193 193 193 193 193 193 194 194 194 194 194 194 194 194 194 194 194 194 195 195 195 195 195 195 195 195 195 195 195 195 195 195 196 196 196 196 196 196 196 196 196 196 197 197 197 197 197 197 197 197 197 197 197 197 198 198 198 198 198 198 198 198 198 198 198 198 198 198 198 199 199 199 199 199 199 199 199 199 199 199 199 199 199 199 200 200 200 200 200 200 200 200 200 200 200 200 200 200 200 201 201 201 201 201 201 201 201 201 201 201 201 201 201 201 201 201 201 201 201 201 201 202 202 202 202 202 202 202 202 202 202 202 202 202 202 202 202 202 202 202 202 202 203 203 203 203 203 203 203 203 203 203 203 203 203 203 203 203 203 203 203 203 203 203 203 203 203 0 0 0 0 0 0 0 0 0 0 0 0 0 0 0 0 0 0 0 0 0 0 0 0 0 0 0 0 0 0 0 0 0 0 0 0 0 0 0 0 0 0 0 0 0 0 0 0 0 0 0 0 0 0 0 0 0 0 0 0 0 0 0 0 0 0 0 0 0 0 0 0 0 0 0 0 0 0 0 0 0 0 0 0 0 0 0 0 0 0 0 0 0 0 0 0 0 0 0 0 0 0 0 0 0 0 0 0 0 0 0 0 0 0 0 0 0 0 0 0 0 0 0 0 0 0 0 0 0 0 0 0 0 0 0 0 0 0 0 0 0 0 0 0 0 0 0 0 0 0 0 0 0 0 0 0 0 0 0 0 0 0 0 0 0 0 0 0 0 0 0 0 0 0 0 0 0 0 0 0 0 0 0 0 0 0 0 0 0 0 0 0 0 0 0 0 0 0 0 0 0 0 0 0 0 0 0 0 0 0 0 0 0 0 0 0 0 0 0 0 0 0 0 0 0 0 0 0 0 0 0 0 0 0 0 0 0 0 0 0 0 0 0 0 0 0 0 0 0 0 0 0 0 0 0 0 0 0 0 0 0 0 0 0 0 0 0 0 0 0 0 0 0 0 0 0 0 0 0 0 0 0 0 0 0 0 
0 0 0 0 0 189 189 189 189 189 189 189 190 190 190 190 190 190 190 190 190 190 190 190 191 191 191 191 191 191 191 191 191 191 191 191 192 192 192 192 192 192 192 192 192 192 193 193 193 193 193 193 193 193 193 193 193 194 194 194 194 194 194 194 194 194 194 194 194 195 195 195 195 195 195 195 195 195 195 195 195 195 195 196 196 196 196 196 196 196 196 196 197 197 197 197 197 197 197 197 197 197 197 197 198 198 198 198 198 198 198 198 198 198 198 198 198 198 198 199 199 199 199 199 199 199 199 199 199 199 199 199 199 199 200 200 200 200 200 200 200 200 200 200 200 200 200 200 200 201 201 201 201 201 201 201 201 201 201 201 201 201 201 201 201 201 201 201 201 201 202 202 202 202 202 202 202 202 202 202 202 202 202 202 202 202 202 202 202 202 202 202 203 203 203 203 203 203 203 203 203 203 203 203 203 203 203 203 203 203 203 203 203 203 203 203 203 203 0 0 0 0 0 0 0 0 0 0 0 0 0 0 0 0 0 0 0 0 0 0 0 0 0 0 0 0 0 0 0 0 0 0 0 0 0 0 0 0 0 0 0 0 0 0 0 0 0 0 0 0 0 0 0 0 0 0 0 0 0 0 0 0 0 0 0 0 0 0 0 0 0 0 0 0 0 0 0 0 0 0 0 0 0 0 0 0 0 0 0 0 0 0 0 0 0 0 0 0 0 0 0 0 0 0 0 0 0 0 0 0 0 0 0 0 0 0 0 0 0 0 0 0 0 0 0 0 0 0 0 0 0 0 0 0 0 0 0 0 0 0 0 0 0 0 0 0 0 0 0 0 0 0 0 0 0 0 0 0 0 0 0 0 0 0 0 0 0 0 0 0 0 0 0 0 0 0 0 0 0 0 0 0 0 0 0 0 0 0 0 0 0 0 0 0 0 0 0 0 0 0 0 0 0 0 0 0 0 0 0 0 0 0 0 0 0 0 0 0 0 0 0 0 0 0 0 0 0 0 0 0 0 0 0 0 0 0 0 0 0 0 0 0 0 0 0 0 0 0 0 0 0 0 0 0 0 0 0 0 0 0 0 0 0 0 0 0 0 0 0 0 0 0 0 0 0 0 0 0 0 0 0 0 0 
0 0 0 0 0 189 189 189 189 189 189 189 189 190 190 190 190 190 190 190 190 190 190 190 190 191 191 191 191 191 191 191 191 191 191 191 191 192 192 192 192 192 192 192 192 192 193 193 193 193 193 193 193 193 193 193 193 193 194 194 194 194 194 194 194 194 194 194 194 194 195 195 195 195 195 195 195 195 195 195 195 195 195 196 196 196 196 196 196 196 196 196 196 197 197 197 197 197 197 197 197 197 197 197 197 198 198 198 198 198 198 198 198 198 198 198 198 198 198 198 198 199 199 199 199 199 199 199 199 199 199 199 199 199 199 200 200 200 200 200 200 200 200 200 200 200 200 200 200 200 201 201 201 201 201 201 201 201 201 201 201 201 201 201 201 201 201 201 201 201 201 201 202 202 202 202 202 202 202 202 202 202 202 202 202 202 202 202 202 202 202 202 203 203 203 203 203 203 203 203 203 203 203 203 203 203 203 203 203 203 203 203 203 203 203 203 203 203 203 203 0 0 0 0 0 0 0 0 0 0 0 0 0 0 0 0 0 0 0 0 0 0 0 0 0 0 0 0 0 0 0 0 0 0 0 0 0 0 0 0 0 0 0 0 0 0 0 0 0 0 0 0 0 0 0 0 0 0 0 0 0 0 0 0 0 0 0 0 0 0 0 0 0 0 0 0 0 0 0 0 0 0 0 0 0 0 0 0 0 0 0 0 0 0 0 0 0 0 0 0 0 0 0 0 0 0 0 0 0 0 0 0 0 0 0 0 0 0 0 0 0 0 0 0 0 0 0 0 0 0 0 0 0 0 0 0 0 0 0 0 0 0 0 0 0 0 0 0 0 0 0 0 0 0 0 0 0 0 0 0 0 0 0 0 0 0 0 0 0 0 0 0 0 0 0 0 0 0 0 0 0 0 0 0 0 0 0 0 0 0 0 0 0 0 0 0 0 0 0 0 0 0 0 0 0 0 0 0 0 0 0 0 0 0 0 0 0 0 0 0 0 0 0 0 0 0 0 0 0 0 0 0 0 0 0 0 0 0 0 0 0 0 0 0 0 0 0 0 0 0 0 0 0 0 0 0 0 0 0 0 0 0 0 0 0 0 0 0 0 0 0 0 0 0 0 0 0 0 0 0 0 0 0 
0 0 0 0 0 189 189 189 189 189 189 189 189 189 190 190 190 190 190 190 190 190 190 190 190 191 191 191 191 191 191 191 191 191 191 191 191 192 192 192 192 192 192 192 192 192 192 192 192 192 192 192 193 193 193 193 193 193 193 193 193 193 194 194 194 194 194 194 194 194 194 194 194 194 195 195 195 195 195 195 195 195 195 195 195 195 195 196 196 196 196 196 196 196 196 196 196 196 197 197 197 197 197 197 197 197 197 197 197 198 198 198 198 198 198 198 198 198 198 198 198 198 198 198 199 199 199 199 199 199 199 199 199 199 199 199 199 199 199 200 200 200 200 200 200 200 200 200 200 200 200 200 200 201 201 201 201 201 201 201 201 201 201 201 201 201 201 201 201 201 201 201 201 201 202 202 202 202 202 202 202 202 202 202 202 202 202 202 202 202 202 202 203 203 203 203 203 203 203 203 203 203 203 203 203 203 203 203 203 203 203 203 203 203 203 203 203 203 203 203 203 0 0 0 0 0 0 0 0 0 0 0 0 0 0 0 0 0 0 0 0 0 0 0 0 0 0 0 0 0 0 0 0 0 0 0 0 0 0 0 0 0 0 0 0 0 0 0 0 0 0 0 0 0 0 0 0 0 0 0 0 0 0 0 0 0 0 0 0 0 0 0 0 0 0 0 0 0 0 0 0 0 0 0 0 0 0 0 0 0 0 0 0 0 0 0 0 0 0 0 0 0 0 0 0 0 0 0 0 0 0 0 0 0 0 0 0 0 0 0 0 0 0 0 0 0 0 0 0 0 0 0 0 0 0 0 0 0 0 0 0 0 0 0 0 0 0 0 0 0 0 0 0 0 0 0 0 0 0 0 0 0 0 0 0 0 0 0 0 0 0 0 0 0 0 0 0 0 0 0 0 0 0 0 0 0 0 0 0 0 0 0 0 0 0 0 0 0 0 0 0 0 0 0 0 0 0 0 0 0 0 0 0 0 0 0 0 0 0 0 0 0 0 0 0 0 0 0 0 0 0 0 0 0 0 0 0 0 0 0 0 0 0 0 0 0 0 0 0 0 0 0 0 0 0 0 0 0 0 0 0 0 0 0 0 0 0 0 0 0 0 0 0 0 0 0 0 0 0 0 0 0 0 
0 0 0 0 188 189 189 189 189 189 189 189 189 189 189 190 190 190 190 190 190 190 190 190 190 190 191 191 191 191 191 191 191 191 191 191 191 191 192 192 192 192 192 192 192 192 192 192 192 192 192 192 192 193 193 193 193 193 193 193 193 193 193 194 194 194 194 194 194 194 194 194 194 194 194 195 195 195 195 195 195 195 195 195 195 195 195 196 196 196 196 196 196 196 196 196 196 196 197 197 197 197 197 197 197 197 197 197 197 197 198 198 198 198 198 198 198 198 198 198 198 198 198 198 199 199 199 199 199 199 199 199 199 199 199 199 199 199 199 199 200 200 200 200 200 200 200 200 200 200 200 200 200 200 201 201 201 201 201 201 201 201 201 201 201 201 201 201 201 201 201 201 201 201 201 202 202 202 202 202 202 202 202 202 202 202 202 202 202 202 202 202 202 203 203 203 203 203 203 203 203 203 203 203 203 203 203 203 203 203 203 203 203 203 203 203 203 203 203 203 203 0 0 0 0 0 0 0 0 0 0 0 0 0 0 0 0 0 0 0 0 0 0 0 0 0 0 0 0 0 0 0 0 0 0 0 0 0 0 0 0 0 0 0 0 0 0 0 0 0 0 0 0 0 0 0 0 0 0 0 0 0 0 0 0 0 0 0 0 0 0 0 0 0 0 0 0 0 0 0 0 0 0 0 0 0 0 0 0 0 0 0 0 0 0 0 0 0 0 0 0 0 0 0 0 0 0 0 0 0 0 0 0 0 0 0 0 0 0 0 0 0 0 0 0 0 0 0 0 0 0 0 0 0 0 0 0 0 0 0 0 0 0 0 0 0 0 0 0 0 0 0 0 0 0 0 0 0 0 0 0 0 0 0 0 0 0 0 0 0 0 0 0 0 0 0 0 0 0 0 0 0 0 0 0 0 0 0 0 0 0 0 0 0 0 0 0 0 0 0 0 0 0 0 0 0 0 0 0 0 0 0 0 0 0 0 0 0 0 0 0 0 0 0 0 0 0 0 0 0 0 0 0 0 0 0 0 0 0 0 0 0 0 0 0 0 0 0 0 0 0 0 0 0 0 0 0 0 0 0 0 0 0 0 0 0 0 0 0 0 0 0 0 0 0 0 0 0 0 0 0 0 0 
0 0 0 0 188 189 189 189 189 189 189 189 189 189 189 189 190 190 190 190 190 190 190 190 190 190 190 191 191 191 191 191 191 191 191 191 191 191 191 192 192 192 192 192 192 192 192 192 192 192 192 192 192 193 193 193 193 193 193 193 193 193 193 193 194 194 194 194 194 194 194 194 194 194 194 194 195 195 195 195 195 195 195 195 195 195 195 195 196 196 196 196 196 196 196 196 196 196 197 197 197 197 197 197 197 197 197 197 197 197 197 198 198 198 198 198 198 198 198 198 198 198 198 198 198 199 199 199 199 199 199 199 199 199 199 199 199 199 199 199 199 200 200 200 200 200 200 200 200 200 200 200 200 200 201 201 201 201 201 201 201 201 201 201 201 201 201 201 201 201 201 201 201 201 201 202 202 202 202 202 202 202 202 202 202 202 202 202 202 202 202 202 202 203 203 203 203 203 203 203 203 203 203 203 203 203 203 203 203 203 203 203 203 203 203 203 203 203 203 203 0 0 0 0 0 0 0 0 0 0 0 0 0 0 0 0 0 0 0 0 0 0 0 0 0 0 0 0 0 0 0 0 0 0 0 0 0 0 0 0 0 0 0 0 0 0 0 0 0 0 0 0 0 0 0 0 0 0 0 0 0 0 0 0 0 0 0 0 0 0 0 0 0 0 0 0 0 0 0 0 0 0 0 0 0 0 0 0 0 0 0 0 0 0 0 0 0 0 0 0 0 0 0 0 0 0 0 0 0 0 0 0 0 0 0 0 0 0 0 0 0 0 0 0 0 0 0 0 0 0 0 0 0 0 0 0 0 0 0 0 0 0 0 0 0 0 0 0 0 0 0 0 0 0 0 0 0 0 0 0 0 0 0 0 0 0 0 0 0 0 0 0 0 0 0 0 0 0 0 0 0 0 0 0 0 0 0 0 0 0 0 0 0 0 0 0 0 0 0 0 0 0 0 0 0 0 0 0 0 0 0 0 0 0 0 0 0 0 0 0 0 0 0 0 0 0 0 0 0 0 0 0 0 0 0 0 0 0 0 0 0 0 0 0 0 0 0 0 0 0 0 0 0 0 0 0 0 0 0 0 0 0 0 0 0 0 0 0 0 0 0 0 0 0 0 0 0 0 0 0 0 0 0 
0 0 0 0 188 188 189 189 189 189 189 189 189 189 189 189 189 190 190 190 190 190 190 190 190 190 190 190 191 191 191 191 191 191 191 191 191 191 191 191 192 192 192 192 192 192 192 192 192 192 192 192 192 192 193 193 193 193 193 193 193 193 193 193 193 194 194 194 194 194 194 194 194 194 194 194 194 195 195 195 195 195 195 195 195 195 195 195 195 195 196 196 196 196 196 196 196 196 196 197 197 197 197 197 197 197 197 197 197 197 197 198 198 198 198 198 198 198 198 198 198 198 198 198 198 198 199 199 199 199 199 199 199 199 199 199 199 199 199 199 199 199 200 200 200 200 200 200 200 200 200 200 200 200 200 200 201 201 201 201 201 201 201 201 201 201 201 201 201 201 201 201 201 201 201 201 202 202 202 202 202 202 202 202 202 202 202 202 202 202 202 202 202 203 203 203 203 203 203 203 203 203 203 203 203 203 203 203 203 203 203 203 203 203 203 203 203 203 203 203 203 0 0 0 0 0 0 0 0 0 0 0 0 0 0 0 0 0 0 0 0 0 0 0 0 0 0 0 0 0 0 0 0 0 0 0 0 0 0 0 0 0 0 0 0 0 0 0 0 0 0 0 0 0 0 0 0 0 0 0 0 0 0 0 0 0 0 0 0 0 0 0 0 0 0 0 0 0 0 0 0 0 0 0 0 0 0 0 0 0 0 0 0 0 0 0 0 0 0 0 0 0 0 0 0 0 0 0 0 0 0 0 0 0 0 0 0 0 0 0 0 0 0 0 0 0 0 0 0 0 0 0 0 0 0 0 0 0 0 0 0 0 0 0 0 0 0 0 0 0 0 0 0 0 0 0 0 0 0 0 0 0 0 0 0 0 0 0 0 0 0 0 0 0 0 0 0 0 0 0 0 0 0 0 0 0 0 0 0 0 0 0 0 0 0 0 0 0 0 0 0 0 0 0 0 0 0 0 0 0 0 0 0 0 0 0 0 0 0 0 0 0 0 0 0 0 0 0 0 0 0 0 0 0 0 0 0 0 0 0 0 0 0 0 0 0 0 0 0 0 0 0 0 0 0 0 0 0 0 0 0 0 0 0 0 0 0 0 0 0 0 0 0 0 0 0 0 0 0 0 0 0 0 
0 0 0 0 188 188 188 189 189 189 189 189 189 189 189 189 189 189 190 190 190 190 190 190 190 190 190 190 190 191 191 191 191 191 191 191 191 191 191 191 191 192 192 192 192 192 192 192 192 192 192 192 192 192 192 193 193 193 193 193 193 193 193 193 193 193 194 194 194 194 194 194 194 194 194 194 194 194 195 195 195 195 195 195 195 195 195 195 195 195 195 196 196 196 196 196 196 196 196 196 197 197 197 197 197 197 197 197 197 197 197 197 197 198 198 198 198 198 198 198 198 198 198 198 198 198 198 199 199 199 199 199 199 199 199 199 199 199 199 199 199 199 200 200 200 200 200 200 200 200 200 200 200 200 200 200 201 201 201 201 201 201 201 201 201 201 201 201 201 201 201 201 201 201 201 201 202 202 202 202 202 202 202 202 202 202 202 202 202 202 202 202 202 203 203 203 203 203 203 203 203 203 203 203 203 203 203 203 203 203 203 203 203 203 203 203 203 203 203 203 203 0 0 204 0 0 0 0 0 0 0 0 0 0 0 0 0 0 0 0 0 0 0 0 0 0 0 0 0 0 0 0 0 0 0 0 0 0 0 0 0 0 0 0 0 0 0 0 0 0 0 0 0 0 0 0 0 0 0 0 0 0 0 0 0 0 0 0 0 0 0 0 0 0 0 0 0 0 0 0 0 0 0 0 0 0 0 0 0 0 0 0 0 0 0 0 0 0 0 0 0 0 0 0 0 0 0 0 0 0 0 0 0 0 0 0 0 0 0 0 0 0 0 0 0 0 0 0 0 0 0 0 0 0 0 0 0 0 0 0 0 0 0 0 0 0 0 0 0 0 0 0 0 0 0 0 0 0 0 0 0 0 0 0 0 0 0 0 0 0 0 0 0 0 0 0 0 0 0 0 0 0 0 0 0 0 0 0 0 0 0 0 0 0 0 0 0 0 0 0 0 0 0 0 0 0 0 0 0 0 0 0 0 0 0 0 0 0 0 0 0 0 0 0 0 0 0 0 0 0 0 0 0 0 0 0 0 0 0 0 0 0 0 0 0 0 0 0 0 0 0 0 0 0 0 0 0 0 0 0 0 0 0 0 0 0 0 0 0 0 0 0 0 0 0 0 0 0 0 0 0 0 0 
0 0 0 0 0 188 188 188 189 189 189 189 189 189 189 189 189 189 189 190 190 190 190 190 190 190 190 190 190 190 191 191 191 191 191 191 191 191 191 191 191 191 191 192 192 192 192 192 192 192 192 192 192 192 192 192 193 193 193 193 193 193 193 193 193 193 194 194 194 194 194 194 194 194 194 194 194 194 195 195 195 195 195 195 195 195 195 195 195 195 195 195 196 196 196 196 196 196 196 196 197 197 197 197 197 197 197 197 197 197 197 197 197 197 198 198 198 198 198 198 198 198 198 198 198 198 198 198 199 199 199 199 199 199 199 199 199 199 199 199 199 199 200 200 200 200 200 200 200 200 200 200 200 200 200 200 200 201 201 201 201 201 201 201 201 201 201 201 201 201 201 201 201 201 201 201 201 202 202 202 202 202 202 202 202 202 202 202 202 202 202 202 202 202 203 203 203 203 203 203 203 203 203 203 203 203 203 203 203 203 203 203 203 203 203 203 203 203 203 203 203 204 204 204 0 0 0 0 0 0 0 0 0 0 0 0 0 0 0 0 0 0 0 0 0 0 0 0 0 0 0 0 0 0 0 0 0 0 0 0 0 0 0 0 0 0 0 0 0 0 0 0 0 0 0 0 0 0 0 0 0 0 0 0 0 0 0 0 0 0 0 0 0 0 0 0 0 0 0 0 0 0 0 0 0 0 0 0 0 0 0 0 0 0 0 0 0 0 0 0 0 0 0 0 0 0 0 0 0 0 0 0 0 0 0 0 0 0 0 0 0 0 0 0 0 0 0 0 0 0 0 0 0 0 0 0 0 0 0 0 0 0 0 0 0 0 0 0 0 0 0 0 0 0 0 0 0 0 0 0 0 0 0 0 0 0 0 0 0 0 0 0 0 0 0 0 0 0 0 0 0 0 0 0 0 0 0 0 0 0 0 0 0 0 0 0 0 0 0 0 0 0 0 0 0 0 0 0 0 0 0 0 0 0 0 0 0 0 0 0 0 0 0 0 0 0 0 0 0 0 0 0 0 0 0 0 0 0 0 0 0 0 0 0 0 0 0 0 0 0 0 0 0 0 0 0 0 0 0 0 0 0 0 0 0 0 0 0 0 0 0 0 0 0 0 0 0 0 0 0 0 0 0 
0 0 0 0 0 0 0 0 188 189 189 189 189 189 189 189 189 189 189 189 190 190 190 190 190 190 190 190 190 190 190 191 191 191 191 191 191 191 191 191 191 191 191 191 192 192 192 192 192 192 192 192 192 192 192 192 192 193 193 193 193 193 193 193 193 193 193 194 194 194 194 194 194 194 194 194 194 194 194 195 195 195 195 195 195 195 195 195 195 195 195 195 196 196 196 196 196 196 196 196 197 197 197 197 197 197 197 197 197 197 197 197 197 197 198 198 198 198 198 198 198 198 198 198 198 198 198 198 198 199 199 199 199 199 199 199 199 199 199 199 199 199 200 200 200 200 200 200 200 200 200 200 200 200 200 200 200 200 201 201 201 201 201 201 201 201 201 201 201 201 201 201 201 201 201 201 201 202 202 202 202 202 202 202 202 202 202 202 202 202 202 202 202 202 203 203 203 203 203 203 203 203 203 203 203 203 203 203 203 203 203 203 203 203 203 203 203 203 203 203 203 204 204 204 204 0 0 0 0 0 0 0 0 0 0 0 204 204 204 0 0 0 0 0 0 0 0 0 0 0 0 0 0 0 0 0 0 0 0 0 0 0 0 0 0 0 0 0 0 0 0 0 0 0 0 0 0 0 0 0 0 0 0 0 0 0 0 0 0 0 0 0 0 0 0 0 0 0 0 0 0 0 0 0 0 0 0 0 0 0 0 0 0 0 0 0 0 0 0 0 0 0 0 0 0 0 0 0 0 0 0 0 0 0 0 0 0 0 0 0 0 0 0 0 0 0 0 0 0 0 0 0 0 0 0 0 0 0 0 0 0 0 0 0 0 0 0 0 0 0 0 0 0 0 0 0 0 0 0 0 0 0 0 0 0 0 0 0 0 0 0 0 0 0 0 0 0 0 0 0 0 0 0 0 0 0 0 0 0 0 0 0 0 0 0 0 0 0 0 0 0 0 0 0 0 0 0 0 0 0 0 0 0 0 0 0 0 0 0 0 0 0 0 0 0 0 0 0 0 0 0 0 0 0 0 0 0 0 0 0 0 0 0 0 0 0 0 0 0 0 0 0 0 0 0 0 0 0 0 0 0 0 0 0 0 0 0 0 0 0 0 0 0 0 0 0 0 0 0 0 0 0 0 
0 0 0 0 0 0 0 0 0 188 189 189 189 189 189 189 189 189 189 189 189 189 190 190 190 190 190 190 190 190 190 190 190 191 191 191 191 191 191 191 191 191 191 191 191 191 192 192 192 192 192 192 192 192 192 192 192 192 193 193 193 193 193 193 193 193 193 193 194 194 194 194 194 194 194 194 194 194 194 194 195 195 195 195 195 195 195 195 195 195 195 195 196 196 196 196 196 196 196 196 196 197 197 197 197 197 197 197 197 197 197 197 197 197 197 198 198 198 198 198 198 198 198 198 198 198 198 198 198 199 199 199 199 199 199 199 199 199 199 199 199 199 200 200 200 200 200 200 200 200 200 200 200 200 200 200 200 200 201 201 201 201 201 201 201 201 201 201 201 201 201 201 201 201 201 201 201 202 202 202 202 202 202 202 202 202 202 202 202 202 202 202 202 202 203 203 203 203 203 203 203 203 203 203 203 203 203 203 203 203 203 203 203 203 203 203 203 203 203 203 203 204 204 204 204 0 0 0 0 0 0 0 0 0 0 204 204 204 204 204 204 0 0 0 0 0 0 0 0 0 0 0 0 0 0 0 0 0 0 0 0 0 0 0 0 0 0 0 0 0 0 0 0 0 0 0 0 0 0 0 0 0 0 0 0 0 0 0 0 0 0 0 0 0 0 0 0 0 0 0 0 0 0 0 0 0 0 0 0 0 0 0 0 0 0 0 0 0 0 0 0 0 0 0 0 0 0 0 0 0 0 0 0 0 0 0 0 0 0 0 0 0 0 0 0 0 0 0 0 0 0 0 0 0 0 0 0 0 0 0 0 0 0 0 0 0 0 0 0 0 0 0 0 0 0 0 0 0 0 0 0 0 0 0 0 0 0 0 0 0 0 0 0 0 0 0 0 0 0 0 0 0 0 0 0 0 0 0 0 0 0 0 0 0 0 0 0 0 0 0 0 0 0 0 0 0 0 0 0 0 0 0 0 0 0 0 0 0 0 0 0 0 0 0 0 0 0 0 0 0 0 0 0 0 0 0 0 0 0 0 0 0 0 0 0 0 0 0 0 0 0 0 0 0 0 0 0 0 0 0 0 0 0 0 0 0 0 0 0 0 0 0 0 0 0 0 0 0 0 0 0 0 0 
0 0 0 0 0 0 0 0 0 188 188 189 189 189 189 189 189 189 189 189 189 189 189 190 190 190 190 190 190 190 190 190 190 190 191 191 191 191 191 191 191 191 191 191 191 191 192 192 192 192 192 192 192 192 192 192 192 192 192 193 193 193 193 193 193 193 193 193 193 194 194 194 194 194 194 194 194 194 194 194 194 195 195 195 195 195 195 195 195 195 195 195 196 196 196 196 196 196 196 196 196 196 197 197 197 197 197 197 197 197 197 197 197 197 197 197 198 198 198 198 198 198 198 198 198 198 198 198 198 198 199 199 199 199 199 199 199 199 199 199 199 199 200 200 200 200 200 200 200 200 200 200 200 200 200 200 200 200 200 201 201 201 201 201 201 201 201 201 201 201 201 201 201 201 201 201 201 201 202 202 202 202 202 202 202 202 202 202 202 202 202 202 202 202 203 203 203 203 203 203 203 203 203 203 203 203 203 203 203 203 203 203 203 203 203 203 203 203 203 203 203 204 204 204 204 0 0 0 0 0 0 0 0 0 0 204 204 204 204 204 0 0 0 0 0 0 0 0 0 0 0 0 0 0 0 0 0 0 0 0 0 0 0 0 0 0 0 0 0 0 0 0 0 0 0 0 0 0 0 0 0 0 0 0 0 0 0 0 0 0 0 0 0 0 0 0 0 0 0 0 0 0 0 0 0 0 0 0 0 0 0 0 0 0 0 0 0 0 0 0 0 0 0 0 0 0 0 0 0 0 0 0 0 0 0 0 0 0 0 0 0 0 0 0 0 0 0 0 0 0 0 0 0 0 0 0 0 0 0 0 0 0 0 0 0 0 0 0 0 0 0 0 0 0 0 0 0 0 0 0 0 0 0 0 0 0 0 0 0 0 0 0 0 0 0 0 0 0 0 0 0 0 0 0 0 0 0 0 0 0 0 0 0 0 0 0 0 0 0 0 0 0 0 0 0 0 0 0 0 0 0 0 0 0 0 0 0 0 0 0 0 0 0 0 0 0 0 0 0 0 0 0 0 0 0 0 0 0 0 0 0 0 0 0 0 0 0 0 0 0 0 0 0 0 0 0 0 0 0 0 0 0 0 0 0 0 0 0 0 0 0 0 0 0 0 0 0 0 0 0 0 0 0 
0 0 0 0 0 0 0 0 0 188 188 188 189 189 189 189 189 189 189 189 189 189 189 189 190 190 190 190 190 190 190 190 190 190 190 191 191 191 191 191 191 191 191 191 191 191 191 192 192 192 192 192 192 192 192 192 192 192 192 192 193 193 193 193 193 193 193 193 193 193 194 194 194 194 194 194 194 194 194 194 194 194 195 195 195 195 195 195 195 195 195 195 195 196 196 196 196 196 196 196 196 196 196 197 197 197 197 197 197 197 197 197 197 197 197 197 197 198 198 198 198 198 198 198 198 198 198 198 198 198 199 199 199 199 199 199 199 199 199 199 199 199 199 200 200 200 200 200 200 200 200 200 200 200 200 200 200 200 200 200 201 201 201 201 201 201 201 201 201 201 201 201 201 201 201 201 201 201 202 202 202 202 202 202 202 202 202 202 202 202 202 202 202 202 202 203 203 203 203 203 203 203 203 203 203 203 203 203 203 203 203 203 203 203 203 203 203 203 203 203 204 204 204 204 204 204 0 0 0 204 204 204 204 204 204 204 204 204 204 204 0 0 0 0 0 0 0 0 0 0 0 0 0 0 0 0 0 0 0 0 0 0 0 0 0 0 0 0 0 0 0 0 0 0 0 0 0 0 0 0 0 0 0 0 0 0 0 0 0 0 0 0 0 0 0 0 0 0 0 0 0 0 0 0 0 0 0 0 0 0 0 0 0 0 0 0 0 0 0 0 0 0 0 0 0 0 0 0 0 0 0 0 0 0 0 0 0 0 0 0 0 0 0 0 0 0 0 0 0 0 0 0 0 0 0 0 0 0 0 0 0 0 0 0 0 0 0 0 0 0 0 0 0 0 0 0 0 0 0 0 0 0 0 0 0 0 0 0 0 0 0 0 0 0 0 0 0 0 0 0 0 0 0 0 0 0 0 0 0 0 0 0 0 0 0 0 0 0 0 0 0 0 0 0 0 0 0 0 0 0 0 0 0 0 0 0 0 0 0 0 0 0 0 0 0 0 0 0 0 0 0 0 0 0 0 0 0 0 0 0 0 0 0 0 0 0 0 0 0 0 0 0 0 0 0 0 0 0 0 0 0 0 0 0 0 0 0 0 0 0 0 0 0 0 0 0 0 0 0 0 0 0 0 
0 0 0 0 0 0 0 0 0 0 188 188 188 188 189 189 189 189 189 189 189 189 189 189 189 190 190 190 190 190 190 190 190 190 190 190 191 191 191 191 191 191 191 191 191 191 191 191 192 192 192 192 192 192 192 192 192 192 192 192 192 193 193 193 193 193 193 193 193 193 193 194 194 194 194 194 194 194 194 194 194 194 194 195 195 195 195 195 195 195 195 195 195 195 196 196 196 196 196 196 196 196 196 197 197 197 197 197 197 197 197 197 197 197 197 197 197 197 198 198 198 198 198 198 198 198 198 198 198 198 198 199 199 199 199 199 199 199 199 199 199 199 199 199 200 200 200 200 200 200 200 200 200 200 200 200 200 200 200 200 201 201 201 201 201 201 201 201 201 201 201 201 201 201 201 201 201 201 201 202 202 202 202 202 202 202 202 202 202 202 202 202 202 202 202 203 203 203 203 203 203 203 203 203 203 203 203 203 203 203 203 203 203 203 203 203 203 203 203 203 204 204 204 204 204 204 204 204 204 204 204 204 204 204 204 204 204 204 204 0 0 0 0 0 0 0 0 0 0 0 0 0 0 0 0 0 0 0 0 0 0 0 0 0 0 0 0 0 0 0 0 0 0 0 0 0 0 0 0 0 0 0 0 0 0 0 0 0 0 0 0 0 0 0 0 0 0 0 0 0 0 0 0 0 0 0 0 0 0 0 0 0 0 0 0 0 0 0 0 0 0 0 0 0 0 0 0 0 0 0 0 0 0 0 0 0 0 0 0 0 0 0 0 0 0 0 0 0 0 0 0 0 0 0 0 0 0 0 0 0 0 0 0 0 0 0 0 0 0 0 0 0 0 0 0 0 0 0 0 0 0 0 0 0 0 0 0 0 0 0 0 0 0 0 0 0 0 0 0 0 0 0 0 0 0 0 0 0 0 0 0 0 0 0 0 0 0 0 0 0 0 0 0 0 0 0 0 0 0 0 0 0 0 0 0 0 0 0 0 0 0 0 0 0 0 0 0 0 0 0 0 0 0 0 0 0 0 0 0 0 0 0 0 0 0 0 0 0 0 0 0 0 0 0 0 0 0 0 0 0 0 0 0 0 0 0 0 0 0 0 0 0 0 0 0 0 0 0 0 0 0 0 0 
0 0 0 0 0 0 0 0 0 0 188 188 188 188 188 189 189 189 189 189 189 189 189 189 189 189 190 190 190 190 190 190 190 190 190 190 190 191 191 191 191 191 191 191 191 191 191 191 191 192 192 192 192 192 192 192 192 192 192 192 192 192 193 193 193 193 193 193 193 193 193 193 194 194 194 194 194 194 194 194 194 194 194 195 195 195 195 195 195 195 195 195 195 196 196 196 196 196 196 196 196 196 196 196 197 197 197 197 197 197 197 197 197 197 197 197 197 197 198 198 198 198 198 198 198 198 198 198 198 198 198 199 199 199 199 199 199 199 199 199 199 199 199 199 200 200 200 200 200 200 200 200 200 200 200 200 200 200 200 200 200 201 201 201 201 201 201 201 201 201 201 201 201 201 201 201 201 201 201 202 202 202 202 202 202 202 202 202 202 202 202 202 202 202 202 203 203 203 203 203 203 203 203 203 203 203 203 203 203 203 203 203 203 203 203 203 203 203 203 203 204 204 204 204 204 204 204 204 204 204 204 204 204 204 204 204 204 204 0 0 0 0 0 0 0 0 0 0 0 0 0 0 0 0 0 0 0 0 0 0 0 0 0 0 0 0 0 0 0 0 0 0 0 0 0 0 0 0 0 0 0 0 0 0 0 0 0 0 0 0 0 0 0 0 0 0 0 0 0 0 0 0 0 0 0 0 0 0 0 0 0 0 0 0 0 0 0 0 0 0 0 0 0 0 0 0 0 0 0 0 0 0 0 0 0 0 0 0 0 0 0 0 0 0 0 0 0 0 0 0 0 0 0 0 0 0 0 0 0 0 0 0 0 0 0 0 0 0 0 0 0 0 0 0 0 0 0 0 0 0 0 0 0 0 0 0 0 0 0 0 0 0 0 0 0 0 0 0 0 0 0 0 0 0 0 0 0 0 0 0 0 0 0 0 0 0 0 0 0 0 0 0 0 0 0 0 0 0 0 0 0 0 0 0 0 0 0 0 0 0 0 0 0 0 0 0 0 0 0 0 0 0 0 0 0 0 0 0 0 0 0 0 0 0 0 0 0 0 0 0 0 0 0 0 0 0 0 0 0 0 0 0 0 0 0 0 0 0 0 0 0 0 0 0 0 0 0 0 0 0 0 0 0 
0 0 0 0 0 0 0 0 0 0 188 188 188 188 188 188 189 189 189 189 189 189 189 189 189 189 189 190 190 190 190 190 190 190 190 190 190 190 191 191 191 191 191 191 191 191 191 191 191 191 192 192 192 192 192 192 192 192 192 192 192 192 193 193 193 193 193 193 193 193 193 193 193 194 194 194 194 194 194 194 194 194 194 194 195 195 195 195 195 195 195 195 195 195 195 196 196 196 196 196 196 196 196 196 196 196 197 197 197 197 197 197 197 197 197 197 197 197 198 198 198 198 198 198 198 198 198 198 198 198 198 198 199 199 199 199 199 199 199 199 199 199 199 199 199 200 200 200 200 200 200 200 200 200 200 200 200 200 200 200 200 201 201 201 201 201 201 201 201 201 201 201 201 201 201 201 201 201 201 201 202 202 202 202 202 202 202 202 202 202 202 202 202 202 202 202 203 203 203 203 203 203 203 203 203 203 203 203 203 203 203 203 203 203 203 203 203 203 203 203 204 204 204 204 204 204 204 204 204 204 204 204 204 204 204 204 204 204 0 0 0 0 0 0 0 0 0 0 0 0 0 0 0 0 0 0 0 0 0 0 0 0 0 0 0 0 0 0 0 0 0 0 0 0 0 0 0 0 0 0 0 0 0 0 0 0 0 0 0 0 0 0 0 0 0 0 0 0 0 0 0 0 0 0 0 0 0 0 0 0 0 0 0 0 0 0 0 0 0 0 0 0 0 0 0 0 0 0 0 0 0 0 0 0 0 0 0 0 0 0 0 0 0 0 0 0 0 0 0 0 0 0 0 0 0 0 0 0 0 0 0 0 0 0 0 0 0 0 0 0 0 0 0 0 0 0 0 0 0 0 0 0 0 0 0 0 0 0 0 0 0 0 0 0 0 0 0 0 0 0 0 0 0 0 0 0 0 0 0 0 0 0 0 0 0 0 0 0 0 0 0 0 0 0 0 0 0 0 0 0 0 0 0 0 0 0 0 0 0 0 0 0 0 0 0 0 0 0 0 0 0 0 0 0 0 0 0 0 0 0 0 0 0 0 0 0 0 0 0 0 0 0 0 0 0 0 0 0 0 0 0 0 0 0 0 0 0 0 0 0 0 0 0 0 0 0 0 0 0 0 0 0 0 
0 0 0 0 0 0 0 0 0 0 188 188 188 188 188 188 188 189 189 189 189 189 189 189 189 189 189 189 190 190 190 190 190 190 190 190 190 190 190 191 191 191 191 191 191 191 191 191 191 191 191 192 192 192 192 192 192 192 192 192 192 192 192 193 193 193 193 193 193 193 193 193 193 193 194 194 194 194 194 194 194 194 194 194 194 195 195 195 195 195 195 195 195 195 196 195 196 196 196 196 196 196 196 196 196 196 197 197 197 197 197 197 197 197 197 197 197 197 197 198 198 198 198 198 198 198 198 198 198 198 198 198 198 199 199 199 199 199 199 199 199 199 199 199 199 200 200 200 200 200 200 200 200 200 200 200 200 200 200 200 200 200 201 201 201 201 201 201 201 201 201 201 201 201 201 201 201 201 201 201 202 202 202 202 202 202 202 202 202 202 202 202 202 202 202 202 203 203 203 203 203 203 203 203 203 203 203 203 203 203 203 203 203 203 203 203 203 203 203 203 204 204 204 204 204 204 204 204 204 204 204 204 204 204 204 204 204 204 0 0 0 0 0 0 0 0 0 0 0 0 0 0 0 0 0 0 0 0 0 0 0 0 0 0 0 0 0 0 0 0 0 0 0 0 0 0 0 0 0 0 0 0 0 0 0 0 0 0 0 0 0 0 0 0 0 0 0 0 0 0 0 0 0 0 0 0 0 0 0 0 0 0 0 0 0 0 0 0 0 0 0 0 0 0 0 0 0 0 0 0 0 0 0 0 0 0 0 0 0 0 0 0 0 0 0 0 0 0 0 0 0 0 0 0 0 0 0 0 0 0 0 0 0 0 0 0 0 0 0 0 0 0 0 0 0 0 0 0 0 0 0 0 0 0 0 0 0 0 0 0 0 0 0 0 0 0 0 0 0 0 0 0 0 0 0 0 0 0 0 0 0 0 0 0 0 0 0 0 0 0 0 0 0 0 0 0 0 0 0 0 0 0 0 0 0 0 0 0 0 0 0 0 0 0 0 0 0 0 0 0 0 0 0 0 0 0 0 0 0 0 0 0 0 0 0 0 0 0 0 0 0 0 0 0 0 0 0 0 0 0 0 0 0 0 0 0 0 0 0 0 0 0 0 0 0 0 0 0 0 0 0 0 0 
0 0 0 0 0 0 0 0 0 0 0 188 188 188 188 188 188 188 189 189 189 189 189 189 189 189 189 189 189 190 190 190 190 190 190 190 190 190 190 190 191 191 191 191 191 191 191 191 191 191 191 191 192 192 192 192 192 192 192 192 192 192 192 192 193 193 193 193 193 193 193 193 193 193 193 194 194 194 194 194 194 194 194 194 194 194 195 195 195 195 195 195 195 195 195 196 196 196 196 196 196 196 196 196 196 196 196 197 197 197 197 197 197 197 197 197 197 197 197 197 198 198 198 198 198 198 198 198 198 198 198 198 198 198 199 199 199 199 199 199 199 199 199 199 199 199 200 200 200 200 200 200 200 200 200 200 200 200 200 200 200 200 200 201 201 201 201 201 201 201 201 201 201 201 201 201 201 201 201 201 201 202 202 202 202 202 202 202 202 202 202 202 202 202 202 202 203 203 203 203 203 203 203 203 203 203 203 203 203 203 203 203 203 203 203 203 203 203 203 203 204 204 204 204 204 204 204 204 204 204 204 204 204 204 204 204 204 204 0 0 0 0 0 0 0 0 0 0 0 0 0 0 0 0 0 0 0 0 0 0 0 0 0 0 0 0 0 0 0 0 0 0 0 0 0 0 0 0 0 0 0 0 0 0 0 0 0 0 0 0 0 0 0 0 0 0 0 0 0 0 0 0 0 0 0 0 0 0 0 0 0 0 0 0 0 0 0 0 0 0 0 0 0 0 0 0 0 0 0 0 0 0 0 0 0 0 0 0 0 0 0 0 0 0 0 0 0 0 0 0 0 0 0 0 0 0 0 0 0 0 0 0 0 0 0 0 0 0 0 0 0 0 0 0 0 0 0 0 0 0 0 0 0 0 0 0 0 0 0 0 0 0 0 0 0 0 0 0 0 0 0 0 0 0 0 0 0 0 0 0 0 0 0 0 0 0 0 0 0 0 0 0 0 0 0 0 0 0 0 0 0 0 0 0 0 0 0 0 0 0 0 0 0 0 0 0 0 0 0 0 0 0 0 0 0 0 0 0 0 0 0 0 0 0 0 0 0 0 0 0 0 0 0 0 0 0 0 0 0 0 0 0 0 0 0 0 0 0 0 0 0 0 0 0 0 0 0 0 0 0 0 0 0 
0 0 0 0 0 0 0 0 0 0 0 188 188 188 188 188 188 188 188 188 189 189 189 189 189 189 189 189 189 189 190 190 190 190 190 190 190 190 190 190 190 190 191 191 191 191 191 191 191 191 191 191 191 192 192 192 192 192 192 192 192 192 192 192 192 193 193 193 193 193 193 193 193 193 193 193 194 194 194 194 194 194 194 194 194 194 195 195 195 195 195 195 195 195 195 196 196 196 196 196 196 196 196 196 196 196 196 196 197 197 197 197 197 197 197 197 197 197 197 197 198 198 198 198 198 198 198 198 198 198 198 198 198 198 198 199 199 199 199 199 199 199 199 199 199 199 199 200 200 200 200 200 200 200 200 200 200 200 200 200 200 200 200 201 201 201 201 201 201 201 201 201 201 201 201 201 201 201 201 201 201 202 202 202 202 202 202 202 202 202 202 202 202 202 202 202 202 203 203 203 203 203 203 203 203 203 203 203 203 203 203 203 203 203 203 203 203 203 203 203 204 204 204 204 204 204 204 204 204 204 204 204 204 204 204 204 204 204 0 0 0 0 0 0 0 0 0 0 0 0 0 0 0 0 0 0 0 0 0 0 0 0 0 0 0 0 0 0 0 0 0 0 0 0 0 0 0 0 0 0 0 0 0 0 0 0 0 0 0 0 0 0 0 0 0 0 0 0 0 0 0 0 0 0 0 0 0 0 0 0 0 0 0 0 0 0 0 0 0 0 0 0 0 0 0 0 0 0 0 0 0 0 0 0 0 0 0 0 0 0 0 0 0 0 0 0 0 0 0 0 0 0 0 0 0 0 0 0 0 0 0 0 0 0 0 0 0 0 0 0 0 0 0 0 0 0 0 0 0 0 0 0 0 0 0 0 0 0 0 0 0 0 0 0 0 0 0 0 0 0 0 0 0 0 0 0 0 0 0 0 0 0 0 0 0 0 0 0 0 0 0 0 0 0 0 0 0 0 0 0 0 0 0 0 0 0 0 0 0 0 0 0 0 0 0 0 0 0 0 0 0 0 0 0 0 0 0 0 0 0 0 0 0 0 0 0 0 0 0 0 0 0 0 0 0 0 0 0 0 0 0 0 0 0 0 0 0 0 0 0 0 0 0 0 0 0 0 0 0 0 0 0 0 
0 0 0 0 0 0 0 0 0 0 0 0 188 188 188 188 188 188 188 188 188 189 189 189 189 189 189 189 189 189 189 189 190 190 190 190 190 190 190 190 190 190 190 191 191 191 191 191 191 191 191 191 191 191 192 192 192 192 192 192 192 192 192 192 192 192 193 193 193 193 193 193 193 193 193 193 193 194 194 194 194 194 194 194 194 194 194 194 195 195 195 195 195 195 195 195 196 196 196 196 196 196 196 196 196 196 196 196 197 197 197 197 197 197 197 197 197 197 197 197 197 198 198 198 198 198 198 198 198 198 198 198 198 198 198 199 199 199 199 199 199 199 199 199 199 199 199 200 200 200 200 200 200 200 200 200 200 200 200 200 200 200 200 200 201 201 201 201 201 201 201 201 201 201 201 201 201 201 201 201 201 201 202 202 202 202 202 202 202 202 202 202 202 202 202 202 202 203 203 203 203 203 203 203 203 203 203 203 203 203 203 203 203 203 203 203 203 203 203 203 204 204 204 204 204 204 204 204 204 204 204 204 204 204 204 204 204 204 0 0 0 0 0 0 0 0 0 0 0 0 0 0 0 0 0 0 0 0 0 0 0 0 0 0 0 0 0 0 0 0 0 0 0 0 0 0 0 0 0 0 0 0 0 0 0 0 0 0 0 0 0 0 0 0 0 0 0 0 0 0 0 0 0 0 0 0 0 0 0 0 0 0 0 0 0 0 0 0 0 0 0 0 0 0 0 0 0 0 0 0 0 0 0 0 0 0 0 0 0 0 0 0 0 0 0 0 0 0 0 0 0 0 0 0 0 0 0 0 0 0 0 0 0 0 0 0 0 0 0 0 0 0 0 0 0 0 0 0 0 0 0 0 0 0 0 0 0 0 0 0 0 0 0 0 0 0 0 0 0 0 0 0 0 0 0 0 0 0 0 0 0 0 0 0 0 0 0 0 0 0 0 0 0 0 0 0 0 0 0 0 0 0 0 0 0 0 0 0 0 0 0 0 0 0 0 0 0 0 0 0 0 0 0 0 0 0 0 0 0 0 0 0 0 0 0 0 0 0 0 0 0 0 0 0 0 0 0 0 0 0 0 0 0 0 0 0 0 0 0 0 0 0 0 0 0 0 0 0 0 0 0 0 0 
0 0 0 0 0 0 0 0 0 0 0 0 0 0 188 188 188 188 188 188 188 188 189 189 189 189 189 189 189 189 189 189 189 190 190 190 190 190 190 190 190 190 190 190 191 191 191 191 191 191 191 191 191 191 191 191 192 192 192 192 192 192 192 192 192 192 192 193 193 193 193 193 193 193 193 193 193 193 194 194 194 194 194 194 194 194 194 194 194 195 195 195 195 195 195 195 195 196 196 196 196 196 196 196 196 196 196 196 196 197 197 197 197 197 197 197 197 197 197 197 197 198 198 198 198 198 198 198 198 198 198 198 198 198 198 198 199 199 199 199 199 199 199 199 199 199 199 199 200 200 200 200 200 200 200 200 200 200 200 200 200 200 200 200 201 201 201 201 201 201 201 201 201 201 201 201 201 201 201 201 201 201 201 202 202 202 202 202 202 202 202 202 202 202 202 202 202 202 203 203 203 203 203 203 203 203 203 203 203 203 203 203 203 203 203 203 203 203 203 203 204 204 204 204 204 204 204 204 204 204 204 204 204 204 204 204 204 204 0 0 0 0 0 0 0 0 0 0 0 0 0 0 0 0 0 0 0 0 0 0 0 0 0 0 0 0 0 0 0 0 0 0 0 0 0 0 0 0 0 0 0 0 0 0 0 0 0 0 0 0 0 0 0 0 0 0 0 0 0 0 0 0 0 0 0 0 0 0 0 0 0 0 0 0 0 0 0 0 0 0 0 0 0 0 0 0 0 0 0 0 0 0 0 0 0 0 0 0 0 0 0 0 0 0 0 0 0 0 0 0 0 0 0 0 0 0 0 0 0 0 0 0 0 0 0 0 0 0 0 0 0 0 0 0 0 0 0 0 0 0 0 0 0 0 0 0 0 0 0 0 0 0 0 0 0 0 0 0 0 0 0 0 0 0 0 0 0 0 0 0 0 0 0 0 0 0 0 0 0 0 0 0 0 0 0 0 0 0 0 0 0 0 0 0 0 0 0 0 0 0 0 0 0 0 0 0 0 0 0 0 0 0 0 0 0 0 0 0 0 0 0 0 0 0 0 0 0 0 0 0 0 0 0 0 0 0 0 0 0 0 0 0 0 0 0 0 0 0 0 0 0 0 0 0 0 0 0 0 0 0 0 0 0 
0 0 0 0 0 0 0 0 0 0 0 0 0 0 0 0 0 188 188 188 188 188 188 189 189 189 189 189 189 189 189 189 189 189 190 190 190 190 190 190 190 190 190 190 190 191 191 191 191 191 191 191 191 191 191 191 191 192 192 192 192 192 192 192 192 192 192 192 193 193 193 193 193 193 193 193 193 193 193 194 194 194 194 194 194 194 194 194 194 194 195 195 195 195 195 195 195 195 196 196 196 196 196 196 196 196 196 196 196 196 197 197 197 197 197 197 197 197 197 197 197 197 198 198 198 198 198 198 198 198 198 198 198 198 198 198 199 199 199 199 199 199 199 199 199 199 199 199 199 200 200 200 200 200 200 200 200 200 200 200 200 200 200 200 200 201 201 201 201 201 201 201 201 201 201 201 201 201 201 201 201 201 201 202 202 202 202 202 202 202 202 202 202 202 202 202 202 202 203 203 203 203 203 203 203 203 203 203 203 203 203 203 203 203 203 203 203 203 203 203 204 204 204 204 204 204 204 204 204 204 204 204 204 204 204 204 204 204 0 0 0 0 0 0 0 0 0 0 0 0 0 0 0 0 0 0 0 0 0 0 0 0 0 0 0 0 0 0 0 0 0 0 0 0 0 0 0 0 0 0 0 0 0 0 0 0 0 0 0 0 0 0 0 0 0 0 0 0 0 0 0 0 0 0 0 0 0 0 0 0 0 0 0 0 0 0 0 0 0 0 0 0 0 0 0 0 0 0 0 0 0 0 0 0 0 0 0 0 0 0 0 0 0 0 0 0 0 0 0 0 0 0 0 0 0 0 0 0 0 0 0 0 0 0 0 0 0 0 0 0 0 0 0 0 0 0 0 0 0 0 0 0 0 0 0 0 0 0 0 0 0 0 0 0 0 0 0 0 0 0 0 0 0 0 0 0 0 0 0 0 0 0 0 0 0 0 0 0 0 0 0 0 0 0 0 0 0 0 0 0 0 0 0 0 0 0 0 0 0 0 0 0 0 0 0 0 0 0 0 0 0 0 0 0 0 0 0 0 0 0 0 0 0 0 0 0 0 0 0 0 0 0 0 0 0 0 0 0 0 0 0 0 0 0 0 0 0 0 0 0 0 0 0 0 0 0 0 0 0 0 0 0 0 
0 0 0 0 0 0 0 0 0 0 0 0 0 0 0 0 0 0 188 188 188 188 188 188 188 189 189 189 189 189 189 189 189 189 189 190 190 190 190 190 190 190 190 190 190 190 191 191 191 191 191 191 191 191 191 191 191 191 192 192 192 192 192 192 192 192 192 192 192 193 193 193 193 193 193 193 193 193 193 193 194 194 194 194 194 194 194 194 194 194 195 195 195 195 195 195 195 195 195 196 196 196 196 196 196 196 196 196 196 196 197 197 197 197 197 197 197 197 197 197 197 197 197 198 198 198 198 198 198 198 198 198 198 198 198 198 198 199 199 199 199 199 199 199 199 199 199 199 199 199 200 200 200 200 200 200 200 200 200 200 200 200 200 200 200 201 201 201 201 201 201 201 201 201 201 201 201 201 201 201 201 201 201 201 202 202 202 202 202 202 202 202 202 202 202 202 202 202 203 203 203 203 203 203 203 203 203 203 203 203 203 203 203 203 203 203 203 203 203 203 203 204 204 204 204 204 204 204 204 204 204 204 204 204 204 204 204 204 0 0 0 0 0 0 0 0 0 0 0 0 0 0 0 0 0 0 0 0 0 0 0 0 0 0 0 0 0 0 0 0 0 0 0 0 0 0 0 0 0 0 0 0 0 0 0 0 0 0 0 0 0 0 0 0 0 0 0 0 0 0 0 0 0 0 0 0 0 0 0 0 0 0 0 0 0 0 0 0 0 0 0 0 0 0 0 0 0 0 0 0 0 0 0 0 0 0 0 0 0 0 0 0 0 0 0 0 0 0 0 0 0 0 0 0 0 0 0 0 0 0 0 0 0 0 0 0 0 0 0 0 0 0 0 0 0 0 0 0 0 0 0 0 0 0 0 0 0 0 0 0 0 0 0 0 0 0 0 0 0 0 0 0 0 0 0 0 0 0 0 0 0 0 0 0 0 0 0 0 0 0 0 0 0 0 0 0 0 0 0 0 0 0 0 0 0 0 0 0 0 0 0 0 0 0 0 0 0 0 0 0 0 0 0 0 0 0 0 0 0 0 0 0 0 0 0 0 0 0 0 0 0 0 0 0 0 0 0 0 0 0 0 0 0 0 0 0 0 0 0 0 0 0 0 0 0 0 0 0 0 0 0 0 0 
0 0 0 0 0 0 0 0 0 0 0 0 0 0 0 0 0 0 188 188 188 188 188 188 188 188 189 189 189 189 189 189 189 189 189 189 189 190 190 190 190 190 190 190 190 190 190 190 191 191 191 191 191 191 191 191 191 191 191 192 192 192 192 192 192 192 192 192 192 192 193 193 193 193 193 193 193 193 193 193 193 194 194 194 194 194 194 194 194 194 194 195 195 195 195 195 195 195 195 195 196 196 196 196 196 196 196 196 196 196 196 197 197 197 197 197 197 197 197 197 197 197 197 197 198 198 198 198 198 198 198 198 198 198 198 198 198 198 199 199 199 199 199 199 199 199 199 199 199 199 200 200 200 200 200 200 200 200 200 200 200 200 200 200 200 200 201 201 201 201 201 201 201 201 201 201 201 201 201 201 201 201 201 201 202 202 202 202 202 202 202 202 202 202 202 202 202 202 202 203 203 203 203 203 203 203 203 203 203 203 203 203 203 203 203 203 203 203 203 203 203 204 204 204 204 204 204 204 204 204 204 204 204 204 204 204 204 204 0 0 0 0 0 0 0 0 0 0 0 0 0 0 0 0 0 0 0 0 0 0 0 0 0 0 0 0 0 0 0 0 0 0 0 0 0 0 0 0 0 0 0 0 0 0 0 0 0 0 0 0 0 0 0 0 0 0 0 0 0 0 0 0 0 0 0 0 0 0 0 0 0 0 0 0 0 0 0 0 0 0 0 0 0 0 0 0 0 0 0 0 0 0 0 0 0 0 0 0 0 0 0 0 0 0 0 0 0 0 0 0 0 0 0 0 0 0 0 0 0 0 0 0 0 0 0 0 0 0 0 0 0 0 0 0 0 0 0 0 0 0 0 0 0 0 0 0 0 0 0 0 0 0 0 0 0 0 0 0 0 0 0 0 0 0 0 0 0 0 0 0 0 0 0 0 0 0 0 0 0 0 0 0 0 0 0 0 0 0 0 0 0 0 0 0 0 0 0 0 0 0 0 0 0 0 0 0 0 0 0 0 0 0 0 0 0 0 0 0 0 0 0 0 0 0 0 0 0 0 0 0 0 0 0 0 0 0 0 0 0 0 0 0 0 0 0 0 0 0 0 0 0 0 0 0 0 0 0 0 0 0 0 0 0 
0 0 0 0 0 0 0 0 0 0 0 0 0 0 0 0 0 188 188 188 188 188 188 188 188 188 188 189 189 189 189 189 189 189 189 189 189 189 190 190 190 190 190 190 190 190 190 190 190 191 191 191 191 191 191 191 191 191 191 191 192 192 192 192 192 192 192 192 192 192 192 193 193 193 193 193 193 193 193 193 193 193 194 194 194 194 194 194 194 194 194 194 195 195 195 195 195 195 195 195 195 196 196 196 196 196 196 196 196 196 196 196 197 197 197 197 197 197 197 197 197 197 197 197 197 198 198 198 198 198 198 198 198 198 198 198 198 198 199 199 199 199 199 199 199 199 199 199 199 199 200 200 200 200 200 200 200 200 200 200 200 200 200 200 200 200 201 201 201 201 201 201 201 201 201 201 201 201 201 201 201 201 201 201 201 202 202 202 202 202 202 202 202 202 202 202 202 202 202 203 203 203 203 203 203 203 203 203 203 203 203 203 203 203 203 203 203 203 203 203 204 204 204 204 204 204 204 204 204 204 204 204 204 204 204 204 204 204 0 0 0 0 0 0 0 0 0 0 0 0 0 0 0 0 0 0 0 0 0 0 0 0 0 0 0 0 0 0 0 0 0 0 0 0 0 0 0 0 0 0 0 0 0 0 0 0 0 0 0 0 0 0 0 0 0 0 0 0 0 0 0 0 0 0 0 0 0 0 0 0 0 0 0 0 0 0 0 0 0 0 0 0 0 0 0 0 0 0 0 0 0 0 0 0 0 0 0 0 0 0 0 0 0 0 0 0 0 0 0 0 0 0 0 0 0 0 0 0 0 0 0 0 0 0 0 0 0 0 0 0 0 0 0 0 0 0 0 0 0 0 0 0 0 0 0 0 0 0 0 0 0 0 0 0 0 0 0 0 0 0 0 0 0 0 0 0 0 0 0 0 0 0 0 0 0 0 0 0 0 0 0 0 0 0 0 0 0 0 0 0 0 0 0 0 0 0 0 0 0 0 0 0 0 0 0 0 0 0 0 0 0 0 0 0 0 0 0 0 0 0 0 0 0 0 0 0 0 0 0 0 0 0 0 0 0 0 0 0 0 0 0 0 0 0 0 0 0 0 0 0 0 0 0 0 0 0 0 0 0 0 0 0 0 
0 0 0 0 0 0 0 0 0 0 0 0 0 0 0 187 187 188 188 188 188 188 188 188 188 188 188 188 189 189 189 189 189 189 189 189 189 189 189 190 190 190 190 190 190 190 190 190 190 190 191 191 191 191 191 191 191 191 191 191 191 192 192 192 192 192 192 192 192 192 192 192 193 193 193 193 193 193 193 193 193 193 193 194 194 194 194 194 194 194 194 194 195 195 195 195 195 195 195 195 195 195 196 196 196 196 196 196 196 196 196 196 196 197 197 197 197 197 197 197 197 197 197 197 197 197 198 198 198 198 198 198 198 198 198 198 198 198 199 199 199 199 199 199 199 199 199 199 199 199 199 199 200 200 200 200 200 200 200 200 200 200 200 200 200 200 200 201 201 201 201 201 201 201 201 201 201 201 201 201 201 201 201 201 201 202 202 202 202 202 202 202 202 202 202 202 202 202 202 202 203 203 203 203 203 203 203 203 203 203 203 203 203 203 203 203 203 203 203 203 204 204 204 204 204 204 204 204 204 204 204 204 204 204 204 204 204 0 0 0 0 0 0 0 0 0 0 0 0 0 0 0 0 0 0 0 0 0 0 0 0 0 0 0 0 0 0 0 0 0 0 0 0 0 0 0 0 0 0 0 0 0 0 0 0 0 0 0 0 0 0 0 0 0 0 0 0 0 0 0 0 0 0 0 0 0 0 0 0 0 0 0 0 0 0 0 0 0 0 0 0 0 0 0 0 0 0 0 0 0 0 0 0 0 0 0 0 0 0 0 0 0 0 0 0 0 0 0 0 0 0 0 0 0 0 0 0 0 0 0 0 0 0 0 0 0 0 0 0 0 0 0 0 0 0 0 0 0 0 0 0 0 0 0 0 0 0 0 0 0 0 0 0 0 0 0 0 0 0 0 0 0 0 0 0 0 0 0 0 0 0 0 0 0 0 0 0 0 0 0 0 0 0 0 0 0 0 0 0 0 0 0 0 0 0 0 0 0 0 0 0 0 0 0 0 0 0 0 0 0 0 0 0 0 0 0 0 0 0 0 0 0 0 0 0 0 0 0 0 0 0 0 0 0 0 0 0 0 0 0 0 0 0 0 0 0 0 0 0 0 0 0 0 0 0 0 0 0 0 0 0 0 0 
0 0 0 0 0 0 0 0 0 0 0 0 0 0 187 187 187 187 187 188 188 188 188 188 188 188 188 188 188 188 189 189 189 189 189 189 189 189 189 189 189 190 190 190 190 190 190 190 190 190 190 191 191 191 191 191 191 191 191 191 191 191 192 192 192 192 192 192 192 192 192 192 192 193 193 193 193 193 193 193 193 193 193 193 194 194 194 194 194 194 194 194 195 195 195 195 195 195 195 195 195 195 195 196 196 196 196 196 196 196 196 196 196 196 197 197 197 197 197 197 197 197 197 197 197 197 197 198 198 198 198 198 198 198 198 198 198 198 198 199 199 199 199 199 199 199 199 199 199 199 199 199 199 200 200 200 200 200 200 200 200 200 200 200 200 200 200 200 201 201 201 201 201 201 201 201 201 201 201 201 201 201 201 201 201 201 202 202 202 202 202 202 202 202 202 202 202 202 202 202 203 203 203 203 203 203 203 203 203 203 203 203 203 203 203 203 203 203 203 203 204 204 204 204 204 204 204 204 204 204 204 204 204 204 204 204 0 0 0 0 0 0 0 0 0 0 0 0 0 0 0 0 0 0 0 0 0 0 0 0 0 0 0 0 0 0 0 0 0 0 0 0 0 0 0 0 0 0 0 0 0 0 0 0 0 0 0 0 0 0 0 0 0 0 0 0 0 0 0 0 0 0 0 0 0 0 0 0 0 0 0 0 0 0 0 0 0 0 0 0 0 0 0 0 0 0 0 0 0 0 0 0 0 0 0 0 0 0 0 0 0 0 0 0 0 0 0 0 0 0 0 0 0 0 0 0 0 0 0 0 0 0 0 0 0 0 0 0 0 0 0 0 0 0 0 0 0 0 0 0 0 0 0 0 0 0 0 0 0 0 0 0 0 0 0 0 0 0 0 0 0 0 0 0 0 0 0 0 0 0 0 0 0 0 0 0 0 0 0 0 0 0 0 0 0 0 0 0 0 0 0 0 0 0 0 0 0 0 0 0 0 0 0 0 0 0 0 0 0 0 0 0 0 0 0 0 0 0 0 0 0 0 0 0 0 0 0 0 0 0 0 0 0 0 0 0 0 0 0 0 0 0 0 0 0 0 0 0 0 0 0 0 0 0 0 0 0 0 0 0 0 0 0 
0 0 0 0 0 0 0 0 0 0 0 0 0 0 187 187 187 187 187 187 188 188 188 188 188 188 188 188 188 188 188 188 189 189 189 189 189 189 189 189 189 189 190 190 190 190 190 190 190 190 190 190 191 191 191 191 191 191 191 191 191 191 191 192 192 192 192 192 192 192 192 192 192 192 193 193 193 193 193 193 193 193 193 193 193 194 194 194 194 194 194 194 195 195 195 195 195 195 195 195 195 195 195 196 196 196 196 196 196 196 196 196 196 196 196 197 197 197 197 197 197 197 197 197 197 197 197 198 198 198 198 198 198 198 198 198 198 198 198 198 198 199 199 199 199 199 199 199 199 199 199 199 199 200 200 200 200 200 200 200 200 200 200 200 200 200 200 200 200 201 201 201 201 201 201 201 201 201 201 201 201 201 201 201 201 201 201 202 202 202 202 202 202 202 202 202 202 202 202 202 202 203 203 203 203 203 203 203 203 203 203 203 203 203 203 203 203 203 203 203 203 204 204 204 204 204 204 204 204 204 204 204 204 204 204 204 0 0 0 0 0 0 0 0 0 0 0 0 0 0 0 0 0 0 0 0 0 0 0 0 0 0 0 0 0 0 0 0 0 0 0 0 0 0 0 0 0 0 0 0 0 0 0 0 0 0 0 0 0 0 0 0 0 0 0 0 0 0 0 0 0 0 0 0 0 0 0 0 0 0 0 0 0 0 0 0 0 0 0 0 0 0 0 0 0 0 0 0 0 0 0 0 0 0 0 0 0 0 0 0 0 0 0 0 0 0 0 0 0 0 0 0 0 0 0 0 0 0 0 0 0 0 0 0 0 0 0 0 0 0 0 0 0 0 0 0 0 0 0 0 0 0 0 0 0 0 0 0 0 0 0 0 0 0 0 0 0 0 0 0 0 0 0 0 0 0 0 0 0 0 0 0 0 0 0 0 0 0 0 0 0 0 0 0 0 0 0 0 0 0 0 0 0 0 0 0 0 0 0 0 0 0 0 0 0 0 0 0 0 0 0 0 0 0 0 0 0 0 0 0 0 0 0 0 0 0 0 0 0 0 0 0 0 0 0 0 0 0 0 0 0 0 0 0 0 0 0 0 0 0 0 0 0 0 0 0 0 0 0 0 0 0 0 
0 0 0 0 0 0 0 0 0 0 0 187 187 187 187 187 187 187 187 187 187 187 188 188 188 188 188 188 188 188 188 188 188 189 189 189 189 189 189 189 189 189 190 190 190 190 190 190 190 190 190 190 190 191 191 191 191 191 191 191 191 191 191 191 192 192 192 192 192 192 192 192 192 192 192 193 193 193 193 193 193 193 193 193 193 193 194 194 194 194 194 194 194 195 195 195 195 195 195 195 195 195 195 195 196 196 196 196 196 196 196 196 196 196 196 197 197 197 197 197 197 197 197 197 197 197 197 197 198 198 198 198 198 198 198 198 198 198 198 198 198 199 199 199 199 199 199 199 199 199 199 199 199 199 200 200 200 200 200 200 200 200 200 200 200 200 200 200 200 201 201 201 201 201 201 201 201 201 201 201 201 201 201 201 201 201 201 202 202 202 202 202 202 202 202 202 202 202 202 202 202 203 203 203 203 203 203 203 203 203 203 203 203 203 203 203 203 203 203 203 203 204 204 204 204 204 204 204 204 204 204 204 204 204 204 0 0 0 0 0 0 0 0 0 0 0 0 0 0 0 0 0 0 0 0 0 0 0 0 0 0 0 0 0 0 0 0 0 0 0 0 0 0 0 0 0 0 0 0 0 0 0 0 0 0 0 0 0 0 0 0 0 0 0 0 0 0 0 0 0 0 0 0 0 0 0 0 0 0 0 0 0 0 0 0 0 0 0 0 0 0 0 0 0 0 0 0 0 0 0 0 0 0 0 0 0 0 0 0 0 0 0 0 0 0 0 0 0 0 0 0 0 0 0 0 0 0 0 0 0 0 0 0 0 0 0 0 0 0 0 0 0 0 0 0 0 0 0 0 0 0 0 0 0 0 0 0 0 0 0 0 0 0 0 0 0 0 0 0 0 0 0 0 0 0 0 0 0 0 0 0 0 0 0 0 0 0 0 0 0 0 0 0 0 0 0 0 0 0 0 0 0 0 0 0 0 0 0 0 0 0 0 0 0 0 0 0 0 0 0 0 0 0 0 0 0 0 0 0 0 0 0 0 0 0 0 0 0 0 0 0 0 0 0 0 0 0 0 0 0 0 0 0 0 0 0 0 0 0 0 0 0 0 0 0 0 0 0 0 0 0 0 0 
0 0 0 0 0 0 0 0 0 0 0 186 187 187 187 187 187 187 187 187 187 187 187 187 188 188 188 188 188 188 188 188 188 188 189 189 189 189 189 189 189 189 189 189 190 190 190 190 190 190 190 190 190 190 190 191 191 191 191 191 191 191 191 191 191 192 192 192 192 192 192 192 192 192 192 192 193 193 193 193 193 193 193 193 193 193 193 194 194 194 194 194 194 194 195 195 195 195 195 195 195 195 195 195 195 196 196 196 196 196 196 196 196 196 196 196 197 197 197 197 197 197 197 197 197 197 197 197 198 198 198 198 198 198 198 198 198 198 198 198 198 198 199 199 199 199 199 199 199 199 199 199 199 199 199 200 200 200 200 200 200 200 200 200 200 200 200 200 200 200 201 201 201 201 201 201 201 201 201 201 201 201 201 201 201 201 201 201 202 202 202 202 202 202 202 202 202 202 202 202 202 202 203 203 203 203 203 203 203 203 203 203 203 203 203 203 203 203 203 203 203 203 204 204 204 204 204 204 204 204 204 204 204 204 0 0 0 0 0 0 0 0 0 0 0 0 0 0 0 0 0 0 0 0 0 0 0 0 0 0 0 0 0 0 0 0 0 0 0 0 0 0 0 0 0 0 0 0 0 0 0 0 0 0 0 0 0 0 0 0 0 0 0 0 0 0 0 0 0 0 0 0 0 0 0 0 0 0 0 0 0 0 0 0 0 0 0 0 0 0 0 0 0 0 0 0 0 0 0 0 0 0 0 0 0 0 0 0 0 0 0 0 0 0 0 0 0 0 0 0 0 0 0 0 0 0 0 0 0 0 0 0 0 0 0 0 0 0 0 0 0 0 0 0 0 0 0 0 0 0 0 0 0 0 0 0 0 0 0 0 0 0 0 0 0 0 0 0 0 0 0 0 0 0 0 0 0 0 0 0 0 0 0 0 0 0 0 0 0 0 0 0 0 0 0 0 0 0 0 0 0 0 0 0 0 0 0 0 0 0 0 0 0 0 0 0 0 0 0 0 0 0 0 0 0 0 0 0 0 0 0 0 0 0 0 0 0 0 0 0 0 0 0 0 0 0 0 0 0 0 0 0 0 0 0 0 0 0 0 0 0 0 0 0 0 0 0 0 0 0 0 0 0 
0 0 0 0 0 0 0 0 0 0 0 186 186 187 187 187 187 187 187 187 187 187 187 187 187 188 188 188 188 188 188 188 188 188 188 188 189 189 189 189 189 189 189 189 189 190 190 190 190 190 190 190 190 190 190 190 191 191 191 191 191 191 191 191 191 191 192 192 192 192 192 192 192 192 192 192 192 193 193 193 193 193 193 193 193 193 193 193 193 194 194 194 194 194 194 195 195 195 195 195 195 195 195 195 195 196 196 196 196 196 196 196 196 196 196 196 196 197 197 197 197 197 197 197 197 197 197 197 197 198 198 198 198 198 198 198 198 198 198 198 198 198 199 199 199 199 199 199 199 199 199 199 199 199 199 200 200 200 200 200 200 200 200 200 200 200 200 200 200 200 200 201 201 201 201 201 201 201 201 201 201 201 201 201 201 201 201 201 201 202 202 202 202 202 202 202 202 202 202 202 202 202 203 203 203 203 203 203 203 203 203 203 203 203 203 203 203 203 203 203 203 203 203 204 204 204 204 204 204 204 204 204 204 204 0 0 0 0 0 0 0 0 0 0 0 0 0 0 0 0 0 0 0 0 0 0 0 0 0 0 0 0 0 0 0 0 0 0 0 0 0 0 0 0 0 0 0 0 0 0 0 0 0 0 0 0 0 0 0 0 0 0 0 0 0 0 0 0 0 0 0 0 0 0 0 0 0 0 0 0 0 0 0 0 0 0 0 0 0 0 0 0 0 0 0 0 0 0 0 0 0 0 0 0 0 0 0 0 0 0 0 0 0 0 0 0 0 0 0 0 0 0 0 0 0 0 0 0 0 0 0 0 0 0 0 0 0 0 0 0 0 0 0 0 0 0 0 0 0 0 0 0 0 0 0 0 0 0 0 0 0 0 0 0 0 0 0 0 0 0 0 0 0 0 0 0 0 0 0 0 0 0 0 0 0 0 0 0 0 0 0 0 0 0 0 0 0 0 0 0 0 0 0 0 0 0 0 0 0 0 0 0 0 0 0 0 0 0 0 0 0 0 0 0 0 0 0 0 0 0 0 0 0 0 0 0 0 0 0 0 0 0 0 0 0 0 0 0 0 0 0 0 0 0 0 0 0 0 0 0 0 0 0 0 0 0 0 0 0 0 0 0 0 
0 0 0 0 0 0 0 0 0 0 0 0 186 186 186 186 187 187 187 187 187 187 187 187 187 187 188 188 188 188 188 188 188 188 188 188 188 189 189 189 189 189 189 189 189 189 190 190 190 190 190 190 190 190 190 190 190 191 191 191 191 191 191 191 191 191 191 191 192 192 192 192 192 192 192 192 192 192 193 193 193 193 193 193 193 193 193 193 193 194 194 194 194 194 194 194 195 195 195 195 195 195 195 195 195 195 196 196 196 196 196 196 196 196 196 196 196 197 197 197 197 197 197 197 197 197 197 197 197 197 198 198 198 198 198 198 198 198 198 198 198 198 199 199 199 199 199 199 199 199 199 199 199 199 199 199 200 200 200 200 200 200 200 200 200 200 200 200 200 200 200 201 201 201 201 201 201 201 201 201 201 201 201 201 201 201 201 201 201 202 202 202 202 202 202 202 202 202 202 202 202 202 202 203 203 203 203 203 203 203 203 203 203 203 203 203 203 203 203 203 203 203 203 204 204 204 204 204 204 204 204 204 204 204 0 0 0 0 0 0 0 0 0 0 0 0 0 0 0 0 0 0 0 0 0 0 0 0 0 0 0 0 0 0 0 0 0 0 0 0 0 0 0 0 0 0 0 0 0 0 0 0 0 0 0 0 0 0 0 0 0 0 0 0 0 0 0 0 0 0 0 0 0 0 0 0 0 0 0 0 0 0 0 0 0 0 0 0 0 0 0 0 0 0 0 0 0 0 0 0 0 0 0 0 0 0 0 0 0 0 0 0 0 0 0 0 0 0 0 0 0 0 0 0 0 0 0 0 0 0 0 0 0 0 0 0 0 0 0 0 0 0 0 0 0 0 0 0 0 0 0 0 0 0 0 0 0 0 0 0 0 0 0 0 0 0 0 0 0 0 0 0 0 0 0 0 0 0 0 0 0 0 0 0 0 0 0 0 0 0 0 0 0 0 0 0 0 0 0 0 0 0 0 0 0 0 0 0 0 0 0 0 0 0 0 0 0 0 0 0 0 0 0 0 0 0 0 0 0 0 0 0 0 0 0 0 0 0 0 0 0 0 0 0 0 0 0 0 0 0 0 0 0 0 0 0 0 0 0 0 0 0 0 0 0 0 0 0 0 0 0 0 0 
0 0 0 0 0 0 0 0 0 0 186 186 186 186 186 186 186 187 187 187 187 187 187 187 187 187 187 187 188 188 188 188 188 188 188 188 188 188 188 189 189 189 189 189 189 189 189 190 190 190 190 190 190 190 190 190 190 190 191 191 191 191 191 191 191 191 191 191 191 192 192 192 192 192 192 192 192 192 192 193 193 193 193 193 193 193 193 193 193 194 194 194 194 194 194 194 195 195 195 195 195 195 195 195 195 195 195 196 196 196 196 196 196 196 196 196 196 196 197 197 197 197 197 197 197 197 197 197 197 197 197 198 198 198 198 198 198 198 198 198 198 198 199 199 199 199 199 199 199 199 199 199 199 199 199 199 199 200 200 200 200 200 200 200 200 200 200 200 200 200 200 200 201 201 201 201 201 201 201 201 201 201 201 201 201 201 201 201 201 201 202 202 202 202 202 202 202 202 202 202 202 202 202 203 203 203 203 203 203 203 203 203 203 203 203 203 203 203 203 203 203 203 203 204 204 204 204 204 204 204 204 204 204 204 204 0 0 0 0 0 0 0 0 0 0 0 0 0 0 0 0 0 0 0 0 0 0 0 0 0 0 0 0 0 0 0 0 0 0 0 0 0 0 0 0 0 0 0 0 0 0 0 0 0 0 0 0 0 0 0 0 0 0 0 0 0 0 0 0 0 0 0 0 0 0 0 0 0 0 0 0 0 0 0 0 0 0 0 0 0 0 0 0 0 0 0 0 0 0 0 0 0 0 0 0 0 0 0 0 0 0 0 0 0 0 0 0 0 0 0 0 0 0 0 0 0 0 0 0 0 0 0 0 0 0 0 0 0 0 0 0 0 0 0 0 0 0 0 0 0 0 0 0 0 0 0 0 0 0 0 0 0 0 0 0 0 0 0 0 0 0 0 0 0 0 0 0 0 0 0 0 0 0 0 0 0 0 0 0 0 0 0 0 0 0 0 0 0 0 0 0 0 0 0 0 0 0 0 0 0 0 0 0 0 0 0 0 0 0 0 0 0 0 0 0 0 0 0 0 0 0 0 0 0 0 0 0 0 0 0 0 0 0 0 0 0 0 0 0 0 0 0 0 0 0 0 0 0 0 0 0 0 0 0 0 0 0 0 0 0 0 0 0 
0 0 0 0 0 0 0 0 0 186 186 186 186 186 186 186 186 186 187 187 187 187 187 187 187 187 187 187 187 188 188 188 188 188 188 188 188 188 188 188 189 189 189 189 189 189 189 189 189 190 190 190 190 190 190 190 190 190 190 191 191 191 191 191 191 191 191 191 191 191 192 192 192 192 192 192 192 192 192 192 193 193 193 193 193 193 193 193 193 193 194 194 194 194 194 194 194 195 195 195 195 195 195 195 195 195 195 196 196 196 196 196 196 196 196 196 196 196 196 197 197 197 197 197 197 197 197 197 197 197 197 198 198 198 198 198 198 198 198 198 198 198 199 199 199 199 199 199 199 199 199 199 199 199 199 199 199 200 200 200 200 200 200 200 200 200 200 200 200 200 200 200 200 201 201 201 201 201 201 201 201 201 201 201 201 201 201 201 201 201 202 202 202 202 202 202 202 202 202 202 202 202 202 202 203 203 203 203 203 203 203 203 203 203 203 203 203 203 203 203 203 203 203 203 204 204 204 204 204 204 204 204 204 204 204 204 204 204 0 0 0 0 0 0 0 0 0 0 0 0 0 0 0 0 0 0 0 0 0 0 0 0 0 0 0 0 0 0 0 0 0 0 0 0 0 0 0 0 0 0 0 0 0 0 0 0 0 0 0 0 0 0 0 0 0 0 0 0 0 0 0 0 0 0 0 0 0 0 0 0 0 0 0 0 0 0 0 0 0 0 0 0 0 0 0 0 0 0 0 0 0 0 0 0 0 0 0 0 0 0 0 0 0 0 0 0 0 0 0 0 0 0 0 0 0 0 0 0 0 0 0 0 0 0 0 0 0 0 0 0 0 0 0 0 0 0 0 0 0 0 0 0 0 0 0 0 0 0 0 0 0 0 0 0 0 0 0 0 0 0 0 0 0 0 0 0 0 0 0 0 0 0 0 0 0 0 0 0 0 0 0 0 0 0 0 0 0 0 0 0 0 0 0 0 0 0 0 0 0 0 0 0 0 0 0 0 0 0 0 0 0 0 0 0 0 0 0 0 0 0 0 0 0 0 0 0 0 0 0 0 0 0 0 0 0 0 0 0 0 0 0 0 0 0 0 0 0 0 0 0 0 0 0 0 0 0 0 0 0 0 0 0 0 
0 0 0 0 0 0 0 0 0 186 186 186 186 186 186 186 186 186 186 186 187 187 187 187 187 187 187 187 187 187 187 188 188 188 188 188 188 188 188 188 188 188 189 189 189 189 189 189 189 189 190 190 190 190 190 190 190 190 190 190 190 191 191 191 191 191 191 191 191 191 191 192 192 192 192 192 192 192 192 192 192 193 193 193 193 193 193 193 193 193 193 194 194 194 194 194 194 194 195 195 195 195 195 195 195 195 195 195 195 196 196 196 196 196 196 196 196 196 196 197 197 197 197 197 197 197 197 197 197 197 197 197 198 198 198 198 198 198 198 198 198 198 198 199 199 199 199 199 199 199 199 199 199 199 199 199 199 199 200 200 200 200 200 200 200 200 200 200 200 200 200 200 200 200 201 201 201 201 201 201 201 201 201 201 201 201 201 201 201 201 201 202 202 202 202 202 202 202 202 202 202 202 202 202 203 203 203 203 203 203 203 203 203 203 203 203 203 203 203 203 203 203 203 203 204 204 204 204 204 204 204 204 204 204 204 204 204 204 204 0 0 0 0 0 0 0 0 0 0 0 0 0 0 0 0 0 0 0 0 0 0 0 0 0 0 0 0 0 0 0 0 0 0 0 0 0 0 0 0 0 0 0 0 0 0 0 0 0 0 0 0 0 0 0 0 0 0 0 0 0 0 0 0 0 0 0 0 0 0 0 0 0 0 0 0 0 0 0 0 0 0 0 0 0 0 0 0 0 0 0 0 0 0 0 0 0 0 0 0 0 0 0 0 0 0 0 0 0 0 0 0 0 0 0 0 0 0 0 0 0 0 0 0 0 0 0 0 0 0 0 0 0 0 0 0 0 0 0 0 0 0 0 0 0 0 0 0 0 0 0 0 0 0 0 0 0 0 0 0 0 0 0 0 0 0 0 0 0 0 0 0 0 0 0 0 0 0 0 0 0 0 0 0 0 0 0 0 0 0 0 0 0 0 0 0 0 0 0 0 0 0 0 0 0 0 0 0 0 0 0 0 0 0 0 0 0 0 0 0 0 0 0 0 0 0 0 0 0 0 0 0 0 0 0 0 0 0 0 0 0 0 0 0 0 0 0 0 0 0 0 0 0 0 0 0 0 0 0 0 0 0 0 0 
0 0 0 0 0 0 0 0 0 185 186 186 186 186 186 186 186 186 186 186 186 186 187 187 187 187 187 187 187 187 187 187 187 188 188 188 188 188 188 188 188 188 189 189 189 189 189 189 189 189 189 190 190 190 190 190 190 190 190 190 190 190 191 191 191 191 191 191 191 191 191 191 192 192 192 192 192 192 192 192 192 192 193 193 193 193 193 193 193 193 193 193 194 194 194 194 194 194 195 195 195 195 195 195 195 195 195 195 195 195 196 196 196 196 196 196 196 196 196 196 197 197 197 197 197 197 197 197 197 197 197 197 197 198 198 198 198 198 198 198 198 198 198 198 198 199 199 199 199 199 199 199 199 199 199 199 199 199 199 200 200 200 200 200 200 200 200 200 200 200 200 200 200 200 201 201 201 201 201 201 201 201 201 201 201 201 201 201 201 201 201 201 202 202 202 202 202 202 202 202 202 202 202 202 202 203 203 203 203 203 203 203 203 203 203 203 203 203 203 203 203 203 203 203 203 204 204 204 204 204 204 204 204 204 204 204 204 204 204 204 0 0 0 0 0 0 0 0 0 0 0 0 0 0 0 0 0 0 0 0 0 0 0 0 0 0 0 0 0 0 0 0 0 0 0 0 0 0 0 0 0 0 0 0 0 0 0 0 0 0 0 0 0 0 0 0 0 0 0 0 0 0 0 0 0 0 0 0 0 0 0 0 0 0 0 0 0 0 0 0 0 0 0 0 0 0 0 0 0 0 0 0 0 0 0 0 0 0 0 0 0 0 0 0 0 0 0 0 0 0 0 0 0 0 0 0 0 0 0 0 0 0 0 0 0 0 0 0 0 0 0 0 0 0 0 0 0 0 0 0 0 0 0 0 0 0 0 0 0 0 0 0 0 0 0 0 0 0 0 0 0 0 0 0 0 0 0 0 0 0 0 0 0 0 0 0 0 0 0 0 0 0 0 0 0 0 0 0 0 0 0 0 0 0 0 0 0 0 0 0 0 0 0 0 0 0 0 0 0 0 0 0 0 0 0 0 0 0 0 0 0 0 0 0 0 0 0 0 0 0 0 0 0 0 0 0 0 0 0 0 0 0 0 0 0 0 0 0 0 0 0 0 0 0 0 0 0 0 0 0 0 0 0 
0 0 0 0 0 0 0 0 0 0 0 0 186 186 186 186 186 186 186 186 186 186 186 0 0 187 187 187 187 187 187 187 187 187 188 188 188 188 188 188 188 188 189 189 189 189 189 189 189 189 189 189 189 190 190 190 190 190 190 190 190 190 190 191 191 191 191 191 191 191 191 191 191 192 192 192 192 192 192 192 192 192 192 193 193 193 193 193 193 193 193 193 194 194 194 194 194 194 194 195 195 195 195 195 195 195 195 195 195 195 196 196 196 196 196 196 196 196 196 196 196 197 197 197 197 197 197 197 197 197 197 197 197 198 198 198 198 198 198 198 198 198 198 198 198 198 199 199 199 199 199 199 199 199 199 199 199 199 199 199 200 200 200 200 200 200 200 200 200 200 200 200 200 200 200 201 201 201 201 201 201 201 201 201 201 201 201 201 201 201 201 201 202 202 202 202 202 202 202 202 202 202 202 202 202 203 203 203 203 203 203 203 203 203 203 203 203 203 203 203 203 203 203 203 203 204 204 204 204 204 204 204 204 204 204 204 204 204 204 204 204 0 0 0 0 0 0 0 0 0 0 0 0 0 0 0 0 0 0 0 0 0 0 0 0 0 0 0 0 0 0 0 0 0 0 0 0 0 0 0 0 0 0 0 0 0 0 0 0 0 0 0 0 0 0 0 0 0 0 0 0 0 0 0 0 0 0 0 0 0 0 0 0 0 0 0 0 0 0 0 0 0 0 0 0 0 0 0 0 0 0 0 0 0 0 0 0 0 0 0 0 0 0 0 0 0 0 0 0 0 0 0 0 0 0 0 0 0 0 0 0 0 0 0 0 0 0 0 0 0 0 0 0 0 0 0 0 0 0 0 0 0 0 0 0 0 0 0 0 0 0 0 0 0 0 0 0 0 0 0 0 0 0 0 0 0 0 0 0 0 0 0 0 0 0 0 0 0 0 0 0 0 0 0 0 0 0 0 0 0 0 0 0 0 0 0 0 0 0 0 0 0 0 0 0 0 0 0 0 0 0 0 0 0 0 0 0 0 0 0 0 0 0 0 0 0 0 0 0 0 0 0 0 0 0 0 0 0 0 0 0 0 0 0 0 0 0 0 0 0 0 0 0 0 0 0 0 0 0 0 0 0 0 
0 0 0 0 0 0 0 0 0 0 0 0 0 185 186 186 186 186 186 186 186 186 0 0 0 0 186 187 187 187 187 187 187 187 187 187 188 188 188 188 188 188 188 189 189 189 189 189 189 189 189 189 189 189 190 190 190 190 190 190 190 190 190 190 191 191 191 191 191 191 191 191 191 191 192 192 192 192 192 192 192 192 192 192 193 193 193 193 193 193 193 193 194 194 194 194 194 194 194 194 195 195 195 195 195 195 195 195 195 195 195 196 196 196 196 196 196 196 196 196 196 196 197 197 197 197 197 197 197 197 197 197 197 197 198 198 198 198 198 198 198 198 198 198 198 198 199 199 199 199 199 199 199 199 199 199 199 199 199 199 199 200 200 200 200 200 200 200 200 200 200 200 200 200 200 200 201 201 201 201 201 201 201 201 201 201 201 201 201 201 201 201 202 202 202 202 202 202 202 202 202 202 202 202 202 202 203 203 203 203 203 203 203 203 203 203 203 203 203 203 203 203 203 203 203 204 204 204 204 204 204 204 204 204 204 204 204 204 204 204 204 0 0 0 0 0 0 0 0 0 0 0 0 0 0 0 0 0 0 0 0 0 0 0 0 0 0 0 0 0 0 0 0 0 0 0 0 0 0 0 0 0 0 0 0 0 0 0 0 0 0 0 0 0 0 0 0 0 0 0 0 0 0 0 0 0 0 0 0 0 0 0 0 0 0 0 0 0 0 0 0 0 0 0 0 0 0 0 0 0 0 0 0 0 0 0 0 0 0 0 0 0 0 0 0 0 0 0 0 0 0 0 0 0 0 0 0 0 0 0 0 0 0 0 0 0 0 0 0 0 0 0 0 0 0 0 0 0 0 0 0 0 0 0 0 0 0 0 0 0 0 0 0 0 0 0 0 0 0 0 0 0 0 0 0 0 0 0 0 0 0 0 0 0 0 0 0 0 0 0 0 0 0 0 0 0 0 0 0 0 0 0 0 0 0 0 0 0 0 0 0 0 0 0 0 0 0 0 0 0 0 0 0 0 0 0 0 0 0 0 0 0 0 0 0 0 0 0 0 0 0 0 0 0 0 0 0 0 0 0 0 0 0 0 0 0 0 0 0 0 0 0 0 0 0 0 0 0 0 0 0 0 0 
0 0 0 0 0 0 0 0 0 0 0 0 0 0 0 185 185 185 185 185 0 0 0 0 0 0 186 186 186 186 187 187 187 187 187 187 187 188 188 188 188 188 188 188 188 189 189 189 189 189 189 189 189 189 189 190 190 190 190 190 190 190 190 190 190 191 191 191 191 191 191 191 191 191 191 192 192 192 192 192 192 192 192 192 192 193 193 193 193 193 193 193 194 194 194 194 194 194 194 194 194 195 195 195 195 195 195 195 195 195 195 196 196 196 196 196 196 196 196 196 196 196 196 197 197 197 197 197 197 197 197 197 197 197 197 198 198 198 198 198 198 198 198 198 198 198 198 199 199 199 199 199 199 199 199 199 199 199 199 199 199 200 200 200 200 200 200 200 200 200 200 200 200 200 200 200 200 201 201 201 201 201 201 201 201 201 201 201 201 201 201 201 202 202 202 202 202 202 202 202 202 202 202 202 202 202 202 203 203 203 203 203 203 203 203 203 203 203 203 203 203 203 203 203 203 203 204 204 204 204 204 204 204 204 204 204 204 204 204 204 204 204 0 0 0 0 0 0 0 0 0 0 0 0 0 0 0 0 0 0 0 0 0 0 0 0 0 0 0 0 0 0 0 0 0 0 0 0 0 0 0 0 0 0 0 0 0 0 0 0 0 0 0 0 0 0 0 0 0 0 0 0 0 0 0 0 0 0 0 0 0 0 0 0 0 0 0 0 0 0 0 0 0 0 0 0 0 0 0 0 0 0 0 0 0 0 0 0 0 0 0 0 0 0 0 0 0 0 0 0 0 0 0 0 0 0 0 0 0 0 0 0 0 0 0 0 0 0 0 0 0 0 0 0 0 0 0 0 0 0 0 0 0 0 0 0 0 0 0 0 0 0 0 0 0 0 0 0 0 0 0 0 0 0 0 0 0 0 0 0 0 0 0 0 0 0 0 0 0 0 0 0 0 0 0 0 0 0 0 0 0 0 0 0 0 0 0 0 0 0 0 0 0 0 0 0 0 0 0 0 0 0 0 0 0 0 0 0 0 0 0 0 0 0 0 0 0 0 0 0 0 0 0 0 0 0 0 0 0 0 0 0 0 0 0 0 0 0 0 0 0 0 0 0 0 0 0 0 0 0 0 0 0 
0 0 0 0 0 0 0 0 0 0 0 0 0 0 0 0 0 0 0 0 0 0 0 0 0 0 0 0 0 0 0 187 187 187 187 187 187 187 187 188 188 188 188 188 188 188 188 189 189 189 189 189 189 189 189 189 189 190 190 190 190 190 190 190 190 190 191 191 191 191 191 191 191 191 191 191 192 192 192 192 192 192 192 192 192 192 193 193 193 193 193 193 194 194 194 194 194 194 194 194 194 194 195 195 195 195 195 195 195 195 195 195 196 196 196 196 196 196 196 196 196 196 196 197 197 197 197 197 197 197 197 197 197 197 197 197 198 198 198 198 198 198 198 198 198 198 198 198 199 199 199 199 199 199 199 199 199 199 199 199 199 199 200 200 200 200 200 200 200 200 200 200 200 200 200 200 200 200 201 201 201 201 201 201 201 201 201 201 201 201 201 201 202 202 202 202 202 202 202 202 202 202 202 202 202 202 202 203 203 203 203 203 203 203 203 203 203 203 203 203 203 203 203 203 203 203 204 204 204 204 204 204 204 204 204 204 204 204 204 204 204 0 0 0 0 0 0 0 0 0 0 0 0 0 0 0 0 0 0 0 0 0 0 0 0 0 0 0 0 0 0 0 0 0 0 0 0 0 0 0 0 0 0 0 0 0 0 0 0 0 0 0 0 0 0 0 0 0 0 0 0 0 0 0 0 0 0 0 0 0 0 0 0 0 0 0 0 0 0 0 0 0 0 0 0 0 0 0 0 0 0 0 0 0 0 0 0 0 0 0 0 0 0 0 0 0 0 0 0 0 0 0 0 0 0 0 0 0 0 0 0 0 0 0 0 0 0 0 0 0 0 0 0 0 0 0 0 0 0 0 0 0 0 0 0 0 0 0 0 0 0 0 0 0 0 0 0 0 0 0 0 0 0 0 0 0 0 0 0 0 0 0 0 0 0 0 0 0 0 0 0 0 0 0 0 0 0 0 0 0 0 0 0 0 0 0 0 0 0 0 0 0 0 0 0 0 0 0 0 0 0 0 0 0 0 0 0 0 0 0 0 0 0 0 0 0 0 0 0 0 0 0 0 0 0 0 0 0 0 0 0 0 0 0 0 0 0 0 0 0 0 0 0 0 0 0 0 0 0 0 0 0 0 
0 0 0 0 0 0 0 0 0 0 0 0 0 0 0 0 0 0 0 0 0 0 0 0 0 0 0 0 0 0 0 0 0 187 187 187 187 187 187 187 188 188 188 188 188 188 188 188 189 189 189 189 189 189 189 189 189 189 190 190 190 190 190 190 190 190 190 190 191 191 191 191 191 191 191 191 191 192 192 192 192 192 192 192 192 192 192 193 193 193 193 193 193 194 194 194 194 194 194 194 194 194 194 195 195 195 195 195 195 195 195 195 195 196 196 196 196 196 196 196 196 196 196 196 197 197 197 197 197 197 197 197 197 197 197 197 198 198 198 198 198 198 198 198 198 198 198 198 199 199 199 199 199 199 199 199 199 199 199 199 199 199 199 200 200 200 200 200 200 200 200 200 200 200 200 200 200 200 201 201 201 201 201 201 201 201 201 201 201 201 201 201 202 202 202 202 202 202 202 202 202 202 202 202 202 202 202 202 203 203 203 203 203 203 203 203 203 203 203 203 203 203 203 203 203 203 203 204 204 204 204 204 204 204 204 204 204 204 204 204 0 0 0 0 0 0 0 0 0 0 0 0 0 0 0 0 0 0 0 0 0 0 0 0 0 0 0 0 0 0 0 0 0 0 0 0 0 0 0 0 0 0 0 0 0 0 0 0 0 0 0 0 0 0 0 0 0 0 0 0 0 0 0 0 0 0 0 0 0 0 0 0 0 0 0 0 0 0 0 0 0 0 0 0 0 0 0 0 0 0 0 0 0 0 0 0 0 0 0 0 0 0 0 0 0 0 0 0 0 0 0 0 0 0 0 0 0 0 0 0 0 0 0 0 0 0 0 0 0 0 0 0 0 0 0 0 0 0 0 0 0 0 0 0 0 0 0 0 0 0 0 0 0 0 0 0 0 0 0 0 0 0 0 0 0 0 0 0 0 0 0 0 0 0 0 0 0 0 0 0 0 0 0 0 0 0 0 0 0 0 0 0 0 0 0 0 0 0 0 0 0 0 0 0 0 0 0 0 0 0 0 0 0 0 0 0 0 0 0 0 0 0 0 0 0 0 0 0 0 0 0 0 0 0 0 0 0 0 0 0 0 0 0 0 0 0 0 0 0 0 0 0 0 0 0 0 0 0 0 0 0 0 0 
0 0 0 0 0 0 0 0 0 0 0 0 0 0 0 0 0 0 0 0 0 0 0 0 0 0 0 0 0 0 0 0 0 0 187 187 187 187 187 187 187 187 188 188 188 188 188 188 188 189 189 189 189 189 189 189 189 189 189 190 190 190 190 190 190 190 190 190 190 191 191 191 191 191 191 191 191 191 192 192 192 192 192 192 192 192 192 192 193 193 193 193 193 193 194 194 194 194 194 194 194 194 194 194 195 195 195 195 195 195 195 195 195 195 196 196 196 196 196 196 196 196 196 196 197 197 197 197 197 197 197 197 197 197 197 197 197 198 198 198 198 198 198 198 198 198 198 198 198 199 199 199 199 199 199 199 199 199 199 199 199 199 199 199 200 200 200 200 200 200 200 200 200 200 200 200 200 200 200 201 201 201 201 201 201 201 201 201 201 201 201 201 202 202 202 202 202 202 202 202 202 202 202 202 202 202 202 202 203 203 203 203 203 203 203 203 203 203 203 203 203 203 203 203 203 203 203 204 204 204 204 204 204 204 204 204 204 204 0 0 0 0 0 0 0 0 0 0 0 0 0 0 0 0 0 0 0 0 0 0 0 0 0 0 0 0 0 0 0 0 0 0 0 0 0 0 0 0 0 0 0 0 0 0 0 0 0 0 0 0 0 0 0 0 0 0 0 0 0 0 0 0 0 0 0 0 0 0 0 0 0 0 0 0 0 0 0 0 0 0 0 0 0 0 0 0 0 0 0 0 0 0 0 0 0 0 0 0 0 0 0 0 0 0 0 0 0 0 0 0 0 0 0 0 0 0 0 0 0 0 0 0 0 0 0 0 0 0 0 0 0 0 0 0 0 0 0 0 0 0 0 0 0 0 0 0 0 0 0 0 0 0 0 0 0 0 0 0 0 0 0 0 0 0 0 0 0 0 0 0 0 0 0 0 0 0 0 0 0 0 0 0 0 0 0 0 0 0 0 0 0 0 0 0 0 0 0 0 0 0 0 0 0 0 0 0 0 0 0 0 0 0 0 0 0 0 0 0 0 0 0 0 0 0 0 0 0 0 0 0 0 0 0 0 0 0 0 0 0 0 0 0 0 0 0 0 0 0 0 0 0 0 0 0 0 0 0 0 0 0 0 0 0 
0 0 0 0 0 0 0 0 0 0 0 0 0 0 0 0 0 0 0 0 0 0 0 0 0 0 0 0 0 0 0 0 0 0 187 187 187 187 187 187 187 187 188 188 188 188 188 188 188 188 189 189 189 189 189 189 189 189 189 189 190 190 190 190 190 190 190 190 190 190 191 191 191 191 191 191 191 191 191 192 192 192 192 192 192 192 192 192 192 193 193 193 193 193 193 194 194 194 194 194 194 194 194 194 195 195 195 195 195 195 195 195 195 195 195 196 196 196 196 196 196 196 196 196 196 197 197 197 197 197 197 197 197 197 197 197 197 197 198 198 198 198 198 198 198 198 198 198 198 198 199 199 199 199 199 199 199 199 199 199 199 199 199 199 200 200 200 200 200 200 200 200 200 200 200 200 200 200 200 200 201 201 201 201 201 201 201 201 201 201 201 201 202 202 202 202 202 202 202 202 202 202 202 202 202 202 202 202 202 203 203 203 203 203 203 203 203 203 203 203 203 203 203 203 203 203 203 203 204 204 204 204 204 204 204 204 0 0 0 0 0 0 0 0 0 0 0 0 0 0 0 0 0 0 0 0 0 0 0 0 0 0 0 0 0 0 0 0 0 0 0 0 0 0 0 0 0 0 0 0 0 0 0 0 0 0 0 0 0 0 0 0 0 0 0 0 0 0 0 0 0 0 0 0 0 0 0 0 0 0 0 0 0 0 0 0 0 0 0 0 0 0 0 0 0 0 0 0 0 0 0 0 0 0 0 0 0 0 0 0 0 0 0 0 0 0 0 0 0 0 0 0 0 0 0 0 0 0 0 0 0 0 0 0 0 0 0 0 0 0 0 0 0 0 0 0 0 0 0 0 0 0 0 0 0 0 0 0 0 0 0 0 0 0 0 0 0 0 0 0 0 0 0 0 0 0 0 0 0 0 0 0 0 0 0 0 0 0 0 0 0 0 0 0 0 0 0 0 0 0 0 0 0 0 0 0 0 0 0 0 0 0 0 0 0 0 0 0 0 0 0 0 0 0 0 0 0 0 0 0 0 0 0 0 0 0 0 0 0 0 0 0 0 0 0 0 0 0 0 0 0 0 0 0 0 0 0 0 0 0 0 0 0 0 0 0 0 0 0 0 0 0 0 
0 0 0 0 0 0 0 0 0 0 0 0 0 0 0 0 0 0 0 0 0 0 0 0 0 0 0 0 0 0 0 0 0 0 186 187 187 187 187 187 187 187 188 188 188 188 188 188 188 188 188 188 189 189 189 189 189 189 189 189 189 190 190 190 190 190 190 190 190 190 190 191 191 191 191 191 191 191 191 191 192 192 192 192 192 192 192 192 192 192 193 193 193 193 193 194 194 194 194 194 194 194 194 194 194 195 195 195 195 195 195 195 195 195 195 196 196 196 196 196 196 196 196 196 196 196 197 197 197 197 197 197 197 197 197 197 197 197 197 198 198 198 198 198 198 198 198 198 198 198 198 199 199 199 199 199 199 199 199 199 199 199 199 199 199 200 200 200 200 200 200 200 200 200 200 200 200 200 200 200 200 201 201 201 201 201 201 201 201 201 201 201 201 202 202 202 202 202 202 202 202 202 202 202 202 202 202 202 202 202 203 203 203 203 203 203 203 203 203 203 203 203 203 203 203 203 203 203 204 204 204 204 204 204 204 0 0 0 0 0 0 0 0 0 0 0 0 0 0 0 0 0 0 0 0 0 0 0 0 0 0 0 0 0 0 0 0 0 0 0 0 0 0 0 0 0 0 0 0 0 0 0 0 0 0 0 0 0 0 0 0 0 0 0 0 0 0 0 0 0 0 0 0 0 0 0 0 0 0 0 0 0 0 0 0 0 0 0 0 0 0 0 0 0 0 0 0 0 0 0 0 0 0 0 0 0 0 0 0 0 0 0 0 0 0 0 0 0 0 0 0 0 0 0 0 0 0 0 0 0 0 0 0 0 0 0 0 0 0 0 0 0 0 0 0 0 0 0 0 0 0 0 0 0 0 0 0 0 0 0 0 0 0 0 0 0 0 0 0 0 0 0 0 0 0 0 0 0 0 0 0 0 0 0 0 0 0 0 0 0 0 0 0 0 0 0 0 0 0 0 0 0 0 0 0 0 0 0 0 0 0 0 0 0 0 0 0 0 0 0 0 0 0 0 0 0 0 0 0 0 0 0 0 0 0 0 0 0 0 0 0 0 0 0 0 0 0 0 0 0 0 0 0 0 0 0 0 0 0 0 0 0 0 0 0 0 0 0 0 0 0 0 0 
0 0 0 0 0 0 0 0 0 0 0 0 0 0 0 0 0 0 0 0 0 185 185 185 185 185 0 0 0 0 0 186 186 186 186 186 186 187 187 187 187 187 187 188 188 188 188 188 188 188 188 188 188 189 189 189 189 189 189 189 189 189 189 190 190 190 190 190 190 190 190 190 191 191 191 191 191 191 191 191 191 192 192 192 192 192 192 192 192 192 192 193 193 193 193 193 194 194 194 194 194 194 194 194 194 194 195 195 195 195 195 195 195 195 195 195 196 196 196 196 196 196 196 196 196 196 196 197 197 197 197 197 197 197 197 197 197 197 197 197 198 198 198 198 198 198 198 198 198 198 198 198 199 199 199 199 199 199 199 199 199 199 199 199 199 199 200 200 200 200 200 200 200 200 200 200 200 200 200 200 200 201 201 201 201 201 201 201 201 201 201 201 201 202 202 202 202 202 202 202 202 202 202 202 202 202 202 202 202 202 203 203 203 203 203 203 203 203 203 203 203 203 203 203 203 203 203 203 203 204 204 204 204 204 204 0 0 0 0 0 0 0 0 0 0 0 0 0 0 0 0 0 0 0 0 0 0 0 0 0 0 0 0 0 0 0 0 0 0 0 0 0 0 0 0 0 0 0 0 0 0 0 0 0 0 0 0 0 0 0 0 0 0 0 0 0 0 0 0 0 0 0 0 0 0 0 0 0 0 0 0 0 0 0 0 0 0 0 0 0 0 0 0 0 0 0 0 0 0 0 0 0 0 0 0 0 0 0 0 0 0 0 0 0 0 0 0 0 0 0 0 0 0 0 0 0 0 0 0 0 0 0 0 0 0 0 0 0 0 0 0 0 0 0 0 0 0 0 0 0 0 0 0 0 0 0 0 0 0 0 0 0 0 0 0 0 0 0 0 0 0 0 0 0 0 0 0 0 0 0 0 0 0 0 0 0 0 0 0 0 0 0 0 0 0 0 0 0 0 0 0 0 0 0 0 0 0 0 0 0 0 0 0 0 0 0 0 0 0 0 0 0 0 0 0 0 0 0 0 0 0 0 0 0 0 0 0 0 0 0 0 0 0 0 0 0 0 0 0 0 0 0 0 0 0 0 0 0 0 0 0 0 0 0 0 0 0 0 0 0 0 0 0 
0 0 0 0 0 0 0 0 0 0 0 0 0 0 0 0 0 0 0 0 0 185 185 185 185 185 185 185 186 186 186 186 186 186 186 186 186 186 187 187 187 187 187 187 187 188 188 188 188 188 188 188 188 188 189 189 189 189 189 189 189 189 189 189 190 190 190 190 190 190 190 190 190 191 191 191 191 191 191 191 191 191 191 192 192 192 192 192 192 192 192 192 193 193 193 193 193 194 194 194 194 194 194 194 194 194 194 195 195 195 195 195 195 195 195 195 195 196 196 196 196 196 196 196 196 196 196 196 197 197 197 197 197 197 197 197 197 197 197 197 198 198 198 198 198 198 198 198 198 198 198 198 198 199 199 199 199 199 199 199 199 199 199 199 199 199 199 200 200 200 200 200 200 200 200 200 200 200 200 200 200 200 201 201 201 201 201 201 201 201 201 201 201 201 202 202 202 202 202 202 202 202 202 202 202 202 202 202 202 202 202 203 203 203 203 203 203 203 203 203 203 203 203 203 203 203 203 203 203 204 204 204 204 204 204 204 204 204 204 204 204 204 0 0 0 0 0 0 0 0 0 0 0 0 0 0 0 0 0 0 0 0 0 0 0 0 0 0 0 0 0 0 0 0 0 0 0 0 0 0 0 0 0 0 0 0 0 0 0 0 0 0 0 0 0 0 0 0 0 0 0 0 0 0 0 0 0 0 0 0 0 0 0 0 0 0 0 0 0 0 0 0 0 0 0 0 0 0 0 0 0 0 0 0 0 0 0 0 0 0 0 0 0 0 0 0 0 0 0 0 0 0 0 0 0 0 0 0 0 0 0 0 0 0 0 0 0 0 0 0 0 0 0 0 0 0 0 0 0 0 0 0 0 0 0 0 0 0 0 0 0 0 0 0 0 0 0 0 0 0 0 0 0 0 0 0 0 0 0 0 0 0 0 0 0 0 0 0 0 0 0 0 0 0 0 0 0 0 0 0 0 0 0 0 0 0 0 0 0 0 0 0 0 0 0 0 0 0 0 0 0 0 0 0 0 0 0 0 0 0 0 0 0 0 0 0 0 0 0 0 0 0 0 0 0 0 0 0 0 0 0 0 0 0 0 0 0 0 0 0 0 0 0 0 0 0 0 0 0 0 0 0 0 
0 0 0 0 0 0 0 0 0 0 0 0 0 0 0 0 0 0 0 0 0 185 185 185 185 185 185 185 185 185 186 186 186 186 186 186 186 186 186 186 187 187 187 187 187 187 188 188 188 188 188 188 188 188 188 188 189 189 189 189 189 189 189 189 189 190 190 190 190 190 190 190 190 190 191 191 191 191 191 191 191 191 191 191 192 192 192 192 192 192 192 192 193 193 193 193 193 193 194 194 194 194 194 194 194 194 194 194 195 195 195 195 195 195 195 195 195 196 196 196 196 196 196 196 196 196 196 196 197 197 197 197 197 197 197 197 197 197 197 197 197 198 198 198 198 198 198 198 198 198 198 198 198 198 199 199 199 199 199 199 199 199 199 199 199 199 199 199 200 200 200 200 200 200 200 200 200 200 200 200 200 200 200 201 201 201 201 201 201 201 201 201 201 201 201 202 202 202 202 202 202 202 202 202 202 202 202 202 202 202 202 202 203 203 203 203 203 203 203 203 203 203 203 203 203 203 203 203 203 203 204 204 204 204 204 204 204 204 204 204 204 204 205 205 0 0 0 0 0 0 0 0 0 0 0 0 0 0 0 0 0 0 0 0 0 0 0 0 0 0 0 0 0 0 0 0 0 0 0 0 0 0 0 0 0 0 0 0 0 0 0 0 0 0 0 0 0 0 0 0 0 0 0 0 0 0 0 0 0 0 0 0 0 0 0 0 0 0 0 0 0 0 0 0 0 0 0 0 0 0 0 0 0 0 0 0 0 0 0 0 0 0 0 0 0 0 0 0 0 0 0 0 0 0 0 0 0 0 0 0 0 0 0 0 0 0 0 0 0 0 0 0 0 0 0 0 0 0 0 0 0 0 0 0 0 0 0 0 0 0 0 0 0 0 0 0 0 0 0 0 0 0 0 0 0 0 0 0 0 0 0 0 0 0 0 0 0 0 0 0 0 0 0 0 0 0 0 0 0 0 0 0 0 0 0 0 0 0 0 0 0 0 0 0 0 0 0 0 0 0 0 0 0 0 0 0 0 0 0 0 0 0 0 0 0 0 0 0 0 0 0 0 0 0 0 0 0 0 0 0 0 0 0 0 0 0 0 0 0 0 0 0 0 0 0 0 0 0 0 0 0 0 0 
0 0 0 0 0 0 0 0 0 0 0 0 0 0 0 0 0 0 0 0 0 184 185 185 185 185 185 185 185 185 185 186 186 186 186 186 186 186 186 186 186 187 187 187 187 187 187 188 188 188 188 188 188 188 188 188 188 189 189 189 189 189 189 189 189 189 190 190 190 190 190 190 190 190 190 190 191 191 191 191 191 191 191 191 191 192 192 192 192 192 192 192 193 193 193 193 193 193 193 194 194 194 194 194 194 194 194 194 195 195 195 195 195 195 195 195 195 195 196 196 196 196 196 196 196 196 196 196 196 197 197 197 197 197 197 197 197 197 197 197 197 197 198 198 198 198 198 198 198 198 198 198 198 198 199 199 199 199 199 199 199 199 199 199 199 199 199 199 200 200 200 200 200 200 200 200 200 200 200 200 200 200 200 200 201 201 201 201 201 201 201 201 201 201 201 202 202 202 202 202 202 202 202 202 202 202 202 202 202 202 202 202 203 203 203 203 203 203 203 203 203 203 203 203 203 203 203 203 203 203 204 204 204 204 204 204 204 204 204 204 204 204 205 205 205 205 0 0 0 0 0 0 0 0 0 0 0 0 0 0 0 0 0 0 0 0 0 0 0 0 0 0 0 0 0 0 0 0 0 0 0 0 0 0 0 0 0 0 0 0 0 0 0 0 0 0 0 0 0 0 0 0 0 0 0 0 0 0 0 0 0 0 0 0 0 0 0 0 0 0 0 0 0 0 0 0 0 0 0 0 0 0 0 0 0 0 0 0 0 0 0 0 0 0 0 0 0 0 0 0 0 0 0 0 0 0 0 0 0 0 0 0 0 0 0 0 0 0 0 0 0 0 0 0 0 0 0 0 0 0 0 0 0 0 0 0 0 0 0 0 0 0 0 0 0 0 0 0 0 0 0 0 0 0 0 0 0 0 0 0 0 0 0 0 0 0 0 0 0 0 0 0 0 0 0 0 0 0 0 0 0 0 0 0 0 0 0 0 0 0 0 0 0 0 0 0 0 0 0 0 0 0 0 0 0 0 0 0 0 0 0 0 0 0 0 0 0 0 0 0 0 0 0 0 0 0 0 0 0 0 0 0 0 0 0 0 0 0 0 0 0 0 0 0 0 0 0 0 0 0 0 0 0 
0 0 0 0 0 0 0 0 0 0 0 0 0 0 0 0 0 0 0 0 184 184 184 185 185 185 185 185 185 185 185 185 185 186 186 186 186 186 186 186 186 186 187 187 187 187 187 187 187 188 188 188 188 188 188 188 188 188 189 189 189 189 189 189 189 189 189 189 190 190 190 190 190 190 190 190 190 191 191 191 191 191 191 191 191 191 192 192 192 192 192 192 193 193 193 193 193 193 193 193 194 194 194 194 194 194 194 194 194 195 195 195 195 195 195 195 195 195 195 196 196 196 196 196 196 196 196 196 196 196 197 197 197 197 197 197 197 197 197 197 197 197 198 198 198 198 198 198 198 198 198 198 198 198 198 199 199 199 199 199 199 199 199 199 199 199 199 199 199 200 200 200 200 200 200 200 200 200 200 200 200 200 200 200 200 201 201 201 201 201 201 201 201 201 201 201 202 202 202 202 202 202 202 202 202 202 202 202 202 202 202 202 202 203 203 203 203 203 203 203 203 203 203 203 203 203 203 203 203 203 203 204 204 204 204 204 204 204 204 204 204 204 205 205 205 205 205 0 0 0 0 0 0 0 0 0 0 0 0 0 0 0 0 0 0 0 0 0 0 0 0 0 0 0 0 0 0 0 0 0 0 0 0 0 0 0 0 0 0 0 0 0 0 0 0 0 0 0 0 0 0 0 0 0 0 0 0 0 0 0 0 0 0 0 0 0 0 0 0 0 0 0 0 0 0 0 0 0 0 0 0 0 0 0 0 0 0 0 0 0 0 0 0 0 0 0 0 0 0 0 0 0 0 0 0 0 0 0 0 0 0 0 0 0 0 0 0 0 0 0 0 0 0 0 0 0 0 0 0 0 0 0 0 0 0 0 0 0 0 0 0 0 0 0 0 0 0 0 0 0 0 0 0 0 0 0 0 0 0 0 0 0 0 0 0 0 0 0 0 0 0 0 0 0 0 0 0 0 0 0 0 0 0 0 0 0 0 0 0 0 0 0 0 0 0 0 0 0 0 0 0 0 0 0 0 0 0 0 0 0 0 0 0 0 0 0 0 0 0 0 0 0 0 0 0 0 0 0 0 0 0 0 0 0 0 0 0 0 0 0 0 0 0 0 0 0 0 0 0 0 0 0 0 
0 0 0 0 0 0 0 0 0 0 0 0 0 0 0 0 0 0 0 0 0 184 184 184 184 185 185 185 185 185 185 185 185 185 185 186 186 186 186 186 186 186 187 187 187 187 187 187 187 187 188 188 188 188 188 188 188 188 188 188 189 189 189 189 189 189 189 189 189 190 190 190 190 190 190 190 190 190 191 191 191 191 191 191 191 191 191 192 192 192 192 192 193 193 193 193 193 193 193 193 193 194 194 194 194 194 194 194 194 194 195 195 195 195 195 195 195 195 195 195 196 196 196 196 196 196 196 196 196 196 196 197 197 197 197 197 197 197 197 197 197 197 198 198 198 198 198 198 198 198 198 198 198 198 198 198 199 199 199 199 199 199 199 199 199 199 199 199 199 199 200 200 200 200 200 200 200 200 200 200 200 200 200 200 200 200 201 201 201 201 201 201 201 201 201 201 201 202 202 202 202 202 202 202 202 202 202 202 202 202 202 202 202 202 203 203 203 203 203 203 203 203 203 203 203 203 203 203 203 203 203 203 204 204 204 204 204 204 204 204 204 204 205 205 205 205 205 205 0 0 0 0 0 0 0 0 0 0 0 0 0 0 0 0 0 0 0 0 0 0 0 0 0 0 0 0 0 0 0 0 0 0 0 0 0 0 0 0 0 0 0 0 0 0 0 0 0 0 0 0 0 0 0 0 0 0 0 0 0 0 0 0 0 0 0 0 0 0 0 0 0 0 0 0 0 0 0 0 0 0 0 0 0 0 0 0 0 0 0 0 0 0 0 0 0 0 0 0 0 0 0 0 0 0 0 0 0 0 0 0 0 0 0 0 0 0 0 0 0 0 0 0 0 0 0 0 0 0 0 0 0 0 0 0 0 0 0 0 0 0 0 0 0 0 0 0 0 0 0 0 0 0 0 0 0 0 0 0 0 0 0 0 0 0 0 0 0 0 0 0 0 0 0 0 0 0 0 0 0 0 0 0 0 0 0 0 0 0 0 0 0 0 0 0 0 0 0 0 0 0 0 0 0 0 0 0 0 0 0 0 0 0 0 0 0 0 0 0 0 0 0 0 0 0 0 0 0 0 0 0 0 0 0 0 0 0 0 0 0 0 0 0 0 0 0 0 0 0 0 0 0 0 0 
0 0 0 0 0 0 0 0 0 0 0 0 0 0 0 0 0 0 0 0 0 0 184 184 184 184 184 185 185 185 185 185 185 185 185 185 186 186 186 186 186 186 187 187 187 187 187 187 187 187 187 187 188 188 188 188 188 188 188 188 188 189 189 189 189 189 189 189 189 189 190 190 190 190 190 190 190 190 190 191 191 191 191 191 191 191 191 191 192 192 192 192 192 193 193 193 193 193 193 193 193 193 194 194 194 194 194 194 194 194 194 195 195 195 195 195 195 195 195 195 196 196 196 196 196 196 196 196 196 196 196 196 197 197 197 197 197 197 197 197 197 197 197 198 198 198 198 198 198 198 198 198 198 198 198 198 198 199 199 199 199 199 199 199 199 199 199 199 199 199 199 199 200 200 200 200 200 200 200 200 200 200 200 200 200 200 200 201 201 201 201 201 201 201 201 201 201 201 202 202 202 202 202 202 202 202 202 202 202 202 202 202 202 202 203 203 203 203 203 203 203 203 203 203 203 203 203 203 203 203 203 203 204 204 204 204 204 204 204 204 204 204 205 205 205 205 205 0 0 0 0 0 0 0 0 0 0 0 0 0 0 0 0 0 0 0 0 0 0 0 0 0 0 0 0 0 0 0 0 0 0 0 0 0 0 0 0 0 0 0 0 0 0 0 0 0 0 0 0 0 0 0 0 0 0 0 0 0 0 0 0 0 0 0 0 0 0 0 0 0 0 0 0 0 0 0 0 0 0 0 0 0 0 0 0 0 0 0 0 0 0 0 0 0 0 0 0 0 0 0 0 0 0 0 0 0 0 0 0 0 0 0 0 0 0 0 0 0 0 0 0 0 0 0 0 0 0 0 0 0 0 0 0 0 0 0 0 0 0 0 0 0 0 0 0 0 0 0 0 0 0 0 0 0 0 0 0 0 0 0 0 0 0 0 0 0 0 0 0 0 0 0 0 0 0 0 0 0 0 0 0 0 0 0 0 0 0 0 0 0 0 0 0 0 0 0 0 0 0 0 0 0 0 0 0 0 0 0 0 0 0 0 0 0 0 0 0 0 0 0 0 0 0 0 0 0 0 0 0 0 0 0 0 0 0 0 0 0 0 0 0 0 0 0 0 0 0 0 0 0 0 0 0 
0 0 0 0 0 0 0 0 0 0 0 0 0 0 0 0 0 0 0 0 0 0 0 0 184 184 184 184 184 185 185 185 185 185 185 185 185 185 186 186 186 186 186 186 187 187 187 187 187 187 187 187 187 187 188 188 188 188 188 188 188 188 189 189 189 189 189 189 189 189 189 190 190 190 190 190 190 190 190 190 191 191 191 191 191 191 191 191 191 192 192 192 192 192 193 193 193 193 193 193 193 193 193 194 194 194 194 194 194 194 194 194 195 195 195 195 195 195 195 195 195 196 196 196 196 196 196 196 196 196 196 196 196 197 197 197 197 197 197 197 197 197 197 197 198 198 198 198 198 198 198 198 198 198 198 198 198 198 199 199 199 199 199 199 199 199 199 199 199 199 199 199 199 200 200 200 200 200 200 200 200 200 200 200 200 200 200 200 201 201 201 201 201 201 201 201 201 201 201 202 202 202 202 202 202 202 202 202 202 202 202 202 202 202 202 203 203 203 203 203 203 203 203 203 203 203 203 203 203 203 203 203 203 204 204 204 204 204 204 204 204 204 205 205 205 205 0 0 0 0 0 0 0 0 0 0 0 0 0 0 0 0 0 0 0 0 0 0 0 0 0 0 0 0 0 0 0 0 0 0 0 0 0 0 0 0 0 0 0 0 0 0 0 0 0 0 0 0 0 0 0 0 0 0 0 0 0 0 0 0 0 0 0 0 0 0 0 0 0 0 0 0 0 0 0 0 0 0 0 0 0 0 0 0 0 0 0 0 0 0 0 0 0 0 0 0 0 0 0 0 0 0 0 0 0 0 0 0 0 0 0 0 0 0 0 0 0 0 0 0 0 0 0 0 0 0 0 0 0 0 0 0 0 0 0 0 0 0 0 0 0 0 0 0 0 0 0 0 0 0 0 0 0 0 0 0 0 0 0 0 0 0 0 0 0 0 0 0 0 0 0 0 0 0 0 0 0 0 0 0 0 0 0 0 0 0 0 0 0 0 0 0 0 0 0 0 0 0 0 0 0 0 0 0 0 0 0 0 0 0 0 0 0 0 0 0 0 0 0 0 0 0 0 0 0 0 0 0 0 0 0 0 0 0 0 0 0 0 0 0 0 0 0 0 0 0 0 0 0 0 0 0 0 
0 0 0 0 0 0 0 0 0 0 0 0 0 0 0 0 0 0 0 0 0 0 0 0 0 184 184 184 184 184 185 185 185 185 185 185 185 185 185 185 186 186 186 186 186 187 187 187 187 187 187 187 187 187 187 188 188 188 188 188 188 188 188 188 189 189 189 189 189 189 189 189 190 190 190 190 190 190 190 190 190 191 191 191 191 191 191 191 191 191 192 192 192 192 192 193 193 193 193 193 193 193 193 194 194 194 194 194 194 194 194 194 195 195 195 195 195 195 195 195 195 195 196 196 196 196 196 196 196 196 196 196 196 197 197 197 197 197 197 197 197 197 197 197 197 198 198 198 198 198 198 198 198 198 198 198 198 198 198 199 199 199 199 199 199 199 199 199 199 199 199 199 199 200 200 200 200 200 200 200 200 200 200 200 200 200 200 200 201 201 201 201 201 201 201 201 201 201 201 202 202 202 202 202 202 202 202 202 202 202 202 202 202 202 202 202 203 203 203 203 203 203 203 203 203 203 203 203 203 203 203 203 203 204 204 204 204 204 204 204 204 204 205 205 205 205 205 205 205 0 0 0 0 0 0 0 0 0 0 0 0 0 0 0 0 0 0 0 0 0 0 0 0 0 0 0 0 0 0 0 0 0 0 0 0 0 0 0 0 0 0 0 0 0 0 0 0 0 0 0 0 0 0 0 0 0 0 0 0 0 0 0 0 0 0 0 0 0 0 0 0 0 0 0 0 0 0 0 0 0 0 0 0 0 0 0 0 0 0 0 0 0 0 0 0 0 0 0 0 0 0 0 0 0 0 0 0 0 0 0 0 0 0 0 0 0 0 0 0 0 0 0 0 0 0 0 0 0 0 0 0 0 0 0 0 0 0 0 0 0 0 0 0 0 0 0 0 0 0 0 0 0 0 0 0 0 0 0 0 0 0 0 0 0 0 0 0 0 0 0 0 0 0 0 0 0 0 0 0 0 0 0 0 0 0 0 0 0 0 0 0 0 0 0 0 0 0 0 0 0 0 0 0 0 0 0 0 0 0 0 0 0 0 0 0 0 0 0 0 0 0 0 0 0 0 0 0 0 0 0 0 0 0 0 0 0 0 0 0 0 0 0 0 0 0 0 0 0 0 0 0 0 0 
0 0 0 0 0 0 0 0 0 0 0 0 0 0 0 0 0 0 0 0 0 0 0 0 0 0 184 184 184 185 185 185 185 185 185 185 185 185 186 186 186 186 186 186 186 186 187 187 187 187 187 187 187 187 187 187 188 188 188 188 188 188 188 188 188 189 189 189 189 189 189 189 189 189 190 190 190 190 190 190 190 190 190 191 191 191 191 191 191 191 191 192 192 192 192 192 192 193 193 193 193 193 193 193 193 194 194 194 194 194 194 194 194 194 195 195 195 195 195 195 195 195 195 195 196 196 196 196 196 196 196 196 196 196 196 196 197 197 197 197 197 197 197 197 197 197 197 198 198 198 198 198 198 198 198 198 198 198 198 198 198 199 199 199 199 199 199 199 199 199 199 199 199 199 199 199 199 200 200 200 200 200 200 200 200 200 200 200 200 200 200 200 201 201 201 201 201 201 201 201 201 201 201 201 201 201 201 202 202 202 202 202 202 202 202 202 202 202 202 202 202 202 202 202 203 203 203 203 203 203 203 203 203 203 203 203 203 203 203 203 203 204 204 205 205 205 205 205 205 205 205 205 205 0 0 0 0 0 0 0 0 0 0 0 0 0 0 0 0 0 0 0 0 0 0 0 0 0 0 0 0 0 0 0 0 0 0 0 0 0 0 0 0 0 0 0 0 0 0 0 0 0 0 0 0 0 0 0 0 0 0 0 0 0 0 0 0 0 0 0 0 0 0 0 0 0 0 0 0 0 0 0 0 0 0 0 0 0 0 0 0 0 0 0 0 0 0 0 0 0 0 0 0 0 0 0 0 0 0 0 0 0 0 0 0 0 0 0 0 0 0 0 0 0 0 0 0 0 0 0 0 0 0 0 0 0 0 0 0 0 0 0 0 0 0 0 0 0 0 0 0 0 0 0 0 0 0 0 0 0 0 0 0 0 0 0 0 0 0 0 0 0 0 0 0 0 0 0 0 0 0 0 0 0 0 0 0 0 0 0 0 0 0 0 0 0 0 0 0 0 0 0 0 0 0 0 0 0 0 0 0 0 0 0 0 0 0 0 0 0 0 0 0 0 0 0 0 0 0 0 0 0 0 0 0 0 0 0 0 0 0 0 0 0 0 0 0 0 0 0 0 0 0 
0 0 0 0 0 0 0 0 0 0 0 0 0 0 0 0 0 0 0 0 0 0 0 0 0 184 184 184 184 184 185 185 185 185 185 185 185 185 185 186 186 186 186 186 186 186 186 186 187 187 187 187 187 187 187 187 187 188 188 188 188 188 188 188 188 188 189 189 189 189 189 189 189 189 189 190 190 190 190 190 190 190 190 190 191 191 191 191 191 191 191 191 192 192 192 192 192 192 193 193 193 193 193 193 193 193 194 194 194 194 194 194 194 194 194 195 195 195 195 195 195 195 195 195 195 196 196 196 196 196 196 196 196 196 196 196 196 197 197 197 197 197 197 197 197 197 197 197 198 198 198 198 198 198 198 198 198 198 198 198 198 198 198 199 199 199 199 199 199 199 199 199 199 199 199 199 199 200 200 200 200 200 200 200 200 200 200 200 200 200 200 200 201 201 201 201 201 201 201 201 201 201 201 201 201 201 201 202 202 202 202 202 202 202 202 202 202 202 202 202 202 202 202 202 202 203 203 203 203 203 203 203 203 203 203 203 203 203 203 203 203 203 204 205 205 205 205 205 205 205 205 205 205 0 0 0 0 0 0 0 0 0 0 0 0 0 0 0 0 0 0 0 0 0 0 0 0 0 0 0 0 0 0 0 0 0 0 0 0 0 0 0 0 0 0 0 0 0 0 0 0 0 0 0 0 0 0 0 0 0 0 0 0 0 0 0 0 0 0 0 0 0 0 0 0 0 0 0 0 0 0 0 0 0 0 0 0 0 0 0 0 0 0 0 0 0 0 0 0 0 0 0 0 0 0 0 0 0 0 0 0 0 0 0 0 0 0 0 0 0 0 0 0 0 0 0 0 0 0 0 0 0 0 0 0 0 0 0 0 0 0 0 0 0 0 0 0 0 0 0 0 0 0 0 0 0 0 0 0 0 0 0 0 0 0 0 0 0 0 0 0 0 0 0 0 0 0 0 0 0 0 0 0 0 0 0 0 0 0 0 0 0 0 0 0 0 0 0 0 0 0 0 0 0 0 0 0 0 0 0 0 0 0 0 0 0 0 0 0 0 0 0 0 0 0 0 0 0 0 0 0 0 0 0 0 0 0 0 0 0 0 0 0 0 0 0 0 0 0 0 0 0 0 
0 0 0 0 0 0 0 0 0 0 0 0 0 0 0 0 0 0 0 183 183 183 184 184 184 184 184 184 184 184 184 185 185 185 185 185 185 185 185 185 185 186 186 186 186 186 186 186 186 187 187 187 187 187 187 187 187 187 188 188 188 188 188 188 188 188 188 189 189 189 189 189 189 189 189 189 190 190 190 190 190 190 190 190 190 191 191 191 191 191 191 191 192 192 192 192 192 192 192 193 193 193 193 193 193 193 193 194 194 194 194 194 194 194 194 194 195 195 195 195 195 195 195 195 195 195 196 196 196 196 196 196 196 196 196 196 196 196 197 197 197 197 197 197 197 197 197 197 197 198 198 198 198 198 198 198 198 198 198 198 198 198 198 198 199 199 199 199 199 199 199 199 199 199 199 199 199 199 200 200 200 200 200 200 200 200 200 200 200 200 200 200 201 201 201 201 201 201 201 201 201 201 201 201 201 201 201 201 202 202 202 202 202 202 202 202 202 202 202 202 202 202 202 202 202 203 203 203 203 203 203 203 203 203 203 203 203 203 203 203 203 203 204 204 204 205 205 205 205 205 205 205 205 205 0 0 0 0 0 0 0 0 0 0 0 0 0 0 0 0 0 0 0 0 0 0 0 0 0 0 0 0 0 0 0 0 0 0 0 0 0 0 0 0 0 0 0 0 0 0 0 0 0 0 0 0 0 0 0 0 0 0 0 0 0 0 0 0 0 0 0 0 0 0 0 0 0 0 0 0 0 0 0 0 0 0 0 0 0 0 0 0 0 0 0 0 0 0 0 0 0 0 0 0 0 0 0 0 0 0 0 0 0 0 0 0 0 0 0 0 0 0 0 0 0 0 0 0 0 0 0 0 0 0 0 0 0 0 0 0 0 0 0 0 0 0 0 0 0 0 0 0 0 0 0 0 0 0 0 0 0 0 0 0 0 0 0 0 0 0 0 0 0 0 0 0 0 0 0 0 0 0 0 0 0 0 0 0 0 0 0 0 0 0 0 0 0 0 0 0 0 0 0 0 0 0 0 0 0 0 0 0 0 0 0 0 0 0 0 0 0 0 0 0 0 0 0 0 0 0 0 0 0 0 0 0 0 0 0 0 0 0 0 0 0 0 0 0 0 0 0 0 0 
0 0 0 0 0 0 0 0 0 0 0 0 0 0 0 0 0 0 183 183 183 183 183 183 184 184 184 184 184 184 184 184 184 184 185 185 185 185 185 185 185 185 186 186 186 186 186 186 186 186 186 187 187 187 187 187 187 187 187 187 188 188 188 188 188 188 188 188 188 189 189 189 189 189 189 189 189 190 190 190 190 190 190 190 190 190 191 191 191 191 191 191 192 192 192 192 192 192 192 192 193 193 193 193 193 193 193 193 194 194 194 194 194 194 194 194 194 195 195 195 195 195 195 195 195 195 195 196 196 196 196 196 196 196 196 196 196 196 196 197 197 197 197 197 197 197 197 197 197 197 198 198 198 198 198 198 198 198 198 198 198 198 198 198 198 198 199 199 199 199 199 199 199 199 199 199 199 199 199 200 200 200 200 200 200 200 200 200 200 200 200 200 200 201 201 201 201 201 201 201 201 201 201 201 201 201 201 201 201 202 202 202 202 202 202 202 202 202 202 202 202 202 202 202 202 202 203 203 203 203 203 203 203 203 203 203 203 203 203 203 203 203 204 204 204 205 205 205 205 205 205 205 205 205 0 0 0 0 0 0 0 0 0 0 0 0 0 0 0 0 0 0 0 0 0 0 0 0 0 0 0 0 0 0 0 0 0 0 0 0 0 0 0 0 0 0 0 0 0 0 0 0 0 0 0 0 0 0 0 0 0 0 0 0 0 0 0 0 0 0 0 0 0 0 0 0 0 0 0 0 0 0 0 0 0 0 0 0 0 0 0 0 0 0 0 0 0 0 0 0 0 0 0 0 0 0 0 0 0 0 0 0 0 0 0 0 0 0 0 0 0 0 0 0 0 0 0 0 0 0 0 0 0 0 0 0 0 0 0 0 0 0 0 0 0 0 0 0 0 0 0 0 0 0 0 0 0 0 0 0 0 0 0 0 0 0 0 0 0 0 0 0 0 0 0 0 0 0 0 0 0 0 0 0 0 0 0 0 0 0 0 0 0 0 0 0 0 0 0 0 0 0 0 0 0 0 0 0 0 0 0 0 0 0 0 0 0 0 0 0 0 0 0 0 0 0 0 0 0 0 0 0 0 0 0 0 0 0 0 0 0 0 0 0 0 0 0 0 0 0 0 0 0 
0 0 0 0 0 0 0 0 0 0 0 0 0 0 0 0 0 0 183 183 183 183 183 183 183 183 184 184 184 184 184 184 184 184 184 184 185 185 185 185 185 185 185 186 186 186 186 186 186 186 186 186 186 187 187 187 187 187 187 187 187 188 188 188 188 188 188 188 188 188 189 189 189 189 189 189 189 189 190 190 190 190 190 190 190 190 190 191 191 191 191 191 192 192 192 192 192 192 192 192 192 193 193 193 193 193 193 193 193 194 194 194 194 194 194 194 194 195 195 195 195 195 195 195 195 195 195 196 196 196 196 196 196 196 196 196 196 196 196 196 196 197 197 197 197 197 197 197 197 197 197 198 198 198 198 198 198 198 198 198 198 198 198 198 198 198 198 199 199 199 199 199 199 199 199 199 199 199 199 199 199 200 200 200 200 200 200 200 200 200 200 200 200 200 201 201 201 201 201 201 201 201 201 201 201 201 201 201 201 201 202 202 202 202 202 202 202 202 202 202 202 202 202 202 202 202 202 202 203 203 203 203 203 203 203 203 203 203 203 203 203 203 204 204 204 204 205 205 205 205 205 205 205 205 205 205 0 0 0 0 0 0 0 0 0 0 0 0 0 0 0 0 0 0 0 0 0 0 0 0 0 0 0 0 0 0 0 0 0 0 0 0 0 0 0 0 0 0 0 0 0 0 0 0 0 0 0 0 0 0 0 0 0 0 0 0 0 0 0 0 0 0 0 0 0 0 0 0 0 0 0 0 0 0 0 0 0 0 0 0 0 0 0 0 0 0 0 0 0 0 0 0 0 0 0 0 0 0 0 0 0 0 0 0 0 0 0 0 0 0 0 0 0 0 0 0 0 0 0 0 0 0 0 0 0 0 0 0 0 0 0 0 0 0 0 0 0 0 0 0 0 0 0 0 0 0 0 0 0 0 0 0 0 0 0 0 0 0 0 0 0 0 0 0 0 0 0 0 0 0 0 0 0 0 0 0 0 0 0 0 0 0 0 0 0 0 0 0 0 0 0 0 0 0 0 0 0 0 0 0 0 0 0 0 0 0 0 0 0 0 0 0 0 0 0 0 0 0 0 0 0 0 0 0 0 0 0 0 0 0 0 0 0 0 0 0 0 0 0 0 0 0 0 
0 0 0 0 0 0 0 0 0 0 0 0 0 0 0 0 0 0 0 183 183 183 183 183 183 183 183 183 184 184 184 184 184 184 184 184 184 185 185 185 185 185 185 185 186 186 186 186 186 186 186 186 186 186 187 187 187 187 187 187 187 187 188 188 188 188 188 188 188 188 188 189 189 189 189 189 189 189 189 189 190 190 190 190 190 190 190 190 191 191 191 191 191 192 192 192 192 192 192 192 192 193 193 193 193 193 193 193 193 193 194 194 194 194 194 194 194 194 195 195 195 195 195 195 195 195 195 195 196 196 196 196 196 196 196 196 196 196 196 196 196 196 197 197 197 197 197 197 197 197 197 197 197 198 198 198 198 198 198 198 198 198 198 198 198 198 198 198 199 199 199 199 199 199 199 199 199 199 199 199 199 199 200 200 200 200 200 200 200 200 200 200 200 200 200 201 201 201 201 201 201 201 201 201 201 201 201 201 201 201 201 202 202 202 202 202 202 202 202 202 202 202 202 202 202 202 202 202 203 203 203 203 203 203 203 203 203 203 203 203 203 203 204 204 204 204 204 205 205 205 205 205 205 205 205 205 205 0 0 0 0 0 0 0 0 0 0 0 0 0 0 0 0 0 0 0 0 0 0 0 0 0 0 0 0 0 0 0 0 0 0 0 0 0 0 0 0 0 0 0 0 0 0 0 0 0 0 0 0 0 0 0 0 0 0 0 0 0 0 0 0 0 0 0 0 0 0 0 0 0 0 0 0 0 0 0 0 0 0 0 0 0 0 0 0 0 0 0 0 0 0 0 0 0 0 0 0 0 0 0 0 0 0 0 0 0 0 0 0 0 0 0 0 0 0 0 0 0 0 0 0 0 0 0 0 0 0 0 0 0 0 0 0 0 0 0 0 0 0 0 0 0 0 0 0 0 0 0 0 0 0 0 0 0 0 0 0 0 0 0 0 0 0 0 0 0 0 0 0 0 0 0 0 0 0 0 0 0 0 0 0 0 0 0 0 0 0 0 0 0 0 0 0 0 0 0 0 0 0 0 0 0 0 0 0 0 0 0 0 0 0 0 0 0 0 0 0 0 0 0 0 0 0 0 0 0 0 0 0 0 0 0 0 0 0 0 0 0 0 0 0 0 0 
0 0 0 0 0 0 0 0 0 0 0 0 0 0 0 0 0 0 0 0 0 183 183 183 183 183 183 183 183 184 184 184 184 184 184 184 184 184 185 185 185 185 185 185 185 185 186 186 186 186 186 186 186 186 186 187 187 187 187 187 187 187 187 187 188 188 188 188 188 188 188 188 189 189 189 189 189 189 189 189 189 190 190 190 190 190 190 190 190 191 191 191 191 191 192 192 192 192 192 192 192 192 193 193 193 193 193 193 193 193 193 194 194 194 194 194 194 194 194 195 195 195 195 195 195 195 195 195 195 196 196 196 196 196 196 196 196 196 196 196 196 196 197 197 197 197 197 197 197 197 197 197 197 197 198 198 198 198 198 198 198 198 198 198 198 198 198 198 199 199 199 199 199 199 199 199 199 199 199 199 199 199 199 200 200 200 200 200 200 200 200 200 200 200 200 200 201 201 201 201 201 201 201 201 201 201 201 201 201 201 201 202 202 202 202 202 202 202 202 202 202 202 202 202 202 202 202 202 202 203 203 203 203 203 203 203 203 203 203 203 203 203 204 204 204 204 204 205 205 205 205 205 205 205 205 205 205 205 205 0 0 0 0 0 0 0 0 0 0 0 0 0 0 0 0 0 0 0 0 0 0 0 0 0 0 0 0 0 0 0 0 0 0 0 0 0 0 0 0 0 0 0 0 0 0 0 0 0 0 0 0 0 0 0 0 0 0 0 0 0 0 0 0 0 0 0 0 0 0 0 0 0 0 0 0 0 0 0 0 0 0 0 0 0 0 0 0 0 0 0 0 0 0 0 0 0 0 0 0 0 0 0 0 0 0 0 0 0 0 0 0 0 0 0 0 0 0 0 0 0 0 0 0 0 0 0 0 0 0 0 0 0 0 0 0 0 0 0 0 0 0 0 0 0 0 0 0 0 0 0 0 0 0 0 0 0 0 0 0 0 0 0 0 0 0 0 0 0 0 0 0 0 0 0 0 0 0 0 0 0 0 0 0 0 0 0 0 0 0 0 0 0 0 0 0 0 0 0 0 0 0 0 0 0 0 0 0 0 0 0 0 0 0 0 0 0 0 0 0 0 0 0 0 0 0 0 0 0 0 0 0 0 0 0 0 0 0 0 0 0 0 0 0 
0 0 0 0 0 0 0 0 0 0 0 0 0 0 0 0 0 0 0 0 0 0 0 183 183 183 183 183 183 183 183 184 184 184 184 184 184 184 184 184 185 185 185 185 185 185 185 185 186 186 186 186 186 186 186 186 186 187 187 187 187 187 187 187 187 188 188 188 188 188 188 188 188 188 189 189 189 189 189 189 189 189 190 190 190 190 190 190 190 190 191 191 191 191 191 192 192 192 192 192 192 192 192 193 193 193 193 193 193 193 193 194 194 194 194 194 194 194 194 195 195 195 195 195 195 195 195 195 195 195 196 196 196 196 196 196 196 196 196 196 196 196 197 197 197 197 197 197 197 197 197 197 197 197 197 198 198 198 198 198 198 198 198 198 198 198 198 198 198 199 199 199 199 199 199 199 199 199 199 199 199 199 199 200 200 200 200 200 200 200 200 200 200 200 200 200 200 201 201 201 201 201 201 201 201 201 201 201 201 201 201 201 202 202 202 202 202 202 202 202 202 202 202 202 202 202 202 202 202 203 203 203 203 203 203 203 203 203 203 203 203 203 204 204 204 204 204 204 205 205 205 205 205 205 205 205 205 205 205 205 0 0 0 0 0 0 0 0 0 0 0 0 0 0 0 0 0 0 0 0 0 0 0 0 0 0 0 0 0 0 0 0 0 0 0 0 0 0 0 0 0 0 0 0 0 0 0 0 0 0 0 0 0 0 0 0 0 0 0 0 0 0 0 0 0 0 0 0 0 0 0 0 0 0 0 0 0 0 0 0 0 0 0 0 0 0 0 0 0 0 0 0 0 0 0 0 0 0 0 0 0 0 0 0 0 0 0 0 0 0 0 0 0 0 0 0 0 0 0 0 0 0 0 0 0 0 0 0 0 0 0 0 0 0 0 0 0 0 0 0 0 0 0 0 0 0 0 0 0 0 0 0 0 0 0 0 0 0 0 0 0 0 0 0 0 0 0 0 0 0 0 0 0 0 0 0 0 0 0 0 0 0 0 0 0 0 0 0 0 0 0 0 0 0 0 0 0 0 0 0 0 0 0 0 0 0 0 0 0 0 0 0 0 0 0 0 0 0 0 0 0 0 0 0 0 0 0 0 0 0 0 0 0 0 0 0 0 0 0 0 0 0 0 
0 0 0 0 0 0 0 0 0 0 0 0 0 0 0 0 0 0 0 0 0 0 0 0 182 183 183 183 183 183 183 183 183 184 184 184 184 184 184 184 184 185 185 185 185 185 185 185 185 186 186 186 186 186 186 186 186 186 187 187 187 187 187 187 187 187 188 188 188 188 188 188 188 188 188 189 189 189 189 189 189 189 189 190 190 190 190 190 190 190 190 191 191 191 191 191 192 192 192 192 192 192 192 192 193 193 193 193 193 193 193 193 194 194 194 194 194 194 194 194 195 195 195 195 195 195 195 195 195 195 195 196 196 196 196 196 196 196 196 196 196 196 197 197 197 197 197 197 197 197 197 197 197 197 197 197 198 198 198 198 198 198 198 198 198 198 198 198 198 198 198 199 199 199 199 199 199 199 199 199 199 199 199 199 200 200 200 200 200 200 200 200 200 200 200 200 200 200 201 201 201 201 201 201 201 201 201 201 201 201 201 201 201 202 202 202 202 202 202 202 202 202 202 202 202 202 202 202 202 202 203 203 203 203 203 203 203 203 203 203 203 203 204 204 204 204 204 204 204 205 205 205 205 205 205 205 205 205 205 205 205 0 0 0 0 0 0 0 0 0 0 0 0 0 0 0 0 0 0 0 0 0 0 0 0 0 0 0 0 0 0 0 0 0 0 0 0 0 0 0 0 0 0 0 0 0 0 0 0 0 0 0 0 0 0 0 0 0 0 0 0 0 0 0 0 0 0 0 0 0 0 0 0 0 0 0 0 0 0 0 0 0 0 0 0 0 0 0 0 0 0 0 0 0 0 0 0 0 0 0 0 0 0 0 0 0 0 0 0 0 0 0 0 0 0 0 0 0 0 0 0 0 0 0 0 0 0 0 0 0 0 0 0 0 0 0 0 0 0 0 0 0 0 0 0 0 0 0 0 0 0 0 0 0 0 0 0 0 0 0 0 0 0 0 0 0 0 0 0 0 0 0 0 0 0 0 0 0 0 0 0 0 0 0 0 0 0 0 0 0 0 0 0 0 0 0 0 0 0 0 0 0 0 0 0 0 0 0 0 0 0 0 0 0 0 0 0 0 0 0 0 0 0 0 0 0 0 0 0 0 0 0 0 0 0 0 0 0 0 0 0 0 0 
0 0 0 0 0 0 0 0 0 0 0 0 0 0 0 0 0 0 0 0 0 0 0 0 0 0 0 0 0 0 0 0 0 183 184 184 184 184 184 184 184 184 185 185 185 185 185 185 185 185 186 186 186 186 186 186 186 186 186 187 187 187 187 187 187 187 187 187 188 188 188 188 188 188 188 188 189 189 189 189 189 189 189 189 190 190 190 190 190 190 190 190 191 191 191 191 191 192 192 192 192 192 192 192 192 193 193 193 193 193 193 193 193 194 194 194 194 194 194 194 194 195 195 195 195 195 195 195 195 195 195 195 195 196 196 196 196 196 196 196 196 196 196 197 197 197 197 197 197 197 197 197 197 197 197 197 197 198 198 198 198 198 198 198 198 198 198 198 198 198 198 198 199 199 199 199 199 199 199 199 199 199 199 199 199 200 200 200 200 200 200 200 200 200 200 200 200 200 201 201 201 201 201 201 201 201 201 201 201 201 201 201 201 201 202 202 202 202 202 202 202 202 202 202 202 202 202 202 202 202 203 203 203 203 203 203 203 203 203 203 203 203 204 204 204 204 204 204 204 205 205 205 205 205 205 205 205 205 205 205 205 205 205 0 0 0 0 0 0 0 0 0 0 0 0 0 0 0 0 0 0 0 0 0 0 0 0 0 0 0 0 0 0 0 0 0 0 0 0 0 0 0 0 0 0 0 0 0 0 0 0 0 0 0 0 0 0 0 0 0 0 0 0 0 0 0 0 0 0 0 0 0 0 0 0 0 0 0 0 0 0 0 0 0 0 0 0 0 0 0 0 0 0 0 0 0 0 0 0 0 0 0 0 0 0 0 0 0 0 0 0 0 0 0 0 0 0 0 0 0 0 0 0 0 0 0 0 0 0 0 0 0 0 0 0 0 0 0 0 0 0 0 0 0 0 0 0 0 0 0 0 0 0 0 0 0 0 0 0 0 0 0 0 0 0 0 0 0 0 0 0 0 0 0 0 0 0 0 0 0 0 0 0 0 0 0 0 0 0 0 0 0 0 0 0 0 0 0 0 0 0 0 0 0 0 0 0 0 0 0 0 0 0 0 0 0 0 0 0 0 0 0 0 0 0 0 0 0 0 0 0 0 0 0 0 0 0 0 0 0 0 0 0 
0 0 0 0 0 0 0 0 0 0 0 0 0 0 0 0 0 0 0 0 0 0 0 0 0 0 0 0 0 0 0 0 0 0 183 183 184 184 184 184 184 184 184 185 185 185 185 185 185 185 185 185 186 186 186 186 186 186 186 186 187 187 187 187 187 187 187 187 187 188 188 188 188 188 188 188 188 189 189 189 189 189 189 189 189 190 190 190 190 190 190 190 191 191 191 191 191 191 192 192 192 192 192 192 192 192 193 193 193 193 193 193 193 193 194 194 194 194 194 194 194 194 195 195 195 195 195 195 195 195 195 195 195 195 196 196 196 196 196 196 196 196 196 196 197 197 197 197 197 197 197 197 197 197 197 197 197 197 197 198 198 198 198 198 198 198 198 198 198 198 198 198 198 199 199 199 199 199 199 199 199 199 199 199 199 199 200 200 200 200 200 200 200 200 200 200 200 200 200 201 201 201 201 201 201 201 201 201 201 201 201 201 201 201 201 202 202 202 202 202 202 202 202 202 202 202 202 202 202 202 202 203 203 203 203 203 203 203 203 203 203 203 204 204 204 204 204 204 204 204 205 205 205 205 205 205 205 205 205 205 205 205 205 205 0 0 0 0 205 206 0 0 0 0 0 0 0 0 0 0 0 0 0 0 0 0 0 0 0 0 0 0 0 0 0 0 0 0 0 0 0 0 0 0 0 0 0 0 0 0 0 0 0 0 0 0 0 0 0 0 0 0 0 0 0 0 0 0 0 0 0 0 0 0 0 0 0 0 0 0 0 0 0 0 0 0 0 0 0 0 0 0 0 0 0 0 0 0 0 0 0 0 0 0 0 0 0 0 0 0 0 0 0 0 0 0 0 0 0 0 0 0 0 0 0 0 0 0 0 0 0 0 0 0 0 0 0 0 0 0 0 0 0 0 0 0 0 0 0 0 0 0 0 0 0 0 0 0 0 0 0 0 0 0 0 0 0 0 0 0 0 0 0 0 0 0 0 0 0 0 0 0 0 0 0 0 0 0 0 0 0 0 0 0 0 0 0 0 0 0 0 0 0 0 0 0 0 0 0 0 0 0 0 0 0 0 0 0 0 0 0 0 0 0 0 0 0 0 0 0 0 0 0 0 0 0 0 0 0 0 0 0 0 
0 0 0 0 0 0 0 0 0 0 0 0 0 0 0 0 0 0 0 0 0 0 0 0 0 0 0 0 0 0 0 0 0 0 183 183 183 184 184 184 184 184 184 184 184 185 185 185 185 185 185 185 185 186 186 186 186 186 186 186 186 186 187 187 187 187 187 187 187 187 188 188 188 188 188 188 188 188 189 189 189 189 189 189 189 189 190 190 190 190 190 190 191 191 191 191 191 191 191 192 192 192 192 192 192 192 192 193 193 193 193 193 193 193 193 194 194 194 194 194 194 194 194 194 195 195 195 195 195 195 195 195 195 195 195 195 196 196 196 196 196 196 196 196 196 196 197 197 197 197 197 197 197 197 197 197 197 197 197 197 198 198 198 198 198 198 198 198 198 198 198 198 198 198 199 199 199 199 199 199 199 199 199 199 199 199 199 200 200 200 200 200 200 200 200 200 200 200 200 200 201 201 201 201 201 201 201 201 201 201 201 201 201 201 201 201 201 202 202 202 202 202 202 202 202 202 202 202 202 202 202 202 203 203 203 203 203 203 203 203 203 203 204 204 204 204 204 204 204 204 204 205 205 205 205 205 205 205 205 205 205 205 205 205 205 205 205 205 205 0 0 0 0 0 0 0 0 0 0 0 0 206 206 206 0 0 0 0 0 0 0 0 0 0 0 0 0 0 0 0 0 0 0 0 0 0 0 0 0 0 0 0 0 0 0 0 0 0 0 0 0 0 0 0 0 0 0 0 0 0 0 0 0 0 0 0 0 0 0 0 0 0 0 0 0 0 0 0 0 0 0 0 0 0 0 0 0 0 0 0 0 0 0 0 0 0 0 0 0 0 0 0 0 0 0 0 0 0 0 0 0 0 0 0 0 0 0 0 0 0 0 0 0 0 0 0 0 0 0 0 0 0 0 0 0 0 0 0 0 0 0 0 0 0 0 0 0 0 0 0 0 0 0 0 0 0 0 0 0 0 0 0 0 0 0 0 0 0 0 0 0 0 0 0 0 0 0 0 0 0 0 0 0 0 0 0 0 0 0 0 0 0 0 0 0 0 0 0 0 0 0 0 0 0 0 0 0 0 0 0 0 0 0 0 0 0 0 0 0 0 0 0 0 0 0 0 0 0 0 0 0 0 0 
0 0 0 0 0 0 0 0 0 0 0 0 0 0 0 0 0 0 0 0 0 0 0 0 0 0 0 0 0 0 0 0 0 0 183 183 183 183 183 184 184 184 184 184 184 184 185 185 185 185 185 185 185 185 185 186 186 186 186 186 186 186 186 187 187 187 187 187 187 187 187 188 188 188 188 188 188 188 188 189 189 189 189 189 189 189 189 190 190 190 190 190 191 191 191 191 191 191 191 191 192 192 192 192 192 192 192 192 193 193 193 193 193 193 193 193 194 194 194 194 194 194 194 194 194 195 195 195 195 195 195 195 195 195 195 195 195 196 196 196 196 196 196 196 196 196 196 197 197 197 197 197 197 197 197 197 197 197 197 197 197 197 197 198 198 198 198 198 198 198 198 198 198 198 198 199 199 199 199 199 199 199 199 199 199 199 199 199 200 200 200 200 200 200 200 200 200 200 200 200 200 201 201 201 201 201 201 201 201 201 201 201 201 201 201 201 201 202 202 202 202 202 202 202 202 202 202 202 202 202 202 202 202 203 203 203 203 203 203 203 203 203 204 204 204 204 204 204 204 204 204 205 205 205 205 205 205 205 205 205 205 205 205 205 205 205 205 205 205 205 206 206 0 0 0 0 0 0 0 0 206 206 206 206 0 0 0 0 0 0 0 0 0 0 0 0 0 0 0 0 0 0 0 0 0 0 0 0 0 0 0 0 0 0 0 0 0 0 0 0 0 0 0 0 0 0 0 0 0 0 0 0 0 0 0 0 0 0 0 0 0 0 0 0 0 0 0 0 0 0 0 0 0 0 0 0 0 0 0 0 0 0 0 0 0 0 0 0 0 0 0 0 0 0 0 0 0 0 0 0 0 0 0 0 0 0 0 0 0 0 0 0 0 0 0 0 0 0 0 0 0 0 0 0 0 0 0 0 0 0 0 0 0 0 0 0 0 0 0 0 0 0 0 0 0 0 0 0 0 0 0 0 0 0 0 0 0 0 0 0 0 0 0 0 0 0 0 0 0 0 0 0 0 0 0 0 0 0 0 0 0 0 0 0 0 0 0 0 0 0 0 0 0 0 0 0 0 0 0 0 0 0 0 0 0 0 0 0 0 0 0 0 0 0 0 0 0 0 0 0 0 0 0 
0 0 0 0 0 0 0 0 0 0 0 0 0 0 0 0 0 0 0 0 0 0 0 0 0 0 0 0 0 0 0 0 0 0 183 183 183 183 183 183 184 184 184 184 184 184 184 184 185 185 185 185 185 185 185 185 186 186 186 186 186 186 186 186 187 187 187 187 187 187 187 187 187 188 188 188 188 188 188 188 188 189 189 189 189 189 189 189 189 190 190 190 190 191 191 191 191 191 191 191 191 192 192 192 192 192 192 192 192 193 193 193 193 193 193 193 193 194 194 194 194 194 194 194 194 194 194 195 195 195 195 195 195 195 195 195 195 195 195 196 196 196 196 196 196 196 196 196 196 197 197 197 197 197 197 197 197 197 197 197 197 197 197 197 197 197 198 198 198 198 198 198 198 198 198 198 199 199 199 199 199 199 199 199 199 199 199 199 199 199 200 200 200 200 200 200 200 200 200 200 200 200 201 201 201 201 201 201 201 201 201 201 201 201 201 201 201 201 201 202 202 202 202 202 202 202 202 202 202 202 202 202 202 203 203 203 203 203 203 203 203 203 204 204 204 204 204 204 204 204 204 204 205 205 205 205 205 205 205 205 205 205 205 205 205 205 205 205 205 205 206 206 206 0 0 0 0 206 206 206 206 206 206 206 0 0 0 0 0 0 0 0 0 0 0 0 0 0 0 0 0 0 0 0 0 0 0 0 0 0 0 0 0 0 0 0 0 0 0 0 0 0 0 0 0 0 0 0 0 0 0 0 0 0 0 0 0 0 0 0 0 0 0 0 0 0 0 0 0 0 0 0 0 0 0 0 0 0 0 0 0 0 0 0 0 0 0 0 0 0 0 0 0 0 0 0 0 0 0 0 0 0 0 0 0 0 0 0 0 0 0 0 0 0 0 0 0 0 0 0 0 0 0 0 0 0 0 0 0 0 0 0 0 0 0 0 0 0 0 0 0 0 0 0 0 0 0 0 0 0 0 0 0 0 0 0 0 0 0 0 0 0 0 0 0 0 0 0 0 0 0 0 0 0 0 0 0 0 0 0 0 0 0 0 0 0 0 0 0 0 0 0 0 0 0 0 0 0 0 0 0 0 0 0 0 0 0 0 0 0 0 0 0 0 0 0 0 0 0 0 0 0 0 
0 0 0 0 0 0 0 0 0 0 0 0 0 0 0 0 0 0 0 0 0 0 0 0 0 0 0 0 0 0 0 0 0 0 0 182 183 183 183 183 183 183 184 184 184 184 184 184 184 185 185 185 185 185 185 185 185 186 186 186 186 186 186 186 186 186 187 187 187 187 187 187 187 187 188 188 188 188 188 188 188 188 189 189 189 189 189 189 189 189 190 190 190 190 190 191 191 191 191 191 191 191 192 192 192 192 192 192 192 192 193 193 193 193 193 193 193 193 194 194 194 194 194 194 194 194 194 194 195 195 195 195 195 195 195 195 195 195 195 195 196 196 196 196 196 196 196 196 196 196 197 197 197 197 197 197 197 197 197 197 197 197 197 197 197 197 197 197 198 198 198 198 198 198 198 198 198 199 199 199 199 199 199 199 199 199 199 199 199 199 199 200 200 200 200 200 200 200 200 200 200 200 200 201 201 201 201 201 201 201 201 201 201 201 201 201 201 201 201 201 202 202 202 202 202 202 202 202 202 202 202 202 202 202 203 203 203 203 203 203 203 203 204 204 204 204 204 204 204 204 204 204 204 205 205 205 205 205 205 205 205 205 205 205 205 205 205 205 205 205 205 206 206 206 206 206 206 206 206 206 206 206 206 206 206 0 0 0 0 0 0 0 0 0 0 0 0 0 0 0 0 0 0 0 0 0 0 0 0 0 0 0 0 0 0 0 0 0 0 0 0 0 0 0 0 0 0 0 0 0 0 0 0 0 0 0 0 0 0 0 0 0 0 0 0 0 0 0 0 0 0 0 0 0 0 0 0 0 0 0 0 0 0 0 0 0 0 0 0 0 0 0 0 0 0 0 0 0 0 0 0 0 0 0 0 0 0 0 0 0 0 0 0 0 0 0 0 0 0 0 0 0 0 0 0 0 0 0 0 0 0 0 0 0 0 0 0 0 0 0 0 0 0 0 0 0 0 0 0 0 0 0 0 0 0 0 0 0 0 0 0 0 0 0 0 0 0 0 0 0 0 0 0 0 0 0 0 0 0 0 0 0 0 0 0 0 0 0 0 0 0 0 0 0 0 0 0 0 0 0 0 0 0 0 0 0 0 0 0 0 0 0 0 0 0 0 0 0 0 0 0 0 0 
0 0 0 0 0 0 0 0 0 0 0 0 0 0 0 0 0 0 0 0 0 0 0 0 0 0 0 0 0 0 0 0 0 0 0 0 0 183 183 183 183 183 183 184 184 184 184 184 184 184 184 185 185 185 185 185 185 185 185 186 186 186 186 186 186 186 186 187 187 187 187 187 187 187 187 188 188 188 188 188 188 188 188 189 189 189 189 189 189 189 189 190 190 190 190 190 191 191 191 191 191 191 191 191 192 192 192 192 192 192 192 193 193 193 193 193 193 193 193 194 194 194 194 194 194 194 194 194 194 194 195 195 195 195 195 195 195 195 195 195 195 195 196 196 196 196 196 196 196 196 196 196 197 197 197 197 197 197 197 197 197 197 197 197 197 197 198 198 198 198 198 198 198 198 198 198 198 198 199 199 199 199 199 199 199 199 199 199 199 199 199 199 200 200 200 200 200 200 200 200 200 200 200 200 201 201 201 201 201 201 201 201 201 201 201 201 201 201 201 201 202 202 202 202 202 202 202 202 202 202 202 202 202 202 202 203 203 203 203 203 203 203 204 204 204 204 204 204 204 204 204 204 204 205 205 205 205 205 205 205 205 205 205 205 205 205 205 205 205 205 205 206 206 206 206 206 206 206 206 206 206 206 206 206 206 0 0 0 0 0 0 0 0 0 0 0 0 0 0 0 0 0 0 0 0 0 0 0 0 0 0 0 0 0 0 0 0 0 0 0 0 0 0 0 0 0 0 0 0 0 0 0 0 0 0 0 0 0 0 0 0 0 0 0 0 0 0 0 0 0 0 0 0 0 0 0 0 0 0 0 0 0 0 0 0 0 0 0 0 0 0 0 0 0 0 0 0 0 0 0 0 0 0 0 0 0 0 0 0 0 0 0 0 0 0 0 0 0 0 0 0 0 0 0 0 0 0 0 0 0 0 0 0 0 0 0 0 0 0 0 0 0 0 0 0 0 0 0 0 0 0 0 0 0 0 0 0 0 0 0 0 0 0 0 0 0 0 0 0 0 0 0 0 0 0 0 0 0 0 0 0 0 0 0 0 0 0 0 0 0 0 0 0 0 0 0 0 0 0 0 0 0 0 0 0 0 0 0 0 0 0 0 0 0 0 0 0 0 0 0 0 0 0 
0 0 0 0 0 0 0 0 0 0 0 0 0 0 0 0 0 0 0 0 0 0 0 0 0 0 0 0 0 0 0 0 0 0 0 0 0 0 0 0 183 183 183 183 183 184 184 184 184 184 184 184 185 185 185 185 185 185 185 185 186 186 186 186 186 186 186 186 186 187 187 187 187 187 187 187 188 188 188 188 188 188 188 188 189 189 189 189 189 189 189 189 190 190 190 190 190 191 191 191 191 191 191 191 191 192 192 192 192 192 192 192 192 193 193 193 193 193 193 193 193 194 194 194 194 194 194 194 194 194 194 195 195 195 195 195 195 195 195 195 195 195 196 196 196 196 196 196 196 196 196 196 196 197 197 197 197 197 197 197 197 197 197 197 197 197 198 198 198 198 198 198 198 198 198 198 198 198 198 199 199 199 199 199 199 199 199 199 199 199 199 199 199 200 200 200 200 200 200 200 200 200 200 200 200 201 201 201 201 201 201 201 201 201 201 201 201 201 201 201 201 202 202 202 202 202 202 202 202 202 202 202 202 202 202 202 203 203 203 203 203 203 204 204 204 204 204 204 204 204 204 204 204 204 205 205 205 205 205 205 205 205 205 205 205 205 205 205 205 205 205 205 206 206 206 206 206 206 206 206 206 206 206 206 206 206 0 0 0 0 0 0 0 0 0 0 0 0 0 0 0 0 0 0 0 0 0 0 0 0 0 0 0 0 0 0 0 0 0 0 0 0 0 0 0 0 0 0 0 0 0 0 0 0 0 0 0 0 0 0 0 0 0 0 0 0 0 0 0 0 0 0 0 0 0 0 0 0 0 0 0 0 0 0 0 0 0 0 0 0 0 0 0 0 0 0 0 0 0 0 0 0 0 0 0 0 0 0 0 0 0 0 0 0 0 0 0 0 0 0 0 0 0 0 0 0 0 0 0 0 0 0 0 0 0 0 0 0 0 0 0 0 0 0 0 0 0 0 0 0 0 0 0 0 0 0 0 0 0 0 0 0 0 0 0 0 0 0 0 0 0 0 0 0 0 0 0 0 0 0 0 0 0 0 0 0 0 0 0 0 0 0 0 0 0 0 0 0 0 0 0 0 0 0 0 0 0 0 0 0 0 0 0 0 0 0 0 0 0 0 0 0 0 
0 0 0 0 0 0 0 0 0 0 0 0 0 0 0 0 0 0 0 0 0 0 0 0 0 0 0 0 0 0 0 0 0 0 0 0 0 0 0 0 0 0 0 183 183 183 184 184 184 184 184 184 184 184 185 185 185 185 185 185 185 185 186 186 186 186 186 186 186 186 187 187 187 187 187 187 187 187 188 188 188 188 188 188 188 188 189 189 189 189 189 189 190 190 190 190 190 190 191 191 191 191 191 191 191 191 192 192 192 192 192 192 192 192 193 193 193 193 193 193 193 193 193 194 194 194 194 194 194 194 194 194 194 195 195 195 195 195 195 195 195 195 196 196 196 196 196 196 196 196 196 196 196 196 196 197 197 197 197 197 197 197 197 197 197 197 198 198 198 198 198 198 198 198 198 198 198 198 198 198 199 199 199 199 199 199 199 199 199 199 199 199 199 200 200 200 200 200 200 200 200 200 200 200 200 200 201 201 201 201 201 201 201 201 201 201 201 201 201 201 201 202 202 202 202 202 202 202 202 202 202 202 202 202 202 202 202 203 203 203 203 203 204 204 204 204 204 204 204 204 204 204 204 204 205 205 205 205 205 205 205 205 205 205 205 205 205 205 205 205 205 205 205 206 206 206 206 206 206 206 206 206 206 206 206 206 206 0 0 0 0 0 0 0 0 0 0 0 0 0 0 0 0 0 0 0 0 0 0 0 0 0 0 0 0 0 0 0 0 0 0 0 0 0 0 0 0 0 0 0 0 0 0 0 0 0 0 0 0 0 0 0 0 0 0 0 0 0 0 0 0 0 0 0 0 0 0 0 0 0 0 0 0 0 0 0 0 0 0 0 0 0 0 0 0 0 0 0 0 0 0 0 0 0 0 0 0 0 0 0 0 0 0 0 0 0 0 0 0 0 0 0 0 0 0 0 0 0 0 0 0 0 0 0 0 0 0 0 0 0 0 0 0 0 0 0 0 0 0 0 0 0 0 0 0 0 0 0 0 0 0 0 0 0 0 0 0 0 0 0 0 0 0 0 0 0 0 0 0 0 0 0 0 0 0 0 0 0 0 0 0 0 0 0 0 0 0 0 0 0 0 0 0 0 0 0 0 0 0 0 0 0 0 0 0 0 0 0 0 0 0 0 0 
0 0 0 0 0 0 0 0 0 0 0 0 0 0 0 0 0 0 0 0 0 0 0 0 0 0 0 0 0 0 0 0 0 0 0 0 0 0 0 0 0 0 0 0 0 0 183 183 184 184 184 184 184 184 184 185 185 185 185 185 185 185 185 186 186 186 186 186 186 186 186 187 187 187 187 187 187 187 187 188 188 188 188 188 188 188 188 189 189 189 189 189 190 190 190 190 190 190 190 191 191 191 191 191 191 191 191 192 192 192 192 192 192 192 192 193 193 193 193 193 193 193 193 193 194 194 194 194 194 194 194 194 194 194 195 195 195 195 195 195 195 195 195 196 196 196 196 196 196 196 196 196 196 196 196 196 196 196 197 197 197 197 197 197 197 197 197 198 198 198 198 198 198 198 198 198 198 198 198 198 198 199 199 199 199 199 199 199 199 199 199 199 199 199 200 200 200 200 200 200 200 200 200 200 200 200 200 201 201 201 201 201 201 201 201 201 201 201 201 201 201 201 202 202 202 202 202 202 202 202 202 202 202 202 202 202 202 203 203 203 203 203 204 204 204 204 204 204 204 204 204 204 204 204 204 205 205 205 205 205 205 205 205 205 205 205 205 205 205 205 205 205 205 206 206 206 206 206 206 206 206 206 206 206 206 206 206 0 0 0 0 0 0 0 0 0 0 0 0 0 0 0 0 0 0 0 0 0 0 0 0 0 0 0 0 0 0 0 0 0 0 0 0 0 0 0 0 0 0 0 0 0 0 0 0 0 0 0 0 0 0 0 0 0 0 0 0 0 0 0 0 0 0 0 0 0 0 0 0 0 0 0 0 0 0 0 0 0 0 0 0 0 0 0 0 0 0 0 0 0 0 0 0 0 0 0 0 0 0 0 0 0 0 0 0 0 0 0 0 0 0 0 0 0 0 0 0 0 0 0 0 0 0 0 0 0 0 0 0 0 0 0 0 0 0 0 0 0 0 0 0 0 0 0 0 0 0 0 0 0 0 0 0 0 0 0 0 0 0 0 0 0 0 0 0 0 0 0 0 0 0 0 0 0 0 0 0 0 0 0 0 0 0 0 0 0 0 0 0 0 0 0 0 0 0 0 0 0 0 0 0 0 0 0 0 0 0 0 0 0 0 0 0 
0 0 0 0 0 0 0 0 0 0 0 0 0 0 0 0 0 0 0 0 0 0 0 0 0 0 0 0 0 0 0 0 0 0 0 0 0 0 0 0 0 0 0 0 0 0 0 0 0 183 184 184 184 184 184 184 184 184 185 185 185 185 185 185 185 186 186 186 186 186 186 186 187 187 187 187 187 187 187 187 188 188 188 188 188 188 188 188 189 189 189 189 189 190 190 190 190 190 190 190 191 191 191 191 191 191 191 191 192 192 192 192 192 192 192 192 193 193 193 193 193 193 193 193 193 193 193 193 194 194 194 194 194 194 194 194 195 195 195 195 195 195 195 195 195 196 196 196 196 196 196 196 196 196 196 196 196 196 196 196 197 197 197 197 197 197 197 197 198 198 198 198 198 198 198 198 198 198 198 198 198 198 198 199 199 199 199 199 199 199 199 199 199 199 199 200 200 200 200 200 200 200 200 200 200 200 200 200 200 201 201 201 201 201 201 201 201 201 201 201 201 201 201 202 202 202 202 202 202 202 202 202 202 202 202 202 202 202 203 203 203 203 204 204 204 204 204 204 204 204 204 204 204 204 204 204 205 205 205 205 205 205 205 205 205 205 205 205 205 205 205 205 205 205 206 206 206 206 206 206 206 206 206 206 206 206 206 206 0 0 0 0 0 0 0 0 0 0 0 0 0 0 0 0 0 0 0 0 0 0 0 0 0 0 0 0 0 0 0 0 0 0 0 0 0 0 0 0 0 0 0 0 0 0 0 0 0 0 0 0 0 0 0 0 0 0 0 0 0 0 0 0 0 0 0 0 0 0 0 0 0 0 0 0 0 0 0 0 0 0 0 0 0 0 0 0 0 0 0 0 0 0 0 0 0 0 0 0 0 0 0 0 0 0 0 0 0 0 0 0 0 0 0 0 0 0 0 0 0 0 0 0 0 0 0 0 0 0 0 0 0 0 0 0 0 0 0 0 0 0 0 0 0 0 0 0 0 0 0 0 0 0 0 0 0 0 0 0 0 0 0 0 0 0 0 0 0 0 0 0 0 0 0 0 0 0 0 0 0 0 0 0 0 0 0 0 0 0 0 0 0 0 0 0 0 0 0 0 0 0 0 0 0 0 0 0 0 0 0 0 0 0 0 
0 0 0 0 0 0 0 0 0 0 0 0 0 0 0 0 0 0 0 0 0 0 0 0 0 0 0 0 0 0 0 0 0 0 0 0 0 0 0 0 0 0 0 0 0 0 0 0 0 0 0 0 184 184 184 184 184 184 184 184 185 185 185 185 185 185 186 186 186 186 186 186 186 186 187 187 187 187 187 187 187 187 187 188 188 188 188 188 188 188 189 189 189 189 190 190 190 190 190 190 190 190 191 191 191 191 191 191 191 192 192 192 192 192 192 192 192 192 193 193 193 193 193 193 193 193 193 193 193 194 194 194 194 194 194 194 194 194 195 195 195 195 195 195 195 195 196 196 196 196 196 196 196 196 196 196 196 196 196 196 196 197 197 197 197 197 197 197 197 197 198 198 198 198 198 198 198 198 198 198 198 198 198 198 199 199 199 199 199 199 199 199 199 199 199 199 200 200 200 200 200 200 200 200 200 200 200 200 200 201 201 201 201 201 201 201 201 201 201 201 201 201 201 202 202 202 202 202 202 202 202 202 202 202 202 202 202 202 202 203 203 203 204 204 204 204 204 204 204 204 204 204 204 204 204 204 204 205 205 205 205 205 205 205 205 205 205 205 205 205 205 205 205 205 206 206 206 206 206 206 206 206 206 206 206 206 206 206 206 206 206 0 0 0 0 0 0 0 0 0 0 0 0 0 0 0 0 0 0 0 0 0 0 0 0 0 0 0 0 0 0 0 0 0 0 0 0 0 0 0 0 0 0 0 0 0 0 0 0 0 0 0 0 0 0 0 0 0 0 0 0 0 0 0 0 0 0 0 0 0 0 0 0 0 0 0 0 0 0 0 0 0 0 0 0 0 0 0 0 0 0 0 0 0 0 0 0 0 0 0 0 0 0 0 0 0 0 0 0 0 0 0 0 0 0 0 0 0 0 0 0 0 0 0 0 0 0 0 0 0 0 0 0 0 0 0 0 0 0 0 0 0 0 0 0 0 0 0 0 0 0 0 0 0 0 0 0 0 0 0 0 0 0 0 0 0 0 0 0 0 0 0 0 0 0 0 0 0 0 0 0 0 0 0 0 0 0 0 0 0 0 0 0 0 0 0 0 0 0 0 0 0 0 0 0 0 0 0 0 0 0 0 0 
0 0 0 0 0 0 0 0 0 0 0 0 0 0 0 0 0 0 0 0 0 0 0 0 0 0 0 0 0 0 0 0 0 0 0 0 0 0 0 0 0 0 0 0 0 0 0 0 0 0 0 0 0 0 0 0 184 184 184 184 184 184 185 185 185 185 185 185 185 186 186 186 186 186 186 186 186 187 187 187 187 187 187 187 188 188 188 188 188 188 188 189 189 189 189 190 190 190 190 190 190 190 190 190 191 191 191 191 191 191 191 192 192 192 192 192 192 192 192 193 193 193 193 193 193 193 193 193 193 193 193 194 194 194 194 194 194 194 194 195 195 195 195 195 195 195 195 196 196 196 196 196 196 196 196 196 196 196 196 196 196 196 196 197 197 197 197 197 197 197 197 198 198 198 198 198 198 198 198 198 198 198 198 198 198 199 199 199 199 199 199 199 199 199 199 199 199 200 200 200 200 200 200 200 200 200 200 200 200 200 201 201 201 201 201 201 201 201 201 201 201 201 201 201 201 202 202 202 202 202 202 202 202 202 202 202 202 202 202 202 203 203 204 204 204 204 204 204 204 204 204 204 204 204 204 204 204 205 205 205 205 205 205 205 205 205 205 205 205 205 205 205 205 205 205 206 206 206 206 206 206 206 206 206 206 206 206 206 206 206 206 206 206 0 0 0 207 207 207 207 207 0 0 0 0 0 0 0 0 0 0 0 0 0 0 0 0 0 0 0 0 0 0 0 0 0 0 0 0 0 0 0 0 0 0 0 0 0 0 0 0 0 0 0 0 0 0 0 0 0 0 0 0 0 0 0 0 0 0 0 0 0 0 0 0 0 0 0 0 0 0 0 0 0 0 0 0 0 0 0 0 0 0 0 0 0 0 0 0 0 0 0 0 0 0 0 0 0 0 0 0 0 0 0 0 0 0 0 0 0 0 0 0 0 0 0 0 0 0 0 0 0 0 0 0 0 0 0 0 0 0 0 0 0 0 0 0 0 0 0 0 0 0 0 0 0 0 0 0 0 0 0 0 0 0 0 0 0 0 0 0 0 0 0 0 0 0 0 0 0 0 0 0 0 0 0 0 0 0 0 0 0 0 0 0 0 0 0 0 0 0 0 0 0 0 0 0 0 0 0 0 0 0 
0 0 0 0 0 0 0 0 0 0 0 0 0 0 0 0 0 0 0 0 0 0 0 0 0 0 0 0 0 0 0 0 0 0 0 0 0 0 0 0 0 0 0 0 0 0 0 0 0 0 0 0 0 0 0 0 0 0 0 0 0 0 0 0 0 0 0 0 0 0 0 0 0 186 186 186 186 186 187 187 187 187 187 187 187 187 188 188 188 188 188 188 189 189 189 189 189 189 190 190 190 190 190 190 190 191 191 191 191 191 191 191 191 192 192 192 192 192 192 192 192 192 192 192 193 193 193 193 193 193 193 193 194 194 194 194 194 194 194 194 195 195 195 195 195 195 195 195 195 196 196 196 196 196 196 196 196 196 196 196 196 196 196 196 197 197 197 197 197 197 197 197 197 198 198 198 198 198 198 198 198 198 198 198 198 198 199 199 199 199 199 199 199 199 199 199 199 199 200 200 200 200 200 200 200 200 200 200 200 200 200 201 201 201 201 201 201 201 201 201 201 201 201 201 201 201 202 202 202 202 202 202 202 202 202 202 202 202 202 202 202 203 204 204 204 204 204 204 204 204 204 204 204 204 204 204 204 204 205 205 205 205 205 205 205 205 205 205 205 205 205 205 205 205 205 206 206 206 206 206 206 206 206 206 206 206 206 206 206 206 206 206 206 206 206 206 207 207 207 207 207 207 207 207 0 0 0 0 0 0 0 0 0 0 0 0 0 0 0 0 0 0 0 0 0 0 0 0 0 0 0 0 0 0 0 0 0 0 0 0 0 0 0 0 0 0 0 0 0 0 0 0 0 0 0 0 0 0 0 0 0 0 0 0 0 0 0 0 0 0 0 0 0 0 0 0 0 0 0 0 0 0 0 0 0 0 0 0 0 0 0 0 0 0 0 0 0 0 0 0 0 0 0 0 0 0 0 0 0 0 0 0 0 0 0 0 0 0 0 0 0 0 0 0 0 0 0 0 0 0 0 0 0 0 0 0 0 0 0 0 0 0 0 0 0 0 0 0 0 0 0 0 0 0 0 0 0 0 0 0 0 0 0 0 0 0 0 0 0 0 0 0 0 0 0 0 0 0 0 0 0 0 0 0 0 0 0 0 0 0 0 0 0 0 0 0 0 0 0 0 0 0 0 
0 0 0 0 0 0 0 0 0 0 0 0 0 0 0 0 0 0 0 0 0 0 0 0 0 0 0 0 0 0 0 0 0 0 0 0 0 0 0 0 0 0 0 0 0 0 0 0 0 0 0 0 0 0 0 0 0 0 0 0 0 0 0 0 0 0 0 0 0 0 0 0 0 186 186 186 186 186 187 187 187 187 187 187 187 187 187 187 188 188 188 188 189 189 189 189 189 189 189 189 190 190 190 190 190 190 190 191 191 191 191 191 191 191 191 191 192 192 192 192 192 192 192 192 193 193 193 193 193 193 193 193 193 193 194 194 194 194 194 194 194 194 195 195 195 195 195 195 195 195 196 196 196 196 196 196 196 196 196 196 196 196 196 197 197 197 197 197 197 197 197 197 197 197 197 198 198 198 198 198 198 198 198 198 198 198 199 199 199 199 199 199 199 199 199 199 199 199 200 200 200 200 200 200 200 200 200 200 200 200 200 200 201 201 201 201 201 201 201 201 201 201 201 201 201 201 201 201 202 202 202 202 202 202 202 202 202 202 202 202 202 202 203 204 204 204 204 204 204 204 204 204 204 204 204 204 204 204 204 205 205 205 205 205 205 205 205 205 205 205 205 205 205 205 205 205 206 206 206 206 206 206 206 206 206 206 206 206 206 206 206 206 206 206 206 206 206 206 207 207 207 207 207 207 207 207 207 207 0 0 207 0 0 0 0 0 0 0 0 0 0 0 0 0 0 0 0 0 0 0 0 0 0 0 0 0 0 0 0 0 0 0 0 0 0 0 0 0 0 0 0 0 0 0 0 0 0 0 0 0 0 0 0 0 0 0 0 0 0 0 0 0 0 0 0 0 0 0 0 0 0 0 0 0 0 0 0 0 0 0 0 0 0 0 0 0 0 0 0 0 0 0 0 0 0 0 0 0 0 0 0 0 0 0 0 0 0 0 0 0 0 0 0 0 0 0 0 0 0 0 0 0 0 0 0 0 0 0 0 0 0 0 0 0 0 0 0 0 0 0 0 0 0 0 0 0 0 0 0 0 0 0 0 0 0 0 0 0 0 0 0 0 0 0 0 0 0 0 0 0 0 0 0 0 0 0 0 0 0 0 0 0 0 0 0 0 0 0 0 0 0 0 0 
0 0 0 0 0 0 0 0 0 0 0 0 0 0 0 0 0 0 0 0 0 0 0 0 0 0 0 0 0 0 0 0 0 0 0 0 0 0 0 0 0 0 0 0 0 0 0 0 0 0 0 0 0 0 0 0 0 0 0 0 0 0 0 0 0 0 0 0 0 0 0 0 0 0 186 186 186 186 186 186 187 187 187 187 187 187 187 187 187 187 188 188 188 188 188 189 189 189 189 189 189 189 190 190 190 190 190 190 190 190 191 191 191 191 191 191 191 191 191 192 192 192 192 192 192 192 193 193 193 193 193 193 193 193 193 194 194 194 194 194 194 194 195 195 195 195 195 195 195 195 195 196 196 196 196 196 196 196 196 196 196 196 196 196 197 197 197 197 197 197 197 197 197 197 197 197 197 198 198 198 198 198 198 198 198 198 198 198 199 199 199 199 199 199 199 199 199 199 199 199 200 200 200 200 200 200 200 200 200 200 200 200 200 201 201 201 201 201 201 201 201 201 201 201 201 201 201 201 202 202 202 202 202 202 202 202 202 202 202 202 202 202 203 203 204 204 204 204 204 204 204 204 204 204 204 204 204 204 204 205 205 205 205 205 205 205 205 205 205 205 205 205 205 205 205 205 205 206 206 206 206 206 206 206 206 206 206 206 206 206 206 206 206 206 206 206 206 206 206 207 207 207 207 207 207 207 207 207 207 207 207 207 207 207 0 0 0 0 0 0 0 0 0 0 0 0 0 0 0 0 0 0 0 0 0 0 0 0 0 0 0 0 0 0 0 0 0 0 0 0 0 0 0 0 0 0 0 0 0 0 0 0 0 0 0 0 0 0 0 0 0 0 0 0 0 0 0 0 0 0 0 0 0 0 0 0 0 0 0 0 0 0 0 0 0 0 0 0 0 0 0 0 0 0 0 0 0 0 0 0 0 0 0 0 0 0 0 0 0 0 0 0 0 0 0 0 0 0 0 0 0 0 0 0 0 0 0 0 0 0 0 0 0 0 0 0 0 0 0 0 0 0 0 0 0 0 0 0 0 0 0 0 0 0 0 0 0 0 0 0 0 0 0 0 0 0 0 0 0 0 0 0 0 0 0 0 0 0 0 0 0 0 0 0 0 0 0 0 0 0 0 0 0 
0 0 0 0 0 0 0 0 0 0 0 0 0 0 0 0 0 0 0 0 0 0 0 0 0 0 0 0 0 0 0 0 0 0 0 0 0 0 0 0 0 0 0 0 0 0 0 0 0 0 0 0 0 0 0 0 183 183 184 184 0 0 0 0 0 0 0 0 0 0 0 0 0 0 0 186 186 186 186 186 186 187 187 187 187 187 187 187 187 187 187 188 188 188 188 188 189 189 189 189 189 189 189 190 190 190 190 190 190 190 190 190 191 191 191 191 191 191 191 192 192 192 192 192 192 192 193 192 192 193 193 193 193 193 193 193 193 194 194 194 194 194 194 195 195 195 195 195 195 195 195 195 195 196 196 196 196 196 196 196 196 196 196 196 196 197 197 197 197 197 197 197 197 197 197 197 197 197 197 198 198 198 198 198 198 198 198 198 199 199 199 199 199 199 199 199 199 199 199 199 199 199 200 200 200 200 200 200 200 200 200 200 200 200 201 201 201 201 201 201 201 201 201 201 201 201 201 201 202 202 202 202 202 202 202 202 202 202 202 202 202 202 203 203 203 204 204 204 204 204 204 204 204 204 204 204 204 204 204 204 205 205 205 205 205 205 205 205 205 205 205 205 205 205 205 205 205 206 206 206 206 206 206 206 206 206 206 206 206 206 206 206 206 206 206 206 206 206 206 207 207 207 207 207 207 207 207 207 207 207 207 207 207 207 0 0 0 0 0 0 0 0 0 0 0 0 0 0 0 0 0 0 0 0 0 0 0 0 0 0 0 0 0 0 0 0 0 0 0 0 0 0 0 0 0 0 0 0 0 0 0 0 0 0 0 0 0 0 0 0 0 0 0 0 0 0 0 0 0 0 0 0 0 0 0 0 0 0 0 0 0 0 0 0 0 0 0 0 0 0 0 0 0 0 0 0 0 0 0 0 0 0 0 0 0 0 0 0 0 0 0 0 0 0 0 0 0 0 0 0 0 0 0 0 0 0 0 0 0 0 0 0 0 0 0 0 0 0 0 0 0 0 0 0 0 0 0 0 0 0 0 0 0 0 0 0 0 0 0 0 0 0 0 0 0 0 0 0 0 0 0 0 0 0 0 0 0 0 0 0 0 0 0 0 0 0 0 0 0 0 0 0 0 
0 0 0 0 0 0 0 0 0 0 0 0 0 0 0 0 0 0 0 0 0 0 0 0 0 0 0 0 0 0 0 0 0 0 0 0 0 0 0 0 0 0 182 182 182 182 0 0 0 0 0 0 0 0 0 0 0 183 183 184 184 0 0 0 0 0 0 0 0 0 0 0 0 0 0 0 186 186 186 186 186 186 186 187 187 187 187 187 187 187 187 187 188 188 188 188 189 189 189 189 189 189 189 190 189 189 190 190 190 190 190 190 191 191 191 191 191 191 191 191 191 192 192 192 192 192 192 192 192 193 193 193 193 193 193 193 193 193 193 194 194 194 194 194 195 195 195 195 195 195 195 195 195 195 196 196 196 196 196 196 196 196 196 196 196 196 196 197 197 197 197 197 197 197 197 197 197 197 197 198 198 198 198 198 198 198 198 198 198 199 199 199 199 199 199 199 199 199 199 199 199 199 199 200 200 200 200 200 200 200 200 200 200 200 200 201 201 201 201 201 201 201 201 201 201 201 201 201 201 202 202 202 202 202 202 202 202 202 202 202 202 202 203 203 203 203 204 204 204 204 204 204 204 204 204 204 204 204 204 204 204 205 205 205 205 205 205 205 205 205 205 205 205 205 205 205 205 205 206 206 206 206 206 206 206 206 206 206 206 206 206 206 206 206 206 206 206 206 206 206 207 207 207 207 207 207 207 207 207 207 207 207 207 207 207 207 207 207 0 0 0 0 0 0 0 0 0 0 0 0 0 0 0 0 0 0 0 0 0 0 0 0 0 0 0 0 0 0 0 0 0 0 0 0 0 0 0 0 0 0 0 0 0 0 0 0 0 0 0 0 0 0 0 0 0 0 0 0 0 0 0 0 0 0 0 0 0 0 0 0 0 0 0 0 0 0 0 0 0 0 0 0 0 0 0 0 0 0 0 0 0 0 0 0 0 0 0 0 0 0 0 0 0 0 0 0 0 0 0 0 0 0 0 0 0 0 0 0 0 0 0 0 0 0 0 0 0 0 0 0 0 0 0 0 0 0 0 0 0 0 0 0 0 0 0 0 0 0 0 0 0 0 0 0 0 0 0 0 0 0 0 0 0 0 0 0 0 0 0 0 0 0 0 0 0 0 0 0 0 0 0 0 0 
0 0 0 0 0 0 0 0 0 0 0 0 0 0 0 0 0 0 0 0 0 0 0 0 0 0 0 0 0 0 0 0 0 0 0 0 0 0 0 0 0 0 0 181 182 182 182 182 0 0 0 0 0 0 0 0 183 183 183 183 184 184 0 0 0 0 0 0 0 0 0 0 0 185 185 185 185 186 186 186 186 186 186 187 187 187 187 187 187 187 187 187 188 188 188 188 188 189 189 189 189 189 189 189 190 190 190 190 190 190 190 190 190 191 190 191 191 191 191 191 192 192 191 192 192 192 192 192 192 192 192 193 193 193 193 193 193 193 193 193 194 194 194 194 194 194 195 195 195 195 195 195 195 195 195 195 195 196 196 196 196 196 196 196 196 196 196 196 196 197 197 197 197 197 197 197 197 197 197 198 198 198 198 198 198 198 198 198 198 198 199 199 199 199 199 199 199 199 199 199 199 199 199 200 200 200 200 200 200 200 200 200 200 200 200 200 201 201 201 201 201 201 201 201 201 201 201 201 201 202 202 202 202 202 202 202 202 202 202 202 202 202 203 203 203 203 203 203 204 204 204 204 204 204 204 204 204 204 204 204 204 204 205 205 205 205 205 205 205 205 205 205 205 205 205 205 205 205 205 206 206 206 206 206 206 206 206 206 206 206 206 206 206 206 206 206 206 206 206 206 207 207 207 207 207 207 207 207 207 207 207 207 207 207 207 207 207 207 207 207 0 0 0 0 0 0 0 0 0 0 0 0 0 0 0 0 0 0 0 0 0 0 0 0 0 0 0 0 0 0 0 0 0 0 0 0 0 0 0 0 0 0 0 0 0 0 0 0 0 0 0 0 0 0 0 0 0 0 0 0 0 0 0 0 0 0 0 0 0 0 0 0 0 0 0 0 0 0 0 0 0 0 0 0 0 0 0 0 0 0 0 0 0 0 0 0 0 0 0 0 0 0 0 0 0 0 0 0 0 0 0 0 0 0 0 0 0 0 0 0 0 0 0 0 0 0 0 0 0 0 0 0 0 0 0 0 0 0 0 0 0 0 0 0 0 0 0 0 0 0 0 0 0 0 0 0 0 0 0 0 0 0 0 0 0 0 0 0 0 0 0 0 0 0 0 0 0 0 0 0 0 0 0 
0 0 0 0 0 0 0 0 0 0 0 0 0 0 0 0 0 0 0 0 0 0 0 0 0 0 0 0 0 0 0 0 0 0 0 0 0 0 0 0 0 0 0 0 0 181 182 182 182 182 0 182 0 0 0 0 0 183 183 183 183 184 0 0 184 0 0 0 0 0 0 0 0 0 185 185 185 186 186 186 186 186 186 186 186 186 187 187 187 187 187 187 188 188 188 188 188 189 189 189 189 189 190 189 189 190 190 190 189 190 190 190 190 190 190 191 191 191 191 191 192 192 191 191 192 192 192 192 192 192 192 193 193 193 193 193 193 193 193 193 193 193 194 194 194 194 194 194 194 195 195 195 195 195 195 195 195 195 195 195 195 195 195 195 196 196 196 196 196 196 197 197 197 197 197 197 197 197 197 198 198 198 198 198 198 198 198 198 198 198 198 199 199 199 199 199 199 199 199 199 199 199 199 200 200 200 200 200 200 200 200 200 200 200 200 200 200 201 201 201 201 201 201 201 201 201 201 201 201 201 202 202 202 202 202 202 202 202 202 202 202 202 203 203 203 203 203 203 204 204 204 204 204 204 204 204 204 204 204 204 204 204 205 205 205 205 205 205 205 205 205 205 205 205 205 205 205 205 205 206 206 206 206 206 206 206 206 206 206 206 206 206 206 206 206 206 206 206 206 206 206 207 207 207 207 207 207 207 207 207 207 207 207 207 207 207 207 207 207 207 207 0 0 0 0 0 0 0 0 0 0 0 0 0 0 0 0 0 0 0 0 0 0 0 0 0 0 0 0 0 0 0 0 0 0 0 0 0 0 0 0 0 0 0 0 0 0 0 0 0 0 0 0 0 0 0 0 0 0 0 0 0 0 0 0 0 0 0 0 0 0 0 0 0 0 0 0 0 0 0 0 0 0 0 0 0 0 0 0 0 0 0 0 0 0 0 0 0 0 0 0 0 0 0 0 0 0 0 0 0 0 0 0 0 0 0 0 0 0 0 0 0 0 0 0 0 0 0 0 0 0 0 0 0 0 0 0 0 0 0 0 0 0 0 0 0 0 0 0 0 0 0 0 0 0 0 0 0 0 0 0 0 0 0 0 0 0 0 0 0 0 0 0 0 0 0 0 0 0 0 0 0 0 
0 0 0 0 0 0 0 0 0 0 0 0 0 0 0 0 0 0 0 0 0 0 0 0 0 0 0 0 0 0 0 0 0 0 0 0 0 0 0 0 0 0 0 0 0 181 181 181 182 182 182 182 182 182 182 183 183 183 183 183 183 183 184 184 184 184 0 184 184 0 0 0 0 0 185 185 185 185 185 186 186 186 186 186 186 186 186 187 187 187 187 187 187 188 188 188 188 188 188 188 189 189 189 189 189 189 190 190 189 190 190 190 190 190 190 191 191 191 191 191 191 191 191 191 191 192 192 192 192 192 192 192 192 192 192 193 193 193 193 193 193 193 193 193 194 194 194 194 194 194 194 194 194 195 195 195 195 195 195 195 195 195 196 196 196 196 196 196 196 196 196 196 197 197 197 197 197 197 197 197 197 198 198 198 198 198 198 198 198 198 198 198 199 199 199 199 199 199 199 199 199 199 199 199 200 200 200 200 200 200 200 200 200 200 200 200 200 200 200 201 201 201 201 201 201 201 201 201 201 201 202 202 202 202 202 202 202 202 202 202 202 202 203 203 203 203 203 203 203 204 204 204 204 204 204 204 204 204 204 204 204 204 204 205 205 205 205 205 205 205 205 205 205 205 205 205 205 205 205 205 206 206 206 206 206 206 206 206 206 206 206 206 206 206 206 206 206 206 206 206 206 206 207 207 207 207 207 206 207 207 207 207 207 207 207 207 207 207 207 207 207 207 207 208 0 0 0 0 0 0 0 0 0 0 0 0 0 0 0 0 0 0 0 0 0 0 0 0 0 0 0 0 0 0 0 0 0 0 0 0 0 0 0 0 0 0 0 0 0 0 0 0 0 0 0 0 0 0 0 0 0 0 0 0 0 0 0 0 0 0 0 0 0 0 0 0 0 0 0 0 0 0 0 0 0 0 0 0 0 0 0 0 0 0 0 0 0 0 0 0 0 0 0 0 0 0 0 0 0 0 0 0 0 0 0 0 0 0 0 0 0 0 0 0 0 0 0 0 0 0 0 0 0 0 0 0 0 0 0 0 0 0 0 0 0 0 0 0 0 0 0 0 0 0 0 0 0 0 0 0 0 0 0 0 0 0 0 0 0 0 0 0 0 0 0 0 0 0 0 0 0 0 0 
0 0 0 0 0 0 0 0 0 0 0 0 0 0 0 0 0 0 0 0 0 0 0 0 0 0 0 0 0 0 0 0 0 0 0 0 0 0 0 0 0 0 0 0 181 181 181 181 181 181 182 182 182 182 182 182 182 182 183 183 183 183 183 183 183 183 184 184 184 184 184 184 185 185 185 185 185 185 185 185 186 186 186 186 186 186 186 187 187 187 187 187 187 187 188 188 188 188 188 188 188 189 189 189 189 189 190 190 190 190 190 190 190 191 191 191 191 191 191 191 191 191 191 192 192 192 192 192 192 192 192 192 192 192 192 193 193 193 193 193 193 193 194 194 194 194 194 194 194 194 194 194 195 195 195 195 195 195 195 195 195 196 196 196 196 196 196 196 196 196 196 196 196 197 197 197 197 197 197 197 197 197 198 198 198 198 198 198 198 198 198 198 198 198 199 199 199 199 199 199 199 199 199 199 199 200 200 200 200 200 200 200 200 200 200 200 200 200 200 201 201 201 201 201 201 201 201 201 201 201 201 202 202 202 202 202 202 202 202 202 202 202 203 203 203 203 203 203 203 203 204 204 204 204 204 204 204 204 204 204 204 204 204 205 205 205 205 205 205 205 205 205 205 205 205 205 205 205 205 205 206 206 206 206 206 206 206 206 206 206 206 206 206 206 206 206 206 206 206 206 206 206 206 206 206 206 206 206 206 206 206 207 207 207 207 207 207 207 207 207 207 208 208 207 208 0 0 0 0 0 0 0 0 0 0 0 0 0 0 0 0 0 0 0 0 0 0 0 0 0 0 0 0 0 0 0 0 0 0 0 0 0 0 0 0 0 0 0 0 0 0 0 0 0 0 0 0 0 0 0 0 0 0 0 0 0 0 0 0 0 0 0 0 0 0 0 0 0 0 0 0 0 0 0 0 0 0 0 0 0 0 0 0 0 0 0 0 0 0 0 0 0 0 0 0 0 0 0 0 0 0 0 0 0 0 0 0 0 0 0 0 0 0 0 0 0 0 0 0 0 0 0 0 0 0 0 0 0 0 0 0 0 0 0 0 0 0 0 0 0 0 0 0 0 0 0 0 0 0 0 0 0 0 0 0 0 0 0 0 0 0 0 0 0 0 0 0 0 0 0 0 0 0 
0 0 0 0 0 0 0 0 0 0 0 0 0 0 0 0 0 0 0 0 0 0 0 0 0 0 0 0 0 0 0 0 0 0 0 0 0 0 0 0 0 0 0 180 180 181 181 181 181 181 181 181 181 182 182 182 182 182 182 182 183 183 183 183 183 183 184 184 184 184 184 184 184 184 185 184 185 185 185 185 185 186 186 186 186 186 186 186 186 187 187 187 187 187 187 188 188 188 188 188 189 189 189 189 189 189 190 190 190 190 190 190 190 190 190 190 191 191 191 191 191 191 192 192 192 192 192 192 192 192 192 192 192 192 192 193 193 193 193 193 193 193 194 194 194 194 194 194 194 194 194 194 195 195 195 195 195 195 195 195 195 195 195 195 196 196 196 196 196 196 196 196 196 196 197 197 197 197 197 197 197 197 197 198 198 198 198 198 198 198 198 198 198 198 198 199 199 199 199 199 199 199 199 199 199 199 200 200 200 200 200 200 200 200 200 200 200 200 200 200 201 201 201 201 201 201 201 201 201 201 201 202 202 202 202 202 202 202 202 202 202 202 203 203 203 203 203 203 203 203 204 204 204 204 204 204 204 204 204 204 204 204 204 204 205 205 205 205 205 205 205 205 205 205 205 205 205 205 205 205 205 206 206 206 206 206 206 206 206 206 206 206 206 206 206 206 206 206 206 206 206 206 206 206 206 206 206 206 206 206 206 206 206 206 207 207 207 207 207 207 207 207 207 207 207 0 0 0 0 0 0 0 0 0 0 0 0 0 0 0 0 0 0 0 0 0 0 0 0 0 0 0 0 0 0 0 0 0 0 0 0 0 0 0 0 0 0 0 0 0 0 0 0 0 0 0 0 0 0 0 0 0 0 0 0 0 0 0 0 0 0 0 0 0 0 0 0 0 0 0 0 0 0 0 0 0 0 0 0 0 0 0 0 0 0 0 0 0 0 0 0 0 0 0 0 0 0 0 0 0 0 0 0 0 0 0 0 0 0 0 0 0 0 0 0 0 0 0 0 0 0 0 0 0 0 0 0 0 0 0 0 0 0 0 0 0 0 0 0 0 0 0 0 0 0 0 0 0 0 0 0 0 0 0 0 0 0 0 0 0 0 0 0 0 0 0 0 0 0 0 0 0 0 
0 0 0 0 0 0 0 0 0 0 0 0 0 0 0 0 0 0 0 0 0 0 0 0 0 0 0 0 0 0 0 0 0 0 0 0 0 0 0 0 0 180 180 180 180 180 181 181 181 181 181 181 181 181 182 182 182 182 182 182 182 183 183 183 183 183 183 183 184 183 184 184 184 184 184 184 184 185 185 185 185 185 186 186 186 186 186 186 186 187 187 187 187 187 187 188 188 188 188 188 189 189 189 189 189 189 189 190 190 190 190 190 190 190 190 190 190 190 190 191 191 191 191 191 191 191 191 192 192 192 192 192 192 192 192 193 193 193 193 193 193 193 193 194 194 194 194 194 194 194 194 194 194 195 195 195 195 195 195 195 195 195 195 195 195 195 196 196 196 196 196 196 196 196 196 197 197 197 197 197 197 197 197 197 198 198 198 198 198 198 198 198 198 198 198 199 199 199 199 199 199 199 199 199 199 199 199 200 200 200 200 200 200 200 200 200 200 200 200 200 200 201 201 201 201 201 201 201 201 201 201 201 202 202 202 202 202 202 202 202 202 202 203 203 203 203 203 203 203 203 203 203 203 204 204 204 204 204 204 204 204 204 204 204 204 205 205 205 205 205 205 205 205 205 205 205 205 205 205 205 205 205 206 206 206 206 206 206 206 206 206 206 206 206 206 206 206 206 206 206 206 206 206 206 206 206 207 206 206 206 206 207 207 206 206 206 207 207 207 207 207 207 207 207 207 0 0 0 0 0 0 0 0 0 0 0 0 0 0 0 0 0 0 0 0 0 0 0 0 0 0 0 0 0 0 0 0 0 0 0 0 0 0 0 0 0 0 0 0 0 0 0 0 0 0 0 0 0 0 0 0 0 0 0 0 0 0 0 0 0 0 0 0 0 0 0 0 0 0 0 0 0 0 0 0 0 0 0 0 0 0 0 0 0 0 0 0 0 0 0 0 0 0 0 0 0 0 0 0 0 0 0 0 0 0 0 0 0 0 0 0 0 0 0 0 0 0 0 0 0 0 0 0 0 0 0 0 0 0 0 0 0 0 0 0 0 0 0 0 0 0 0 0 0 0 0 0 0 0 0 0 0 0 0 0 0 0 0 0 0 0 0 0 0 0 0 0 0 0 0 0 0 0 
0 0 0 0 0 0 0 0 0 0 0 0 0 0 0 0 0 0 0 0 0 0 0 0 0 0 0 0 0 0 0 0 178 179 179 179 0 0 0 0 179 180 180 180 180 180 180 181 181 181 181 181 181 181 181 182 182 182 182 182 182 182 183 183 183 183 183 183 183 183 183 184 184 184 184 184 184 185 185 185 185 185 185 186 186 186 186 186 186 186 186 186 187 187 188 188 188 188 188 188 188 189 189 189 189 189 189 189 189 189 189 190 190 190 190 190 190 190 190 190 191 191 191 191 191 191 191 191 191 192 192 192 192 192 192 192 193 193 193 193 193 193 193 193 194 194 194 194 194 194 194 194 194 194 195 195 195 195 195 195 195 195 195 195 195 196 196 196 196 196 196 196 196 196 196 196 197 197 197 197 197 197 197 197 197 198 198 198 198 198 198 198 198 198 198 198 199 199 199 199 199 199 199 199 199 199 199 199 200 200 200 200 200 200 200 200 200 200 200 200 200 200 201 201 201 201 201 201 201 201 201 201 201 202 202 202 202 202 202 202 202 202 203 203 203 203 203 203 203 203 203 203 203 204 204 204 204 204 204 204 204 204 204 204 204 204 205 205 205 205 205 205 205 205 205 205 205 205 205 205 205 205 206 206 206 206 206 206 206 206 206 206 206 206 206 206 206 206 206 206 206 206 206 206 206 207 207 207 207 207 207 208 207 207 207 206 207 207 207 207 207 207 207 207 207 0 0 0 0 0 0 0 0 0 0 0 0 0 0 0 0 0 0 0 0 0 0 0 0 0 0 0 0 0 0 0 0 0 0 0 0 0 0 0 0 0 0 0 0 0 0 0 0 0 0 0 0 0 0 0 0 0 0 0 0 0 0 0 0 0 0 0 0 0 0 0 0 0 0 0 0 0 0 0 0 0 0 0 0 0 0 0 0 0 0 0 0 0 0 0 0 0 0 0 0 0 0 0 0 0 0 0 0 0 0 0 0 0 0 0 0 0 0 0 0 0 0 0 0 0 0 0 0 0 0 0 0 0 0 0 0 0 0 0 0 0 0 0 0 0 0 0 0 0 0 0 0 0 0 0 0 0 0 0 0 0 0 0 0 0 0 0 0 0 0 0 0 0 0 0 0 0 0 
0 0 0 0 0 0 0 0 0 0 0 0 0 0 0 0 0 0 0 0 0 0 0 0 0 0 0 0 0 0 0 0 178 178 178 179 179 179 179 179 179 179 180 180 180 180 180 180 181 181 181 181 181 181 181 181 181 182 182 182 182 182 182 182 183 183 183 183 183 183 183 183 184 184 184 184 184 184 184 184 185 185 185 185 185 185 185 186 186 186 186 186 187 187 187 187 187 187 188 188 188 188 188 188 188 188 188 189 189 189 189 189 189 190 190 190 189 190 190 190 190 191 191 191 191 191 191 191 191 191 191 192 192 192 192 192 192 192 193 193 193 193 193 193 193 193 194 194 194 194 194 194 194 194 194 195 195 195 195 195 195 195 195 195 195 196 196 196 196 196 196 196 196 196 196 196 196 197 197 197 197 197 197 197 197 197 198 198 198 198 198 198 198 198 198 198 198 199 199 199 199 199 199 199 199 199 199 199 199 200 200 200 200 200 200 200 200 200 200 200 200 200 200 201 201 201 201 201 201 201 201 201 201 201 202 202 202 202 202 202 202 202 203 203 203 203 203 203 203 203 203 203 203 203 204 204 204 204 204 204 204 204 204 204 204 204 205 205 205 205 205 205 205 205 205 205 205 205 205 205 205 205 205 206 206 206 206 206 206 206 206 206 206 206 206 206 206 206 206 206 206 206 206 207 206 206 206 206 207 207 207 208 207 207 207 207 207 207 207 207 207 207 0 0 0 0 0 0 0 0 0 0 0 0 0 0 0 0 0 0 0 0 0 0 0 0 0 0 0 0 0 0 0 0 0 0 0 0 0 0 0 0 0 0 0 0 0 0 0 0 0 0 0 0 0 0 0 0 0 0 0 0 0 0 0 0 0 0 0 0 0 0 0 0 0 0 0 0 0 0 0 0 0 0 0 0 0 0 0 0 0 0 0 0 0 0 0 0 0 0 0 0 0 0 0 0 0 0 0 0 0 0 0 0 0 0 0 0 0 0 0 0 0 0 0 0 0 0 0 0 0 0 0 0 0 0 0 0 0 0 0 0 0 0 0 0 0 0 0 0 0 0 0 0 0 0 0 0 0 0 0 0 0 0 0 0 0 0 0 0 0 0 0 0 0 0 0 0 0 0 0 0 0 
0 0 0 0 0 0 0 0 0 0 0 0 0 0 0 0 0 0 0 0 0 0 0 0 0 0 0 0 0 0 0 178 178 178 178 178 179 179 179 179 179 179 180 180 180 180 180 180 180 180 181 181 181 181 181 181 181 181 182 182 182 182 182 182 182 182 183 183 183 183 183 183 183 184 184 184 184 184 184 184 184 184 185 185 185 185 185 185 186 186 186 186 186 187 187 187 187 187 187 187 187 188 188 188 188 188 188 188 188 189 189 189 189 189 189 189 189 190 190 190 190 190 191 191 191 191 191 191 191 191 191 191 192 192 192 192 192 192 192 193 193 193 193 193 193 193 193 194 194 194 194 194 194 194 194 194 195 195 195 195 195 195 195 195 195 196 196 196 196 196 196 196 196 196 196 196 196 196 197 197 197 197 197 197 197 197 197 198 198 198 198 198 198 198 198 198 198 198 199 199 199 199 199 199 199 199 199 199 199 199 200 200 200 200 200 200 200 200 200 200 200 200 200 201 201 201 201 201 201 201 201 201 201 201 201 202 202 202 202 202 202 202 203 203 203 203 203 203 203 203 203 203 203 203 204 204 204 204 204 204 204 204 204 204 204 204 204 205 205 205 205 205 205 205 205 205 205 205 205 205 205 205 205 205 206 206 206 206 206 206 206 206 206 206 206 206 206 206 206 206 206 206 206 207 206 206 206 206 207 207 207 207 207 207 207 207 207 207 207 0 0 0 0 0 0 0 0 0 0 0 0 0 0 0 0 0 0 0 0 0 0 0 0 0 0 0 0 0 0 0 0 0 0 0 0 0 0 0 0 0 0 0 0 0 0 0 0 0 0 0 0 0 0 0 0 0 0 0 0 0 0 0 0 0 0 0 0 0 0 0 0 0 0 0 0 0 0 0 0 0 0 0 0 0 0 0 0 0 0 0 0 0 0 0 0 0 0 0 0 0 0 0 0 0 0 0 0 0 0 0 0 0 0 0 0 0 0 0 0 0 0 0 0 0 0 0 0 0 0 0 0 0 0 0 0 0 0 0 0 0 0 0 0 0 0 0 0 0 0 0 0 0 0 0 0 0 0 0 0 0 0 0 0 0 0 0 0 0 0 0 0 0 0 0 0 0 0 0 0 0 0 0 0 
0 0 0 0 0 0 0 0 0 0 0 0 0 0 0 0 0 0 0 0 0 0 0 0 0 0 0 0 0 0 0 0 178 178 178 178 178 178 179 179 179 179 179 180 180 180 180 180 180 180 180 180 181 181 181 181 181 181 181 181 182 182 182 182 182 182 182 182 183 183 183 183 183 183 184 184 184 184 184 184 184 184 184 185 185 185 185 185 185 186 186 186 186 186 186 187 187 187 187 187 187 187 188 188 188 188 188 188 188 189 189 189 189 189 189 190 190 190 190 190 190 190 190 190 191 191 191 191 191 191 191 191 192 192 192 192 192 192 192 192 193 193 193 193 193 193 193 194 194 194 194 194 194 194 194 194 195 195 195 195 195 195 195 195 195 195 196 196 196 196 196 196 196 196 196 196 196 196 196 197 197 197 197 197 197 197 197 197 198 198 198 198 198 198 198 198 198 198 198 198 199 199 199 199 199 199 199 199 199 199 199 200 200 200 200 200 200 200 200 200 200 200 200 200 201 201 201 201 201 201 201 201 201 201 201 201 202 202 202 202 202 202 203 203 203 203 203 203 203 203 203 203 203 203 203 204 204 204 204 204 204 204 204 204 204 204 204 204 205 205 205 205 205 205 205 205 205 205 205 205 205 205 205 205 205 206 206 206 206 206 206 206 206 206 206 206 206 206 206 206 206 206 206 206 206 206 206 206 207 207 207 207 207 207 207 207 207 207 207 0 0 0 0 0 0 0 0 0 0 0 0 0 0 0 0 0 0 0 0 0 0 0 0 0 0 0 0 0 0 0 0 0 0 0 0 0 0 0 0 0 0 0 0 0 0 0 0 0 0 0 0 0 0 0 0 0 0 0 0 0 0 0 0 0 0 0 0 0 0 0 0 0 0 0 0 0 0 0 0 0 0 0 0 0 0 0 0 0 0 0 0 0 0 0 0 0 0 0 0 0 0 0 0 0 0 0 0 0 0 0 0 0 0 0 0 0 0 0 0 0 0 0 0 0 0 0 0 0 0 0 0 0 0 0 0 0 0 0 0 0 0 0 0 0 0 0 0 0 0 0 0 0 0 0 0 0 0 0 0 0 0 0 0 0 0 0 0 0 0 0 0 0 0 0 0 0 0 0 0 0 0 0 0 
0 0 0 0 0 0 0 0 0 0 0 0 0 0 0 0 0 0 0 0 0 0 0 0 0 0 0 0 0 0 0 0 0 178 178 178 178 178 178 179 179 179 179 179 179 180 180 180 180 180 180 180 180 180 181 181 181 181 181 181 181 181 182 182 182 182 182 182 183 183 183 183 183 183 183 184 184 184 184 184 184 184 184 185 185 185 185 185 185 186 186 186 186 186 186 186 187 187 187 187 187 187 187 188 188 188 188 188 188 188 188 189 189 189 189 189 190 189 190 190 190 190 190 190 190 191 191 191 191 191 191 191 192 192 192 192 192 192 192 192 192 193 193 193 193 193 193 193 194 194 194 194 194 194 194 194 194 194 195 195 195 195 195 195 195 195 195 195 195 196 196 196 196 196 196 196 196 196 196 196 197 197 197 197 197 197 197 197 197 198 198 198 198 198 198 198 198 198 198 198 199 199 199 199 199 199 199 199 199 199 199 199 200 200 200 200 200 200 200 200 200 200 200 200 200 201 201 201 201 201 201 201 201 201 201 201 201 202 202 202 202 202 203 203 203 203 203 203 203 203 203 203 203 203 203 203 204 204 204 204 204 204 204 204 204 204 204 204 204 205 205 205 205 205 205 205 205 205 205 205 205 205 205 205 205 206 206 206 206 206 206 206 206 206 206 206 206 206 206 206 206 206 206 206 206 206 206 206 206 207 207 207 207 207 207 207 207 207 207 0 0 0 0 0 0 0 0 0 0 0 0 0 0 0 0 0 0 0 0 0 0 0 0 0 0 0 0 0 0 0 0 0 0 0 0 0 0 0 0 0 0 0 0 0 0 0 0 0 0 0 0 0 0 0 0 0 0 0 0 0 0 0 0 0 0 0 0 0 0 0 0 0 0 0 0 0 0 0 0 0 0 0 0 0 0 0 0 0 0 0 0 0 0 0 0 0 0 0 0 0 0 0 0 0 0 0 0 0 0 0 0 0 0 0 0 0 0 0 0 0 0 0 0 0 0 0 0 0 0 0 0 0 0 0 0 0 0 0 0 0 0 0 0 0 0 0 0 0 0 0 0 0 0 0 0 0 0 0 0 0 0 0 0 0 0 0 0 0 0 0 0 0 0 0 0 0 0 0 0 0 0 0 0 
0 0 0 0 0 0 0 0 0 0 0 0 0 0 0 0 0 0 0 0 0 0 0 0 0 0 0 0 0 0 0 0 0 177 178 178 178 178 178 178 178 179 179 179 179 179 179 180 180 180 180 180 180 180 180 181 181 181 181 181 181 181 181 182 182 182 182 182 182 183 183 183 183 183 183 183 184 184 184 184 184 184 184 184 185 185 185 185 185 185 186 186 186 186 186 186 187 187 187 187 187 187 187 187 188 188 188 188 188 188 188 188 189 189 189 189 189 189 190 190 190 190 190 190 190 190 191 191 191 191 191 191 191 192 192 192 192 192 192 192 192 192 193 193 193 193 193 193 193 194 194 194 194 194 194 194 194 194 194 195 195 195 195 195 195 195 195 195 195 196 196 196 196 196 196 196 196 196 196 196 196 197 197 197 197 197 197 197 197 197 198 198 198 198 198 198 198 198 198 198 198 199 199 199 199 199 199 199 199 199 199 199 199 200 200 200 200 200 200 200 200 200 200 200 200 200 201 201 201 201 201 201 201 201 201 201 201 202 202 202 202 202 203 203 203 203 203 203 203 203 203 203 203 203 203 203 203 204 204 204 204 204 204 204 204 204 204 204 204 205 205 205 205 205 205 205 205 205 205 205 205 205 205 205 205 206 206 206 206 206 206 206 206 206 206 206 206 206 206 206 206 206 206 206 206 206 206 207 207 207 207 207 207 207 207 207 207 207 207 207 0 0 0 0 0 0 0 0 0 0 0 0 0 0 0 0 0 0 0 0 0 0 0 0 0 0 0 0 0 0 0 0 0 0 0 0 0 0 0 0 0 0 0 0 0 0 0 0 0 0 0 0 0 0 0 0 0 0 0 0 0 0 0 0 0 0 0 0 0 0 0 0 0 0 0 0 0 0 0 0 0 0 0 0 0 0 0 0 0 0 0 0 0 0 0 0 0 0 0 0 0 0 0 0 0 0 0 0 0 0 0 0 0 0 0 0 0 0 0 0 0 0 0 0 0 0 0 0 0 0 0 0 0 0 0 0 0 0 0 0 0 0 0 0 0 0 0 0 0 0 0 0 0 0 0 0 0 0 0 0 0 0 0 0 0 0 0 0 0 0 0 0 0 0 0 0 0 0 0 0 0 0 0 
0 0 0 0 0 0 0 0 0 0 0 0 0 0 0 0 0 0 0 0 0 0 0 0 0 0 0 0 0 0 0 0 0 0 177 177 178 178 178 178 178 178 179 179 179 179 179 179 180 180 180 180 180 180 180 180 181 181 181 181 181 181 181 182 182 182 182 182 182 182 183 183 183 183 183 183 183 184 184 184 184 184 184 184 184 185 185 185 185 185 185 185 186 186 186 186 186 187 187 187 187 187 187 187 187 188 188 188 188 188 188 188 189 189 189 189 189 189 189 190 190 190 190 190 190 190 191 191 191 191 191 191 191 191 191 192 192 192 192 192 192 192 193 193 193 193 193 193 193 193 194 194 194 194 194 194 194 194 194 194 195 195 195 195 195 195 195 195 195 195 196 196 196 196 196 196 196 196 196 196 196 196 197 197 197 197 197 197 197 197 197 198 198 198 198 198 198 198 198 198 198 198 199 199 199 199 199 199 199 199 199 199 199 200 200 200 200 200 200 200 200 200 200 200 200 200 200 201 201 201 201 201 201 201 201 201 201 201 202 202 202 202 203 203 203 203 203 203 203 203 203 203 203 203 203 203 203 203 204 204 204 204 204 204 204 204 204 204 204 204 205 205 205 205 205 205 205 205 205 205 205 205 205 205 205 205 205 206 206 206 206 206 206 206 206 206 206 206 206 206 206 206 206 206 206 206 207 207 207 207 207 207 207 207 207 207 207 207 207 0 0 0 0 0 0 0 0 0 0 0 0 0 0 0 0 0 0 0 0 0 0 0 0 0 0 0 0 0 0 0 0 0 0 0 0 0 0 0 0 0 0 0 0 0 0 0 0 0 0 0 0 0 0 0 0 0 0 0 0 0 0 0 0 0 0 0 0 0 0 0 0 0 0 0 0 0 0 0 0 0 0 0 0 0 0 0 0 0 0 0 0 0 0 0 0 0 0 0 0 0 0 0 0 0 0 0 0 0 0 0 0 0 0 0 0 0 0 0 0 0 0 0 0 0 0 0 0 0 0 0 0 0 0 0 0 0 0 0 0 0 0 0 0 0 0 0 0 0 0 0 0 0 0 0 0 0 0 0 0 0 0 0 0 0 0 0 0 0 0 0 0 0 0 0 0 0 0 0 0 0 0 0 0 
0 0 0 0 0 0 0 0 0 0 0 0 0 0 0 0 0 0 0 0 0 0 0 0 0 0 0 0 0 0 0 0 0 0 0 177 177 178 178 178 178 178 179 179 179 179 179 179 179 179 180 180 180 180 180 180 180 181 181 181 181 181 181 181 182 182 182 182 182 182 182 183 183 183 183 183 183 183 183 184 184 184 184 184 184 184 185 185 185 185 185 185 186 186 186 186 186 186 187 187 187 187 187 187 187 187 188 188 188 188 188 188 188 189 189 189 189 189 189 189 190 190 190 190 190 190 190 190 191 191 191 191 191 191 191 191 192 192 192 192 192 192 192 192 193 193 193 193 193 193 193 193 194 194 194 194 194 194 194 194 194 195 195 195 195 195 195 195 195 195 195 196 196 196 196 196 196 196 196 196 196 196 196 197 197 197 197 197 197 197 197 197 198 198 198 198 198 198 198 198 198 198 198 199 199 199 199 199 199 199 199 199 199 199 200 200 200 200 200 200 200 200 200 200 200 200 200 200 201 201 201 201 201 201 201 201 201 201 201 202 202 202 203 203 203 203 203 203 203 203 203 203 203 203 203 203 203 203 203 203 204 204 204 204 204 204 204 204 204 204 204 205 205 205 205 205 205 205 205 205 205 205 205 205 205 205 205 206 206 206 206 206 206 206 206 206 206 206 206 206 206 206 206 206 206 207 207 207 207 207 207 207 207 207 207 207 207 207 0 0 0 0 0 0 0 0 0 0 0 0 0 0 0 0 0 0 0 0 0 0 0 0 0 0 0 0 0 0 0 0 0 0 0 0 0 0 0 0 0 0 0 0 0 0 0 0 0 0 0 0 0 0 0 0 0 0 0 0 0 0 0 0 0 0 0 0 0 0 0 0 0 0 0 0 0 0 0 0 0 0 0 0 0 0 0 0 0 0 0 0 0 0 0 0 0 0 0 0 0 0 0 0 0 0 0 0 0 0 0 0 0 0 0 0 0 0 0 0 0 0 0 0 0 0 0 0 0 0 0 0 0 0 0 0 0 0 0 0 0 0 0 0 0 0 0 0 0 0 0 0 0 0 0 0 0 0 0 0 0 0 0 0 0 0 0 0 0 0 0 0 0 0 0 0 0 0 0 0 0 0 0 0 0 
0 0 0 0 0 0 0 0 0 0 0 0 0 0 0 0 0 0 0 0 0 0 0 0 0 0 0 0 0 0 0 0 0 0 177 177 177 177 177 178 178 178 178 178 179 179 179 179 179 179 179 180 180 180 180 180 180 180 181 181 181 181 181 181 181 181 182 182 182 182 182 182 182 183 183 183 183 183 183 183 184 184 184 184 184 184 184 184 185 185 185 185 186 186 186 186 186 186 186 187 187 187 187 187 187 187 187 188 188 188 188 188 188 188 189 189 189 189 189 189 189 189 190 190 190 190 190 190 190 191 191 191 191 191 191 191 191 192 192 192 192 192 192 192 192 193 193 193 193 193 193 193 193 194 194 194 194 194 194 194 194 194 194 195 195 195 195 195 195 195 195 195 196 196 196 196 196 196 196 196 196 196 196 196 197 197 197 197 197 197 197 197 198 198 198 198 198 198 198 198 198 198 198 198 199 199 199 199 199 199 199 199 199 199 199 200 200 200 200 200 200 200 200 200 200 200 200 200 200 201 201 201 201 201 201 201 201 201 201 201 202 202 203 203 203 203 203 203 203 203 203 203 203 203 203 203 203 203 203 203 203 204 204 204 204 204 204 204 204 204 204 204 204 205 205 205 205 205 205 205 205 205 205 205 205 205 205 205 205 206 206 206 206 206 206 206 206 206 206 206 206 206 206 206 206 206 206 206 207 207 207 207 207 207 207 207 207 0 0 0 0 0 0 0 0 0 0 0 0 0 0 0 0 0 0 0 0 0 0 0 0 0 0 0 0 0 0 0 0 0 0 0 0 0 0 0 0 0 0 0 0 0 0 0 0 0 0 0 0 0 0 0 0 0 0 0 0 0 0 0 0 0 0 0 0 0 0 0 0 0 0 0 0 0 0 0 0 0 0 0 0 0 0 0 0 0 0 0 0 0 0 0 0 0 0 0 0 0 0 0 0 0 0 0 0 0 0 0 0 0 0 0 0 0 0 0 0 0 0 0 0 0 0 0 0 0 0 0 0 0 0 0 0 0 0 0 0 0 0 0 0 0 0 0 0 0 0 0 0 0 0 0 0 0 0 0 0 0 0 0 0 0 0 0 0 0 0 0 0 0 0 0 0 0 0 0 0 0 0 0 0 0 0 
0 0 0 0 0 0 0 0 0 0 0 0 0 0 0 0 0 0 0 0 0 0 0 0 0 0 0 0 0 0 0 0 0 0 177 177 177 177 177 177 178 178 178 178 178 179 179 179 179 179 179 179 179 180 180 180 180 180 180 180 181 181 181 181 181 181 181 182 182 182 182 182 182 182 183 183 183 183 183 183 183 183 184 184 184 184 184 184 184 185 185 185 185 186 186 186 186 186 186 186 186 187 187 187 187 187 187 187 188 188 188 188 188 188 188 189 189 189 189 189 189 189 190 190 190 190 190 190 190 190 190 191 191 191 191 191 191 191 191 192 192 192 192 192 192 192 193 193 193 193 193 193 193 193 194 194 194 194 194 194 194 194 194 195 195 195 195 195 195 195 195 195 195 196 196 196 196 196 196 196 196 196 196 196 196 197 197 197 197 197 197 197 197 197 198 198 198 198 198 198 198 198 198 198 199 199 199 199 199 199 199 199 199 199 199 199 200 200 200 200 200 200 200 200 200 200 200 200 200 200 201 201 201 201 201 201 201 201 201 201 201 202 203 203 203 203 203 203 203 203 203 203 203 203 203 203 203 203 203 203 203 203 204 204 204 204 204 204 204 204 204 204 204 205 205 205 205 205 205 205 205 205 205 205 205 205 205 205 206 206 206 206 206 206 206 206 206 206 206 206 206 206 206 206 206 206 206 207 207 207 207 207 207 207 207 206 207 0 0 0 0 0 0 0 0 0 0 0 0 0 0 0 0 0 0 0 0 0 0 0 0 0 0 0 0 0 0 0 0 0 0 0 0 0 0 0 0 0 0 0 0 0 0 0 0 0 0 0 0 0 0 0 0 0 0 0 0 0 0 0 0 0 0 0 0 0 0 0 0 0 0 0 0 0 0 0 0 0 0 0 0 0 0 0 0 0 0 0 0 0 0 0 0 0 0 0 0 0 0 0 0 0 0 0 0 0 0 0 0 0 0 0 0 0 0 0 0 0 0 0 0 0 0 0 0 0 0 0 0 0 0 0 0 0 0 0 0 0 0 0 0 0 0 0 0 0 0 0 0 0 0 0 0 0 0 0 0 0 0 0 0 0 0 0 0 0 0 0 0 0 0 0 0 0 0 0 0 0 0 0 0 0 0 
0 0 0 0 0 0 0 0 0 0 0 0 0 0 0 0 0 0 0 0 0 0 0 0 0 0 0 0 0 0 0 0 0 0 176 177 177 177 177 177 177 177 178 178 178 178 178 179 179 179 179 179 179 179 180 180 180 180 180 180 180 181 181 181 181 181 181 181 182 182 182 182 182 182 182 183 183 183 183 183 183 183 183 184 184 184 184 184 184 184 185 185 185 185 185 186 186 186 186 186 186 186 187 187 187 187 187 187 187 188 188 188 188 188 188 188 188 189 189 189 189 189 189 190 190 190 190 190 190 190 190 190 191 191 191 191 191 191 191 191 192 192 192 192 192 192 193 193 193 193 193 193 193 193 193 193 194 194 194 194 194 194 194 194 194 195 195 195 195 195 195 195 195 195 196 196 196 196 196 196 196 196 196 196 196 196 197 197 197 197 197 197 197 197 198 198 198 198 198 198 198 198 198 198 198 199 199 199 199 199 199 199 199 199 199 199 199 200 200 200 200 200 200 200 200 200 200 200 200 200 200 201 201 201 201 201 201 201 201 201 201 202 202 203 203 203 203 203 203 203 203 203 203 203 203 203 203 203 203 204 203 204 203 204 204 204 204 204 204 204 204 204 204 204 205 205 205 205 205 205 205 205 205 205 205 205 205 205 205 206 206 206 206 206 206 206 206 206 206 206 206 206 206 206 206 206 206 207 207 207 206 206 206 206 206 206 0 0 0 0 0 0 0 0 0 0 0 0 0 0 0 0 0 0 0 0 0 0 0 0 0 0 0 0 0 0 0 0 0 0 0 0 0 0 0 0 0 0 0 0 0 0 0 0 0 0 0 0 0 0 0 0 0 0 0 0 0 0 0 0 0 0 0 0 0 0 0 0 0 0 0 0 0 0 0 0 0 0 0 0 0 0 0 0 0 0 0 0 0 0 0 0 0 0 0 0 0 0 0 0 0 0 0 0 0 0 0 0 0 0 0 0 0 0 0 0 0 0 0 0 0 0 0 0 0 0 0 0 0 0 0 0 0 0 0 0 0 0 0 0 0 0 0 0 0 0 0 0 0 0 0 0 0 0 0 0 0 0 0 0 0 0 0 0 0 0 0 0 0 0 0 0 0 0 0 0 0 0 0 0 0 0 0 
0 0 0 0 0 0 0 0 0 0 0 0 0 0 0 0 0 0 0 0 0 0 0 0 0 0 0 0 0 0 0 0 0 0 176 176 177 177 177 177 177 177 178 178 178 178 178 178 179 179 179 179 179 179 179 179 180 180 180 180 180 180 181 181 181 181 181 181 181 181 182 182 182 182 182 182 182 183 183 183 183 183 183 183 183 184 184 184 184 184 184 184 185 185 185 185 186 186 186 186 186 186 186 187 187 187 187 187 187 187 188 188 188 188 188 188 188 189 189 189 189 189 189 189 189 190 190 190 190 190 190 190 190 191 191 191 191 191 191 191 191 192 192 192 192 192 192 192 193 193 193 193 193 193 193 193 193 194 194 194 194 194 194 194 194 195 195 195 195 195 195 195 195 195 195 196 196 196 196 196 196 196 196 196 196 196 197 197 197 197 197 197 197 197 197 198 198 198 198 198 198 198 198 198 198 198 199 199 199 199 199 199 199 199 199 199 199 199 200 200 200 200 200 200 200 200 200 200 200 200 200 200 201 201 201 201 201 201 201 201 201 201 202 202 203 203 203 203 203 203 203 203 203 203 203 203 203 203 203 203 204 204 204 204 204 204 204 204 204 204 204 204 204 204 204 205 205 205 205 205 205 205 205 205 205 205 205 205 205 205 206 206 206 206 206 206 206 206 206 206 206 206 206 206 206 206 206 206 206 206 206 206 206 206 207 207 0 0 0 0 0 0 0 0 0 0 0 0 0 0 0 0 0 0 0 0 0 0 0 0 0 0 0 0 0 0 0 0 0 0 0 0 0 0 0 0 0 0 0 0 0 0 0 0 0 0 0 0 0 0 0 0 0 0 0 0 0 0 0 0 0 0 0 0 0 0 0 0 0 0 0 0 0 0 0 0 0 0 0 0 0 0 0 0 0 0 0 0 0 0 0 0 0 0 0 0 0 0 0 0 0 0 0 0 0 0 0 0 0 0 0 0 0 0 0 0 0 0 0 0 0 0 0 0 0 0 0 0 0 0 0 0 0 0 0 0 0 0 0 0 0 0 0 0 0 0 0 0 0 0 0 0 0 0 0 0 0 0 0 0 0 0 0 0 0 0 0 0 0 0 0 0 0 0 0 0 0 0 0 0 0 0 0 
0 0 0 0 0 0 0 0 0 0 0 0 0 0 0 0 0 0 0 0 0 0 0 0 0 0 0 0 0 0 0 0 0 176 176 176 176 177 177 177 177 177 178 178 178 178 178 178 178 178 179 179 179 179 179 179 179 180 180 180 180 180 180 180 181 181 181 181 181 181 181 182 182 182 182 182 182 182 183 183 183 183 183 183 183 183 184 184 184 184 184 184 185 185 185 185 185 186 186 186 186 186 186 186 187 187 187 187 187 187 187 188 188 188 188 188 188 188 188 189 189 189 189 189 189 189 190 190 190 190 190 190 190 190 190 191 191 191 191 191 191 191 192 192 192 192 192 192 192 193 193 193 193 193 193 193 193 193 194 194 194 194 194 194 194 194 194 195 195 195 195 195 195 195 195 195 196 196 196 196 196 196 196 196 196 196 196 197 197 197 197 197 197 197 197 197 198 198 198 198 198 198 198 198 198 198 198 199 199 199 199 199 199 199 199 199 199 199 199 200 200 200 200 200 200 200 200 200 200 200 200 200 201 201 201 201 201 201 201 201 201 201 202 202 203 203 203 203 203 203 203 203 203 203 203 203 203 203 203 203 203 204 204 204 204 204 204 204 204 204 204 204 204 204 204 204 205 205 205 205 205 205 205 205 205 205 205 205 205 205 206 206 206 206 206 206 206 206 206 206 206 206 206 206 206 206 206 206 206 206 206 206 207 207 207 0 0 0 0 0 0 0 0 0 0 0 0 0 0 0 0 0 0 0 0 0 0 0 0 0 0 0 0 0 0 0 0 0 0 0 0 0 0 0 0 0 0 0 0 0 0 0 0 0 0 0 0 0 0 0 0 0 0 0 0 0 0 0 0 0 0 0 0 0 0 0 0 0 0 0 0 0 0 0 0 0 0 0 0 0 0 0 0 0 0 0 0 0 0 0 0 0 0 0 0 0 0 0 0 0 0 0 0 0 0 0 0 0 0 0 0 0 0 0 0 0 0 0 0 0 0 0 0 0 0 0 0 0 0 0 0 0 0 0 0 0 0 0 0 0 0 0 0 0 0 0 0 0 0 0 0 0 0 0 0 0 0 0 0 0 0 0 0 0 0 0 0 0 0 0 0 0 0 0 0 0 0 0 0 0 0 0 0 
0 0 0 0 0 0 0 0 0 0 0 0 0 0 0 0 0 0 0 0 0 0 0 0 0 0 0 0 0 0 0 0 0 0 176 176 176 176 176 177 177 177 177 177 178 178 178 178 178 178 178 179 179 179 179 179 179 179 180 180 180 180 180 180 180 181 181 181 181 181 181 181 182 182 182 182 182 182 182 183 183 183 183 183 183 183 183 184 184 184 184 184 185 185 185 185 185 185 186 186 186 186 186 186 186 187 187 187 187 187 187 187 188 188 188 188 188 188 188 188 189 189 189 189 189 189 189 190 190 190 190 190 190 190 190 190 191 191 191 191 191 191 192 192 192 192 192 192 192 192 192 193 193 193 193 193 193 193 193 194 194 194 194 194 194 194 194 194 195 195 195 195 195 195 195 195 195 195 196 196 196 196 196 196 196 196 196 196 197 197 197 197 197 197 197 197 197 198 198 198 198 198 198 198 198 198 198 198 199 199 199 199 199 199 199 199 199 199 199 199 200 200 200 200 200 200 200 200 200 200 200 200 200 201 201 201 201 201 201 201 201 201 202 202 202 203 203 203 203 203 203 203 203 203 203 203 203 203 203 203 203 204 204 204 204 204 204 204 204 204 204 204 204 204 204 204 204 205 205 205 205 205 205 205 205 205 205 205 205 205 205 205 206 206 206 206 206 206 206 206 206 206 206 206 206 206 206 206 206 206 0 0 0 0 0 0 0 0 0 0 0 0 0 0 0 0 0 0 0 0 0 0 0 0 0 0 0 0 0 0 0 0 0 0 0 0 0 0 0 0 0 0 0 0 0 0 0 0 0 0 0 0 0 0 0 0 0 0 0 0 0 0 0 0 0 0 0 0 0 0 0 0 0 0 0 0 0 0 0 0 0 0 0 0 0 0 0 0 0 0 0 0 0 0 0 0 0 0 0 0 0 0 0 0 0 0 0 0 0 0 0 0 0 0 0 0 0 0 0 0 0 0 0 0 0 0 0 0 0 0 0 0 0 0 0 0 0 0 0 0 0 0 0 0 0 0 0 0 0 0 0 0 0 0 0 0 0 0 0 0 0 0 0 0 0 0 0 0 0 0 0 0 0 0 0 0 0 0 0 0 0 0 0 0 0 0 0 0 0 0 0 0 0 
0 0 0 0 0 0 0 0 0 0 0 0 0 0 0 0 0 0 0 0 0 0 0 0 0 0 0 0 0 0 0 0 0 0 176 176 176 176 176 176 177 177 177 177 177 177 178 178 178 178 178 178 178 179 179 179 179 179 179 180 180 180 180 180 180 180 181 181 181 181 181 181 181 182 182 182 182 182 182 182 182 183 183 183 183 183 183 183 184 184 184 184 185 185 185 185 185 185 185 186 186 186 186 186 186 186 187 187 187 187 187 187 187 187 188 188 188 188 188 188 188 189 189 189 189 189 189 189 190 190 190 190 190 190 190 190 191 191 191 191 191 191 191 192 192 192 192 192 192 192 192 193 193 193 193 193 193 193 193 193 194 194 194 194 194 194 194 194 194 195 195 195 195 195 195 195 195 195 196 196 196 196 196 196 196 196 196 196 197 197 197 197 197 197 197 197 197 197 198 198 198 198 198 198 198 198 198 198 198 199 199 199 199 199 199 199 199 199 199 199 199 200 200 200 200 200 200 200 200 200 200 200 200 200 201 201 201 201 201 201 201 201 202 202 202 202 203 203 203 203 203 203 203 203 203 203 203 203 203 203 203 203 204 204 204 204 204 204 204 204 204 204 204 204 204 204 204 205 205 205 205 205 205 205 205 205 205 205 205 205 205 205 206 206 206 206 206 206 206 206 206 206 206 206 206 0 0 0 0 0 0 0 0 0 0 0 0 0 0 0 0 0 0 0 0 0 0 0 0 0 0 0 0 0 0 0 0 0 0 0 0 0 0 0 0 0 0 0 0 0 0 0 0 0 0 0 0 0 0 0 0 0 0 0 0 0 0 0 0 0 0 0 0 0 0 0 0 0 0 0 0 0 0 0 0 0 0 0 0 0 0 0 0 0 0 0 0 0 0 0 0 0 0 0 0 0 0 0 0 0 0 0 0 0 0 0 0 0 0 0 0 0 0 0 0 0 0 0 0 0 0 0 0 0 0 0 0 0 0 0 0 0 0 0 0 0 0 0 0 0 0 0 0 0 0 0 0 0 0 0 0 0 0 0 0 0 0 0 0 0 0 0 0 0 0 0 0 0 0 0 0 0 0 0 0 0 0 0 0 0 0 0 0 0 0 0 0 0 0 0 0 0 0 
0 0 0 0 0 0 0 0 0 0 0 0 0 0 0 0 0 0 0 0 0 0 0 0 0 0 0 0 0 0 0 0 0 0 175 176 176 176 176 176 176 176 177 177 177 177 177 178 178 178 178 178 178 178 179 179 179 179 179 179 179 180 180 180 180 180 180 180 181 181 181 181 181 181 181 182 182 182 182 182 182 182 183 183 183 183 183 183 183 184 184 184 184 185 185 185 185 185 185 185 186 186 186 186 186 186 186 187 187 187 187 187 187 187 187 188 188 188 188 188 188 188 189 189 189 189 189 189 189 189 190 190 190 190 190 190 190 190 191 191 191 191 191 191 192 192 192 192 192 192 192 192 192 193 193 193 193 193 193 193 193 194 194 194 194 194 194 194 194 195 195 195 195 195 195 195 195 195 195 195 196 196 196 196 196 196 196 196 196 197 197 197 197 197 197 197 197 197 197 198 198 198 198 198 198 198 198 198 198 198 199 199 199 199 199 199 199 199 199 199 199 199 200 200 200 200 200 200 200 200 200 200 200 200 200 201 201 201 201 201 201 201 202 202 202 202 202 203 203 203 203 203 203 203 203 203 203 203 203 203 203 203 203 204 204 204 204 204 204 204 204 204 204 204 204 204 204 204 205 205 205 205 205 205 205 205 205 205 205 205 205 205 205 206 206 206 206 206 206 206 206 206 206 206 206 206 0 0 0 0 0 0 0 0 0 0 0 0 0 0 0 0 0 0 0 0 0 0 0 0 0 0 0 0 0 0 0 0 0 0 0 0 0 0 0 0 0 0 0 0 0 0 0 0 0 0 0 0 0 0 0 0 0 0 0 0 0 0 0 0 0 0 0 0 0 0 0 0 0 0 0 0 0 0 0 0 0 0 0 0 0 0 0 0 0 0 0 0 0 0 0 0 0 0 0 0 0 0 0 0 0 0 0 0 0 0 0 0 0 0 0 0 0 0 0 0 0 0 0 0 0 0 0 0 0 0 0 0 0 0 0 0 0 0 0 0 0 0 0 0 0 0 0 0 0 0 0 0 0 0 0 0 0 0 0 0 0 0 0 0 0 0 0 0 0 0 0 0 0 0 0 0 0 0 0 0 0 0 0 0 0 0 0 0 0 0 0 0 0 0 0 0 0 
0 0 0 0 0 0 0 0 0 0 0 0 0 0 0 0 0 0 0 0 0 0 0 0 0 0 0 0 0 0 0 0 0 0 175 175 175 176 176 176 176 176 177 177 177 177 177 177 177 178 178 178 178 178 178 178 179 179 179 179 179 179 180 180 180 180 180 180 180 181 181 181 181 181 181 181 182 182 182 182 182 182 182 183 183 183 183 183 183 183 184 184 184 184 185 185 185 185 185 185 185 186 186 186 186 186 186 186 187 187 187 187 187 187 187 187 188 188 188 188 188 188 188 188 189 189 189 189 189 189 189 190 190 190 190 190 190 190 190 191 191 191 191 191 191 192 192 192 192 192 192 192 192 192 193 193 193 193 193 193 193 193 194 194 194 194 194 194 194 194 195 195 195 195 195 195 195 195 195 195 195 196 196 196 196 196 196 196 196 197 197 197 197 197 197 197 197 197 197 197 198 198 198 198 198 198 198 198 198 198 198 199 199 199 199 199 199 199 199 199 199 199 200 200 200 200 200 200 200 200 200 200 200 200 200 200 201 201 201 201 201 201 202 202 202 202 202 202 203 203 203 203 203 203 203 203 203 203 203 203 203 203 203 204 204 204 204 204 204 204 204 204 204 204 204 204 204 204 204 205 205 205 205 205 205 205 205 205 205 205 205 205 205 205 206 206 206 206 206 206 206 206 206 206 206 206 206 206 0 0 0 0 0 0 0 0 0 0 0 0 0 0 0 0 0 0 0 0 0 0 0 0 0 0 0 0 0 0 0 0 0 0 0 0 0 0 0 0 0 0 0 0 0 0 0 0 0 0 0 0 0 0 0 0 0 0 0 0 0 0 0 0 0 0 0 0 0 0 0 0 0 0 0 0 0 0 0 0 0 0 0 0 0 0 0 0 0 0 0 0 0 0 0 0 0 0 0 0 0 0 0 0 0 0 0 0 0 0 0 0 0 0 0 0 0 0 0 0 0 0 0 0 0 0 0 0 0 0 0 0 0 0 0 0 0 0 0 0 0 0 0 0 0 0 0 0 0 0 0 0 0 0 0 0 0 0 0 0 0 0 0 0 0 0 0 0 0 0 0 0 0 0 0 0 0 0 0 0 0 0 0 0 0 0 0 0 0 0 0 0 0 0 0 
0 0 0 0 0 0 0 0 0 0 0 0 0 0 0 0 0 0 0 0 0 0 0 0 0 0 0 0 0 0 0 0 0 175 175 175 175 175 176 176 176 176 176 176 176 177 177 177 177 177 177 178 178 178 178 178 178 178 179 179 179 179 179 179 180 180 180 180 180 180 180 181 181 181 181 181 181 182 182 182 182 182 182 182 183 183 183 183 183 183 183 184 184 184 184 184 185 185 185 185 185 185 185 186 186 186 186 186 186 186 186 187 187 187 187 187 187 187 188 188 188 188 188 188 188 188 189 189 189 189 189 189 189 190 190 190 190 190 190 190 190 191 191 191 191 191 191 191 191 192 192 192 192 192 192 192 192 193 193 193 193 193 193 193 193 193 194 194 194 194 194 194 194 194 194 195 195 195 195 195 195 195 195 195 195 196 196 196 196 196 196 196 196 196 196 197 197 197 197 197 197 197 197 197 197 198 198 198 198 198 198 198 198 198 198 198 199 199 199 199 199 199 199 199 199 199 199 199 199 199 200 200 200 200 200 200 200 200 200 200 200 201 202 202 202 202 203 203 203 203 203 203 203 203 203 203 203 203 203 204 204 204 204 204 204 204 204 204 204 204 204 204 204 204 204 204 204 204 205 205 205 205 205 205 205 205 205 205 205 205 205 205 206 206 206 206 206 206 206 206 206 206 206 206 206 207 207 207 207 207 207 0 0 0 0 0 0 0 0 0 0 0 0 0 0 0 0 0 0 0 0 0 0 0 0 0 0 0 0 0 0 0 0 0 0 0 0 0 0 0 0 0 0 0 0 0 0 0 0 0 0 0 0 0 0 0 0 0 0 0 0 0 0 0 0 0 0 0 0 0 0 0 0 0 0 0 0 0 0 0 0 0 0 0 0 0 0 0 0 0 0 0 0 0 0 0 0 0 0 0 0 0 0 0 0 0 0 0 0 0 0 0 0 0 0 0 0 0 0 0 0 0 0 0 0 0 0 0 0 0 0 0 0 0 0 0 0 0 0 0 0 0 0 0 0 0 0 0 0 0 0 0 0 0 0 0 0 0 0 0 0 0 0 0 0 0 0 0 0 0 0 0 0 0 0 0 0 0 0 0 0 0 0 0 0 0 0 0 0 0 0 0 0 
0 0 0 0 0 0 0 0 0 0 0 0 0 0 0 0 0 0 0 0 0 0 0 0 0 0 0 0 0 0 0 174 174 175 175 175 175 175 175 176 176 176 176 176 176 176 177 177 177 177 177 177 178 178 178 178 178 178 178 179 179 179 179 179 179 180 180 180 180 180 180 180 181 181 181 181 181 181 181 182 182 182 182 182 182 183 183 183 183 183 183 183 184 184 184 184 184 184 185 185 185 185 185 185 185 186 186 186 186 186 186 186 187 187 187 187 187 187 187 188 188 188 188 188 188 188 188 188 189 189 189 189 189 189 189 190 190 190 190 190 190 190 191 191 191 191 191 191 191 191 192 192 192 192 192 192 192 192 193 193 193 193 193 193 193 193 193 194 194 194 194 194 194 194 194 194 194 195 195 195 195 195 195 195 195 195 196 196 196 196 196 196 196 196 196 196 197 197 197 197 197 197 197 197 197 197 198 198 198 198 198 198 198 198 198 198 198 199 199 199 199 199 199 199 199 199 199 199 199 199 200 200 200 200 200 200 200 200 200 200 200 200 202 202 202 202 202 203 203 203 203 203 203 203 203 203 203 203 203 203 203 204 204 204 204 204 204 204 204 204 204 204 204 204 204 204 204 204 204 205 205 205 205 205 205 205 205 205 205 205 205 205 206 206 206 206 206 206 206 206 206 206 206 206 206 207 207 207 207 207 207 0 0 0 0 0 0 0 0 0 0 0 0 0 0 0 0 0 0 0 0 0 0 0 0 0 0 0 0 0 0 0 0 0 0 0 0 0 0 0 0 0 0 0 0 0 0 0 0 0 0 0 0 0 0 0 0 0 0 0 0 0 0 0 0 0 0 0 0 0 0 0 0 0 0 0 0 0 0 0 0 0 0 0 0 0 0 0 0 0 0 0 0 0 0 0 0 0 0 0 0 0 0 0 0 0 0 0 0 0 0 0 0 0 0 0 0 0 0 0 0 0 0 0 0 0 0 0 0 0 0 0 0 0 0 0 0 0 0 0 0 0 0 0 0 0 0 0 0 0 0 0 0 0 0 0 0 0 0 0 0 0 0 0 0 0 0 0 0 0 0 0 0 0 0 0 0 0 0 0 0 0 0 0 0 0 0 0 0 0 0 0 0 
0 0 0 0 0 0 0 0 0 0 0 0 0 0 0 0 0 0 0 0 0 0 0 0 0 0 0 0 174 174 174 174 174 174 175 175 175 175 0 175 175 176 176 176 176 176 176 177 177 177 177 177 177 177 178 178 178 178 178 178 179 179 179 179 179 179 179 180 180 180 180 180 180 181 181 181 181 181 181 181 182 182 182 182 182 182 183 183 183 183 183 183 184 184 184 184 184 184 184 185 185 185 185 185 185 185 186 186 186 186 186 186 186 187 187 187 187 187 187 187 188 188 188 188 188 188 188 188 188 189 189 189 189 189 189 189 190 190 190 190 190 190 190 191 191 191 191 191 191 191 191 192 192 192 192 192 192 192 192 192 193 193 193 193 193 193 193 193 194 194 194 194 194 194 194 194 194 194 195 195 195 195 195 195 195 195 196 196 196 196 196 196 196 196 196 196 196 197 197 197 197 197 197 197 197 197 197 198 198 198 198 198 198 198 198 198 198 198 199 199 199 199 199 199 199 199 199 199 199 199 199 200 200 200 200 200 200 200 200 200 200 200 202 202 202 202 202 202 203 203 203 203 203 203 203 203 203 203 203 203 203 204 204 204 204 204 204 204 204 204 204 204 204 204 204 204 204 204 204 204 205 205 205 205 205 205 205 205 205 205 205 205 206 206 206 206 206 206 206 206 206 206 206 206 206 206 207 207 207 207 207 0 0 0 0 0 0 0 0 0 0 0 0 0 0 0 0 0 0 0 0 0 0 0 0 0 0 0 0 0 0 0 0 0 0 0 0 0 0 0 0 0 0 0 0 0 0 0 0 0 0 0 0 0 0 0 0 0 0 0 0 0 0 0 0 0 0 0 0 0 0 0 0 0 0 0 0 0 0 0 0 0 0 0 0 0 0 0 0 0 0 0 0 0 0 0 0 0 0 0 0 0 0 0 0 0 0 0 0 0 0 0 0 0 0 0 0 0 0 0 0 0 0 0 0 0 0 0 0 0 0 0 0 0 0 0 0 0 0 0 0 0 0 0 0 0 0 0 0 0 0 0 0 0 0 0 0 0 0 0 0 0 0 0 0 0 0 0 0 0 0 0 0 0 0 0 0 0 0 0 0 0 0 0 0 0 0 0 0 0 0 0 0 
0 0 0 0 0 0 0 0 0 0 0 0 0 0 0 0 0 0 0 0 0 0 0 0 0 0 0 0 0 0 0 0 0 0 174 174 0 0 0 0 175 175 176 176 176 176 176 176 177 177 177 177 177 177 177 178 178 178 178 178 178 179 179 179 179 179 179 179 180 180 180 180 180 180 181 181 181 181 181 181 181 182 182 182 182 182 182 182 183 183 183 183 183 184 184 184 184 184 184 184 185 185 185 185 185 185 185 186 186 186 186 186 186 186 187 187 187 187 187 187 187 188 188 188 188 188 188 188 188 189 189 189 189 189 189 189 189 190 190 190 190 190 190 190 191 191 191 191 191 191 191 191 192 192 192 192 192 192 192 192 193 193 193 193 193 193 193 193 193 194 194 194 194 194 194 194 194 194 195 195 195 195 195 195 195 195 195 196 196 196 196 196 196 196 196 196 196 196 197 197 197 197 197 197 197 197 197 197 198 198 198 198 198 198 198 198 198 198 198 199 199 199 199 199 199 199 199 199 199 199 199 200 200 200 200 200 200 200 200 200 200 200 202 202 202 202 202 202 202 203 203 203 203 203 203 203 203 203 203 203 203 203 204 204 204 204 204 204 204 204 204 204 204 204 204 204 204 204 204 204 204 205 205 205 205 205 205 205 205 205 205 205 206 206 206 206 206 206 206 206 206 206 206 206 206 206 207 207 207 207 207 0 0 0 0 0 0 0 0 0 0 0 0 0 0 0 0 0 0 0 0 0 0 0 0 0 0 0 0 0 0 0 0 0 0 0 0 0 0 0 0 0 0 0 0 0 0 0 0 0 0 0 0 0 0 0 0 0 0 0 0 0 0 0 0 0 0 0 0 0 0 0 0 0 0 0 0 0 0 0 0 0 0 0 0 0 0 0 0 0 0 0 0 0 0 0 0 0 0 0 0 0 0 0 0 0 0 0 0 0 0 0 0 0 0 0 0 0 0 0 0 0 0 0 0 0 0 0 0 0 0 0 0 0 0 0 0 0 0 0 0 0 0 0 0 0 0 0 0 0 0 0 0 0 0 0 0 0 0 0 0 0 0 0 0 0 0 0 0 0 0 0 0 0 0 0 0 0 0 0 0 0 0 0 0 0 0 0 0 0 0 0 0 
0 0 0 0 0 0 0 0 0 0 0 0 0 0 0 0 0 0 0 0 0 0 0 0 0 0 0 0 0 0 0 0 0 0 0 0 0 0 0 0 175 175 175 176 176 176 176 176 176 176 177 177 177 177 177 177 177 178 178 178 178 178 178 179 179 179 179 179 179 180 180 180 180 180 180 180 181 181 181 181 181 181 182 182 182 182 182 182 182 183 183 183 183 183 184 184 184 184 184 184 184 184 185 185 185 185 185 185 186 186 186 186 186 186 186 187 187 187 187 187 187 187 188 188 188 188 188 188 188 188 189 189 189 189 189 189 189 190 190 190 190 190 190 190 190 191 191 191 191 191 191 191 191 192 192 192 192 192 192 192 192 192 193 193 193 193 193 193 193 193 194 194 194 194 194 194 194 194 194 194 195 195 195 195 195 195 195 195 196 196 196 196 196 196 196 196 196 196 197 197 197 197 197 197 197 197 197 197 197 198 198 198 198 198 198 198 198 198 198 198 199 199 199 199 199 199 199 199 199 199 199 199 199 200 200 200 200 200 200 200 200 200 202 202 202 202 202 202 202 202 203 203 203 203 203 203 203 203 203 203 203 203 204 204 204 204 204 204 204 204 204 204 204 204 204 204 204 204 204 204 204 204 205 205 205 205 205 205 205 205 205 205 206 206 206 206 206 206 206 206 206 206 206 206 206 206 206 207 207 207 207 207 207 0 0 0 207 207 207 0 0 0 0 0 0 0 0 0 0 0 0 0 0 0 0 0 0 0 0 0 0 0 0 0 0 0 0 0 0 0 0 0 0 0 0 0 0 0 0 0 0 0 0 0 0 0 0 0 0 0 0 0 0 0 0 0 0 0 0 0 0 0 0 0 0 0 0 0 0 0 0 0 0 0 0 0 0 0 0 0 0 0 0 0 0 0 0 0 0 0 0 0 0 0 0 0 0 0 0 0 0 0 0 0 0 0 0 0 0 0 0 0 0 0 0 0 0 0 0 0 0 0 0 0 0 0 0 0 0 0 0 0 0 0 0 0 0 0 0 0 0 0 0 0 0 0 0 0 0 0 0 0 0 0 0 0 0 0 0 0 0 0 0 0 0 0 0 0 0 0 0 0 0 0 0 0 0 0 0 0 0 0 0 
0 0 0 0 0 0 0 0 0 0 0 0 0 0 0 0 0 0 0 0 0 0 0 0 0 0 0 0 0 0 0 0 0 0 0 0 0 0 0 0 0 175 175 175 175 176 176 176 176 176 176 177 177 177 177 177 177 177 178 178 178 178 178 178 179 179 179 179 179 179 180 180 180 180 180 180 180 181 181 181 181 181 181 182 182 182 182 182 182 182 183 183 183 183 183 183 184 184 184 184 184 184 185 185 185 185 185 185 185 186 186 186 186 186 186 186 187 187 187 187 187 187 187 188 188 188 188 188 188 188 188 189 189 189 189 189 189 189 190 190 190 190 190 190 190 190 191 191 191 191 191 191 191 191 192 192 192 192 192 192 192 192 192 193 193 193 193 193 193 193 193 194 194 194 194 194 194 194 194 194 195 195 195 195 195 195 195 195 195 196 196 196 196 196 196 196 196 196 196 197 197 197 197 197 197 197 197 197 197 197 198 198 198 198 198 198 198 198 198 198 198 199 199 199 199 199 199 199 199 199 199 199 199 199 200 200 200 200 200 200 200 200 202 202 202 202 202 202 202 202 202 203 203 203 203 203 203 203 203 203 203 203 203 204 204 204 204 204 204 204 204 204 204 204 204 204 204 204 204 205 205 204 205 205 205 205 205 205 205 205 205 205 205 205 206 206 206 206 206 206 206 206 206 206 206 206 206 207 207 207 207 207 207 207 207 207 207 207 207 207 207 0 0 0 0 0 0 0 0 0 0 0 0 0 0 0 0 0 0 0 0 0 0 0 0 0 0 0 0 0 0 0 0 0 0 0 0 0 0 0 0 0 0 0 0 0 0 0 0 0 0 0 0 0 0 0 0 0 0 0 0 0 0 0 0 0 0 0 0 0 0 0 0 0 0 0 0 0 0 0 0 0 0 0 0 0 0 0 0 0 0 0 0 0 0 0 0 0 0 0 0 0 0 0 0 0 0 0 0 0 0 0 0 0 0 0 0 0 0 0 0 0 0 0 0 0 0 0 0 0 0 0 0 0 0 0 0 0 0 0 0 0 0 0 0 0 0 0 0 0 0 0 0 0 0 0 0 0 0 0 0 0 0 0 0 0 0 0 0 0 0 0 0 0 0 0 0 0 0 0 0 0 0 
0 0 0 0 0 0 0 0 0 0 0 0 0 0 0 0 0 0 0 0 0 0 0 0 0 0 0 0 0 0 0 0 0 0 0 0 0 0 0 174 175 175 175 175 175 175 176 176 176 176 176 176 176 177 177 177 177 177 177 178 178 178 178 178 178 179 179 179 179 179 179 179 180 180 180 180 180 180 181 181 181 181 181 181 181 182 182 182 182 182 182 183 183 183 183 183 183 184 184 184 184 184 184 184 185 185 185 185 185 185 186 186 186 186 186 186 186 187 187 187 187 187 187 187 187 188 188 188 188 188 188 188 189 189 189 189 189 189 189 189 190 190 190 190 190 190 190 191 191 191 191 191 191 191 191 192 192 192 192 192 192 192 192 192 193 193 193 193 193 193 193 193 194 194 194 194 194 194 194 194 194 195 195 195 195 195 195 195 195 195 196 196 196 196 196 196 196 196 196 196 197 197 197 197 197 197 197 197 197 197 198 198 198 198 198 198 198 198 198 198 198 198 199 199 199 199 199 199 199 199 199 199 199 199 200 200 200 200 200 200 200 200 202 202 202 202 202 202 202 202 202 202 203 203 203 203 203 203 203 203 203 203 203 203 204 204 204 204 204 204 204 204 204 204 204 204 204 204 204 204 205 205 205 205 205 205 205 205 205 205 205 205 205 205 205 206 206 206 206 206 206 206 206 206 206 206 206 207 207 207 207 207 207 207 207 207 207 207 207 207 207 207 207 207 0 0 0 0 0 0 0 0 0 0 0 0 0 0 0 0 0 0 0 0 0 0 0 0 0 0 0 0 0 0 0 0 0 0 0 0 0 0 0 0 0 0 0 0 0 0 0 0 0 0 0 0 0 0 0 0 0 0 0 0 0 0 0 0 0 0 0 0 0 0 0 0 0 0 0 0 0 0 0 0 0 0 0 0 0 0 0 0 0 0 0 0 0 0 0 0 0 0 0 0 0 0 0 0 0 0 0 0 0 0 0 0 0 0 0 0 0 0 0 0 0 0 0 0 0 0 0 0 0 0 0 0 0 0 0 0 0 0 0 0 0 0 0 0 0 0 0 0 0 0 0 0 0 0 0 0 0 0 0 0 0 0 0 0 0 0 0 0 0 0 0 0 0 0 0 0 0 0 0 
0 0 0 0 0 0 0 0 0 0 0 0 0 0 0 0 0 0 0 0 0 0 0 0 0 0 0 0 0 0 0 0 0 0 0 0 0 174 174 174 174 175 175 175 175 175 175 176 176 176 176 176 176 176 177 177 177 177 177 177 177 178 178 178 178 178 179 179 179 179 179 179 179 180 180 180 180 180 180 181 181 181 181 181 181 181 182 182 182 182 182 182 183 183 183 183 183 183 184 184 184 184 184 184 184 185 185 185 185 185 185 185 186 186 186 186 186 186 186 187 187 187 187 187 187 187 188 188 188 188 188 188 188 189 189 189 189 189 189 189 189 190 190 190 190 190 190 190 191 191 191 191 191 191 191 191 192 192 192 192 192 192 192 192 192 193 193 193 193 193 193 193 193 194 194 194 194 194 194 194 194 194 195 195 195 195 195 195 195 195 195 196 196 196 196 196 196 196 196 196 196 197 197 197 197 197 197 197 197 197 197 197 198 198 198 198 198 198 198 198 198 198 198 199 199 199 199 199 199 199 199 199 199 199 199 200 200 200 200 200 200 200 202 202 202 202 202 202 202 202 202 202 202 203 203 203 203 203 203 203 203 203 203 203 204 204 204 204 204 204 204 204 204 204 204 204 204 204 204 204 204 205 205 205 205 205 205 205 205 205 205 205 205 205 205 206 206 206 206 206 206 206 206 206 206 206 206 207 207 207 207 207 207 207 207 207 207 207 207 207 207 207 207 207 207 207 207 0 0 0 0 0 0 0 0 0 0 0 0 0 0 0 0 0 0 0 0 0 0 0 0 0 0 0 0 0 0 0 0 0 0 0 0 0 0 0 0 0 0 0 0 0 0 0 0 0 0 0 0 0 0 0 0 0 0 0 0 0 0 0 0 0 0 0 0 0 0 0 0 0 0 0 0 0 0 0 0 0 0 0 0 0 0 0 0 0 0 0 0 0 0 0 0 0 0 0 0 0 0 0 0 0 0 0 0 0 0 0 0 0 0 0 0 0 0 0 0 0 0 0 0 0 0 0 0 0 0 0 0 0 0 0 0 0 0 0 0 0 0 0 0 0 0 0 0 0 0 0 0 0 0 0 0 0 0 0 0 0 0 0 0 0 0 0 0 0 0 0 0 0 0 0 0 
0 0 0 0 0 0 0 0 0 0 0 0 0 0 0 0 0 0 0 0 0 0 0 0 0 0 0 0 0 0 0 0 0 0 173 173 173 174 174 174 174 174 174 175 175 175 175 175 176 176 176 176 176 176 176 176 177 177 177 177 177 177 178 178 178 178 178 178 179 179 179 179 179 179 180 180 180 180 180 180 181 181 181 181 181 181 181 182 182 182 182 182 183 183 183 183 183 183 183 184 184 184 184 184 184 184 185 185 185 185 185 185 185 186 186 186 186 186 186 186 187 187 187 187 187 187 187 188 188 188 188 188 188 188 189 189 189 189 189 189 189 189 190 190 190 190 190 190 190 191 191 191 191 191 191 191 191 192 192 192 192 192 192 192 192 192 193 193 193 193 193 193 193 193 193 194 194 194 194 194 194 194 194 195 195 195 195 195 195 195 195 195 195 196 196 196 196 196 196 196 196 196 197 197 197 197 197 197 197 197 197 197 197 198 198 198 198 198 198 198 198 198 198 198 199 199 199 199 199 199 199 199 199 199 199 199 200 200 200 200 200 200 202 202 202 202 202 202 202 202 202 202 202 202 203 203 203 203 203 203 203 203 203 203 203 204 204 204 204 204 204 204 204 204 204 204 204 204 204 204 204 204 205 205 205 205 205 205 205 205 205 204 205 205 205 206 206 206 206 206 206 206 206 206 206 206 206 207 207 207 207 207 207 207 207 207 207 207 207 207 207 207 207 207 207 208 208 208 0 0 0 0 0 0 0 0 0 0 0 0 0 0 0 0 0 0 0 0 0 0 0 0 0 0 0 0 0 0 0 0 0 0 0 0 0 0 0 0 0 0 0 0 0 0 0 0 0 0 0 0 0 0 0 0 0 0 0 0 0 0 0 0 0 0 0 0 0 0 0 0 0 0 0 0 0 0 0 0 0 0 0 0 0 0 0 0 0 0 0 0 0 0 0 0 0 0 0 0 0 0 0 0 0 0 0 0 0 0 0 0 0 0 0 0 0 0 0 0 0 0 0 0 0 0 0 0 0 0 0 0 0 0 0 0 0 0 0 0 0 0 0 0 0 0 0 0 0 0 0 0 0 0 0 0 0 0 0 0 0 0 0 0 0 0 0 0 0 0 0 0 0 0 0 
0 0 0 0 0 0 0 0 0 0 0 0 0 0 0 0 0 0 0 0 0 0 0 0 171 172 0 0 0 0 0 0 173 173 173 173 173 173 174 174 174 174 174 0 0 175 175 175 175 175 176 176 176 176 176 176 176 177 177 177 177 177 178 178 178 178 178 178 178 179 179 179 179 179 179 180 180 180 180 180 180 180 181 181 181 181 181 181 182 182 182 182 182 182 183 183 183 183 183 183 184 184 184 184 184 184 184 185 185 185 185 185 185 185 186 186 186 186 186 186 186 187 187 187 187 187 187 187 188 188 188 188 188 188 188 189 189 189 189 189 189 189 189 190 190 190 190 190 190 190 191 191 191 191 191 191 191 191 192 192 192 192 192 192 192 192 192 193 193 193 193 193 193 193 193 193 194 194 194 194 194 194 194 194 195 195 195 195 195 195 195 195 195 196 196 196 196 196 196 196 196 196 197 197 197 197 197 197 197 197 197 197 197 198 198 198 198 198 198 198 198 198 198 198 198 199 199 199 199 199 199 199 199 199 199 199 200 200 200 200 200 200 202 202 202 202 202 202 202 202 202 202 202 202 202 203 203 203 203 203 203 203 203 203 203 204 204 204 204 204 204 204 204 204 204 204 204 204 204 204 204 204 204 205 205 205 205 205 205 205 204 204 205 205 206 206 206 206 206 206 206 206 206 206 206 206 206 206 207 207 207 207 207 207 207 207 207 207 207 207 207 207 207 207 208 208 208 207 207 0 0 0 0 0 0 0 0 0 0 0 0 0 0 0 0 0 0 0 0 0 0 0 0 0 0 0 0 0 0 0 0 0 0 0 0 0 0 0 0 0 0 0 0 0 0 0 0 0 0 0 0 0 0 0 0 0 0 0 0 0 0 0 0 0 0 0 0 0 0 0 0 0 0 0 0 0 0 0 0 0 0 0 0 0 0 0 0 0 0 0 0 0 0 0 0 0 0 0 0 0 0 0 0 0 0 0 0 0 0 0 0 0 0 0 0 0 0 0 0 0 0 0 0 0 0 0 0 0 0 0 0 0 0 0 0 0 0 0 0 0 0 0 0 0 0 0 0 0 0 0 0 0 0 0 0 0 0 0 0 0 0 0 0 0 0 0 0 0 0 0 0 0 0 
0 0 0 0 0 0 0 0 0 0 0 0 0 0 0 0 0 0 0 0 0 0 171 171 171 171 172 0 0 0 0 0 172 173 173 173 173 173 173 174 174 0 0 0 0 0 175 175 175 175 175 175 0 176 176 176 176 176 177 177 177 177 177 177 178 178 178 178 178 178 179 179 179 179 179 179 180 180 180 180 180 180 181 181 181 181 181 181 181 182 182 182 182 182 182 183 183 183 183 183 183 183 184 184 184 184 184 184 185 185 185 185 185 185 185 186 186 186 186 186 186 186 187 187 187 187 187 187 187 188 188 188 188 188 188 188 189 189 189 189 189 189 189 189 190 190 190 190 190 190 190 191 191 191 191 191 191 191 191 192 192 192 192 192 192 192 192 192 193 193 193 193 193 193 193 193 194 194 194 194 194 194 194 194 194 195 195 195 195 195 195 195 195 195 196 196 196 196 196 196 196 196 196 197 197 197 197 197 197 197 197 197 197 197 198 198 198 198 198 198 198 198 198 198 198 199 199 199 199 199 199 199 199 199 199 199 199 200 200 200 200 200 201 202 202 202 202 202 202 202 202 202 202 202 202 202 203 203 203 203 203 203 203 203 203 203 204 204 204 204 204 204 204 204 204 204 204 204 204 204 204 204 204 205 205 205 205 204 204 204 204 205 205 205 206 206 206 206 206 206 206 206 206 206 206 206 206 206 206 206 207 207 207 207 207 207 207 207 207 207 207 207 207 207 207 207 207 207 207 0 0 0 0 0 0 0 0 0 0 0 0 0 0 0 0 0 0 0 0 0 0 0 0 0 0 0 0 0 0 0 0 0 0 0 0 0 0 0 0 0 0 0 0 0 0 0 0 0 0 0 0 0 0 0 0 0 0 0 0 0 0 0 0 0 0 0 0 0 0 0 0 0 0 0 0 0 0 0 0 0 0 0 0 0 0 0 0 0 0 0 0 0 0 0 0 0 0 0 0 0 0 0 0 0 0 0 0 0 0 0 0 0 0 0 0 0 0 0 0 0 0 0 0 0 0 0 0 0 0 0 0 0 0 0 0 0 0 0 0 0 0 0 0 0 0 0 0 0 0 0 0 0 0 0 0 0 0 0 0 0 0 0 0 0 0 0 0 0 0 0 0 0 0 
0 0 0 0 0 0 0 0 0 0 0 0 0 0 0 0 0 0 0 0 0 170 171 171 171 171 171 171 172 0 0 172 172 172 173 173 173 173 173 173 0 0 0 0 0 0 0 175 175 175 0 0 0 0 0 0 0 0 0 0 177 177 177 177 177 178 178 178 178 178 178 179 179 179 179 179 179 179 180 180 180 180 180 180 181 181 181 181 181 181 182 182 182 182 182 182 183 183 183 183 183 183 184 184 184 184 184 184 184 185 185 185 185 185 185 185 186 186 186 186 186 186 186 187 187 187 187 187 187 187 188 188 188 188 188 188 188 189 189 189 189 189 189 189 189 190 190 190 190 190 190 190 191 191 191 191 191 191 191 191 192 192 192 192 192 192 192 192 193 193 193 193 193 193 193 193 193 194 194 194 194 194 194 194 194 194 195 195 195 195 195 195 195 195 196 196 196 196 196 196 196 196 196 196 197 197 197 197 197 197 197 197 197 197 197 198 198 198 198 198 198 198 198 198 198 198 199 199 199 199 199 199 199 199 199 199 199 199 199 200 200 200 201 201 201 202 202 202 202 202 202 202 202 202 202 202 202 203 203 203 203 203 203 203 203 203 203 204 204 204 204 204 204 204 204 204 204 204 204 204 204 204 204 204 205 205 205 204 204 204 204 205 205 205 205 205 206 206 206 206 206 206 206 206 206 206 206 206 206 206 206 206 206 206 206 207 207 207 207 207 207 207 207 207 207 207 207 207 207 0 0 0 0 0 0 0 0 0 0 0 0 0 0 0 0 0 0 0 0 0 0 0 0 0 0 0 0 0 0 0 0 0 0 0 0 0 0 0 0 0 0 0 0 0 0 0 0 0 0 0 0 0 0 0 0 0 0 0 0 0 0 0 0 0 0 0 0 0 0 0 0 0 0 0 0 0 0 0 0 0 0 0 0 0 0 0 0 0 0 0 0 0 0 0 0 0 0 0 0 0 0 0 0 0 0 0 0 0 0 0 0 0 0 0 0 0 0 0 0 0 0 0 0 0 0 0 0 0 0 0 0 0 0 0 0 0 0 0 0 0 0 0 0 0 0 0 0 0 0 0 0 0 0 0 0 0 0 0 0 0 0 0 0 0 0 0 0 0 0 0 0 0 0 
0 0 0 0 0 0 0 0 0 0 0 0 0 0 0 0 0 0 0 0 0 170 170 171 171 171 171 171 171 172 172 172 172 172 172 173 173 0 0 0 0 0 0 0 0 0 0 0 0 0 0 0 0 0 0 0 0 0 0 0 0 0 177 177 177 177 178 178 178 178 178 178 179 179 179 179 179 179 179 180 180 180 180 180 180 181 181 181 181 181 181 182 182 182 182 182 182 183 183 183 183 183 183 184 184 184 184 184 184 184 185 185 185 185 185 185 185 186 186 186 186 186 186 186 187 187 187 187 187 187 187 188 188 188 188 188 188 188 189 189 189 189 189 189 189 189 190 190 190 190 190 190 190 191 191 191 191 191 191 191 191 192 192 192 192 192 192 192 192 193 193 193 193 193 193 193 193 193 194 194 194 194 194 194 194 194 194 195 195 195 195 195 195 195 195 196 196 196 196 196 196 196 196 196 196 197 197 197 197 197 197 197 197 197 197 197 198 198 198 198 198 198 198 198 198 198 198 199 199 199 199 199 199 199 199 199 199 199 199 199 200 200 201 201 201 201 202 202 202 202 202 202 202 202 202 202 202 202 202 203 203 203 203 203 203 203 203 203 203 204 204 204 204 204 204 204 204 204 204 204 204 204 204 204 204 204 204 204 204 204 204 205 205 205 205 205 206 206 206 206 206 206 206 206 206 206 206 206 206 206 206 206 206 207 207 207 207 207 207 207 207 207 207 207 207 207 207 207 207 0 0 0 0 0 0 0 0 0 0 0 0 0 0 0 0 0 0 0 0 0 0 0 0 0 0 0 0 0 0 0 0 0 0 0 0 0 0 0 0 0 0 0 0 0 0 0 0 0 0 0 0 0 0 0 0 0 0 0 0 0 0 0 0 0 0 0 0 0 0 0 0 0 0 0 0 0 0 0 0 0 0 0 0 0 0 0 0 0 0 0 0 0 0 0 0 0 0 0 0 0 0 0 0 0 0 0 0 0 0 0 0 0 0 0 0 0 0 0 0 0 0 0 0 0 0 0 0 0 0 0 0 0 0 0 0 0 0 0 0 0 0 0 0 0 0 0 0 0 0 0 0 0 0 0 0 0 0 0 0 0 0 0 0 0 0 0 0 0 0 0 0 0 0 
0 0 0 0 0 0 0 0 0 0 0 0 0 0 0 0 0 0 0 0 0 0 170 170 170 171 171 171 171 171 172 172 172 172 172 172 0 0 0 0 0 0 0 0 0 0 0 0 0 0 0 0 0 0 0 0 0 0 0 0 0 0 0 0 177 177 177 178 178 178 178 178 178 178 179 179 179 179 179 179 180 180 180 180 180 180 181 181 181 181 181 181 182 182 182 182 182 182 183 183 183 183 183 183 183 184 184 184 184 184 184 184 185 185 185 185 185 185 185 186 186 186 186 186 186 187 187 187 187 187 187 187 188 188 188 188 188 188 188 189 189 189 189 189 189 189 189 190 190 190 190 190 190 190 191 191 191 191 191 191 191 191 191 192 192 192 192 192 192 192 193 193 193 193 193 193 193 193 193 194 194 194 194 194 194 194 194 195 195 195 195 195 195 195 195 195 196 196 196 196 196 196 196 196 196 196 197 197 197 197 197 197 197 197 197 197 197 198 198 198 198 198 198 198 198 198 198 198 199 199 199 199 199 199 199 199 199 199 199 199 199 200 201 201 201 201 202 202 202 202 202 202 202 202 202 202 202 202 202 202 203 203 203 203 203 203 203 203 203 203 204 204 204 204 204 204 204 204 204 204 204 204 204 204 204 204 204 204 204 204 204 205 205 205 205 205 205 206 206 206 206 206 206 206 206 206 206 206 206 206 206 206 207 207 207 207 207 207 207 207 207 207 207 207 207 207 0 0 0 0 0 0 0 0 0 0 0 0 0 0 0 0 0 0 0 0 0 0 0 0 0 0 0 0 0 0 0 0 0 0 0 0 0 0 0 0 0 0 0 0 0 0 0 0 0 0 0 0 0 0 0 0 0 0 0 0 0 0 0 0 0 0 0 0 0 0 0 0 0 0 0 0 0 0 0 0 0 0 0 0 0 0 0 0 0 0 0 0 0 0 0 0 0 0 0 0 0 0 0 0 0 0 0 0 0 0 0 0 0 0 0 0 0 0 0 0 0 0 0 0 0 0 0 0 0 0 0 0 0 0 0 0 0 0 0 0 0 0 0 0 0 0 0 0 0 0 0 0 0 0 0 0 0 0 0 0 0 0 0 0 0 0 0 0 0 0 0 0 0 0 0 0 0 
0 0 0 0 0 0 0 0 0 0 0 0 0 0 0 0 0 0 0 0 0 0 0 170 170 170 171 171 171 171 171 171 172 0 0 0 0 0 0 0 0 0 0 0 0 0 0 0 0 0 0 0 0 0 0 0 0 0 0 0 0 0 0 0 0 0 177 177 177 178 178 178 178 178 178 179 179 179 179 179 179 180 180 180 180 180 180 181 181 181 181 181 182 182 182 182 182 182 182 183 183 183 183 183 183 183 184 184 184 184 184 184 184 185 185 185 185 185 185 186 186 186 186 186 186 186 187 187 187 187 187 187 187 188 188 188 188 188 188 188 188 189 189 189 189 189 189 189 190 190 190 190 190 190 190 191 191 191 191 191 191 191 191 192 192 192 192 192 192 192 192 193 193 193 193 193 193 193 193 193 194 194 194 194 194 194 194 194 195 195 195 195 195 195 195 195 195 196 196 196 196 196 196 196 196 196 197 197 197 197 197 197 197 197 197 197 197 197 198 198 198 198 198 198 198 198 198 198 199 199 199 199 199 199 199 199 199 199 199 199 199 199 201 201 201 201 201 202 202 202 202 202 202 202 202 202 202 202 202 202 202 203 203 203 203 203 203 203 203 203 203 204 204 204 204 204 204 204 204 204 204 204 204 204 204 204 204 204 204 205 205 205 205 205 205 205 205 205 206 206 205 206 206 206 206 206 206 206 206 206 206 206 206 207 207 207 207 207 207 207 207 207 207 0 0 0 0 0 0 0 0 0 0 0 0 0 0 0 0 0 0 0 0 0 0 0 0 0 0 0 0 0 0 0 0 0 0 0 0 0 0 0 0 0 0 0 0 0 0 0 0 0 0 0 0 0 0 0 0 0 0 0 0 0 0 0 0 0 0 0 0 0 0 0 0 0 0 0 0 0 0 0 0 0 0 0 0 0 0 0 0 0 0 0 0 0 0 0 0 0 0 0 0 0 0 0 0 0 0 0 0 0 0 0 0 0 0 0 0 0 0 0 0 0 0 0 0 0 0 0 0 0 0 0 0 0 0 0 0 0 0 0 0 0 0 0 0 0 0 0 0 0 0 0 0 0 0 0 0 0 0 0 0 0 0 0 0 0 0 0 0 0 0 0 0 0 0 0 0 0 0 0 0 
0 0 0 0 0 0 0 0 0 0 0 0 0 0 0 0 0 0 0 0 0 0 0 0 170 170 170 171 171 171 171 171 0 0 0 0 0 0 0 0 0 0 0 0 0 0 0 0 0 0 0 0 0 0 0 0 0 0 0 0 0 0 0 0 0 0 177 177 177 177 178 178 178 178 178 178 179 179 179 179 179 179 180 180 180 180 180 180 180 181 181 181 181 181 182 182 182 182 182 182 183 183 183 183 183 183 183 184 184 184 184 184 184 184 185 185 185 185 185 185 186 186 186 186 186 186 186 187 187 187 187 187 187 187 188 188 188 188 188 188 188 188 189 189 189 189 189 189 189 190 190 190 190 190 190 190 191 191 191 191 191 191 191 191 192 192 192 192 192 192 192 192 193 193 193 193 193 193 193 193 193 194 194 194 194 194 194 194 194 194 195 195 195 195 195 195 195 195 196 196 196 196 196 196 196 196 196 197 197 197 197 197 197 197 197 197 197 197 198 198 198 198 198 198 198 198 198 198 198 199 199 199 199 199 199 199 199 199 199 199 199 199 201 201 201 201 201 201 202 202 202 202 202 202 202 202 202 202 202 202 202 202 203 203 203 203 203 203 203 203 203 203 204 204 204 204 204 204 204 204 204 204 204 204 204 204 204 204 204 205 205 205 205 205 205 205 205 205 205 205 206 206 206 206 206 206 206 206 206 206 206 206 0 206 206 0 0 206 0 207 0 0 0 0 0 0 0 0 0 0 0 0 0 0 0 0 0 0 0 0 0 0 0 0 0 0 0 0 0 0 0 0 0 0 0 0 0 0 0 0 0 0 0 0 0 0 0 0 0 0 0 0 0 0 0 0 0 0 0 0 0 0 0 0 0 0 0 0 0 0 0 0 0 0 0 0 0 0 0 0 0 0 0 0 0 0 0 0 0 0 0 0 0 0 0 0 0 0 0 0 0 0 0 0 0 0 0 0 0 0 0 0 0 0 0 0 0 0 0 0 0 0 0 0 0 0 0 0 0 0 0 0 0 0 0 0 0 0 0 0 0 0 0 0 0 0 0 0 0 0 0 0 0 0 0 0 0 0 0 0 0 0 0 0 0 0 0 0 0 0 0 0 0 0 0 0 0 0 0 0 0 0 0 
0 0 0 0 0 0 0 0 0 0 0 0 0 0 0 0 0 0 0 0 0 0 0 0 170 170 170 170 171 171 0 0 0 0 0 0 0 0 0 0 0 0 0 0 0 0 0 0 0 0 0 0 0 0 0 0 0 0 0 0 0 0 0 0 0 177 177 177 177 177 177 178 178 178 178 178 178 179 179 179 179 179 179 180 180 180 180 180 180 180 181 181 181 181 181 182 182 182 182 182 182 182 183 183 183 183 183 183 184 184 184 184 184 184 184 185 185 185 185 185 185 186 186 186 186 186 186 186 187 187 187 187 187 187 187 188 188 188 188 188 188 188 189 189 189 189 189 189 189 189 190 190 190 190 190 190 190 191 191 191 191 191 191 191 191 192 192 192 192 192 192 192 192 193 193 193 193 193 193 193 193 194 194 194 194 194 194 194 194 194 194 195 195 195 195 195 195 195 195 196 196 196 196 196 196 196 196 196 196 197 197 197 197 197 197 197 197 197 197 198 198 198 198 198 198 198 198 198 198 198 198 199 199 199 199 199 199 199 199 199 199 199 201 201 201 201 201 201 201 202 202 202 202 202 202 202 202 202 202 202 202 202 203 203 203 203 203 203 203 203 203 203 203 204 204 204 204 204 204 204 204 204 204 204 204 204 204 204 204 205 205 205 205 205 205 205 205 205 205 205 206 206 206 206 206 206 0 0 0 0 0 0 0 0 0 0 0 0 0 0 0 0 0 0 0 0 0 0 0 0 0 0 0 0 0 0 0 0 0 0 0 0 0 0 0 0 0 0 0 0 0 0 0 0 0 0 0 0 0 0 0 0 0 0 0 0 0 0 0 0 0 0 0 0 0 0 0 0 0 0 0 0 0 0 0 0 0 0 0 0 0 0 0 0 0 0 0 0 0 0 0 0 0 0 0 0 0 0 0 0 0 0 0 0 0 0 0 0 0 0 0 0 0 0 0 0 0 0 0 0 0 0 0 0 0 0 0 0 0 0 0 0 0 0 0 0 0 0 0 0 0 0 0 0 0 0 0 0 0 0 0 0 0 0 0 0 0 0 0 0 0 0 0 0 0 0 0 0 0 0 0 0 0 0 0 0 0 0 0 0 0 0 0 0 0 0 0 0 0 0 0 0 0 
0 0 0 0 0 0 0 0 0 0 0 0 0 0 0 0 0 0 0 0 0 0 0 0 0 0 0 0 0 0 0 0 0 0 0 0 0 0 0 0 0 0 0 0 0 0 0 0 0 0 0 0 0 0 0 0 0 0 0 0 0 0 0 0 176 176 177 177 177 177 177 177 178 178 178 178 178 178 179 179 179 179 179 179 180 180 180 180 180 180 180 181 181 181 181 181 182 182 182 182 182 182 182 183 183 183 183 183 183 183 184 184 184 184 184 184 185 185 185 185 185 185 186 186 186 186 186 186 186 187 187 187 187 187 187 187 188 188 188 188 188 188 188 189 189 189 189 189 189 189 189 190 190 190 190 190 190 190 191 191 191 191 191 191 191 191 192 192 192 192 192 192 192 192 192 193 193 193 193 193 193 193 194 194 194 194 194 194 194 194 194 194 195 195 195 195 195 195 195 196 196 196 196 196 196 196 196 196 196 196 196 196 197 197 197 197 197 197 197 197 198 198 198 198 198 198 198 198 198 198 198 199 199 199 199 199 199 199 199 199 199 199 201 201 201 201 201 201 201 202 202 202 202 202 202 202 202 202 202 202 202 202 203 203 203 203 203 203 203 203 203 203 203 203 204 204 204 204 204 204 204 204 204 204 204 204 204 204 204 204 205 205 205 205 205 205 205 205 205 205 206 206 206 206 206 0 0 0 0 0 0 0 0 0 0 0 0 0 0 0 0 0 0 0 0 0 0 0 0 0 0 0 0 0 0 0 0 0 0 0 0 0 0 0 0 0 0 0 0 0 0 0 0 0 0 0 0 0 0 0 0 0 0 0 0 0 0 0 0 0 0 0 0 0 0 0 0 0 0 0 0 0 0 0 0 0 0 0 0 0 0 0 0 0 0 0 0 0 0 0 0 0 0 0 0 0 0 0 0 0 0 0 0 0 0 0 0 0 0 0 0 0 0 0 0 0 0 0 0 0 0 0 0 0 0 0 0 0 0 0 0 0 0 0 0 0 0 0 0 0 0 0 0 0 0 0 0 0 0 0 0 0 0 0 0 0 0 0 0 0 0 0 0 0 0 0 0 0 0 0 0 0 0 0 0 0 0 0 0 0 0 0 0 0 0 0 0 0 0 0 0 0 0 
0 0 0 0 0 0 0 0 0 0 0 0 0 0 0 0 0 0 0 0 0 0 0 0 0 0 0 0 0 0 0 0 0 0 0 0 0 0 0 0 0 0 0 0 0 0 0 0 0 0 0 0 0 0 0 0 0 0 0 0 0 0 0 0 176 176 176 177 177 177 177 177 177 178 178 178 178 178 178 179 179 179 179 179 179 179 180 180 180 180 180 180 181 181 181 181 181 182 182 182 182 182 182 182 183 183 183 183 183 183 183 184 184 184 184 184 184 185 185 185 185 185 185 186 186 186 186 186 186 186 187 187 187 187 187 187 187 188 188 188 188 188 188 188 189 189 189 189 189 189 189 189 190 190 190 190 190 190 190 191 191 191 191 191 191 191 191 192 192 192 192 192 192 192 192 192 193 193 193 193 193 193 193 194 194 194 194 194 194 194 194 194 194 195 195 195 195 195 195 195 196 196 196 196 196 196 196 196 196 196 196 196 196 197 197 197 197 197 197 197 197 198 198 198 198 198 198 198 198 198 198 198 199 199 199 199 199 199 199 199 199 199 201 201 201 201 201 201 201 201 202 202 202 202 202 202 202 202 202 202 202 202 203 203 203 203 203 203 203 203 203 203 203 203 203 204 204 204 204 204 204 204 204 204 204 204 204 204 204 204 205 205 205 205 205 205 205 205 205 206 206 206 206 206 206 0 0 0 0 0 0 0 0 0 0 0 0 0 0 0 0 0 0 0 0 0 0 0 0 0 0 0 0 0 0 0 0 0 0 0 0 0 0 0 0 0 0 0 0 0 0 0 0 0 0 0 0 0 0 0 0 0 0 0 0 0 0 0 0 0 0 0 0 0 0 0 0 0 0 0 0 0 0 0 0 0 0 0 0 0 0 0 0 0 0 0 0 0 0 0 0 0 0 0 0 0 0 0 0 0 0 0 0 0 0 0 0 0 0 0 0 0 0 0 0 0 0 0 0 0 0 0 0 0 0 0 0 0 0 0 0 0 0 0 0 0 0 0 0 0 0 0 0 0 0 0 0 0 0 0 0 0 0 0 0 0 0 0 0 0 0 0 0 0 0 0 0 0 0 0 0 0 0 0 0 0 0 0 0 0 0 0 0 0 0 0 0 0 0 0 0 0 0 
0 0 0 0 0 0 0 0 0 0 0 0 0 0 0 0 0 0 0 0 0 0 0 0 0 0 0 0 0 0 0 0 0 0 0 0 0 0 0 0 0 0 0 0 0 0 0 0 0 0 0 0 0 0 0 0 0 0 0 0 0 0 0 0 176 176 176 176 177 177 177 177 177 177 178 178 178 178 178 178 179 179 179 179 179 179 179 180 180 180 180 180 181 181 181 181 181 181 182 182 182 182 182 182 182 183 183 183 183 183 183 184 184 184 184 184 184 184 185 185 185 185 185 185 185 186 186 186 186 186 186 187 187 187 187 187 187 187 188 188 188 188 188 188 188 188 189 189 189 189 189 189 189 190 190 190 190 190 190 190 190 191 191 191 191 191 191 191 192 192 192 192 192 192 192 192 192 193 193 193 193 193 193 193 194 194 194 194 194 194 194 194 194 195 195 195 195 195 195 195 195 196 196 196 196 196 196 196 196 196 196 196 196 196 197 197 197 197 197 197 197 197 198 198 198 198 198 198 198 198 198 198 198 199 199 199 199 199 199 199 199 199 201 201 201 201 201 201 201 201 201 202 202 202 202 202 202 202 202 202 202 202 202 203 203 203 203 203 203 203 203 203 203 203 203 203 203 203 204 204 204 204 204 204 204 204 204 204 204 204 205 205 205 205 205 205 205 205 205 205 206 206 206 206 206 0 0 0 0 0 0 0 0 0 0 0 0 0 0 0 0 0 0 0 0 0 0 0 0 0 0 0 0 0 0 0 0 0 0 0 0 0 0 0 0 0 0 0 0 0 0 0 0 0 0 0 0 0 0 0 0 0 0 0 0 0 0 0 0 0 0 0 0 0 0 0 0 0 0 0 0 0 0 0 0 0 0 0 0 0 0 0 0 0 0 0 0 0 0 0 0 0 0 0 0 0 0 0 0 0 0 0 0 0 0 0 0 0 0 0 0 0 0 0 0 0 0 0 0 0 0 0 0 0 0 0 0 0 0 0 0 0 0 0 0 0 0 0 0 0 0 0 0 0 0 0 0 0 0 0 0 0 0 0 0 0 0 0 0 0 0 0 0 0 0 0 0 0 0 0 0 0 0 0 0 0 0 0 0 0 0 0 0 0 0 0 0 0 0 0 0 0 0 
0 0 0 0 0 0 0 0 0 0 0 0 0 0 0 0 0 0 0 0 0 0 0 0 0 0 0 0 0 0 0 0 0 0 0 0 0 0 0 0 0 0 0 0 0 0 0 0 0 0 0 0 0 0 0 0 0 0 0 0 0 0 0 0 176 176 176 176 176 177 177 177 177 177 177 178 178 178 178 178 178 178 179 179 179 179 179 179 180 180 180 180 180 181 181 181 181 181 181 182 182 182 182 182 182 182 183 183 183 183 183 183 184 184 184 184 184 184 184 185 185 185 185 185 185 185 186 186 186 186 186 186 186 187 187 187 187 187 187 188 188 188 188 188 188 188 188 189 189 189 189 189 189 189 190 190 190 190 190 190 190 190 191 191 191 191 191 191 191 191 192 192 192 192 192 192 192 193 193 193 193 193 193 193 193 194 194 194 194 194 194 194 194 195 195 195 195 195 195 195 195 195 195 195 196 196 195 196 196 196 196 196 196 196 196 197 197 197 197 197 197 197 197 197 198 198 198 198 198 198 198 198 198 198 199 199 199 199 199 199 199 199 201 201 201 201 201 201 201 201 201 201 202 202 202 202 202 202 202 202 202 202 202 202 203 203 203 203 203 203 203 203 203 203 203 203 203 203 204 204 204 204 204 204 204 204 204 204 204 204 204 205 205 205 205 205 205 205 205 206 206 206 206 206 206 0 0 0 0 0 0 0 0 0 0 0 0 0 0 0 0 0 0 0 0 0 0 0 0 0 0 0 0 0 0 0 0 0 0 0 0 0 0 0 0 0 0 0 0 0 0 0 0 0 0 0 0 0 0 0 0 0 0 0 0 0 0 0 0 0 0 0 0 0 0 0 0 0 0 0 0 0 0 0 0 0 0 0 0 0 0 0 0 0 0 0 0 0 0 0 0 0 0 0 0 0 0 0 0 0 0 0 0 0 0 0 0 0 0 0 0 0 0 0 0 0 0 0 0 0 0 0 0 0 0 0 0 0 0 0 0 0 0 0 0 0 0 0 0 0 0 0 0 0 0 0 0 0 0 0 0 0 0 0 0 0 0 0 0 0 0 0 0 0 0 0 0 0 0 0 0 0 0 0 0 0 0 0 0 0 0 0 0 0 0 0 0 0 0 0 0 0 0 
0 0 0 0 0 0 0 0 0 0 0 0 0 0 0 0 0 0 0 0 0 0 0 0 0 0 0 0 0 0 0 0 0 0 0 0 0 0 0 0 0 0 0 0 0 0 0 0 0 0 0 0 0 0 0 0 0 0 0 0 175 175 175 175 176 176 176 176 176 176 176 177 177 177 177 177 177 178 178 178 178 178 178 179 179 179 179 179 179 180 180 180 180 180 181 181 181 181 181 181 181 182 182 182 182 182 182 183 183 183 183 183 183 183 184 184 184 184 184 184 185 185 185 185 185 185 185 186 186 186 186 186 186 186 187 187 187 187 187 187 188 188 188 188 188 188 188 188 189 189 189 189 189 189 189 190 190 190 190 190 190 190 190 191 191 191 191 191 191 191 192 192 192 192 192 192 192 192 193 193 193 193 193 193 193 193 194 194 194 194 194 194 194 194 195 195 195 195 195 195 195 195 195 195 195 195 195 195 196 196 196 196 196 196 196 196 197 197 197 197 197 197 197 197 197 198 198 198 198 198 198 198 198 198 198 199 199 199 199 199 199 199 201 201 201 201 201 201 201 201 201 201 201 202 202 202 202 202 202 202 202 202 202 202 203 203 203 203 203 203 203 203 203 203 203 203 203 203 203 204 204 204 204 204 204 204 204 204 204 204 204 204 205 205 205 205 205 205 205 205 205 205 205 205 205 205 0 0 0 0 0 0 0 0 0 0 0 0 0 0 0 0 0 0 0 0 0 0 0 0 0 0 0 0 0 0 0 0 0 0 0 0 0 0 0 0 0 0 0 0 0 0 0 0 0 0 0 0 0 0 0 0 0 0 0 0 0 0 0 0 0 0 0 0 0 0 0 0 0 0 0 0 0 0 0 0 0 0 0 0 0 0 0 0 0 0 0 0 0 0 0 0 0 0 0 0 0 0 0 0 0 0 0 0 0 0 0 0 0 0 0 0 0 0 0 0 0 0 0 0 0 0 0 0 0 0 0 0 0 0 0 0 0 0 0 0 0 0 0 0 0 0 0 0 0 0 0 0 0 0 0 0 0 0 0 0 0 0 0 0 0 0 0 0 0 0 0 0 0 0 0 0 0 0 0 0 0 0 0 0 0 0 0 0 0 0 0 0 0 0 0 0 0 
0 0 0 0 0 0 0 0 0 0 0 0 0 0 0 0 0 0 0 0 0 0 0 0 0 0 0 0 0 0 0 0 0 0 0 0 0 0 0 0 0 0 0 0 0 0 0 0 0 0 0 0 0 0 0 0 0 0 0 0 0 175 175 175 175 175 176 176 176 176 176 176 177 177 177 177 177 177 178 178 178 178 178 178 179 179 179 179 179 179 180 180 180 180 180 181 181 181 181 181 181 181 182 182 182 182 182 182 183 183 183 183 183 183 183 184 184 184 184 184 184 185 185 185 185 185 185 185 186 186 186 186 186 186 187 187 187 187 187 187 187 188 188 188 188 188 188 188 188 189 189 189 189 189 189 189 190 190 190 190 190 190 190 190 191 191 191 191 191 191 191 192 192 192 192 192 192 192 192 193 193 193 193 193 193 193 193 194 194 194 194 194 194 194 194 194 195 195 195 195 195 195 195 195 195 195 195 196 196 196 196 196 196 196 196 196 197 197 197 197 197 197 197 197 197 198 198 198 198 198 198 198 198 198 198 199 199 199 199 199 199 199 201 201 201 201 201 201 201 201 201 201 201 201 202 202 202 202 202 202 202 202 202 202 202 203 203 203 203 203 203 203 203 203 203 203 203 203 203 203 204 204 204 204 204 204 204 204 204 204 204 204 205 205 205 205 205 205 205 205 205 205 205 206 206 206 205 205 0 0 0 0 0 0 0 0 0 0 0 0 0 0 0 0 0 0 0 0 0 0 0 0 0 0 0 0 0 0 0 0 0 0 0 0 0 0 0 0 0 0 0 0 0 0 0 0 0 0 0 0 0 0 0 0 0 0 0 0 0 0 0 0 0 0 0 0 0 0 0 0 0 0 0 0 0 0 0 0 0 0 0 0 0 0 0 0 0 0 0 0 0 0 0 0 0 0 0 0 0 0 0 0 0 0 0 0 0 0 0 0 0 0 0 0 0 0 0 0 0 0 0 0 0 0 0 0 0 0 0 0 0 0 0 0 0 0 0 0 0 0 0 0 0 0 0 0 0 0 0 0 0 0 0 0 0 0 0 0 0 0 0 0 0 0 0 0 0 0 0 0 0 0 0 0 0 0 0 0 0 0 0 0 0 0 0 0 0 0 0 0 0 0 0 
0 0 0 0 0 0 0 0 0 0 0 0 0 0 0 0 0 0 0 0 0 0 0 0 0 0 0 0 0 0 0 0 0 0 0 0 0 0 0 0 0 0 0 0 0 0 0 0 0 0 0 0 0 0 0 0 0 0 0 174 174 175 175 175 175 175 175 176 176 176 176 176 176 177 177 177 177 177 177 178 178 178 178 178 178 179 179 179 179 179 179 180 180 180 180 180 181 181 181 181 181 181 181 182 182 182 182 182 182 183 183 183 183 183 183 183 184 184 184 184 184 184 185 185 185 185 185 185 185 186 186 186 186 186 186 187 187 187 187 187 187 187 188 188 188 188 188 188 188 188 189 189 189 189 189 189 189 190 190 190 190 190 190 190 191 191 191 191 191 191 191 191 192 192 192 192 192 192 192 192 193 193 193 193 193 193 193 193 194 194 194 194 194 194 194 194 194 195 195 195 195 195 195 195 195 195 196 196 196 196 196 196 196 196 196 196 196 197 197 197 197 197 197 197 197 197 198 198 198 198 198 198 198 198 198 198 199 199 199 199 199 199 201 201 201 201 201 201 201 201 201 201 201 201 202 202 202 202 202 202 202 202 202 202 202 203 203 203 203 203 203 203 203 203 203 203 203 203 203 203 203 204 204 204 204 204 204 204 204 204 204 204 205 205 205 205 205 205 205 205 205 205 205 205 206 206 206 205 0 0 0 0 0 0 0 0 0 0 0 0 0 0 0 0 0 0 0 0 0 0 0 0 0 0 0 0 0 0 0 0 0 0 0 0 0 0 0 0 0 0 0 0 0 0 0 0 0 0 0 0 0 0 0 0 0 0 0 0 0 0 0 0 0 0 0 0 0 0 0 0 0 0 0 0 0 0 0 0 0 0 0 0 0 0 0 0 0 0 0 0 0 0 0 0 0 0 0 0 0 0 0 0 0 0 0 0 0 0 0 0 0 0 0 0 0 0 0 0 0 0 0 0 0 0 0 0 0 0 0 0 0 0 0 0 0 0 0 0 0 0 0 0 0 0 0 0 0 0 0 0 0 0 0 0 0 0 0 0 0 0 0 0 0 0 0 0 0 0 0 0 0 0 0 0 0 0 0 0 0 0 0 0 0 0 0 0 0 0 0 0 0 0 0 
0 0 0 0 0 0 0 0 0 0 0 0 0 0 0 0 0 0 0 0 0 0 0 0 0 0 0 0 0 0 0 0 0 0 0 0 0 0 0 0 0 0 0 0 0 0 0 0 0 0 0 0 0 0 0 0 0 0 0 0 174 174 175 175 175 175 175 175 176 176 176 176 176 176 177 177 177 177 177 177 178 178 178 178 178 178 179 179 179 179 179 179 180 180 180 180 180 181 181 181 181 181 181 181 182 182 182 182 182 182 183 183 183 183 183 183 183 184 184 184 184 184 184 185 185 185 185 185 185 185 186 186 186 186 186 186 187 187 187 187 187 187 187 188 188 188 188 188 188 188 188 189 189 189 189 189 189 189 190 190 190 190 190 190 190 191 191 191 191 191 191 191 191 192 192 192 192 192 192 192 192 192 193 193 193 193 193 193 193 194 194 194 194 194 194 194 194 194 195 195 195 195 195 195 195 195 195 196 196 196 196 196 196 196 196 196 196 196 197 197 197 197 197 197 197 197 197 198 198 198 198 198 198 198 198 198 198 199 199 199 199 199 200 201 201 201 201 201 201 201 201 201 201 201 202 202 202 202 202 202 202 202 202 202 202 202 203 203 203 203 203 203 203 203 203 203 203 203 203 203 203 203 204 204 204 204 204 204 204 204 204 204 205 205 205 205 205 205 205 205 205 205 205 205 205 205 206 205 205 0 0 0 0 0 0 0 0 0 0 0 0 0 0 0 0 0 0 0 0 0 0 0 0 0 0 0 0 0 0 0 0 0 0 0 0 0 0 0 0 0 0 0 0 0 0 0 0 0 0 0 0 0 0 0 0 0 0 0 0 0 0 0 0 0 0 0 0 0 0 0 0 0 0 0 0 0 0 0 0 0 0 0 0 0 0 0 0 0 0 0 0 0 0 0 0 0 0 0 0 0 0 0 0 0 0 0 0 0 0 0 0 0 0 0 0 0 0 0 0 0 0 0 0 0 0 0 0 0 0 0 0 0 0 0 0 0 0 0 0 0 0 0 0 0 0 0 0 0 0 0 0 0 0 0 0 0 0 0 0 0 0 0 0 0 0 0 0 0 0 0 0 0 0 0 0 0 0 0 0 0 0 0 0 0 0 0 0 0 0 0 0 0 0 
0 0 0 0 0 0 0 0 0 0 0 0 0 0 0 0 0 0 0 0 0 0 0 0 0 0 0 0 0 0 0 0 0 0 0 0 0 0 0 0 0 0 0 0 0 0 0 0 0 0 0 0 0 0 0 0 0 0 174 174 174 174 174 175 175 175 175 175 175 176 176 176 176 176 176 177 177 177 177 177 177 178 178 178 178 178 178 179 179 179 179 179 180 180 180 180 180 180 181 181 181 181 181 181 181 182 182 182 182 182 182 183 183 183 183 183 183 183 184 184 184 184 184 184 185 185 185 185 185 185 185 186 186 186 186 186 186 187 187 187 187 187 187 187 187 188 188 188 188 188 188 188 189 189 189 189 189 189 189 190 190 190 190 190 190 190 191 191 191 191 191 191 191 191 191 192 192 192 192 192 192 192 193 193 193 193 193 193 193 193 194 194 194 194 194 194 194 194 194 194 195 195 195 195 195 195 195 196 196 196 196 196 196 196 196 196 196 196 197 197 197 197 197 197 197 197 197 197 198 198 198 198 198 198 198 198 198 198 199 199 199 199 200 200 201 201 201 201 201 201 201 201 201 201 201 202 202 202 202 202 202 202 202 202 202 202 202 202 203 203 203 203 203 203 203 203 203 203 203 203 203 204 204 204 204 204 204 204 204 204 204 204 205 205 205 205 205 205 205 205 205 205 205 205 205 205 205 205 205 0 0 0 0 0 0 0 0 0 0 0 0 0 0 0 0 0 0 0 0 0 0 0 0 0 0 0 0 0 0 0 0 0 0 0 0 0 0 0 0 0 0 0 0 0 0 0 0 0 0 0 0 0 0 0 0 0 0 0 0 0 0 0 0 0 0 0 0 0 0 0 0 0 0 0 0 0 0 0 0 0 0 0 0 0 0 0 0 0 0 0 0 0 0 0 0 0 0 0 0 0 0 0 0 0 0 0 0 0 0 0 0 0 0 0 0 0 0 0 0 0 0 0 0 0 0 0 0 0 0 0 0 0 0 0 0 0 0 0 0 0 0 0 0 0 0 0 0 0 0 0 0 0 0 0 0 0 0 0 0 0 0 0 0 0 0 0 0 0 0 0 0 0 0 0 0 0 0 0 0 0 0 0 0 0 0 0 0 0 0 0 0 0 0 
0 0 0 0 0 0 0 0 0 0 0 0 0 0 0 0 0 0 0 0 0 0 0 0 0 0 0 0 0 0 0 0 0 0 0 0 0 0 0 0 0 0 0 0 0 0 0 0 0 0 0 0 0 0 0 0 0 0 0 0 0 174 174 174 175 175 175 175 175 175 176 176 176 176 176 176 177 177 177 177 177 177 178 178 178 178 178 178 179 179 179 179 179 180 180 180 180 180 180 181 181 181 181 181 181 181 182 182 182 182 182 182 182 183 183 183 183 183 183 184 184 184 184 184 184 185 185 185 185 185 185 185 186 186 186 186 186 186 187 187 187 187 187 187 187 187 188 188 188 188 188 188 188 189 189 189 189 189 189 189 190 190 190 190 190 190 190 191 191 191 191 191 191 191 191 192 192 192 192 192 192 192 193 193 193 193 193 193 193 193 193 193 194 194 194 194 194 194 194 194 194 195 195 195 195 195 195 196 196 196 196 196 196 196 196 196 196 196 196 197 197 197 197 197 197 197 197 197 197 198 198 198 198 198 198 198 198 198 198 199 199 199 200 200 200 201 201 201 201 201 201 201 201 201 201 201 202 202 202 202 202 202 202 202 202 202 202 202 202 203 203 203 203 203 203 203 203 203 203 203 203 204 204 204 204 204 204 204 204 204 204 204 205 205 205 205 205 205 205 205 205 205 205 205 205 205 205 205 205 205 0 0 0 0 0 0 0 0 0 0 0 0 0 0 0 0 0 0 0 0 0 0 0 0 0 0 0 0 0 0 0 0 0 0 0 0 0 0 0 0 0 0 0 0 0 0 0 0 0 0 0 0 0 0 0 0 0 0 0 0 0 0 0 0 0 0 0 0 0 0 0 0 0 0 0 0 0 0 0 0 0 0 0 0 0 0 0 0 0 0 0 0 0 0 0 0 0 0 0 0 0 0 0 0 0 0 0 0 0 0 0 0 0 0 0 0 0 0 0 0 0 0 0 0 0 0 0 0 0 0 0 0 0 0 0 0 0 0 0 0 0 0 0 0 0 0 0 0 0 0 0 0 0 0 0 0 0 0 0 0 0 0 0 0 0 0 0 0 0 0 0 0 0 0 0 0 0 0 0 0 0 0 0 0 0 0 0 0 0 0 0 0 0 
0 0 0 0 0 0 0 0 0 0 0 0 0 0 0 0 0 0 0 0 0 0 0 0 0 0 0 0 0 0 0 0 0 0 0 0 0 0 0 0 0 0 0 0 0 0 0 0 0 0 0 0 0 0 0 0 0 0 173 173 174 174 174 174 174 175 175 175 175 175 175 176 176 176 176 176 176 177 177 177 177 177 177 178 178 178 178 178 178 179 179 179 179 179 180 180 180 180 180 180 180 181 181 181 181 181 181 182 182 182 182 182 182 182 183 183 183 183 183 183 184 184 184 184 184 184 185 185 185 185 185 185 185 186 186 186 186 186 186 186 187 187 187 187 187 187 187 188 188 188 188 188 188 188 189 189 189 189 189 189 189 190 190 190 190 190 190 190 191 191 191 191 191 191 191 191 192 192 192 192 192 192 192 193 193 193 193 193 193 193 193 193 193 194 193 194 194 194 194 194 194 194 195 195 195 195 195 195 195 196 196 196 196 196 196 196 196 196 196 196 197 197 197 197 197 197 197 197 197 197 198 198 198 198 198 198 198 198 198 198 199 199 200 200 200 201 201 201 201 201 201 201 201 201 201 201 201 202 202 202 202 202 202 202 202 202 202 202 202 203 203 203 203 203 203 203 203 203 203 203 203 204 204 204 204 204 204 204 204 204 204 204 205 205 205 205 205 205 205 205 205 205 205 205 205 205 205 205 205 205 205 205 205 205 205 206 206 206 206 206 206 206 206 206 206 206 207 207 0 0 0 0 0 0 0 0 0 0 0 0 0 0 0 0 0 0 0 0 0 0 0 0 0 0 0 0 0 0 0 0 0 0 0 0 0 0 0 0 0 0 0 0 0 0 0 0 0 0 0 0 0 0 0 0 0 0 0 0 0 0 0 0 0 0 0 0 0 0 0 0 0 0 0 0 0 0 0 0 0 0 0 0 0 0 0 0 0 0 0 0 0 0 0 0 0 0 0 0 0 0 0 0 0 0 0 0 0 0 0 0 0 0 0 0 0 0 0 0 0 0 0 0 0 0 0 0 0 0 0 0 0 0 0 0 0 0 0 0 0 0 0 0 0 0 0 0 0 0 0 0 0 0 0 0 0 0 0 0 0 0 0 0 0 0 0 0 0 0 0 0 0 0 0 
0 0 0 0 0 0 0 0 0 0 0 0 0 0 0 0 0 0 0 0 0 0 0 0 0 0 0 0 0 0 0 0 0 0 0 0 0 0 0 0 0 0 0 0 0 0 0 0 0 0 0 0 0 0 0 0 0 0 0 0 0 174 174 174 174 174 175 175 175 175 175 175 176 176 176 176 176 176 177 177 177 177 177 177 178 178 178 178 178 178 179 179 179 179 179 180 180 180 180 180 180 180 181 181 181 181 181 181 182 182 182 182 182 182 182 183 183 183 183 183 183 184 184 184 184 184 184 185 185 185 185 185 185 185 186 186 186 186 186 186 187 187 187 187 187 187 187 187 188 188 188 188 188 188 188 189 189 189 189 189 189 189 190 190 190 190 190 190 190 191 191 191 191 191 191 191 191 192 192 192 192 192 192 192 193 193 193 193 193 193 193 193 193 194 194 193 194 194 194 194 194 194 194 195 195 195 195 195 195 195 195 195 195 195 196 196 196 196 196 196 196 197 197 197 197 197 197 197 197 197 197 198 198 198 198 198 198 198 198 198 198 199 200 200 200 200 201 201 201 201 201 201 201 201 201 201 201 202 202 202 202 202 202 202 202 202 202 202 202 203 203 203 203 203 203 203 203 203 203 203 203 203 204 204 204 204 204 204 204 204 204 204 205 205 205 205 205 205 205 205 205 205 205 205 205 205 205 205 205 205 205 205 206 206 206 206 206 206 206 206 206 206 206 206 206 206 207 207 207 207 207 0 0 0 0 0 0 0 0 0 0 0 0 0 0 0 0 0 0 0 0 0 0 0 0 0 0 0 0 0 0 0 0 0 0 0 0 0 0 0 0 0 0 0 0 0 0 0 0 0 0 0 0 0 0 0 0 0 0 0 0 0 0 0 0 0 0 0 0 0 0 0 0 0 0 0 0 0 0 0 0 0 0 0 0 0 0 0 0 0 0 0 0 0 0 0 0 0 0 0 0 0 0 0 0 0 0 0 0 0 0 0 0 0 0 0 0 0 0 0 0 0 0 0 0 0 0 0 0 0 0 0 0 0 0 0 0 0 0 0 0 0 0 0 0 0 0 0 0 0 0 0 0 0 0 0 0 0 0 0 0 0 0 0 0 0 0 0 0 0 0 0 0 
0 0 0 0 0 0 0 0 0 0 0 0 0 0 0 0 0 0 0 0 0 0 0 0 0 0 0 0 0 0 0 0 0 0 0 0 0 0 0 0 0 0 0 0 0 0 0 0 0 0 0 0 0 0 0 0 0 0 0 0 173 173 174 174 174 174 174 175 175 175 175 175 175 176 176 176 176 176 176 177 177 177 177 177 177 178 178 178 178 178 178 179 179 179 179 179 180 180 180 180 180 180 180 181 181 181 181 181 181 182 182 182 182 182 182 182 183 183 183 183 183 183 184 184 184 184 184 184 185 185 185 185 185 185 185 186 186 186 186 186 186 187 187 187 187 187 187 187 188 188 188 188 188 188 188 189 189 189 189 189 189 189 189 190 190 190 190 190 190 190 191 191 191 191 191 191 191 191 192 192 192 192 192 192 192 193 193 193 193 193 193 193 193 193 194 193 193 194 194 194 194 194 194 195 195 195 195 195 195 195 195 195 195 195 195 195 196 196 196 196 196 196 197 197 197 197 197 197 197 197 197 197 198 198 198 198 198 198 198 198 198 199 200 200 200 200 200 201 201 201 201 201 201 201 201 201 201 201 201 202 202 202 202 202 202 202 202 202 202 202 203 203 203 203 203 203 203 203 203 203 203 203 203 204 204 204 204 204 204 204 204 204 205 205 205 205 205 205 205 205 205 205 206 205 205 205 205 205 205 205 205 205 206 206 206 206 206 206 206 206 206 206 206 206 206 207 207 207 207 207 207 207 207 0 0 0 0 0 0 0 0 0 0 0 0 0 0 0 0 0 0 0 0 0 0 0 0 0 0 0 0 0 0 0 0 0 0 0 0 0 0 0 0 0 0 0 0 0 0 0 0 0 0 0 0 0 0 0 0 0 0 0 0 0 0 0 0 0 0 0 0 0 0 0 0 0 0 0 0 0 0 0 0 0 0 0 0 0 0 0 0 0 0 0 0 0 0 0 0 0 0 0 0 0 0 0 0 0 0 0 0 0 0 0 0 0 0 0 0 0 0 0 0 0 0 0 0 0 0 0 0 0 0 0 0 0 0 0 0 0 0 0 0 0 0 0 0 0 0 0 0 0 0 0 0 0 0 0 0 0 0 0 0 0 0 0 0 0 0 0 0 0 0 
0 0 0 0 0 0 0 0 0 0 0 0 0 0 0 0 0 0 0 0 0 0 0 0 0 0 0 0 0 0 0 0 0 0 0 0 0 0 0 0 0 0 0 0 0 0 0 0 0 0 0 0 0 0 0 0 0 0 0 0 0 173 173 174 174 174 174 174 174 175 175 175 175 175 176 176 176 176 176 176 177 177 177 177 177 177 178 178 178 178 178 178 179 179 179 179 179 179 180 180 180 180 180 180 181 181 181 181 181 181 182 182 182 182 182 182 182 183 183 183 183 183 183 184 184 184 184 184 184 185 185 185 185 185 185 185 186 186 186 186 186 186 187 187 187 187 187 187 187 188 188 188 188 188 188 188 188 189 189 189 189 189 189 189 190 190 190 190 190 190 190 191 191 191 191 191 191 191 191 192 192 192 192 192 192 192 192 192 192 192 193 193 193 193 193 193 194 194 194 194 194 194 194 195 195 195 195 195 195 195 195 195 195 195 195 195 196 196 196 196 196 196 196 196 197 197 197 197 197 197 197 197 197 198 198 198 198 198 198 198 198 198 200 200 200 200 200 200 200 201 201 201 201 201 201 201 201 201 201 201 202 202 202 202 202 202 202 202 202 202 202 203 203 203 203 203 203 203 203 203 203 203 203 203 203 204 204 204 204 204 204 204 204 204 205 205 205 205 205 205 205 205 205 206 205 205 205 205 205 205 205 205 206 206 206 206 206 206 206 206 206 206 206 206 206 207 207 207 207 207 207 207 207 207 0 0 0 0 0 0 0 0 0 0 0 0 0 0 0 0 0 0 0 0 0 0 0 0 0 0 0 0 0 0 0 0 0 0 0 0 0 0 0 0 0 0 0 0 0 0 0 0 0 0 0 0 0 0 0 0 0 0 0 0 0 0 0 0 0 0 0 0 0 0 0 0 0 0 0 0 0 0 0 0 0 0 0 0 0 0 0 0 0 0 0 0 0 0 0 0 0 0 0 0 0 0 0 0 0 0 0 0 0 0 0 0 0 0 0 0 0 0 0 0 0 0 0 0 0 0 0 0 0 0 0 0 0 0 0 0 0 0 0 0 0 0 0 0 0 0 0 0 0 0 0 0 0 0 0 0 0 0 0 0 0 0 0 0 0 0 0 0 0 
0 0 0 0 0 0 0 0 0 0 0 0 0 0 0 0 0 0 0 0 0 0 0 0 0 0 0 0 0 0 0 0 0 0 0 0 0 0 0 0 0 0 0 0 0 0 0 0 0 0 0 0 0 0 0 0 0 0 0 173 173 173 173 173 174 174 174 174 174 174 175 175 175 175 175 176 176 176 176 176 176 177 177 177 177 177 177 178 178 178 178 178 179 179 179 179 179 179 179 180 180 180 180 180 180 181 181 181 181 181 181 181 182 182 182 182 182 182 183 183 183 183 183 183 184 184 184 184 184 184 185 185 185 185 185 185 185 186 186 186 186 186 186 186 187 187 187 187 187 187 188 188 188 188 188 188 188 188 189 189 189 189 189 189 189 190 190 190 190 190 190 190 191 191 191 191 191 191 191 191 191 192 192 192 192 192 192 192 192 192 193 193 193 193 193 193 193 194 194 194 194 194 194 195 194 194 194 194 195 195 195 195 195 195 195 195 195 196 196 196 196 196 196 196 196 197 197 197 197 197 197 197 197 198 198 198 198 198 198 198 198 198 200 200 200 200 200 200 200 200 201 201 201 201 201 201 201 201 201 201 202 202 202 202 202 202 202 202 202 202 202 203 203 203 203 203 203 203 203 203 203 203 203 203 203 203 204 204 204 204 204 204 204 205 205 205 205 205 205 205 205 205 205 205 206 205 205 205 205 205 205 205 205 206 206 206 206 206 206 206 206 206 206 206 206 206 207 207 207 207 207 207 207 207 207 0 0 0 0 0 0 0 0 0 0 0 0 0 0 0 0 0 0 0 0 0 0 0 0 0 0 0 0 0 0 0 0 0 0 0 0 0 0 0 0 0 0 0 0 0 0 0 0 0 0 0 0 0 0 0 0 0 0 0 0 0 0 0 0 0 0 0 0 0 0 0 0 0 0 0 0 0 0 0 0 0 0 0 0 0 0 0 0 0 0 0 0 0 0 0 0 0 0 0 0 0 0 0 0 0 0 0 0 0 0 0 0 0 0 0 0 0 0 0 0 0 0 0 0 0 0 0 0 0 0 0 0 0 0 0 0 0 0 0 0 0 0 0 0 0 0 0 0 0 0 0 0 0 0 0 0 0 0 0 0 0 0 0 0 0 0 0 0 
0 0 0 0 0 0 0 0 0 0 0 0 0 0 0 0 0 0 0 0 0 0 0 0 0 0 0 0 0 0 0 0 0 0 0 0 0 0 0 0 0 0 0 0 0 0 0 0 0 0 0 0 0 0 0 0 0 0 172 173 173 173 173 173 173 174 174 174 174 174 174 175 175 175 175 175 176 176 176 176 176 176 177 177 177 177 177 177 178 178 178 178 178 178 179 179 179 179 179 179 180 180 180 180 180 180 181 181 181 181 181 181 181 182 182 182 182 182 182 183 183 183 183 183 183 184 184 184 184 184 184 185 185 185 185 185 185 185 186 186 186 186 186 186 187 187 187 187 187 187 187 188 188 188 188 188 188 188 188 189 189 189 189 189 189 189 190 190 190 190 190 190 190 191 191 191 191 191 191 191 191 191 192 192 192 192 192 192 192 192 193 193 193 193 193 193 193 193 194 194 194 194 194 194 194 194 194 194 195 195 195 195 195 195 195 195 195 195 196 196 196 196 196 196 196 196 197 197 197 197 197 197 197 197 198 198 198 198 198 198 198 198 200 200 200 200 200 200 200 200 201 201 201 201 201 201 201 201 201 201 201 202 202 202 202 202 202 202 202 202 202 202 202 203 203 203 203 203 203 203 203 203 203 203 203 203 203 204 204 204 204 204 204 205 205 205 205 205 205 205 205 205 205 205 205 205 205 205 205 205 205 205 205 205 205 205 205 205 205 206 206 206 206 206 206 206 206 207 207 207 207 207 207 207 207 0 0 0 0 0 0 0 0 0 0 0 0 0 0 0 0 0 0 0 0 0 0 0 0 0 0 0 0 0 0 0 0 0 0 0 0 0 0 0 0 0 0 0 0 0 0 0 0 0 0 0 0 0 0 0 0 0 0 0 0 0 0 0 0 0 0 0 0 0 0 0 0 0 0 0 0 0 0 0 0 0 0 0 0 0 0 0 0 0 0 0 0 0 0 0 0 0 0 0 0 0 0 0 0 0 0 0 0 0 0 0 0 0 0 0 0 0 0 0 0 0 0 0 0 0 0 0 0 0 0 0 0 0 0 0 0 0 0 0 0 0 0 0 0 0 0 0 0 0 0 0 0 0 0 0 0 0 0 0 0 0 0 0 0 0 0 0 0 
0 0 0 0 0 0 0 0 0 0 0 0 0 0 0 0 0 0 0 0 0 0 0 0 0 0 0 0 0 0 0 0 0 0 0 0 0 0 0 0 0 0 0 0 0 0 0 0 0 0 0 0 0 0 0 0 0 0 0 0 172 173 173 173 173 173 174 174 174 174 174 174 175 175 175 175 175 176 176 176 176 176 176 177 177 177 177 177 177 178 178 178 178 178 178 179 179 179 179 179 179 180 180 180 180 180 180 181 181 181 181 181 181 182 182 182 182 182 182 182 183 183 183 183 183 183 184 184 184 184 184 184 185 185 185 185 185 185 186 186 186 186 186 186 186 187 187 187 187 187 187 187 188 188 188 188 188 188 188 188 189 189 189 189 189 189 189 190 190 190 190 190 190 190 191 191 191 191 191 191 191 191 191 192 192 192 192 192 192 192 193 193 193 193 193 193 193 193 193 194 194 194 194 194 194 194 194 194 195 195 195 195 195 195 195 195 195 195 195 196 196 196 196 196 196 196 197 197 197 197 197 197 197 197 197 198 198 198 198 198 198 198 200 200 200 200 200 200 200 200 200 201 201 201 201 201 201 201 201 201 201 202 202 202 202 202 202 202 202 202 202 202 202 203 203 203 203 203 203 203 203 203 203 203 203 203 203 203 204 204 204 204 204 204 205 205 205 205 205 205 205 205 205 205 205 205 205 205 205 205 205 205 205 205 205 205 205 205 206 206 206 206 206 206 206 206 206 207 207 207 207 207 207 207 207 0 0 0 0 0 0 0 0 0 0 0 0 0 0 0 0 0 0 0 0 0 0 0 0 0 0 0 0 0 0 0 0 0 0 0 0 0 0 0 0 0 0 0 0 0 0 0 0 0 0 0 0 0 0 0 0 0 0 0 0 0 0 0 0 0 0 0 0 0 0 0 0 0 0 0 0 0 0 0 0 0 0 0 0 0 0 0 0 0 0 0 0 0 0 0 0 0 0 0 0 0 0 0 0 0 0 0 0 0 0 0 0 0 0 0 0 0 0 0 0 0 0 0 0 0 0 0 0 0 0 0 0 0 0 0 0 0 0 0 0 0 0 0 0 0 0 0 0 0 0 0 0 0 0 0 0 0 0 0 0 0 0 0 0 0 0 0 0 
0 0 0 0 0 0 0 0 0 0 0 0 0 0 0 0 0 0 0 0 0 0 0 0 0 0 0 0 0 0 0 0 0 0 0 0 0 0 0 0 0 0 0 0 0 0 0 0 0 0 0 0 0 0 0 0 0 0 172 172 172 172 173 173 173 173 173 174 174 174 174 174 174 175 175 175 175 175 175 176 176 176 176 176 176 177 177 177 177 177 178 178 178 178 178 178 179 179 179 179 179 179 180 180 180 180 180 180 181 181 181 181 181 181 182 182 182 182 182 182 182 183 183 183 183 183 183 184 184 184 184 184 184 185 185 185 185 185 185 186 186 186 186 186 186 186 187 187 187 187 187 187 187 187 188 188 188 188 188 188 188 189 189 189 189 189 189 189 190 190 190 190 190 190 190 191 191 191 191 191 191 191 191 192 192 192 192 192 192 192 192 193 193 193 193 193 193 193 193 193 193 194 194 193 194 194 194 194 194 194 195 195 195 195 195 195 195 195 195 195 196 196 196 196 196 196 196 197 197 197 197 197 197 197 197 197 198 198 198 198 198 198 200 200 200 200 200 200 200 200 200 201 201 201 201 201 201 201 201 201 201 201 202 202 202 202 202 202 202 202 202 202 202 202 203 203 203 203 203 203 203 203 203 203 203 203 203 203 203 203 203 204 204 204 205 205 205 205 205 205 205 205 205 205 205 205 205 205 205 205 205 205 205 205 205 205 206 206 206 206 206 206 206 206 206 206 206 206 207 207 207 207 207 207 207 207 0 0 0 0 0 0 0 0 0 0 0 0 0 0 0 0 0 0 0 0 0 0 0 0 0 0 0 0 0 0 0 0 0 0 0 0 0 0 0 0 0 0 0 0 0 0 0 0 0 0 0 0 0 0 0 0 0 0 0 0 0 0 0 0 0 0 0 0 0 0 0 0 0 0 0 0 0 0 0 0 0 0 0 0 0 0 0 0 0 0 0 0 0 0 0 0 0 0 0 209 209 209 209 0 0 0 0 0 0 0 0 0 0 0 0 0 0 0 0 0 0 0 0 0 0 0 0 0 0 0 0 0 0 0 0 0 0 0 0 0 0 0 0 0 0 0 0 0 0 0 0 0 0 0 0 0 0 0 0 0 0 0 0 0 0 0 0 
0 0 0 0 0 0 0 0 0 0 0 0 0 0 0 0 0 0 0 0 0 0 0 0 0 0 0 0 0 0 0 0 0 0 0 0 0 0 0 0 0 0 0 0 0 0 0 0 0 0 0 0 0 0 0 0 0 0 0 172 172 172 172 173 173 173 173 173 174 174 174 174 174 174 175 175 175 175 175 175 176 176 176 176 176 176 177 177 177 177 177 177 178 178 178 178 178 178 179 179 179 179 179 180 180 180 180 180 180 181 181 181 181 181 181 181 182 182 182 182 182 182 182 183 183 183 183 183 184 184 184 184 184 184 185 185 185 185 185 185 186 186 186 186 186 186 186 187 187 187 187 187 187 187 188 188 188 188 188 188 188 188 189 189 189 189 189 189 189 190 190 190 190 190 190 191 191 191 191 191 191 191 191 191 192 192 192 192 192 192 192 193 193 193 193 192 193 193 193 193 193 193 193 194 194 194 194 194 194 194 194 194 195 195 195 195 195 195 196 196 196 196 196 196 196 196 196 196 197 197 197 197 197 197 197 197 197 198 198 198 198 198 200 200 200 200 200 200 200 200 200 200 201 201 201 201 201 201 201 201 201 201 201 202 202 202 202 202 202 202 202 202 202 202 203 203 203 203 203 203 203 203 203 203 203 203 203 203 203 203 204 204 204 204 205 205 205 205 205 205 205 205 205 205 205 205 205 205 205 205 205 205 206 206 206 206 206 206 206 206 206 206 206 206 206 206 206 206 206 206 207 207 207 207 207 207 0 0 0 0 0 0 0 0 0 0 0 0 0 0 0 0 0 0 0 0 0 0 0 0 0 0 0 0 0 0 0 0 0 0 0 0 0 0 0 0 0 0 0 0 0 0 0 0 0 0 0 0 0 0 0 0 0 0 0 0 0 0 0 0 0 0 0 0 0 0 0 0 0 0 0 0 0 0 0 0 0 0 0 0 0 0 0 0 0 0 0 0 0 0 0 0 210 210 210 210 210 210 209 209 0 0 0 0 0 0 0 0 0 0 0 0 0 0 0 0 0 0 0 0 0 0 0 0 0 0 0 0 0 0 0 0 0 0 0 0 0 0 0 0 0 0 0 0 0 0 0 0 0 0 0 0 0 0 0 0 0 0 0 0 0 0 0 
0 0 0 0 0 0 0 0 0 0 0 0 0 0 0 0 0 0 0 0 0 0 0 0 0 0 0 0 0 0 0 0 0 0 0 0 0 0 0 0 0 0 0 0 0 0 0 0 0 0 0 0 0 0 0 0 0 0 172 172 172 172 172 172 173 173 173 173 173 174 174 174 174 174 174 175 175 175 175 175 175 176 176 176 176 176 176 177 177 177 177 177 177 178 178 178 178 178 179 179 179 179 179 179 180 180 180 180 180 180 181 181 181 181 181 181 181 182 182 182 182 182 182 182 183 183 183 183 183 183 184 184 184 184 184 185 185 185 185 185 185 186 186 186 186 186 186 186 187 187 187 187 187 187 187 188 188 188 188 188 188 188 188 189 189 189 189 189 189 190 190 190 190 190 190 190 190 191 191 191 191 191 191 191 191 192 192 192 192 192 192 192 192 193 192 193 193 193 193 193 193 193 193 194 194 194 194 194 194 194 194 194 194 195 195 195 195 195 196 196 196 196 196 196 196 196 196 196 196 197 197 197 197 197 197 197 197 197 198 198 198 198 200 200 200 200 200 200 200 200 200 200 200 201 201 201 201 201 201 201 201 201 201 202 202 202 202 202 202 202 202 202 202 202 202 203 203 203 203 203 203 203 203 203 203 203 203 203 203 203 204 204 204 204 205 205 205 205 205 205 205 205 205 205 205 205 205 205 206 206 205 205 205 206 206 206 206 206 206 206 206 206 206 206 206 206 206 206 206 206 206 206 207 207 207 0 0 0 0 0 0 0 0 0 0 0 0 0 0 0 0 0 0 0 0 0 0 0 0 0 0 0 0 0 0 0 0 0 0 0 0 0 0 0 0 0 0 0 0 0 0 0 0 0 0 0 0 0 0 0 0 0 0 0 0 0 0 0 0 0 0 0 0 0 0 0 0 0 0 0 0 0 0 0 0 0 0 0 0 0 0 0 0 0 0 0 0 0 0 0 0 209 210 210 210 210 210 210 210 210 209 0 0 0 0 0 0 0 0 0 0 0 0 0 0 0 0 0 0 0 0 0 0 0 0 0 0 0 0 0 0 0 0 0 0 0 0 0 0 0 0 0 0 0 0 0 0 0 0 0 0 0 0 0 0 0 0 0 0 0 0 0 0 
0 0 0 0 0 0 0 0 0 0 0 0 0 0 0 0 0 0 0 0 0 0 0 0 0 0 0 0 0 0 0 0 0 0 0 0 0 0 0 0 0 0 0 0 0 0 0 0 0 0 0 0 0 0 0 0 171 171 171 172 172 172 172 172 172 173 173 173 173 173 173 174 174 174 174 174 174 175 175 175 175 175 175 176 176 176 176 176 176 177 177 177 177 177 178 178 178 178 178 179 179 179 179 179 179 180 180 180 180 180 180 181 181 181 181 181 181 181 182 182 182 182 182 182 183 183 183 183 183 183 184 184 184 184 184 184 185 185 185 185 185 185 185 186 186 186 186 186 186 186 187 187 187 187 187 187 188 188 188 188 188 188 188 188 189 189 189 189 189 189 190 190 190 190 190 190 190 190 190 190 190 191 191 191 191 191 192 192 192 192 192 192 192 193 192 193 193 193 193 193 193 193 193 194 194 194 194 194 194 194 194 194 194 195 195 195 195 195 195 195 195 196 196 196 196 196 196 196 196 196 197 197 197 197 197 197 197 197 197 198 198 198 199 200 200 200 200 200 200 200 200 200 200 200 201 201 201 201 201 201 201 201 201 201 202 202 202 202 202 202 202 202 202 202 202 203 203 203 203 203 203 203 203 203 203 203 203 203 203 203 204 204 204 204 204 205 205 205 205 205 205 205 205 205 205 205 205 205 205 205 205 206 206 206 206 206 206 206 206 206 206 206 206 206 206 206 206 206 206 206 206 206 206 206 207 0 0 0 0 0 0 0 0 0 0 0 0 0 0 0 0 0 0 0 0 0 0 0 0 0 0 0 0 0 0 0 0 0 0 0 0 0 0 0 0 0 0 0 0 0 0 0 0 0 0 0 0 0 0 0 0 0 0 0 0 0 0 0 0 0 0 0 0 0 0 0 0 0 0 0 0 0 0 0 0 0 0 0 0 0 0 0 0 0 0 0 0 0 0 0 210 209 210 210 210 211 211 211 211 210 210 209 209 0 0 0 0 0 0 0 0 0 0 0 0 0 0 0 0 0 0 0 0 0 0 0 0 0 0 0 0 0 0 0 0 0 0 0 0 0 0 0 0 0 0 0 0 0 0 0 0 0 0 0 0 0 0 0 0 0 0 0 0 
0 0 0 0 0 0 0 0 0 0 0 0 0 0 0 0 0 0 0 0 0 0 0 0 0 0 0 0 0 0 0 0 0 0 0 0 0 0 0 0 0 0 0 0 0 0 0 0 0 0 0 0 0 0 0 0 171 171 171 171 172 172 172 172 172 172 172 173 173 173 173 173 173 174 174 174 174 174 174 175 175 175 175 175 176 176 176 176 176 176 177 177 177 177 178 178 178 178 178 178 179 179 179 179 179 179 180 180 180 180 180 180 180 181 181 181 181 181 181 182 182 182 182 182 182 183 183 183 183 183 183 183 184 184 184 184 184 185 185 185 185 185 185 186 186 186 186 186 186 186 186 187 187 187 187 187 187 188 188 188 188 188 188 188 189 189 189 189 189 189 189 190 190 190 190 190 190 190 190 190 190 191 191 191 191 191 192 192 192 192 192 192 192 192 192 192 192 192 192 193 193 193 193 193 193 193 194 194 194 194 194 194 194 195 195 195 195 195 195 195 195 195 195 195 196 196 196 196 196 196 196 197 197 197 197 197 197 197 197 198 198 198 199 199 200 200 200 200 200 200 200 200 200 200 200 201 201 201 201 201 201 201 201 201 202 202 202 202 202 202 202 202 202 202 202 202 203 203 203 203 203 203 203 203 203 203 203 203 203 203 204 204 204 204 204 205 205 205 205 205 205 205 205 205 205 205 205 205 205 205 205 206 206 206 206 206 206 206 206 206 206 205 206 206 206 206 206 206 206 207 206 206 206 206 206 207 0 0 0 0 0 0 0 0 0 0 0 0 0 0 0 0 0 0 0 0 0 0 0 0 0 0 0 0 0 0 0 0 0 0 0 0 0 0 0 0 0 0 0 0 0 0 0 0 0 0 0 0 0 0 0 0 0 0 0 0 0 0 0 0 0 0 0 0 0 0 0 0 0 0 0 0 0 0 0 0 0 0 0 0 0 0 0 0 0 0 0 0 0 210 210 210 210 211 211 211 211 210 210 210 210 210 209 209 0 0 0 0 0 0 0 0 0 0 0 0 0 0 0 0 0 0 0 0 0 0 0 0 0 0 0 0 0 0 0 0 0 0 0 0 0 0 0 0 0 0 0 0 0 0 0 0 0 0 0 0 0 0 0 0 0 0 0 
0 0 0 0 0 0 0 0 0 0 0 0 0 0 0 0 0 0 0 0 0 0 0 0 0 0 0 0 0 0 0 0 0 0 0 0 0 0 0 0 0 0 0 0 0 0 0 0 0 0 0 0 0 0 0 170 171 171 171 171 171 171 172 172 172 172 172 172 173 173 173 173 173 173 173 174 174 174 174 174 175 175 175 175 175 176 176 176 176 176 177 177 177 177 177 178 178 178 178 178 178 179 179 179 179 179 180 180 180 180 180 180 180 180 181 181 181 181 181 182 182 182 182 182 182 183 183 183 183 183 183 183 183 184 184 184 184 185 185 185 185 185 185 185 185 186 186 186 186 186 186 187 187 187 187 187 187 187 188 188 188 188 188 188 188 189 189 189 189 189 189 189 190 190 190 190 190 190 190 190 190 191 191 191 191 191 192 192 192 192 192 192 192 192 192 192 192 192 193 193 193 193 193 193 193 193 194 194 194 194 194 194 194 194 194 195 195 195 195 195 195 195 195 195 196 196 196 196 196 196 196 196 196 197 197 197 197 197 197 197 197 197 199 199 199 199 199 200 200 200 200 200 200 200 200 200 201 201 201 201 201 201 201 201 201 201 202 202 202 202 202 202 202 202 202 202 203 203 203 203 203 203 203 203 203 203 203 203 203 203 204 204 204 204 204 205 205 205 205 205 205 205 205 205 205 205 205 205 205 205 205 205 205 205 206 206 206 206 206 206 206 205 206 206 206 206 206 206 207 207 207 206 207 206 206 206 207 0 0 0 0 0 0 0 0 0 0 0 0 0 0 0 0 0 0 0 0 0 0 0 0 0 0 0 0 0 0 0 0 0 0 0 0 0 0 0 0 0 0 0 0 0 0 0 0 0 0 0 0 0 0 0 0 0 0 0 0 0 0 0 0 0 0 0 0 0 0 0 0 0 0 0 0 0 0 0 0 0 0 0 0 0 209 209 210 210 210 210 210 210 210 210 210 211 211 211 211 211 211 211 211 210 209 209 209 0 0 0 0 0 0 0 0 0 0 0 0 0 0 0 0 0 0 0 0 0 0 0 0 0 0 0 0 0 0 0 0 0 0 0 0 0 0 0 0 0 0 0 0 0 0 0 0 0 0 0 0 0 0 0 0 0 0 
0 0 0 0 0 0 0 0 0 0 0 0 0 0 0 0 0 0 0 0 0 0 0 0 0 0 0 0 0 0 0 0 0 0 0 0 0 0 0 0 0 0 0 0 0 0 0 0 0 0 0 0 0 0 0 0 171 171 171 171 171 171 171 171 172 172 172 172 172 172 173 173 173 173 173 173 174 174 174 174 175 175 175 175 175 176 176 176 176 176 176 177 177 177 177 177 178 178 178 178 178 178 179 179 179 179 179 179 180 180 180 180 180 180 181 181 181 181 181 181 182 182 182 182 182 182 183 183 183 183 183 183 183 184 184 184 184 184 185 185 185 185 185 185 185 186 186 186 186 186 186 186 187 187 187 187 187 187 187 188 188 188 188 188 188 188 189 189 189 189 189 189 189 189 189 189 189 190 190 190 190 191 191 191 191 191 191 191 192 192 192 192 192 192 192 192 192 192 193 193 193 193 193 193 193 193 194 194 194 194 194 194 194 194 194 194 195 195 195 195 195 195 195 195 195 196 196 196 196 196 196 196 196 196 196 196 197 197 197 197 197 197 199 199 199 199 199 199 199 199 200 200 200 200 200 200 200 201 201 201 201 201 201 201 201 201 202 202 202 202 202 202 202 202 202 202 202 203 203 203 203 203 203 203 203 203 203 203 203 203 204 204 204 204 204 204 205 205 205 205 205 205 205 205 205 205 205 205 205 205 205 205 205 205 206 206 206 206 206 206 206 206 206 206 206 206 206 206 206 206 206 207 207 206 206 207 206 207 207 0 207 207 206 206 206 206 0 0 0 0 0 0 0 0 0 0 0 0 0 0 0 0 0 0 0 0 0 0 0 0 0 0 0 0 0 0 0 0 0 0 0 0 0 0 0 0 0 0 0 0 0 0 0 0 0 0 0 0 0 0 0 0 0 0 0 0 0 0 0 0 0 0 0 0 0 0 0 0 0 209 210 210 210 210 210 210 210 210 210 210 211 210 210 211 211 211 211 211 211 211 211 210 210 210 210 209 210 0 0 0 0 0 0 0 0 0 0 0 0 0 0 0 0 0 0 0 0 0 0 0 0 0 0 0 0 0 0 0 0 0 0 0 0 0 0 0 0 0 0 0 0 0 0 0 0 0 0 0 0 0 0 0 0 
0 0 0 0 0 0 0 0 0 0 0 0 0 0 0 0 0 0 0 0 0 0 0 0 0 0 0 0 0 0 0 0 0 0 0 0 0 0 0 0 0 0 0 0 0 0 0 0 0 0 0 0 0 170 170 170 170 170 171 171 171 171 171 171 171 172 172 172 172 172 172 172 173 173 173 173 173 174 174 174 174 174 175 175 175 175 176 176 176 176 176 177 177 177 177 177 177 177 178 178 178 178 178 179 179 179 179 179 179 180 180 180 180 180 180 180 181 181 181 181 181 182 182 182 182 182 183 183 183 183 183 183 183 183 184 184 184 184 184 185 185 185 185 185 185 185 186 186 186 186 186 186 186 187 187 187 187 187 187 187 188 188 188 188 188 188 188 189 189 189 189 189 189 189 189 190 190 190 190 190 190 191 191 191 191 191 191 191 191 192 192 192 192 192 192 192 192 192 192 193 193 193 193 193 193 193 193 194 194 194 194 194 194 194 194 194 194 195 195 195 195 195 195 195 195 196 195 196 196 196 196 196 196 196 196 196 196 197 197 197 197 197 199 199 199 199 199 199 199 200 200 200 200 200 200 200 200 200 201 201 201 201 201 201 201 201 201 202 202 202 202 202 202 202 202 202 202 203 203 203 203 203 203 203 203 203 203 203 203 203 204 204 204 204 204 204 205 205 205 205 205 205 205 205 205 205 205 206 206 205 205 205 206 206 206 206 206 206 206 206 205 206 206 206 206 206 206 206 206 206 206 207 206 206 207 207 206 206 206 206 206 207 206 206 206 207 206 206 206 0 206 206 206 207 207 207 207 207 206 0 0 207 207 207 0 0 0 0 0 0 0 0 0 0 0 0 0 0 0 0 0 0 0 0 0 0 0 0 0 0 0 0 0 0 0 0 0 0 0 0 0 0 0 0 0 0 0 0 0 0 0 0 0 0 0 0 0 0 0 210 210 210 210 210 211 210 210 211 211 210 210 211 211 211 211 211 211 212 211 211 211 210 210 210 210 210 210 210 0 0 0 0 0 0 0 0 0 0 0 0 0 0 0 0 0 0 0 0 0 0 0 0 0 0 0 0 0 0 0 0 0 0 0 0 0 0 0 0 0 0 0 0 0 0 0 0 0 0 0 0 0 0 0 
0 0 0 0 0 0 0 0 0 0 0 0 0 0 0 0 0 0 0 0 0 0 0 0 0 0 0 0 0 0 0 0 0 0 0 0 0 0 0 0 0 0 0 0 0 0 0 0 0 0 0 0 0 0 170 170 170 170 170 170 170 171 171 171 171 171 172 172 172 172 172 172 172 173 173 173 173 173 174 174 174 174 175 175 175 175 175 176 176 176 176 176 177 177 177 177 177 177 178 178 178 178 178 178 179 179 179 179 179 179 180 180 180 180 180 180 180 181 181 181 181 181 182 182 182 182 182 182 183 183 183 183 183 183 183 184 184 184 184 184 185 185 185 185 185 185 185 186 186 186 186 186 186 186 187 187 187 187 187 187 187 188 188 188 188 188 188 188 188 188 188 189 189 189 189 189 190 190 190 190 190 190 190 190 191 191 191 191 191 191 192 192 192 192 192 192 193 192 192 192 193 193 193 193 193 193 193 194 194 193 193 194 194 194 194 194 194 195 195 195 195 195 195 195 196 195 195 196 196 196 196 196 196 196 196 196 197 197 197 197 197 197 199 199 199 199 199 199 200 199 200 200 200 200 200 200 200 200 200 201 201 201 201 201 201 201 201 202 202 202 202 202 202 202 202 202 202 202 203 203 203 203 203 203 203 203 203 203 203 203 203 204 204 204 204 204 204 205 205 205 205 205 205 205 205 205 205 205 205 206 206 206 206 206 206 206 206 206 206 206 205 206 206 206 206 206 206 206 206 206 206 207 207 206 207 207 207 206 206 207 207 207 206 206 207 207 207 207 207 207 207 207 207 206 207 207 207 207 207 207 207 207 207 207 207 207 207 207 207 207 0 0 0 0 0 0 0 0 0 0 0 0 0 0 0 0 0 0 0 0 0 0 0 0 0 0 0 0 0 0 0 0 0 0 0 0 0 0 0 0 0 0 0 0 0 0 0 0 209 210 210 210 211 211 211 211 211 211 211 211 211 211 211 211 211 211 212 211 211 211 211 211 211 210 210 210 210 210 210 0 0 0 0 0 0 0 0 0 0 0 0 0 0 0 0 0 0 0 0 0 0 0 0 0 0 0 0 0 0 0 0 0 0 0 0 0 0 0 0 0 0 0 0 0 0 0 0 0 0 0 0 0 0 
0 0 0 0 0 0 0 0 0 0 0 0 0 0 0 0 0 0 0 0 0 0 0 0 0 0 0 0 0 0 0 0 0 0 0 0 0 0 0 0 0 0 0 0 0 0 0 0 0 0 0 0 0 169 170 170 170 170 170 170 170 171 171 171 171 171 171 171 172 172 172 172 172 173 173 173 173 173 174 174 174 174 174 175 175 175 175 176 176 176 176 176 176 177 177 177 177 177 177 178 178 178 178 178 179 179 179 179 179 179 179 180 180 180 180 180 180 180 181 181 181 181 181 182 182 182 182 182 182 183 183 183 183 183 183 184 184 184 184 184 184 185 185 185 185 185 185 185 186 186 186 186 186 186 186 187 187 187 187 187 187 188 188 188 188 188 188 188 188 188 189 189 189 189 189 189 189 190 190 190 190 190 190 190 191 191 191 191 191 191 192 192 192 192 192 192 192 192 192 192 192 192 193 193 193 193 193 193 194 193 194 194 194 194 194 194 194 195 195 195 195 195 195 195 195 195 195 195 196 196 196 196 196 196 196 196 197 197 197 197 197 197 199 199 199 199 199 200 199 200 200 200 200 200 200 200 200 200 200 201 201 201 201 201 201 201 201 201 202 202 202 202 202 202 202 202 202 202 203 203 203 203 203 203 203 203 203 203 203 203 203 204 204 204 204 204 204 204 205 205 205 205 205 205 205 205 205 205 205 205 205 206 206 206 206 206 206 206 206 206 205 206 206 206 206 206 206 206 207 207 206 206 206 206 207 207 207 206 206 207 207 207 207 207 207 207 207 207 207 207 207 206 206 207 207 207 207 208 207 207 208 207 207 207 208 207 208 207 208 208 207 208 208 208 207 207 0 0 0 0 0 0 0 0 0 0 0 0 0 0 0 0 0 0 0 0 0 0 0 0 0 0 0 0 0 0 0 0 0 0 0 0 0 0 0 0 0 0 209 210 210 211 211 211 211 211 211 211 211 211 211 211 211 211 211 212 212 211 211 211 211 211 211 210 210 210 210 210 210 210 210 0 0 0 0 0 0 0 0 0 0 0 0 0 0 0 0 0 0 0 0 0 0 0 0 0 0 0 0 0 0 0 0 0 0 0 0 0 0 0 0 0 0 0 0 0 0 0 0 0 0 0 0 
0 0 0 0 0 0 0 0 0 0 0 0 0 0 0 0 0 0 0 0 0 0 0 0 0 0 0 0 0 0 0 0 0 0 0 0 0 0 0 0 0 0 0 0 0 0 0 0 0 0 0 169 169 169 169 170 170 170 170 170 170 170 171 171 171 171 171 171 171 172 172 172 172 173 173 173 173 173 174 174 174 174 174 174 175 175 175 175 175 175 176 176 176 177 177 177 177 177 177 177 177 178 178 178 178 178 179 179 179 179 179 179 180 180 180 180 180 180 180 181 181 181 181 182 182 182 182 182 182 183 183 183 183 183 183 183 184 184 184 184 184 184 185 185 185 185 185 185 185 186 186 186 186 186 186 186 187 187 187 187 187 187 188 188 188 188 188 188 188 188 189 189 189 189 189 189 189 189 190 190 190 190 190 190 190 190 191 191 191 191 191 192 192 192 192 192 192 192 192 192 192 192 193 193 193 193 193 193 193 194 194 194 194 194 194 194 195 195 195 195 195 195 195 195 195 195 195 195 196 196 196 196 196 196 196 197 197 197 197 197 197 197 199 199 199 199 199 199 200 200 200 200 200 200 200 200 200 200 200 200 201 201 201 201 201 201 201 201 201 202 202 202 202 202 202 202 202 202 202 203 203 203 203 203 203 203 203 203 203 203 203 203 204 204 204 204 204 204 205 205 205 205 205 205 205 205 205 205 205 205 205 205 205 205 206 206 206 205 206 206 206 206 206 206 206 206 206 206 206 206 206 206 206 206 206 206 206 207 207 207 207 207 207 207 207 207 207 206 206 207 207 207 206 207 207 207 207 207 208 208 207 207 207 208 208 207 208 208 208 208 207 208 208 208 208 208 208 208 208 208 207 207 0 0 0 0 0 0 0 0 0 0 0 0 0 0 0 0 0 0 0 0 0 0 0 0 0 0 0 0 0 0 0 0 0 0 209 210 210 211 211 211 211 211 211 211 211 211 211 211 211 211 211 211 211 211 211 211 211 211 211 211 211 210 210 210 210 210 210 210 210 210 210 0 0 0 0 0 0 0 0 0 0 0 0 0 0 0 0 0 0 0 0 0 0 0 0 0 0 0 0 0 0 0 0 0 0 0 0 0 0 0 0 0 0 0 0 0 0 0 0 0 0 
0 0 0 0 0 0 0 0 0 0 0 0 0 0 0 0 0 0 0 0 0 0 0 0 0 0 0 0 0 0 0 0 0 0 0 0 0 0 0 0 0 0 0 0 0 0 0 0 0 168 168 169 169 169 169 169 170 170 170 170 170 170 170 171 171 171 171 171 172 172 172 173 173 173 173 173 173 173 173 173 173 174 174 174 174 174 175 175 175 175 176 176 176 176 176 176 177 177 177 177 177 178 178 178 178 178 178 179 179 179 179 179 179 180 180 180 180 180 180 180 181 181 181 181 182 182 182 182 182 182 183 183 183 183 183 183 183 184 184 184 184 184 184 185 185 185 185 185 185 185 186 186 186 186 186 186 186 187 187 187 187 187 187 188 188 188 188 188 188 188 188 189 189 189 189 189 189 189 190 190 190 190 190 190 190 190 191 191 191 191 191 191 191 191 191 192 192 192 192 192 192 192 193 193 193 193 193 193 193 193 193 193 194 194 194 194 194 195 195 195 195 195 195 195 195 195 195 195 196 196 196 196 196 196 196 197 197 197 197 197 197 197 199 199 199 199 199 199 199 200 200 200 200 200 200 200 200 200 200 200 200 201 201 201 201 201 201 201 201 202 202 202 202 202 202 202 202 202 202 202 203 203 203 203 203 203 203 203 203 203 203 203 204 204 204 204 204 204 205 205 205 205 205 205 205 205 205 205 205 205 205 205 205 205 205 205 205 205 206 206 206 206 206 206 206 206 206 206 206 206 206 206 206 206 206 206 206 206 206 206 207 207 207 207 207 207 207 206 207 208 208 207 207 207 208 207 208 208 208 207 207 207 207 208 208 208 208 208 208 208 207 208 208 208 208 208 208 207 208 209 208 207 0 0 0 0 0 0 0 0 0 0 0 0 0 0 0 0 0 0 0 0 0 0 0 0 0 0 0 0 0 0 0 0 0 209 210 210 210 211 211 210 211 211 211 211 211 211 211 211 211 211 211 211 211 211 211 211 211 211 211 210 210 210 210 210 211 211 211 211 211 211 211 211 211 0 0 0 0 0 0 0 0 0 0 0 0 0 0 0 0 0 0 0 0 0 0 0 0 0 0 0 0 0 0 0 0 0 0 0 0 0 0 0 0 0 0 0 0 0 0 0 0 
0 0 0 0 0 0 0 0 0 0 0 0 0 0 0 0 0 0 0 0 0 0 0 0 0 0 0 0 0 0 0 0 0 0 0 0 0 0 0 0 0 0 0 0 0 0 0 0 0 168 168 168 169 169 169 169 169 170 170 170 170 170 170 170 171 171 171 171 171 171 172 172 172 173 173 173 173 173 174 174 174 174 174 174 174 174 174 175 175 175 176 176 176 176 176 176 177 177 177 177 177 177 177 178 178 178 178 178 178 179 179 179 179 179 180 180 180 180 180 180 181 181 181 181 181 181 182 182 182 182 182 182 183 183 183 183 183 183 184 184 184 184 184 184 185 185 185 185 185 185 185 185 186 186 186 186 186 186 186 187 187 187 187 187 188 188 187 188 188 188 188 188 188 189 189 189 189 189 189 189 189 189 190 190 190 190 190 190 191 191 191 191 191 191 191 191 192 192 192 192 192 192 193 193 193 193 193 193 193 193 193 194 194 194 194 194 194 194 194 194 195 195 195 195 195 195 195 196 196 196 196 196 196 196 196 196 197 197 197 197 197 197 199 199 199 199 199 199 199 199 200 200 200 200 200 200 200 200 200 200 200 201 201 201 201 201 201 201 201 201 202 202 202 202 202 202 202 202 202 202 202 203 203 203 203 203 203 203 203 203 203 203 204 204 204 204 204 204 205 205 205 205 205 205 205 205 205 205 205 205 205 205 205 205 205 205 206 206 206 206 206 206 206 206 206 206 206 206 206 206 206 206 206 206 206 207 207 206 206 207 207 207 207 207 207 206 207 207 207 207 208 208 208 208 208 208 208 208 208 208 207 207 208 208 208 208 208 208 208 207 207 208 208 208 208 209 208 207 208 208 209 208 0 0 0 0 0 0 0 0 0 0 0 0 0 0 0 0 0 0 0 0 0 0 0 0 0 0 0 0 0 0 0 0 0 209 210 210 210 211 211 210 211 211 211 211 211 211 211 211 211 211 211 211 211 211 211 211 211 211 211 211 210 210 211 211 211 211 211 211 211 211 211 211 211 211 211 211 211 211 211 211 211 211 0 0 0 0 0 0 0 0 0 0 0 0 0 0 0 0 0 0 0 0 0 0 0 0 0 0 0 0 0 0 0 0 0 0 0 0 0 0 0 
0 0 0 0 0 0 0 0 0 0 0 0 0 0 0 0 0 0 0 0 0 0 0 0 0 0 0 0 0 0 0 0 0 0 0 0 0 0 0 0 0 0 0 0 0 0 0 0 0 168 168 168 168 169 169 169 169 169 170 170 170 170 170 170 170 171 171 171 171 171 171 171 172 172 172 172 172 172 173 173 174 174 174 174 174 174 174 175 175 175 175 176 176 176 176 176 176 177 177 177 177 177 177 178 178 178 178 178 178 178 179 179 179 179 179 180 180 180 180 180 181 181 181 181 181 181 182 182 182 182 182 182 183 183 183 183 183 183 183 184 184 184 184 184 184 184 185 185 185 185 185 185 185 186 186 186 186 186 186 187 187 187 187 187 187 187 187 187 188 188 188 188 188 189 189 189 189 189 189 189 189 190 190 190 190 190 190 190 190 191 191 191 191 191 191 191 191 192 192 192 192 193 193 193 192 192 192 193 193 193 193 193 193 194 194 194 194 194 194 194 195 195 195 195 195 195 195 195 195 196 196 196 196 196 196 196 196 196 196 196 196 197 198 198 199 199 199 199 199 199 199 199 199 200 200 200 200 200 200 200 200 201 201 201 201 201 201 201 201 201 202 202 202 202 202 202 202 202 202 202 202 203 203 203 203 202 203 203 203 203 203 203 204 204 204 204 204 204 204 205 205 205 205 205 205 205 205 205 205 205 205 205 205 205 205 205 206 206 206 206 206 206 206 206 206 206 206 206 206 206 206 206 206 206 206 206 206 206 206 207 207 207 207 207 207 207 207 208 208 207 207 208 208 208 208 208 208 208 208 208 207 207 208 208 208 208 207 207 208 208 208 208 208 208 209 209 208 208 208 208 209 209 207 0 0 0 0 0 0 0 0 0 0 0 0 0 0 0 0 0 0 0 0 0 0 0 0 0 0 0 0 0 0 0 208 209 210 210 211 211 211 210 211 211 211 211 211 211 211 211 211 211 211 211 211 211 211 211 211 211 211 211 210 211 211 211 211 211 211 211 211 211 211 211 211 211 211 211 211 211 211 211 211 211 211 211 0 0 0 0 0 0 0 0 0 0 0 0 0 0 0 0 0 0 0 0 0 0 0 0 0 0 0 0 0 0 0 0 0 0 0 0 0 
0 0 0 0 0 0 0 0 0 0 0 0 0 0 0 0 0 0 0 0 0 0 0 0 0 0 0 0 0 0 0 0 0 0 0 0 0 0 0 0 0 0 0 0 0 0 0 0 167 168 168 168 168 168 169 169 169 169 169 169 170 170 170 170 170 170 171 171 171 171 171 171 172 172 172 172 172 172 172 173 173 174 174 174 174 174 174 174 175 175 175 175 176 176 176 176 176 176 176 177 177 177 177 178 178 178 178 178 178 178 179 179 179 179 179 180 180 180 180 180 180 180 181 181 181 181 181 182 182 182 182 182 183 183 183 183 183 183 183 183 184 184 184 184 184 184 184 185 185 185 185 185 185 186 186 186 186 186 186 186 187 187 187 187 187 187 187 187 188 188 188 188 188 188 188 189 189 189 189 189 189 190 190 190 190 190 190 190 190 190 191 191 191 191 191 191 191 192 192 192 192 192 192 192 192 192 193 193 193 193 193 193 193 193 194 194 194 194 194 194 194 195 195 194 195 195 195 195 195 195 195 195 195 196 196 196 196 196 196 196 196 196 198 198 198 199 199 199 199 199 199 199 199 199 199 200 200 200 200 200 200 201 201 201 201 201 201 201 201 201 201 202 202 202 202 202 202 202 202 202 202 202 203 203 203 202 203 203 203 203 203 203 204 204 204 204 204 204 204 205 205 205 205 205 205 205 205 205 205 205 205 206 206 206 206 205 206 206 206 206 206 206 205 206 206 206 206 206 206 206 206 206 206 206 206 206 207 206 206 206 207 207 207 207 207 207 208 208 208 207 207 208 208 208 208 208 208 208 208 207 207 208 208 208 208 208 208 208 208 208 208 207 208 209 209 209 208 208 208 208 209 209 208 207 0 0 0 0 0 0 0 0 0 0 0 0 0 0 0 0 0 0 0 0 0 0 0 0 0 0 0 0 0 0 208 210 211 211 211 211 211 210 211 211 211 211 211 211 211 211 211 211 211 211 211 211 211 211 211 211 211 211 210 211 211 211 211 211 211 211 211 211 211 211 211 211 211 211 211 211 211 211 211 211 211 211 211 211 0 0 0 0 0 0 0 0 0 0 0 0 0 0 0 0 0 0 0 0 0 0 0 0 0 0 0 0 0 0 0 0 0 0 0 
0 0 0 0 0 0 0 0 0 0 0 0 0 0 0 0 0 0 0 0 0 0 0 0 0 0 0 0 0 0 0 0 0 0 0 0 0 0 0 0 0 0 0 0 0 0 0 167 167 168 168 168 168 168 168 169 169 169 169 169 169 169 169 170 170 170 170 170 171 171 171 171 171 171 171 172 172 172 172 173 173 173 173 174 174 174 174 174 174 175 175 175 175 176 176 176 176 176 176 176 177 177 177 177 177 178 178 178 178 178 179 179 179 179 179 179 179 180 180 180 180 180 180 181 181 181 181 181 182 182 182 182 182 183 183 183 183 183 183 183 184 184 184 184 184 184 184 185 185 185 185 185 185 186 186 186 186 186 186 186 186 187 187 187 187 187 187 187 188 188 188 188 188 188 188 189 189 189 189 189 189 190 190 190 190 190 190 190 190 190 190 191 191 191 191 191 191 191 192 192 192 192 192 192 193 193 193 193 193 193 193 193 193 193 193 194 194 194 194 194 194 194 194 194 195 195 195 195 195 195 195 195 195 195 196 196 196 196 196 196 196 196 198 198 198 198 198 199 199 199 199 199 199 199 199 199 200 200 200 200 200 200 201 201 201 201 201 201 201 201 201 201 202 202 202 202 202 202 202 202 202 202 203 203 203 202 202 203 203 203 203 203 204 204 204 204 204 204 204 204 205 205 205 205 205 205 205 205 205 205 206 206 205 205 205 205 206 206 206 206 206 206 206 206 206 206 206 206 206 206 206 206 206 206 206 207 207 207 207 206 207 207 206 207 207 207 207 207 207 207 207 207 208 208 208 208 208 208 208 208 208 208 209 208 208 208 208 208 208 208 208 208 208 209 209 209 209 208 208 208 209 209 209 209 207 0 0 0 0 0 0 0 0 0 0 0 0 0 0 0 0 0 0 0 0 0 0 0 0 0 0 0 0 209 210 211 211 211 210 210 210 211 211 211 211 211 211 211 211 211 211 211 211 211 211 211 211 211 211 211 211 211 210 211 211 211 211 211 211 211 211 211 211 211 211 211 211 211 211 211 211 211 211 211 211 211 211 211 211 0 0 0 0 0 0 0 0 0 0 0 0 0 0 0 0 0 0 0 0 0 0 0 0 0 0 0 0 0 0 0 0 0 0 
0 0 0 0 0 0 0 0 0 0 0 0 0 0 0 0 0 0 0 0 0 0 0 0 0 0 0 0 0 0 0 0 0 0 0 0 0 0 0 0 0 0 0 0 0 0 0 167 167 167 168 168 168 168 168 169 169 169 169 169 169 169 169 170 170 170 170 170 170 171 171 171 171 171 171 172 172 172 172 173 173 173 173 173 174 174 174 174 174 175 175 175 175 175 175 175 175 176 176 176 176 177 177 177 177 177 177 178 178 178 178 178 178 179 179 179 179 179 180 180 180 180 180 180 181 181 181 181 181 181 182 182 182 182 182 182 183 183 183 183 183 183 184 184 184 184 184 184 185 185 185 185 185 185 186 186 186 186 186 186 186 186 187 187 187 187 187 187 187 188 188 188 188 188 188 189 189 189 189 189 189 190 190 190 190 190 190 190 190 190 190 191 191 191 191 191 192 192 192 192 192 193 193 193 193 193 192 193 193 193 193 193 193 193 194 194 194 194 194 194 194 194 195 195 195 195 195 195 195 195 195 195 195 195 196 196 196 196 196 196 196 197 198 199 199 199 199 199 199 199 199 199 199 199 200 200 200 200 200 200 200 201 201 201 201 201 201 201 201 202 202 202 202 202 202 202 202 202 202 202 203 203 203 203 203 203 203 203 203 203 203 203 203 203 203 204 204 204 204 204 204 204 204 204 204 204 204 205 205 205 205 205 205 205 205 205 205 205 205 205 205 205 205 205 205 205 205 205 205 205 206 206 206 206 206 206 206 206 206 206 207 206 207 207 207 207 207 208 208 207 207 207 208 208 208 208 208 208 208 208 209 209 209 209 208 209 209 208 209 208 208 208 208 208 208 209 209 208 208 209 208 209 209 208 207 0 0 0 0 0 0 0 0 0 0 0 0 0 0 0 0 0 0 0 0 0 0 0 0 0 0 0 209 209 210 210 211 210 210 210 210 211 211 211 211 211 211 211 211 211 211 210 211 211 211 211 211 211 211 211 211 211 210 210 211 211 211 211 211 211 211 211 211 211 211 211 211 211 211 211 211 211 211 211 211 211 211 211 211 211 211 0 0 0 0 0 0 0 0 0 0 0 0 0 0 0 0 0 0 0 0 0 0 0 0 0 0 0 0 0 0 0 0 
0 0 0 0 0 0 0 0 0 0 0 0 0 0 0 0 0 0 0 0 0 0 0 0 0 0 0 0 0 0 0 0 0 0 0 0 0 0 0 0 0 0 0 0 166 166 167 167 167 167 167 168 168 168 168 168 168 168 169 169 169 169 170 170 170 170 170 171 171 171 171 171 171 171 172 172 172 172 172 172 173 173 173 173 173 174 174 174 174 174 174 175 175 175 175 175 175 176 176 176 176 176 177 177 177 177 177 177 178 178 178 178 178 179 179 179 179 179 179 180 180 180 180 180 181 181 181 181 181 181 181 182 182 182 182 182 182 183 183 183 183 183 184 184 184 184 184 184 185 185 185 185 185 185 186 186 186 186 186 186 186 186 187 187 187 187 187 187 187 187 188 188 188 188 188 188 188 189 189 189 189 189 189 189 190 190 190 190 190 190 190 190 191 191 191 191 192 192 192 192 192 193 193 192 192 192 192 192 193 193 193 193 193 193 193 193 194 194 194 194 194 194 194 194 194 195 195 195 195 195 195 195 195 196 196 196 196 196 196 196 196 197 199 199 199 199 199 199 199 199 199 199 199 200 200 200 200 200 200 200 200 200 201 201 201 201 201 201 201 201 202 202 202 202 202 202 202 202 202 202 203 203 203 203 203 203 203 203 203 203 203 203 203 203 203 203 204 204 204 204 204 204 204 204 204 204 204 205 204 205 205 205 205 205 205 205 205 205 205 205 205 205 205 205 205 205 205 205 205 205 205 206 206 206 206 206 206 207 206 207 207 206 206 206 206 207 207 207 207 207 207 207 207 208 208 208 208 208 208 208 209 209 208 209 209 209 209 209 209 208 208 208 208 208 209 209 209 209 209 208 208 209 209 208 207 0 0 0 0 0 0 0 0 0 0 0 0 0 0 0 0 0 0 0 0 0 0 0 0 0 0 209 209 209 210 210 211 211 210 210 211 211 211 211 211 211 211 211 211 211 211 211 210 211 211 211 211 211 211 211 211 211 210 210 211 211 211 211 211 211 211 211 211 211 211 211 211 211 211 211 211 211 211 211 211 211 211 211 211 211 211 211 0 0 0 0 0 0 0 0 0 0 0 0 0 0 0 0 0 0 0 0 0 0 0 0 0 0 0 0 0 0 0 
0 0 0 0 0 0 0 0 0 0 0 0 0 0 0 0 0 0 0 0 0 0 0 0 0 0 0 0 0 0 0 0 0 0 0 0 0 0 0 0 0 0 0 0 166 166 166 167 167 167 167 167 168 168 168 168 168 168 168 169 169 169 169 170 170 170 170 170 170 171 171 171 171 172 172 172 172 172 172 172 172 173 173 173 173 174 174 174 174 174 174 175 175 175 175 175 175 176 176 176 176 176 177 177 177 177 177 177 178 178 178 178 178 178 179 179 179 179 179 179 180 180 180 180 180 181 181 181 181 181 181 181 182 182 182 182 182 182 183 183 183 183 183 184 184 184 184 184 184 185 185 185 185 185 185 186 186 186 186 186 186 186 186 187 187 187 187 187 187 187 187 188 188 188 188 188 188 189 189 189 189 189 189 189 190 190 190 190 190 190 190 190 191 191 191 191 191 192 192 192 192 192 192 192 192 192 193 193 193 193 193 193 193 193 194 193 193 194 194 194 194 194 194 194 194 194 195 195 195 195 195 195 195 195 196 196 196 196 196 196 196 197 198 198 198 199 199 199 199 199 199 199 199 200 200 200 200 200 200 200 200 200 201 201 201 201 201 201 201 201 202 202 202 202 202 202 202 202 202 202 202 203 203 203 203 203 203 203 203 203 203 203 203 203 203 203 204 204 204 204 204 204 204 204 204 204 204 204 204 205 205 205 205 205 205 205 205 205 205 205 205 205 205 205 205 205 205 205 205 205 205 205 205 206 206 206 206 206 206 206 206 206 206 206 206 207 207 207 207 207 207 207 207 208 208 208 208 207 208 208 209 209 208 208 208 209 209 209 209 209 209 209 208 208 209 209 210 209 209 209 208 208 208 208 208 207 0 0 0 0 0 0 0 0 0 0 0 0 0 0 0 0 0 0 0 0 0 0 0 0 208 209 209 210 210 210 211 211 211 211 211 211 211 211 211 211 211 211 211 211 211 211 211 211 210 210 210 211 211 211 211 211 211 211 211 211 211 211 211 211 211 211 211 211 211 211 211 211 211 211 211 211 211 211 211 211 211 211 211 211 211 211 211 0 0 0 0 0 0 0 0 0 0 0 0 0 0 0 0 0 0 0 0 0 0 0 0 0 0 0 0 0 0 
0 0 0 0 0 0 0 0 0 0 0 0 0 0 0 0 0 0 0 0 0 0 0 0 0 0 0 0 0 0 0 0 0 0 0 0 0 0 0 0 0 0 0 0 0 166 166 166 167 167 167 167 167 167 168 168 168 168 168 168 169 169 169 169 169 170 170 170 170 170 171 171 171 171 171 172 172 172 172 172 172 172 173 173 173 173 174 174 174 174 174 175 175 175 175 175 175 175 176 176 176 176 176 176 177 177 177 177 177 177 178 178 178 178 178 178 179 179 179 179 180 180 180 180 180 180 180 180 181 181 181 181 181 182 182 182 182 182 183 183 183 183 183 183 184 184 184 184 184 185 185 185 185 185 185 185 185 186 186 186 186 186 186 187 187 187 187 187 187 187 187 187 188 188 188 188 188 189 189 189 189 189 189 189 190 190 190 190 190 190 190 190 191 191 191 191 191 191 192 192 192 192 192 192 192 193 193 193 193 193 193 193 193 193 193 193 194 194 194 194 194 194 194 194 194 194 195 195 195 195 195 195 195 195 196 196 196 196 196 196 196 197 198 198 199 199 199 199 199 199 199 199 199 200 200 200 200 200 200 200 200 200 201 201 201 201 201 201 201 201 201 202 202 202 202 202 202 202 202 202 202 203 203 203 203 202 203 203 203 203 203 203 203 203 203 203 203 204 204 204 204 204 204 204 204 204 204 204 204 205 205 205 205 205 205 205 205 205 205 205 205 205 205 205 205 205 205 205 205 205 205 205 205 205 206 206 206 206 206 206 206 206 206 206 206 207 207 208 208 208 208 208 208 208 207 207 207 208 208 208 208 208 208 208 208 208 208 208 209 209 209 209 209 208 208 209 209 209 209 209 208 208 208 208 208 207 0 0 0 0 0 0 0 0 0 0 0 0 0 0 0 0 0 0 0 0 0 0 0 208 209 209 210 210 210 210 211 211 211 211 211 211 211 211 211 211 211 211 211 211 211 211 211 211 211 211 211 210 210 210 211 211 211 211 211 211 211 211 210 210 211 211 211 211 211 211 211 211 211 211 211 211 211 211 211 211 211 211 211 211 211 211 211 0 0 0 0 0 0 0 0 0 0 0 0 0 0 0 0 0 0 0 0 0 0 0 0 0 0 0 0 0 0 
0 0 0 0 0 0 0 0 0 0 0 0 0 0 0 0 0 0 0 0 0 0 0 0 0 0 0 0 0 0 0 0 0 0 0 0 0 0 0 0 0 0 0 0 0 166 166 166 166 167 167 167 167 167 167 168 168 168 168 168 168 168 169 169 169 169 169 170 170 170 170 171 171 171 171 171 172 172 172 172 172 172 172 173 173 173 174 174 174 174 174 174 174 174 175 175 175 175 176 176 176 176 176 176 177 177 177 177 177 177 178 178 178 178 178 178 178 179 179 179 179 180 180 180 180 180 180 180 181 181 181 181 181 182 182 182 182 182 182 183 183 183 183 183 184 184 184 184 184 184 185 185 185 185 185 185 185 185 186 186 186 186 186 186 187 187 187 187 187 187 187 187 187 188 188 188 188 188 189 189 189 189 189 189 189 189 189 190 190 190 190 190 191 191 191 191 191 191 192 192 192 192 192 192 192 193 193 193 192 193 193 193 193 193 193 193 194 194 194 194 194 194 194 194 194 194 194 195 195 195 195 195 195 196 196 196 196 196 196 196 196 197 198 198 199 199 199 199 199 199 199 199 199 200 200 200 200 200 200 200 200 200 200 201 201 201 201 201 201 201 201 202 202 202 202 202 202 202 202 202 202 202 203 203 202 202 203 203 203 203 203 203 203 203 203 203 203 204 204 204 204 204 204 204 204 204 204 204 204 205 205 205 205 205 205 205 205 205 205 206 206 205 205 205 205 205 205 205 205 205 205 205 205 205 206 206 206 206 206 206 206 206 206 206 206 207 207 207 207 207 207 207 207 207 207 207 207 208 208 208 209 208 208 208 208 208 209 208 208 209 209 209 209 209 209 209 209 210 210 209 208 208 208 207 208 208 208 0 0 0 0 0 0 0 0 0 0 0 0 0 0 0 0 0 0 0 0 0 0 209 209 210 210 210 210 210 211 211 211 211 211 211 211 211 211 211 211 211 211 211 211 211 211 211 211 211 211 210 210 210 210 211 211 211 211 211 211 211 211 211 211 0 0 0 0 0 0 0 0 211 211 211 211 211 211 211 211 211 211 211 211 211 211 211 0 0 0 0 0 0 0 0 0 0 0 0 0 0 0 0 0 0 0 0 0 0 0 0 0 0 0 0 0 
0 0 0 0 0 0 0 0 0 0 0 0 0 0 0 0 0 0 0 0 0 0 0 0 0 0 0 0 0 0 0 0 0 0 0 0 0 0 0 0 0 0 0 165 165 165 166 166 166 166 166 167 167 167 167 168 168 168 168 168 168 168 169 169 169 169 169 169 170 170 170 170 171 171 171 171 171 171 172 172 172 172 172 173 173 173 173 173 174 174 174 174 174 174 175 175 175 175 175 176 176 176 176 176 176 176 177 177 177 177 177 178 178 178 178 178 178 179 179 179 179 179 180 180 180 180 180 180 181 181 181 181 181 181 182 182 182 182 182 182 183 183 183 183 183 184 184 184 184 184 184 185 185 185 185 185 185 185 185 186 186 186 186 186 186 187 187 187 187 187 187 187 187 188 188 188 188 188 189 189 189 189 189 189 189 189 189 189 190 190 190 190 191 191 191 191 191 191 191 191 192 192 192 192 192 193 193 193 193 193 193 193 193 193 193 193 193 193 194 194 194 194 194 194 194 194 194 195 195 195 195 195 195 195 196 196 196 196 196 196 197 197 198 198 198 199 199 199 199 199 199 199 199 199 200 200 200 200 200 200 200 200 200 201 201 201 201 201 201 201 201 201 202 202 202 202 202 202 202 202 202 202 203 203 202 202 203 203 203 203 203 203 203 203 203 203 203 203 204 204 204 204 204 204 204 204 204 204 204 205 205 205 205 205 205 205 205 205 205 205 206 206 206 206 206 205 205 205 205 205 205 205 205 205 205 206 206 206 206 206 206 206 206 206 206 207 207 207 207 207 207 207 207 207 207 207 207 208 208 208 209 208 208 208 208 208 208 208 208 208 209 209 209 209 209 209 209 209 209 209 209 208 208 208 208 208 208 208 0 0 0 0 0 0 0 0 0 0 0 0 0 0 0 0 0 0 0 0 209 209 209 210 210 210 210 211 211 211 211 211 211 211 211 211 211 211 211 210 211 211 211 211 211 211 211 211 211 211 210 210 211 211 210 211 211 211 211 211 211 211 0 0 0 0 0 0 0 0 0 0 211 211 211 211 211 211 211 211 211 211 211 211 211 0 0 0 0 0 0 0 0 0 0 0 0 0 0 0 0 0 0 0 0 0 0 0 0 0 0 0 0 0 0 
0 0 0 0 0 0 0 0 0 0 0 0 0 0 0 0 0 0 0 0 0 0 0 0 0 0 0 0 0 0 0 0 0 0 0 0 0 0 0 0 0 0 0 165 165 165 165 166 166 166 166 167 167 167 167 167 168 168 168 168 168 168 169 169 169 169 169 169 170 170 170 170 170 171 171 171 171 171 171 172 172 172 172 172 173 173 173 173 174 174 174 174 174 174 174 175 175 175 175 175 175 176 176 176 176 176 177 177 177 177 177 178 178 178 178 178 178 179 179 179 179 179 180 180 180 180 180 180 181 181 181 181 181 181 181 182 182 182 182 182 183 183 183 183 183 183 184 184 184 184 184 184 184 185 185 185 185 185 185 186 186 186 186 186 186 186 187 187 187 187 187 187 187 187 188 188 188 188 188 188 189 189 189 189 189 189 189 189 190 190 190 190 190 191 191 191 191 191 191 191 192 192 192 192 192 192 192 193 192 192 192 192 193 193 193 193 193 193 193 193 194 194 194 194 194 194 194 195 194 195 195 195 195 195 196 196 196 196 196 196 196 196 198 198 198 198 199 199 199 199 199 199 199 199 199 200 200 200 200 200 200 200 200 200 201 201 201 201 201 201 201 201 202 202 202 202 202 202 202 202 202 202 202 203 203 202 202 203 203 203 203 203 203 203 203 203 203 203 204 204 204 204 204 204 204 204 204 204 205 205 205 205 205 205 205 205 205 205 205 205 205 206 206 206 206 205 205 205 205 205 205 205 205 205 205 205 205 205 205 206 206 205 206 206 207 207 207 207 207 207 207 207 207 207 207 207 208 208 208 208 208 208 208 208 208 208 208 209 208 208 209 209 209 209 209 209 209 208 209 209 209 209 209 209 208 208 208 209 209 208 0 0 0 0 0 0 0 0 0 0 0 0 0 0 0 0 0 0 209 209 210 210 210 210 211 211 211 211 211 211 211 211 211 211 211 211 211 210 210 210 210 211 211 211 211 211 210 210 210 210 211 211 211 211 211 211 211 211 211 211 0 0 0 0 0 0 0 0 0 0 0 0 211 211 211 211 211 211 211 211 211 0 0 0 0 0 0 0 0 0 0 0 0 0 0 0 0 0 0 0 0 0 0 0 0 0 0 0 0 0 0 0 0 
0 0 0 0 0 0 0 0 0 0 0 0 0 0 0 0 0 0 0 0 0 0 0 0 0 0 0 0 0 0 0 0 0 0 0 0 0 163 163 164 164 164 164 164 164 165 165 165 165 166 166 166 167 167 167 167 167 168 168 168 168 168 168 169 169 169 169 169 169 170 170 170 170 170 171 171 171 171 171 172 172 172 172 172 173 173 173 173 174 174 174 174 174 174 175 175 175 175 175 175 176 176 176 176 176 177 177 177 177 177 177 177 178 178 178 178 178 179 179 179 179 179 179 179 180 180 180 180 180 180 181 181 181 181 181 182 182 182 182 182 182 183 183 183 183 183 183 184 184 184 184 184 184 184 185 185 185 185 185 185 185 186 186 186 186 186 186 187 187 187 187 187 187 187 188 188 188 188 188 188 188 189 189 189 189 189 189 189 189 189 190 190 190 190 191 191 191 191 191 191 191 192 192 192 192 192 192 192 192 192 192 192 193 193 193 193 193 193 193 193 194 194 194 194 194 194 195 194 194 194 195 195 195 195 196 196 196 196 196 196 196 196 198 198 198 198 198 199 199 199 199 199 199 199 199 199 199 200 200 200 200 200 200 200 200 201 201 201 201 201 201 201 201 202 202 202 202 202 202 202 202 202 202 203 203 202 202 202 203 203 203 203 203 203 203 203 203 203 204 204 204 204 204 204 204 204 204 204 204 204 204 204 205 205 205 205 205 205 205 205 205 206 206 206 206 206 205 206 206 205 206 206 205 205 205 205 206 206 205 205 205 205 206 206 206 207 207 207 207 207 207 208 208 207 207 208 207 208 208 208 208 208 208 208 208 208 208 209 208 208 209 209 209 209 209 209 209 208 208 208 208 209 209 208 208 208 209 209 208 208 208 0 0 0 0 0 0 0 0 0 0 0 0 0 0 0 0 209 209 209 210 210 210 211 211 211 211 211 211 211 211 211 211 211 210 210 211 211 210 210 210 211 211 211 211 211 211 210 210 210 211 211 210 211 211 211 211 211 211 0 0 0 0 0 0 0 0 0 0 0 0 0 0 0 211 211 211 211 0 0 0 0 0 0 0 0 0 0 0 0 0 0 0 0 0 0 0 0 0 0 0 0 0 0 0 0 0 0 0 0 0 0 0 
0 0 0 0 0 0 0 0 0 0 0 0 0 0 0 0 0 0 0 0 0 0 0 0 0 0 0 0 0 0 0 0 0 0 0 0 0 163 163 163 163 163 164 164 164 164 165 165 165 166 166 166 166 167 167 167 167 167 168 168 168 168 168 168 169 169 169 169 169 169 170 170 170 170 170 171 171 171 171 172 172 172 172 172 172 172 173 173 173 173 174 174 174 174 174 175 175 175 175 175 175 176 176 176 176 176 176 177 177 177 177 177 177 177 178 178 178 178 178 179 179 179 179 179 179 180 180 180 180 180 180 181 181 181 181 181 182 182 182 182 182 182 183 183 183 183 183 183 184 184 184 184 184 184 185 185 185 185 185 185 185 186 186 186 186 186 186 187 187 187 187 187 187 187 187 188 188 188 188 188 188 188 189 189 189 189 189 189 189 189 190 190 190 190 191 191 191 191 191 191 191 191 192 192 192 192 192 192 192 192 192 192 193 193 193 193 193 193 193 193 193 193 194 194 194 194 195 194 195 195 195 195 195 196 196 195 196 196 196 196 196 196 198 198 198 198 198 199 199 199 199 199 199 199 199 199 199 199 200 200 200 200 200 200 200 200 201 201 201 201 201 201 201 202 202 202 202 202 202 202 202 202 202 202 203 203 202 202 203 203 203 203 203 203 203 203 203 203 203 204 204 204 204 204 204 204 204 204 204 204 204 204 204 204 205 205 205 205 205 205 205 205 206 206 206 206 206 206 206 206 206 206 205 205 206 206 206 205 205 206 206 206 207 207 207 207 207 207 207 207 207 207 208 207 208 208 207 208 208 208 208 208 208 208 208 209 209 208 208 209 209 209 209 209 209 209 209 208 208 208 208 208 208 208 209 209 208 209 208 208 208 0 0 0 0 0 0 0 0 0 0 0 0 0 0 0 208 209 209 210 209 210 211 211 211 211 211 211 211 211 211 211 211 211 210 210 210 210 210 210 210 210 211 211 211 211 210 210 210 210 211 211 211 211 211 211 211 211 211 0 0 0 0 0 0 0 0 0 0 0 0 0 0 0 0 0 0 0 0 0 0 0 0 0 0 0 0 0 0 0 0 0 0 0 0 0 0 0 0 0 0 0 0 0 0 0 0 0 0 0 0 0 0 
0 0 0 0 0 0 0 0 0 0 0 0 0 0 0 0 0 0 0 0 0 0 0 0 0 0 0 0 0 0 0 0 0 0 0 0 0 163 163 163 163 163 164 164 164 164 165 165 165 166 166 166 166 166 167 167 167 167 168 168 168 168 168 168 168 169 169 169 169 169 169 169 170 170 170 171 171 171 171 171 171 171 172 172 172 172 172 173 173 173 174 174 174 174 174 174 174 175 175 175 175 175 176 176 176 176 176 176 177 177 177 177 177 177 177 178 178 178 178 178 179 179 179 179 179 179 180 180 180 180 180 181 181 181 181 181 181 182 182 182 182 182 182 183 183 183 183 183 183 184 184 184 184 184 184 185 185 185 185 185 185 185 186 186 186 186 186 186 187 187 187 187 187 187 187 188 188 188 188 188 188 188 188 188 189 189 189 189 189 190 190 190 190 190 190 191 191 191 191 191 191 191 191 191 192 192 192 192 192 192 192 192 192 192 192 193 193 193 193 193 193 193 194 193 194 194 194 195 195 195 195 195 195 195 195 196 196 196 196 196 196 196 198 198 198 198 198 198 199 199 199 199 199 199 199 199 199 199 200 200 200 200 200 200 200 200 201 201 201 201 201 201 201 201 202 202 202 202 202 202 202 202 202 202 203 202 202 202 202 203 203 203 203 203 203 203 203 203 203 203 204 204 204 204 204 204 204 204 204 204 204 204 204 204 204 205 205 205 205 205 205 205 205 205 206 206 206 206 206 206 206 206 206 206 206 206 205 205 205 206 206 207 207 207 206 206 207 207 207 207 207 207 208 207 208 207 207 208 208 208 208 208 208 209 209 209 209 209 209 209 209 209 209 209 209 209 208 208 209 209 209 209 209 209 210 209 208 209 208 208 208 0 0 0 0 0 0 0 0 0 0 0 0 0 0 0 208 209 209 210 210 211 211 211 211 211 211 211 211 211 211 211 211 211 210 210 210 210 210 210 210 210 211 211 211 210 210 210 210 210 211 211 211 211 211 211 211 211 211 0 0 0 0 0 0 0 0 0 0 0 0 0 0 0 0 0 0 0 0 0 0 0 0 0 0 0 0 0 0 0 0 0 0 0 0 0 0 0 0 0 0 0 0 0 0 0 0 0 0 0 0 0 0 
0 0 0 0 0 0 0 0 0 0 0 0 0 0 0 0 0 0 0 0 0 0 0 0 0 0 0 0 0 0 0 0 0 0 0 0 0 162 162 163 163 164 164 164 164 164 164 165 165 165 166 166 166 166 166 167 167 167 167 167 168 168 168 168 168 168 169 169 169 169 169 169 169 170 170 170 170 171 171 171 171 171 171 172 172 172 172 173 173 173 173 173 173 174 174 174 174 174 175 175 175 175 175 176 176 176 176 176 176 177 177 177 177 177 177 177 178 178 178 178 178 178 179 179 179 179 179 179 180 180 180 180 181 181 181 181 181 181 182 182 182 182 182 183 183 183 183 183 183 184 184 184 184 184 184 184 184 185 185 185 185 185 186 186 186 186 186 186 186 186 187 187 187 187 187 187 188 188 188 188 188 188 188 188 189 189 189 189 189 189 189 190 190 190 190 191 191 191 191 191 191 191 191 191 191 192 192 192 192 192 192 192 192 192 192 192 192 193 193 193 193 193 194 193 194 194 194 195 194 195 195 195 195 195 195 195 196 196 196 196 196 196 198 198 198 198 198 198 199 199 199 199 199 199 199 199 199 200 200 200 200 200 200 200 200 200 200 201 201 201 201 201 201 201 202 202 202 202 202 202 202 202 202 202 203 202 202 202 203 203 203 203 203 203 203 203 203 203 203 203 204 204 204 204 204 204 204 204 204 204 204 205 205 205 204 204 204 205 205 205 205 205 205 205 205 206 206 206 206 206 206 206 206 206 206 206 205 205 206 206 206 206 206 206 206 206 207 207 207 207 207 207 208 207 207 207 207 208 208 208 208 208 208 208 208 209 209 209 209 209 209 209 209 209 209 209 208 209 209 209 209 208 209 209 209 209 209 209 209 208 208 208 208 0 0 0 0 0 0 0 0 0 0 0 0 208 209 209 209 209 210 210 211 211 211 211 211 211 211 211 211 211 211 211 210 210 211 211 210 210 210 210 210 210 211 210 210 210 210 211 211 211 211 211 211 211 211 211 211 0 0 0 0 0 0 0 0 0 0 0 0 0 0 0 0 0 0 0 0 0 0 0 0 0 0 0 0 0 0 0 0 0 0 0 0 0 0 0 0 0 0 0 0 0 0 0 0 0 0 0 0 0 0 
0 0 0 0 0 0 0 0 0 0 0 0 0 0 0 0 0 0 0 0 0 0 0 0 0 0 0 0 0 0 0 0 0 0 0 0 0 0 162 162 163 164 164 165 165 164 164 164 165 165 165 165 166 166 166 167 167 167 167 167 168 168 168 168 168 168 168 169 169 169 169 169 169 170 170 170 170 171 171 171 171 171 171 172 172 172 173 173 173 173 173 173 173 173 174 174 174 174 174 175 175 175 175 175 175 176 176 176 176 176 177 177 177 177 177 177 177 178 178 178 178 178 178 179 179 179 179 179 179 180 180 180 180 181 181 181 181 181 182 182 182 182 182 182 183 183 183 183 183 183 184 184 184 184 184 184 184 185 185 185 185 185 185 186 186 186 186 186 186 186 187 187 187 187 187 187 187 188 188 188 188 188 188 188 189 189 189 189 189 189 189 190 190 190 190 190 191 191 191 191 191 191 191 191 191 192 192 192 192 192 192 192 192 192 192 192 192 193 193 193 193 193 193 193 193 194 194 194 194 194 194 195 195 195 195 195 195 195 196 196 196 196 198 198 198 198 198 198 198 199 199 199 199 199 199 199 199 199 200 200 200 200 200 200 200 200 200 200 201 201 201 201 201 201 201 202 202 202 202 202 202 202 202 202 202 202 202 202 202 203 203 203 203 203 203 203 203 203 203 203 203 204 204 204 204 204 204 204 204 204 204 205 205 205 204 204 204 205 205 205 205 205 205 205 205 205 205 206 206 206 206 206 206 206 206 205 205 205 205 206 206 206 206 206 207 207 207 207 207 207 207 208 207 207 207 207 207 207 207 207 207 208 208 208 208 209 209 209 209 208 209 209 209 209 209 209 208 209 209 209 209 209 209 209 209 209 209 209 209 209 208 208 208 208 208 0 0 0 0 0 0 0 0 0 208 208 209 209 209 209 210 211 211 211 211 211 211 211 211 211 211 211 211 211 211 211 211 211 210 211 211 210 210 210 210 210 210 210 211 211 211 211 211 211 211 211 211 211 0 0 0 0 0 0 0 0 0 0 0 0 0 0 0 0 0 0 0 0 0 0 0 0 0 0 0 0 0 0 0 0 0 0 0 0 0 0 0 0 0 0 0 0 0 0 0 0 0 0 0 0 0 0 0 
0 0 0 0 0 0 0 0 0 0 0 0 0 0 0 0 0 0 0 0 0 0 0 0 0 0 0 0 0 0 0 0 0 0 0 0 0 0 162 162 163 163 163 164 165 165 165 164 165 165 165 165 166 166 166 166 167 167 167 167 167 168 168 168 168 168 168 168 169 169 169 169 169 169 170 170 170 170 171 171 171 171 171 172 172 172 172 173 173 173 173 173 173 173 173 174 174 174 174 174 175 175 175 175 175 175 175 176 176 176 176 176 177 177 177 177 177 177 178 178 178 178 178 178 179 179 179 179 180 180 180 180 180 180 181 181 181 181 181 181 182 182 182 182 182 183 183 183 183 183 183 184 184 184 184 184 184 184 185 185 185 185 185 185 186 186 186 186 186 186 186 186 187 187 187 187 187 187 187 188 188 188 188 188 188 188 189 189 189 189 189 189 190 190 190 190 190 191 191 191 191 191 191 191 192 192 192 192 192 192 192 192 192 192 192 192 192 192 193 193 193 193 193 193 194 194 194 194 194 194 194 195 195 195 195 195 195 195 195 196 196 196 198 198 198 198 198 198 198 199 199 199 199 199 199 199 199 199 200 200 200 200 200 200 200 200 200 200 201 201 201 201 201 201 201 202 202 202 202 202 202 202 202 202 202 202 202 202 203 203 203 203 203 203 203 203 203 203 203 203 203 203 204 204 204 204 204 204 204 204 204 204 205 205 205 204 204 204 205 205 205 205 205 205 205 206 206 206 206 206 206 206 206 206 205 205 206 206 206 206 206 206 206 206 207 207 207 207 207 207 207 207 207 207 207 207 207 207 207 208 208 207 208 208 208 208 208 208 208 209 209 209 209 209 209 209 209 209 210 210 209 209 209 209 209 209 209 209 209 209 209 209 208 208 208 208 0 0 0 0 0 0 0 208 208 209 209 210 210 210 210 211 211 211 211 211 211 211 211 211 211 211 211 211 211 211 211 211 211 211 211 210 210 210 210 210 210 211 0 0 211 211 211 211 211 211 211 0 0 0 0 0 0 0 0 0 0 0 0 0 0 0 0 0 0 0 0 0 0 0 0 0 0 0 0 0 0 0 0 0 0 0 0 0 0 0 0 0 0 0 0 0 0 0 0 0 0 0 0 0 0 0 0 
0 0 0 0 0 0 0 0 0 0 0 0 0 0 0 0 0 0 0 0 0 0 0 0 0 0 0 0 0 0 0 0 0 0 0 0 0 0 0 162 162 162 163 163 164 165 165 165 165 165 165 166 166 166 166 166 166 166 167 167 167 167 168 168 168 168 168 168 169 169 169 169 169 169 169 170 170 170 170 171 171 171 171 171 172 172 172 172 172 173 173 173 173 173 173 173 174 174 174 174 175 175 175 175 175 175 175 175 175 176 176 176 176 176 177 177 177 177 177 178 178 178 178 178 179 179 179 179 180 180 180 180 180 180 181 181 181 181 181 181 181 182 182 182 182 183 183 183 183 183 183 183 183 183 184 184 184 184 185 185 185 185 185 185 185 186 186 186 186 186 186 186 186 187 187 187 187 187 187 187 188 188 188 188 188 188 189 189 189 189 189 189 190 190 190 190 190 190 191 191 191 191 191 191 191 191 191 191 192 192 192 193 192 192 192 192 192 192 193 193 193 193 193 193 194 194 194 194 194 194 194 195 195 195 195 195 195 195 195 196 196 196 198 198 198 198 198 198 198 198 199 199 199 199 199 199 199 199 200 200 200 200 200 200 200 200 200 200 200 201 201 201 201 201 201 201 202 202 202 202 202 202 202 202 202 202 202 202 202 203 203 203 203 203 203 203 203 203 203 203 203 203 203 204 204 204 204 204 204 204 204 204 205 205 205 205 204 205 205 205 205 205 205 205 205 206 206 206 206 206 206 206 206 206 206 206 206 206 206 206 206 206 206 206 207 207 207 207 207 207 207 207 207 207 207 207 207 208 208 208 208 207 207 208 208 208 209 209 208 209 209 209 209 209 209 209 209 210 210 210 210 209 209 209 209 209 209 209 209 209 209 209 208 208 208 208 208 208 208 208 208 209 209 208 209 209 209 210 210 211 211 211 211 211 211 211 211 211 211 211 211 211 211 211 211 211 211 211 211 210 210 210 210 210 210 210 210 0 0 0 0 0 0 0 0 0 0 0 0 0 0 0 0 0 0 0 0 0 0 0 0 0 0 0 0 0 0 0 0 0 0 0 0 0 0 0 0 0 0 0 0 0 0 0 0 0 0 0 0 0 0 0 0 0 0 0 0 0 0 0 0 0 0 
0 0 0 0 0 0 0 0 0 0 0 0 0 0 0 0 0 0 0 0 0 0 0 0 0 0 0 0 0 0 0 0 0 0 0 0 0 0 0 162 162 162 163 163 163 164 165 165 165 165 165 165 166 166 166 166 166 166 166 167 167 167 168 168 168 168 168 168 168 169 169 169 169 169 169 169 170 170 170 170 171 171 171 171 171 172 172 172 172 173 173 173 173 173 173 173 173 173 174 174 174 175 175 175 175 175 175 175 175 176 176 176 176 176 176 176 177 177 177 177 177 178 178 178 179 179 179 179 179 180 180 180 180 180 181 181 181 181 181 181 181 182 182 182 182 182 183 183 183 183 183 183 183 183 184 184 184 184 184 185 185 185 185 185 185 186 186 186 186 186 186 186 186 187 187 187 187 187 187 187 188 188 188 188 188 188 188 189 189 189 189 189 190 190 190 190 190 190 191 191 191 191 191 191 191 191 191 191 192 192 192 192 192 192 192 192 192 193 193 193 193 193 193 193 193 193 194 194 194 194 194 194 194 195 195 195 195 195 195 195 196 196 198 198 198 198 198 198 198 198 199 199 199 199 199 199 199 199 199 200 200 200 200 200 200 200 200 200 200 201 201 201 201 201 201 201 202 202 202 202 202 202 202 202 202 202 202 202 202 203 203 203 203 203 203 203 203 203 203 203 203 203 203 203 204 204 204 204 204 204 204 204 205 205 205 205 205 205 204 205 205 205 205 205 205 206 206 206 206 206 206 206 206 206 206 206 206 206 206 206 206 206 206 206 206 206 207 207 207 207 207 207 207 207 207 207 207 207 208 208 208 208 207 208 208 208 208 209 209 209 209 209 209 209 209 209 209 209 209 210 210 210 210 210 209 209 209 209 209 209 209 209 208 208 208 208 208 209 208 209 209 209 209 209 209 209 209 210 210 210 211 211 211 211 211 211 211 211 211 211 211 211 211 211 211 211 211 211 211 211 210 210 210 210 210 210 210 0 0 0 0 0 0 0 0 0 0 0 0 0 0 0 0 0 0 0 0 0 0 0 0 0 0 0 0 0 0 0 0 0 0 0 0 0 0 0 0 0 0 0 0 0 0 0 0 0 0 0 0 0 0 0 0 0 0 0 0 0 0 0 0 0 0 
0 0 0 0 0 0 0 0 0 0 0 0 0 0 0 0 0 0 0 0 0 0 0 0 0 0 0 0 0 0 0 0 0 0 0 0 0 0 0 162 162 162 162 163 163 163 164 164 164 165 165 165 165 166 166 166 166 166 166 167 167 167 168 168 168 168 168 168 168 169 169 169 169 169 169 169 169 170 170 170 170 171 171 171 171 172 172 172 172 172 172 173 173 173 173 173 173 173 173 174 174 174 175 175 175 175 175 175 175 176 176 176 176 176 176 177 177 177 177 177 177 178 178 179 179 179 179 179 179 179 180 180 180 180 180 181 181 181 181 181 181 181 182 182 182 182 182 182 183 183 183 183 183 184 184 184 184 184 184 184 185 185 185 185 185 185 186 186 186 186 186 186 186 186 187 187 187 187 187 187 187 188 188 188 188 188 188 188 189 189 189 189 189 190 190 190 190 190 191 191 191 191 191 191 191 191 191 191 192 192 192 192 192 192 192 192 192 192 193 193 193 193 193 193 193 193 194 194 194 194 194 195 195 195 195 195 195 195 195 195 196 196 197 198 198 198 198 198 198 198 199 199 199 199 199 199 199 199 199 200 200 200 200 200 200 200 200 200 200 201 201 201 201 201 201 201 201 202 202 202 202 202 202 202 202 202 202 202 202 203 203 203 203 203 203 203 203 203 203 203 203 203 203 203 204 204 204 204 204 204 204 204 204 205 205 205 205 205 205 205 205 205 205 205 205 206 206 206 206 206 206 206 206 206 206 206 206 206 206 206 206 206 206 206 206 206 206 207 207 207 207 207 207 207 207 208 208 208 208 208 208 208 207 207 207 208 208 209 209 209 209 209 209 210 209 209 209 209 210 210 210 210 210 210 210 209 209 209 209 209 208 209 209 209 208 209 208 208 208 209 209 209 208 209 209 209 209 210 210 210 211 211 210 210 210 211 211 211 211 211 211 211 211 211 211 211 211 211 211 211 211 210 210 210 210 210 210 211 0 0 0 0 0 0 0 0 0 0 0 0 0 0 0 0 0 0 0 0 0 0 0 0 0 0 0 0 0 0 0 0 0 0 0 0 0 0 0 0 0 0 0 0 0 0 0 0 0 0 0 0 0 0 0 0 0 0 0 0 0 0 0 0 0 
0 0 0 0 0 0 0 0 0 0 0 0 0 0 0 0 0 0 0 0 0 0 0 0 0 0 0 0 0 0 0 0 0 0 0 0 0 0 0 162 162 162 162 163 163 163 163 164 164 164 165 165 165 165 166 166 166 166 166 166 167 167 168 168 168 168 168 168 169 169 169 169 169 169 169 169 169 170 170 170 170 170 171 171 171 171 171 172 172 172 172 173 173 173 173 173 173 173 173 174 174 174 174 175 175 175 175 176 176 176 176 176 176 176 176 177 177 177 177 177 178 178 178 178 179 179 179 179 179 179 179 180 180 180 180 180 181 181 181 181 181 181 182 182 182 182 182 182 182 183 183 183 183 183 184 184 184 184 184 184 184 184 185 185 185 185 185 186 186 186 186 186 186 186 187 187 187 187 187 187 187 187 187 188 188 188 188 188 188 189 189 189 189 189 190 190 190 190 190 191 191 191 191 191 191 191 191 191 192 192 191 192 192 192 192 192 192 192 193 193 193 193 193 193 193 193 193 194 194 194 194 195 195 195 195 195 195 195 195 195 195 196 197 198 198 198 198 198 198 198 198 199 199 199 199 199 199 199 199 200 200 200 200 200 200 200 200 200 200 200 201 201 201 201 201 201 201 202 202 202 202 202 202 202 202 202 202 202 202 202 203 203 203 203 203 203 203 203 203 203 203 203 203 203 204 204 204 204 204 204 204 205 204 205 205 205 205 205 205 205 205 205 205 205 205 205 205 205 205 206 206 206 206 206 206 206 206 206 206 206 206 206 206 206 206 206 206 206 206 206 207 207 207 207 207 207 208 208 208 208 208 208 208 207 207 208 208 208 209 209 209 209 209 210 209 209 209 209 209 210 210 210 210 210 210 209 209 209 209 209 208 209 209 209 209 209 209 208 209 209 209 209 209 209 209 209 209 210 210 211 211 211 210 210 210 210 211 211 211 211 211 211 211 211 211 211 211 211 211 211 211 210 210 210 210 210 210 210 0 0 0 0 0 0 0 0 0 0 0 0 0 0 0 0 0 0 0 0 0 0 0 0 0 0 0 0 0 0 0 0 0 0 0 0 0 0 0 0 0 0 0 0 0 0 0 0 0 0 0 0 0 0 0 0 0 0 0 0 0 0 0 0 0 
0 0 0 0 0 0 0 0 0 0 0 0 0 0 0 0 0 0 0 0 0 0 0 0 0 0 0 0 0 0 0 0 0 0 0 0 0 0 0 0 162 162 162 162 162 163 163 163 164 164 164 165 165 165 166 166 166 166 166 167 166 167 167 168 168 168 168 168 168 168 169 169 169 169 169 169 169 169 170 170 170 170 171 171 171 171 171 172 172 172 172 172 172 173 173 173 173 173 173 173 174 174 174 174 175 175 175 176 176 176 176 176 176 177 177 177 177 177 177 178 178 178 178 178 179 179 179 179 179 179 179 179 180 180 180 180 180 181 181 181 181 181 181 182 182 182 182 182 182 183 183 183 183 183 184 184 184 184 184 184 184 184 185 185 185 185 185 185 186 186 186 186 186 186 186 187 187 187 187 187 187 187 187 187 188 188 188 188 188 188 189 189 189 189 190 190 190 190 190 190 190 191 191 191 191 191 191 191 191 191 191 191 192 192 192 192 192 192 193 193 193 193 193 193 193 193 193 193 194 194 194 194 194 195 195 195 195 195 195 195 195 195 197 197 198 198 198 198 198 198 198 199 199 199 199 199 199 199 199 199 199 200 200 200 200 200 200 200 200 200 200 201 201 201 201 201 201 201 202 202 202 202 202 202 202 202 202 202 202 202 203 203 202 203 203 203 203 203 203 203 203 203 203 203 203 204 204 204 204 204 204 205 205 205 205 205 205 204 204 205 205 205 205 205 205 205 205 205 205 206 206 206 206 206 206 206 206 206 206 206 206 206 206 207 207 206 207 207 206 207 207 207 208 207 207 207 208 207 208 208 208 209 208 207 207 208 208 209 209 209 209 209 209 210 209 209 209 209 209 210 209 209 209 210 210 209 209 209 209 209 209 209 209 209 209 209 209 209 209 209 209 209 209 209 209 209 210 210 210 211 211 211 210 210 210 210 210 210 211 211 211 211 211 211 211 211 211 211 211 211 211 211 211 211 211 210 210 210 211 0 0 0 0 0 0 0 0 0 0 0 0 0 0 0 0 0 0 0 0 0 0 0 0 0 0 0 0 0 0 0 0 0 0 0 0 0 0 0 0 0 0 0 0 0 0 0 0 0 0 0 0 0 0 0 0 0 0 0 0 0 0 0 0 
0 0 0 0 0 0 0 0 0 0 0 0 0 0 0 0 0 0 0 0 0 0 0 0 0 0 0 0 0 0 0 0 0 0 0 0 0 0 0 0 162 162 162 162 163 163 163 163 163 164 164 164 165 165 166 166 167 167 166 166 166 167 167 168 168 168 167 168 168 169 169 168 169 169 169 169 169 170 170 170 170 170 170 171 171 171 171 171 172 172 172 172 172 173 173 173 173 173 173 173 173 174 174 174 175 175 175 176 176 176 176 176 176 176 177 177 177 177 177 178 178 178 178 178 178 179 179 179 179 179 179 179 180 180 180 180 180 180 181 181 181 181 181 181 182 182 182 182 182 183 183 183 183 183 183 183 184 184 184 184 184 184 185 185 185 185 185 185 185 186 186 186 186 186 186 186 187 187 187 187 186 187 187 187 188 188 188 188 188 188 188 189 189 189 189 190 190 190 190 190 190 190 190 191 191 191 191 191 191 191 191 191 192 192 192 192 192 192 193 193 193 193 193 193 193 193 193 193 194 194 194 194 194 194 195 195 195 195 195 195 195 195 197 197 197 198 198 198 198 198 198 198 199 199 199 199 199 199 199 199 199 200 200 200 200 200 200 200 200 200 200 201 201 201 201 201 201 201 202 202 202 202 202 202 202 202 202 202 202 202 203 203 203 202 202 203 203 203 203 203 203 203 203 203 203 203 204 204 204 204 204 204 204 205 205 205 204 204 204 205 205 205 205 205 205 205 205 205 205 206 206 206 206 206 207 206 206 206 206 206 207 207 207 207 207 207 207 207 207 207 207 207 208 207 207 207 208 208 207 207 208 208 208 208 207 207 208 208 208 208 209 209 209 209 209 209 209 210 210 209 209 209 209 210 210 210 210 209 209 209 209 209 209 209 209 209 209 209 209 209 209 209 209 209 209 209 210 210 210 211 211 211 211 211 210 210 210 210 210 210 211 211 211 211 211 211 210 211 211 211 211 211 211 211 211 210 210 210 211 211 0 0 0 0 0 0 0 0 0 0 0 0 0 0 0 0 0 0 0 0 0 0 0 0 0 0 0 0 0 0 0 0 0 0 0 0 0 0 0 0 0 0 0 0 0 0 0 0 0 0 0 0 0 0 0 0 0 0 0 0 0 0 0 
0 0 0 0 0 0 0 0 0 0 0 0 0 0 0 0 0 0 0 0 0 0 0 0 0 0 0 0 0 0 0 0 0 0 0 0 0 0 0 0 161 162 162 162 163 163 163 163 164 164 164 164 164 165 166 166 166 166 166 166 166 167 167 167 167 167 167 168 168 168 168 168 168 169 169 169 169 169 169 170 170 170 170 171 171 171 171 171 171 172 172 172 172 173 173 173 173 173 173 173 173 174 174 174 174 175 175 175 176 176 176 176 176 176 176 176 177 177 177 177 177 177 178 178 178 178 178 179 179 179 179 179 180 180 180 180 180 180 180 181 181 181 181 181 182 182 182 182 182 182 183 183 183 183 183 183 184 184 184 184 184 184 185 185 185 185 185 185 185 185 186 186 186 186 186 186 186 187 187 187 187 187 187 187 187 188 188 188 188 188 188 188 189 189 189 189 189 190 190 190 190 190 190 190 190 191 191 191 191 191 191 191 191 192 192 192 192 192 193 193 193 193 193 193 193 193 193 193 194 194 194 194 194 194 194 195 195 195 195 195 195 195 197 197 197 198 198 198 198 198 198 198 198 199 199 199 199 199 199 199 200 200 200 200 200 200 200 200 200 200 200 201 201 201 201 201 201 201 201 202 202 202 202 202 202 202 202 202 202 202 203 203 202 202 202 203 203 203 203 203 203 203 203 203 203 203 203 204 204 204 204 204 204 204 205 205 205 204 204 205 205 205 205 205 205 205 205 205 206 206 206 206 206 206 206 206 206 206 206 206 207 207 207 207 207 207 207 207 207 207 207 207 208 208 207 207 207 208 208 208 208 208 208 208 207 207 208 208 208 208 209 209 209 208 208 209 209 210 210 209 209 209 210 210 210 210 210 210 210 209 210 210 209 210 209 209 209 209 209 209 209 209 209 209 209 210 210 210 210 211 211 211 211 211 211 211 210 211 211 210 210 211 211 211 211 211 211 210 210 211 211 211 211 211 211 210 210 211 211 211 211 0 0 0 0 0 0 0 0 0 0 0 0 0 0 0 0 0 0 0 0 0 0 0 0 0 0 0 0 0 0 0 0 0 0 0 0 0 0 0 0 0 0 0 0 0 0 0 0 0 0 0 0 0 0 0 0 0 0 0 0 0 0 
0 0 0 0 0 0 0 0 0 0 0 0 0 0 0 0 0 0 0 0 0 0 0 0 0 0 0 0 0 0 0 0 0 0 0 0 0 0 0 161 161 162 162 163 163 162 163 163 163 164 164 164 164 164 165 166 166 165 166 166 166 167 167 167 167 167 168 168 168 168 168 168 168 168 168 169 169 169 169 170 170 170 170 170 171 171 171 171 171 171 172 172 172 172 172 173 173 173 173 173 173 173 174 174 174 175 175 175 175 175 176 176 176 176 176 177 177 177 177 177 177 177 177 177 178 178 178 178 179 179 179 179 179 180 180 180 180 180 180 180 181 181 181 181 181 182 182 182 182 182 182 183 183 183 183 183 183 183 184 184 184 184 184 185 185 185 185 185 185 185 186 186 186 186 186 186 186 186 187 187 187 187 187 187 187 188 188 188 188 188 188 188 189 189 189 189 189 189 189 190 190 190 190 190 190 191 191 191 191 191 191 191 191 192 192 192 192 192 192 192 193 193 193 193 193 193 193 193 193 194 194 194 194 194 194 194 195 195 195 195 195 195 197 197 197 197 198 198 198 198 198 198 198 198 198 198 199 199 199 199 200 200 200 200 200 200 200 200 200 200 200 201 201 201 201 201 201 201 201 202 202 202 202 202 202 202 202 202 202 202 202 202 202 202 202 202 203 203 203 203 203 203 203 203 203 203 203 203 204 204 204 204 204 204 204 204 205 205 204 205 205 205 205 205 205 205 205 206 206 206 206 206 206 206 207 206 206 206 206 206 207 207 207 207 207 207 207 207 207 207 207 207 207 208 208 207 207 207 208 208 208 208 208 208 207 207 207 208 208 208 209 209 208 208 208 209 209 209 209 209 209 209 209 210 210 210 210 210 210 210 210 210 209 209 209 209 210 210 209 209 209 209 209 209 209 209 209 210 210 210 211 211 211 211 211 211 211 211 211 210 210 210 210 211 210 211 210 210 211 211 211 211 211 211 211 210 210 211 211 211 211 211 0 0 0 0 0 0 0 0 0 0 0 0 0 0 0 0 0 0 0 0 0 0 0 0 0 0 0 0 0 0 0 0 0 0 0 0 0 0 0 0 0 0 0 0 0 0 0 0 0 0 0 0 0 0 0 0 0 0 0 0 0 
0 0 0 0 0 0 0 0 0 0 0 0 0 0 0 0 0 0 0 0 0 0 0 0 0 0 0 0 0 0 0 0 0 0 0 0 0 160 160 161 161 161 162 162 162 162 162 163 163 163 163 164 164 165 165 166 166 166 166 166 166 166 167 167 167 167 168 168 168 168 168 168 168 169 169 168 169 169 169 169 170 170 170 170 170 171 171 171 171 171 172 172 172 172 172 172 173 173 173 173 173 174 174 174 174 175 175 175 175 175 176 176 176 176 176 176 177 177 177 177 177 177 177 177 178 178 178 178 178 178 179 179 179 179 179 180 180 180 180 180 180 181 181 181 181 182 182 182 182 182 182 182 183 183 183 183 183 184 184 184 184 184 184 184 185 185 185 185 185 185 186 186 186 186 186 186 186 186 186 186 186 186 187 187 187 187 187 187 187 188 188 188 189 189 189 189 189 189 189 190 190 190 190 190 190 190 191 191 191 191 191 191 191 192 192 192 192 192 192 192 193 193 193 193 193 193 193 193 193 194 194 194 194 194 194 194 195 195 195 195 195 195 197 197 197 197 198 198 198 198 198 198 198 198 198 198 199 199 199 199 199 200 200 200 200 200 200 200 200 200 200 200 201 201 201 201 201 201 201 201 202 202 202 202 202 202 202 202 202 202 202 202 202 202 202 202 202 203 203 203 203 203 203 203 203 203 203 204 204 204 204 204 204 204 204 204 204 204 204 205 205 205 205 205 205 205 205 205 205 206 206 206 206 207 206 206 206 206 206 206 206 206 206 207 207 207 207 207 207 207 207 207 207 208 208 208 207 208 207 208 208 208 208 208 208 208 208 208 208 208 209 208 208 208 209 209 209 209 209 209 209 209 209 210 210 210 210 210 210 210 210 210 209 209 209 209 209 209 209 210 209 209 209 209 210 210 210 210 210 211 211 211 211 211 211 211 211 211 211 211 211 211 211 211 211 211 210 210 211 211 211 211 210 210 210 210 210 211 211 211 211 211 0 0 0 0 0 0 0 0 0 0 0 0 0 0 0 0 0 0 0 0 0 0 0 0 0 0 0 0 0 0 0 0 0 0 0 0 0 0 0 0 0 0 0 0 0 0 0 0 0 0 0 0 0 0 0 0 0 0 0 0 0 
0 0 0 0 0 0 0 0 0 0 0 0 0 0 0 0 0 0 0 0 0 0 0 0 0 0 0 0 0 0 0 0 0 0 0 159 160 160 160 160 160 161 161 161 162 162 162 163 163 163 163 164 164 165 165 166 166 166 166 166 166 166 166 167 167 167 167 167 168 168 168 168 168 168 168 168 169 169 169 169 169 170 170 170 170 171 171 171 171 171 171 172 172 172 172 172 173 173 173 173 173 174 174 174 175 175 175 175 175 175 175 176 176 176 176 176 176 177 177 177 177 177 177 177 177 178 178 178 178 178 179 179 179 179 179 180 180 180 180 180 180 180 181 181 181 181 181 182 182 182 182 182 183 183 183 183 183 183 184 184 184 184 184 184 184 185 185 185 185 185 185 185 186 186 186 186 186 186 186 187 187 187 187 187 187 187 187 187 187 188 188 188 189 189 189 189 189 189 189 189 189 190 190 190 190 190 190 191 191 191 191 191 191 191 192 192 192 192 192 192 192 193 193 193 193 193 193 193 193 194 194 194 194 194 194 194 194 195 195 195 195 195 197 197 197 197 197 198 198 198 198 198 198 198 198 198 198 199 199 199 199 199 200 200 200 200 200 200 200 200 200 200 201 201 201 201 201 201 201 201 202 202 202 202 202 202 202 202 202 202 202 202 202 202 202 202 202 203 203 203 203 203 203 203 203 203 203 203 204 204 204 204 204 204 204 204 204 205 204 204 205 205 205 205 205 205 205 205 205 205 206 206 206 206 206 206 206 206 206 206 206 206 207 207 207 206 207 207 207 207 207 207 207 207 208 208 207 208 208 207 208 209 208 208 208 208 208 208 208 208 209 208 209 209 209 209 209 209 209 209 209 209 209 209 210 210 210 210 210 210 210 210 210 209 209 209 209 209 209 209 209 209 209 209 209 209 210 210 210 211 211 211 211 211 211 211 211 211 211 211 211 211 211 211 211 211 210 211 211 211 211 210 211 211 211 211 211 211 211 211 211 211 0 0 0 0 0 0 0 0 0 0 0 0 0 0 0 0 0 0 0 0 0 0 0 0 0 0 0 0 0 0 0 0 0 0 0 0 0 0 0 0 0 0 0 0 0 0 0 0 0 0 0 0 0 0 0 0 0 0 0 0 0 
0 0 0 0 0 0 0 0 0 0 0 0 0 0 0 0 0 0 0 0 0 0 0 0 0 0 0 0 0 0 0 0 0 0 0 160 160 160 160 160 161 161 161 161 161 162 162 163 163 163 163 164 164 165 165 165 165 165 166 166 166 166 166 166 166 167 167 167 168 168 168 168 168 168 168 169 169 169 169 169 169 170 170 170 170 170 171 171 171 171 171 171 172 172 172 172 172 173 173 173 173 174 174 174 174 174 175 175 175 175 175 175 176 176 176 176 176 176 177 177 177 177 177 177 177 178 178 178 178 178 178 179 179 179 179 179 180 180 180 180 180 180 181 181 181 181 181 181 182 182 182 182 182 183 183 183 183 183 184 184 184 184 184 184 184 184 185 185 185 185 185 185 185 186 186 186 186 186 186 186 187 187 187 187 187 187 187 187 187 187 188 188 188 189 189 189 189 189 189 189 189 189 190 190 190 190 190 191 191 191 191 191 191 191 192 192 192 192 192 192 192 193 193 193 193 193 193 193 193 193 194 194 194 194 194 194 194 194 195 195 195 195 197 197 197 197 197 198 198 198 198 198 198 198 198 198 198 199 199 199 199 199 200 200 200 200 200 200 200 200 200 200 200 201 201 201 201 201 201 201 201 202 202 202 202 202 202 202 202 202 202 202 202 202 202 202 202 202 203 203 203 203 203 203 203 203 203 203 204 204 204 204 204 204 204 204 204 205 205 205 205 205 205 205 205 205 205 205 206 206 206 206 206 206 206 206 206 206 206 206 206 206 207 206 206 206 206 207 207 207 207 207 207 207 207 208 207 208 208 207 208 209 208 208 208 208 208 208 207 208 208 208 209 209 209 209 210 210 209 209 209 209 209 209 210 210 209 210 209 209 210 210 210 210 209 209 209 209 210 210 209 209 208 209 209 210 210 210 210 211 211 211 211 211 211 211 211 211 211 211 211 211 211 211 211 211 211 211 211 211 211 211 211 211 211 211 211 211 211 211 211 211 211 0 0 0 0 0 0 0 0 0 0 0 0 0 0 0 0 0 0 0 0 0 0 0 0 0 0 0 0 0 0 0 0 0 0 0 0 0 0 0 0 0 0 0 0 0 0 0 0 0 0 0 0 0 0 0 0 0 0 0 0 
0 0 0 0 0 0 0 0 0 0 0 0 0 0 0 0 0 0 0 0 0 0 0 0 0 0 0 0 0 0 0 0 0 0 0 159 160 160 160 160 161 161 161 161 161 162 162 162 163 163 164 164 165 165 165 165 165 165 165 165 165 166 166 166 166 167 167 167 167 168 168 168 168 168 168 168 169 169 169 169 169 169 170 170 170 170 171 171 171 171 171 171 171 172 172 172 172 172 173 173 173 173 174 174 174 174 175 175 175 175 175 175 176 176 176 176 176 176 177 177 177 177 177 177 177 178 178 178 178 179 179 179 179 179 179 179 180 180 180 180 180 180 181 181 181 181 181 181 181 182 182 182 182 183 183 183 183 183 183 184 184 184 184 184 184 184 184 184 185 185 185 185 185 185 186 186 186 186 186 187 187 187 187 187 187 187 187 187 187 187 188 188 188 188 189 189 189 189 189 189 189 189 190 190 190 190 190 191 191 191 191 191 191 191 192 192 192 192 192 192 192 192 193 193 193 193 193 193 193 193 194 194 194 194 194 194 194 194 194 195 195 195 197 197 197 197 197 197 198 198 198 198 198 198 198 198 198 198 199 199 199 199 199 199 199 200 200 200 200 200 200 200 200 201 201 201 201 201 201 201 201 202 202 202 202 202 202 202 202 202 202 202 202 202 202 202 202 202 203 203 203 203 203 203 203 203 203 203 203 204 204 204 204 204 204 204 205 205 205 205 205 205 205 205 205 205 205 205 205 206 206 206 206 206 206 206 206 206 206 206 206 206 207 207 206 206 206 207 207 207 208 207 207 207 207 208 208 208 208 208 208 209 208 208 209 209 209 208 208 208 208 208 209 209 209 209 209 210 210 209 209 209 209 209 210 209 209 209 209 209 210 210 210 210 210 209 209 209 209 209 209 209 208 209 209 210 209 209 210 210 211 211 211 211 211 210 210 211 211 211 211 211 211 210 210 211 211 211 211 211 211 211 211 211 211 211 211 211 211 211 211 211 211 0 0 0 0 0 0 0 0 0 0 0 0 0 0 0 0 0 0 0 0 0 0 0 0 0 0 0 0 0 0 0 0 0 0 0 0 0 0 0 0 0 0 0 0 0 0 0 0 0 0 0 0 0 0 0 0 0 0 0 0 
0 0 0 0 0 0 0 0 0 0 0 0 0 0 0 0 0 0 0 0 0 0 0 0 0 0 0 0 0 0 0 0 0 0 158 159 159 160 160 160 161 161 162 161 162 162 162 163 163 163 164 164 164 165 165 165 165 164 165 165 165 165 166 166 166 166 167 167 167 167 167 167 168 168 168 168 168 169 169 169 169 169 170 170 170 170 170 170 171 171 171 171 171 171 171 172 172 172 173 173 173 173 173 174 174 174 175 175 175 175 175 175 176 176 176 176 176 177 177 177 177 177 177 177 177 178 178 178 178 178 179 179 179 179 179 179 180 180 180 180 180 181 181 181 181 181 182 182 182 182 182 182 182 182 183 183 183 183 183 183 183 184 184 184 184 184 184 184 184 184 185 185 185 185 185 186 186 186 186 187 187 187 187 187 187 187 187 187 187 187 188 188 188 188 189 189 189 189 189 189 190 189 190 190 190 190 190 190 191 191 191 191 191 191 191 191 192 192 192 192 192 192 192 193 193 193 193 193 193 193 194 194 194 194 194 194 194 194 194 195 195 195 196 197 197 197 197 197 197 198 198 198 198 198 198 198 198 198 199 199 199 199 199 199 199 200 200 200 200 200 200 200 200 201 201 201 201 201 201 201 201 202 202 202 202 202 202 202 202 202 202 202 202 202 202 202 202 202 202 203 203 203 203 203 203 203 203 203 203 203 204 204 204 204 204 204 204 204 205 205 205 205 205 205 205 205 205 205 205 205 206 206 206 206 206 206 206 206 206 206 206 206 206 207 207 207 206 207 207 207 207 207 206 207 207 208 208 208 208 208 208 209 208 208 208 208 208 209 208 208 208 208 209 209 209 209 209 209 210 209 209 209 209 209 209 209 209 209 209 209 210 210 210 210 210 210 209 209 210 210 210 209 209 209 209 209 209 210 210 210 211 211 210 210 210 211 211 211 211 211 211 211 211 211 211 211 211 211 211 211 211 211 211 211 211 211 210 211 211 211 211 211 211 0 0 0 0 0 0 0 0 0 0 0 0 0 0 0 0 0 0 0 0 0 0 0 0 0 0 0 0 0 0 0 0 0 0 0 0 0 0 0 0 0 0 0 0 0 0 0 0 0 0 0 0 0 0 0 0 0 0 0 0 
0 0 0 0 0 0 0 0 0 0 0 0 0 0 0 0 0 0 0 0 0 0 0 0 0 0 0 0 0 0 0 0 0 0 0 0 158 159 160 161 161 162 162 162 162 162 163 163 163 163 163 163 164 165 165 165 165 165 164 165 165 165 165 165 166 166 166 166 167 167 167 168 168 168 168 168 168 168 169 169 169 169 170 170 170 170 170 170 171 171 171 171 171 171 171 171 172 172 172 173 173 173 173 173 174 174 174 175 175 175 175 175 176 176 176 176 176 177 177 177 177 177 177 177 177 178 178 178 178 178 179 179 179 179 179 179 179 180 180 180 180 180 181 181 181 181 181 182 182 181 181 182 182 182 182 183 183 183 183 183 183 184 184 184 184 184 184 184 185 185 185 185 185 185 185 186 186 186 186 186 187 187 187 187 187 187 187 187 187 187 188 188 188 188 188 189 189 189 189 190 190 190 190 190 190 190 190 190 190 190 191 191 191 191 191 191 191 192 192 192 192 192 192 193 193 193 193 193 193 193 194 194 194 194 194 194 194 194 194 194 195 195 196 196 197 197 197 197 197 197 198 198 198 198 198 198 198 198 198 199 199 199 199 199 199 199 199 200 200 200 200 200 200 201 201 201 201 201 201 201 201 201 202 202 202 202 202 202 202 202 202 202 202 202 202 202 203 202 202 203 203 203 203 203 203 203 203 203 203 203 203 204 204 204 204 204 204 204 204 204 205 205 205 205 205 205 205 206 206 205 205 206 205 206 207 207 207 207 207 206 206 206 206 207 207 207 207 207 207 207 207 207 207 207 207 207 207 208 208 209 209 208 208 208 208 208 208 208 208 208 208 208 209 209 208 209 209 209 209 209 209 209 209 209 209 209 209 209 210 210 210 210 210 210 210 210 210 210 210 209 209 209 209 209 209 209 209 209 210 210 210 211 211 211 211 211 211 211 211 211 211 211 211 211 211 211 211 211 211 211 211 211 211 211 211 211 211 211 211 211 211 211 211 211 0 0 0 0 0 0 0 0 0 0 0 0 0 0 0 0 0 0 0 0 0 0 0 0 0 0 0 0 0 0 0 0 0 0 0 0 0 0 0 0 0 0 0 0 0 0 0 0 0 0 0 0 0 0 0 0 0 0 0 
0 0 0 0 0 0 0 0 0 0 0 0 0 0 0 0 0 0 0 0 0 0 0 0 0 0 0 0 0 0 0 0 0 0 0 158 159 159 160 160 160 161 161 162 162 162 162 162 163 163 163 163 164 164 165 165 165 165 165 164 165 165 165 166 165 166 166 166 167 167 167 168 168 168 168 168 168 168 169 169 169 169 170 170 170 170 170 170 170 171 171 171 171 171 172 172 172 172 172 172 173 173 173 173 173 174 174 174 175 175 175 175 175 175 176 176 176 176 177 177 177 177 177 177 177 178 178 178 178 178 178 178 179 179 179 179 179 179 180 180 180 180 181 181 181 181 181 181 182 182 182 181 182 182 182 182 183 183 183 183 183 183 183 184 184 184 184 184 185 185 185 185 185 185 185 185 186 186 186 186 187 187 187 187 187 187 187 187 187 187 187 188 188 188 188 188 189 189 189 189 189 190 190 190 190 190 190 190 190 190 191 191 191 191 191 191 191 192 192 192 192 192 192 193 193 193 193 193 193 193 194 194 194 194 194 194 194 194 194 194 195 195 196 196 197 197 197 197 197 197 198 198 198 198 198 198 198 198 198 199 199 199 199 199 199 199 199 200 200 200 200 200 200 201 201 201 201 201 201 201 201 201 202 202 202 202 202 202 202 202 202 202 202 202 202 202 202 202 202 203 203 203 203 203 203 203 204 203 203 203 203 204 204 204 204 204 204 204 204 204 205 205 205 205 204 205 205 205 205 206 206 206 206 205 206 206 206 207 207 206 206 206 207 207 207 207 207 207 208 207 207 207 207 207 207 207 207 207 208 208 208 208 208 208 208 208 208 209 209 209 209 208 209 209 209 209 209 209 209 209 209 209 209 209 209 209 209 209 209 209 209 210 210 209 210 210 210 210 210 210 210 209 209 209 209 209 210 210 210 210 210 211 211 211 211 211 211 211 211 211 211 211 211 211 211 211 211 211 211 211 211 211 211 211 211 211 211 211 211 211 211 211 211 211 0 0 0 0 0 0 0 0 0 0 0 0 0 0 0 0 0 0 0 0 0 0 0 0 0 0 0 0 0 0 0 0 0 0 0 0 0 0 0 0 0 0 0 0 0 0 0 0 0 0 0 0 0 0 0 0 0 0 0 
0 0 0 0 0 0 0 0 0 0 0 0 0 0 0 0 0 0 0 0 0 0 0 0 0 0 0 0 0 0 0 0 0 0 0 0 159 159 159 159 160 160 160 160 161 161 162 162 162 162 163 163 163 164 164 165 165 165 165 164 165 165 166 166 165 166 166 166 166 167 167 168 168 168 168 168 168 168 168 169 169 169 169 169 169 170 170 170 170 171 171 171 171 171 171 172 172 172 172 172 173 173 173 173 173 173 174 174 174 175 175 175 175 175 175 175 176 176 176 176 177 177 177 177 177 177 178 178 178 178 178 178 179 179 179 179 179 179 179 180 180 180 180 181 181 181 181 181 181 181 181 181 181 182 182 182 182 183 183 183 183 183 183 183 184 184 184 184 184 185 185 185 185 185 185 186 186 186 186 186 187 187 187 187 187 187 187 187 187 187 187 187 188 188 188 188 189 189 189 189 189 189 189 190 190 190 190 190 190 190 190 190 191 191 191 191 191 192 192 192 192 192 192 192 193 193 193 193 193 193 193 193 194 194 194 194 194 194 194 194 195 195 197 197 197 197 197 197 197 197 198 198 198 198 198 198 198 198 198 198 199 199 199 199 199 199 199 200 200 200 200 200 200 200 201 201 201 201 201 201 201 201 201 202 202 202 202 202 202 202 202 202 202 202 202 202 202 202 202 203 203 203 203 203 203 203 204 204 203 203 203 204 204 204 204 204 204 204 204 205 205 205 204 205 205 205 206 205 205 206 206 206 206 205 206 206 206 206 206 207 207 207 207 208 208 208 208 208 208 208 207 207 207 207 207 207 208 207 207 208 208 208 208 208 208 208 208 209 208 209 208 209 209 209 209 209 209 210 210 210 209 209 210 209 209 209 209 209 208 209 209 209 209 209 210 210 210 210 210 210 210 209 209 209 209 209 210 210 210 210 211 211 211 210 211 211 211 211 211 211 211 211 211 211 211 211 211 211 211 211 211 211 211 211 211 211 211 211 211 211 211 211 211 211 211 0 0 0 0 0 0 0 0 0 0 0 0 0 0 0 0 0 0 0 0 0 0 0 0 0 0 0 0 0 0 0 0 0 0 0 0 0 0 0 0 0 0 0 0 0 0 0 0 0 0 0 0 0 0 0 0 0 0 
0 0 0 0 0 0 0 0 0 0 0 0 0 0 0 0 0 0 0 0 0 0 0 0 0 0 0 0 0 0 0 0 0 0 0 0 0 0 159 160 160 160 160 160 161 161 162 162 163 163 163 163 163 164 164 164 164 165 165 165 165 166 166 166 166 167 166 166 166 166 167 167 168 168 168 168 168 168 168 169 169 169 169 169 169 170 170 170 170 170 171 171 171 171 171 171 172 172 172 172 172 172 173 173 173 174 174 174 174 175 175 175 175 175 175 175 175 175 176 176 176 177 177 177 177 177 177 178 178 178 178 178 179 179 179 179 179 179 179 180 180 180 180 180 181 181 181 181 181 181 181 181 181 182 182 182 182 182 182 183 183 183 183 184 184 184 184 184 184 184 184 185 185 185 185 186 186 186 186 186 186 186 186 187 187 187 187 187 187 187 187 187 188 188 188 188 188 188 188 189 189 189 189 189 189 190 190 190 190 190 190 190 191 191 191 191 191 191 192 192 192 192 192 192 193 193 193 193 193 193 193 193 193 193 193 194 194 194 194 194 195 195 196 197 197 197 197 197 197 197 197 197 198 198 198 198 198 198 198 198 199 199 199 199 199 199 199 199 199 200 200 200 200 200 201 201 201 201 201 201 201 201 201 202 202 202 202 201 201 202 202 202 202 202 202 202 202 202 202 202 203 203 203 203 203 203 204 203 203 203 203 204 204 204 204 204 204 204 204 204 204 204 204 204 205 205 205 206 205 206 206 206 206 206 206 206 206 206 206 206 207 207 208 207 207 208 208 208 208 208 208 208 208 208 207 207 207 208 207 208 208 208 208 208 208 208 208 208 208 208 209 209 209 209 209 209 209 209 210 210 209 210 210 209 209 209 209 209 209 209 209 209 209 209 210 210 209 210 210 209 209 209 209 209 209 209 210 210 210 210 211 211 211 211 210 211 211 211 211 211 211 211 211 211 211 211 211 211 211 211 211 211 211 211 211 211 211 211 211 211 211 211 211 211 211 211 0 0 0 0 0 0 0 0 0 0 0 0 0 0 0 0 0 0 0 0 0 0 0 0 0 0 0 0 0 0 0 0 0 0 0 0 0 0 0 0 0 0 0 0 0 0 0 0 0 0 0 0 0 0 0 0 0 
0 0 0 0 0 0 0 0 0 0 0 0 0 0 0 0 0 0 0 0 0 0 0 0 0 0 0 0 0 0 0 0 0 0 0 0 0 0 159 160 160 159 160 160 160 160 161 162 163 163 163 163 163 163 163 164 165 165 165 165 165 165 166 166 166 167 167 167 167 167 166 167 167 168 168 168 168 168 168 168 169 169 169 169 169 169 170 170 170 171 171 171 171 171 171 171 171 172 172 172 172 172 172 173 173 173 174 174 174 174 175 175 175 175 175 175 175 175 176 176 176 176 177 177 177 177 177 178 178 178 178 178 178 178 179 179 179 179 179 179 180 180 180 180 180 180 180 181 181 181 181 181 182 182 182 182 182 182 183 183 183 183 183 184 184 184 184 184 184 184 184 185 185 185 185 185 185 186 186 186 186 186 186 186 187 187 187 187 187 187 188 187 188 188 188 188 188 188 188 188 189 189 189 189 189 189 190 190 190 191 191 191 191 191 191 191 191 191 192 192 192 192 192 192 193 193 193 193 193 193 193 193 193 193 194 194 194 194 194 194 195 195 196 197 197 197 197 197 197 197 197 197 197 198 198 198 198 198 198 198 199 199 199 199 199 199 199 199 200 200 200 200 200 200 200 201 201 201 201 201 201 201 201 202 202 202 202 202 201 202 202 202 202 202 202 202 202 202 202 202 202 203 203 203 203 203 203 203 203 203 203 204 204 204 204 204 204 204 204 204 204 204 204 205 205 205 205 205 206 206 206 206 205 205 206 207 206 206 206 206 207 207 207 207 207 208 208 208 207 207 208 208 208 208 208 208 208 208 208 208 209 209 209 208 209 209 209 209 208 208 209 209 209 209 209 210 210 210 210 210 210 210 210 210 209 209 209 209 209 209 209 209 209 209 209 210 209 209 209 209 209 209 209 209 209 209 209 210 210 211 210 211 211 211 211 210 211 211 211 211 211 211 211 211 211 211 211 211 211 211 211 211 211 211 211 211 211 211 211 211 211 211 211 211 211 211 211 0 0 0 0 0 0 0 0 0 0 0 0 0 0 0 0 0 0 0 0 0 0 0 0 0 0 0 0 0 0 0 0 0 0 0 0 0 0 0 0 0 0 0 0 0 0 0 0 0 0 0 0 0 0 0 0 
0 0 0 0 0 0 0 0 0 0 0 0 0 0 0 0 0 0 0 0 0 0 0 0 0 0 0 0 0 0 0 0 0 0 0 0 0 0 159 159 159 159 160 160 161 161 161 161 162 163 163 162 162 162 163 164 164 165 165 165 165 165 165 165 166 166 167 167 167 167 167 167 167 168 168 168 168 168 168 168 168 169 169 169 169 169 170 170 170 170 170 171 170 171 171 171 171 172 172 172 172 172 172 173 173 173 173 174 174 174 174 175 175 175 175 175 175 175 176 176 176 176 177 177 177 177 177 177 178 178 178 178 178 178 178 179 179 179 179 179 179 180 180 180 180 180 180 180 181 181 181 181 181 182 182 182 182 182 183 183 183 183 183 183 183 184 184 184 184 184 184 184 185 185 185 185 185 186 186 186 186 186 186 186 187 187 187 187 187 187 187 188 188 188 188 188 188 188 189 189 189 189 189 189 189 189 189 190 190 190 190 191 191 191 191 191 191 191 191 192 192 192 192 192 192 192 192 193 193 193 193 193 193 193 194 194 194 194 194 194 194 195 196 196 197 197 197 197 197 197 197 197 198 198 198 198 198 198 198 198 198 199 199 199 199 199 199 200 200 200 200 200 200 200 200 201 201 201 201 201 201 201 201 201 202 202 202 201 201 202 202 202 202 202 202 202 202 202 202 202 202 203 203 203 203 203 203 203 203 203 204 204 204 204 204 204 204 204 204 204 204 204 204 204 205 205 205 205 206 206 206 205 205 205 206 206 206 206 206 206 206 207 207 207 208 207 207 208 207 207 208 208 208 208 208 208 208 209 208 208 209 209 208 209 209 209 209 209 209 208 209 209 209 209 209 209 210 210 210 210 210 210 210 210 209 209 209 209 209 209 209 209 209 209 209 209 210 210 210 209 210 209 209 209 210 210 209 210 210 211 211 211 211 211 211 211 211 211 211 211 211 211 211 211 211 211 211 211 211 211 211 211 211 211 211 211 211 211 211 211 211 211 211 211 211 211 211 211 0 0 0 0 0 0 0 0 0 0 0 0 0 0 0 0 0 0 0 0 0 0 0 0 0 0 0 0 0 0 0 0 0 0 0 0 0 0 0 0 0 0 0 0 0 0 0 0 0 0 0 0 0 0 0 
0 0 0 0 0 0 0 0 0 0 0 0 0 0 0 0 0 0 0 0 0 0 0 0 0 0 0 0 0 0 0 0 0 0 0 0 0 0 0 158 159 160 160 161 161 161 161 162 162 163 162 162 162 163 163 164 164 164 164 164 165 165 165 164 165 166 166 167 167 167 168 168 167 167 168 167 167 167 168 168 168 169 169 169 169 169 170 170 170 170 170 171 170 170 171 171 171 172 172 172 172 172 173 173 173 173 173 174 174 174 174 174 175 175 175 175 175 175 175 176 176 176 176 177 177 177 177 177 177 177 178 178 178 178 178 178 179 179 179 179 179 179 180 180 180 180 180 180 180 181 181 181 181 182 182 182 182 182 182 183 183 183 183 183 184 184 184 184 184 184 184 184 184 185 185 185 185 185 186 186 186 186 186 186 186 187 187 187 187 187 187 187 188 188 188 188 188 189 189 189 189 189 189 189 189 189 189 189 190 190 190 190 190 191 191 191 191 191 191 191 192 192 192 192 192 192 192 193 193 193 193 193 193 193 194 194 194 194 194 194 194 194 196 196 196 197 197 197 197 197 197 197 198 198 198 198 198 198 198 198 198 199 199 199 199 199 199 199 199 200 200 200 200 200 200 200 201 201 201 201 201 201 201 201 201 202 202 202 201 202 202 202 202 202 202 202 202 202 202 202 202 203 203 203 203 203 203 203 203 203 204 204 204 204 204 204 204 204 204 204 204 204 204 204 204 204 205 205 205 206 205 205 205 205 205 205 206 206 206 206 206 207 206 207 208 207 207 208 207 207 207 208 208 208 208 208 208 209 209 209 209 209 209 208 208 209 209 209 209 208 209 209 209 209 209 209 209 210 210 210 210 210 210 210 209 209 209 209 209 209 209 209 209 209 209 209 209 209 209 209 209 210 209 210 210 210 210 210 210 211 211 210 210 211 211 211 211 210 211 211 211 211 211 211 211 211 211 211 211 211 211 211 211 211 211 211 211 211 211 211 211 211 211 211 211 211 211 211 211 0 0 0 0 0 0 0 0 0 0 0 0 0 0 0 0 0 0 0 0 0 0 0 0 0 0 0 0 0 0 0 0 0 0 0 0 0 0 0 0 0 0 0 0 0 0 0 0 0 0 0 0 0 0 
0 0 0 0 0 0 0 0 0 0 0 0 0 0 0 0 0 0 0 0 0 0 0 0 0 0 0 0 0 0 0 0 0 0 0 0 0 0 0 0 0 159 160 160 160 161 161 161 162 162 162 161 162 163 163 163 163 164 164 163 164 165 165 164 165 165 166 167 167 167 167 168 168 168 168 168 168 168 167 168 168 169 169 169 169 169 169 170 170 170 171 171 170 170 170 171 171 171 172 172 172 172 172 173 173 173 173 174 173 174 174 174 174 175 175 175 175 175 175 175 176 176 176 176 176 177 177 177 177 177 178 178 178 178 178 178 178 179 179 179 179 179 179 180 180 180 180 180 180 181 181 181 181 181 182 182 182 182 183 183 183 183 183 183 183 184 184 184 184 184 184 184 184 185 185 185 185 185 185 186 186 186 186 186 186 186 187 187 187 187 187 188 188 188 188 188 188 189 189 189 189 189 189 189 189 190 190 189 189 190 190 190 190 190 191 191 191 191 191 191 192 192 192 192 192 192 192 192 193 193 193 193 193 193 194 194 194 194 194 194 194 194 196 196 196 197 197 197 197 197 197 197 197 198 198 198 198 198 198 198 199 199 199 199 199 199 199 199 200 200 199 200 200 200 200 200 201 201 201 201 201 201 201 201 201 202 201 201 202 202 202 202 202 202 202 202 202 202 202 202 202 202 203 203 203 203 203 203 203 203 203 204 204 204 204 204 204 204 204 204 204 204 204 204 204 205 205 205 205 205 205 205 205 205 205 205 206 206 207 207 206 206 206 207 207 207 208 207 207 207 208 208 208 208 208 208 208 209 208 209 209 209 209 209 209 208 208 208 209 209 209 209 209 209 209 209 209 210 210 210 210 210 211 211 210 209 210 209 208 208 209 209 209 209 209 209 209 209 209 210 210 210 210 210 210 211 211 210 210 210 210 211 210 210 211 211 211 211 211 210 211 211 211 211 211 211 211 211 211 211 211 211 211 211 211 211 211 211 211 211 211 211 211 211 211 211 211 211 211 211 0 0 0 0 0 0 0 0 0 0 0 0 0 0 0 0 0 0 0 0 0 0 0 0 0 0 0 0 0 0 0 0 0 0 0 0 0 0 0 0 0 0 0 0 0 0 0 0 0 0 0 0 0 
0 0 0 0 0 0 0 0 0 0 0 0 0 0 0 0 0 0 0 0 0 0 0 0 0 0 0 0 0 0 0 0 0 0 0 0 0 0 0 0 0 158 159 160 160 160 160 160 161 161 161 161 162 162 163 163 163 164 163 163 164 165 165 164 164 165 166 166 167 166 167 168 168 168 168 168 168 168 168 168 168 169 169 169 169 169 169 169 170 170 170 171 171 171 171 171 171 172 172 172 172 172 173 173 173 173 173 173 174 174 174 174 174 174 175 175 175 175 175 175 176 176 176 176 176 176 177 177 177 177 177 177 178 178 178 178 178 178 179 179 179 179 179 179 180 180 180 180 180 181 181 181 181 181 181 182 182 182 182 183 183 183 183 183 183 184 184 184 184 184 184 184 184 185 185 185 185 185 185 185 186 186 186 186 186 186 187 187 187 187 187 187 188 188 188 188 188 188 189 189 189 189 189 189 190 190 190 189 189 189 190 190 190 190 190 191 191 191 191 191 192 192 192 192 192 192 192 192 193 193 193 193 193 193 193 194 194 194 194 194 194 194 196 196 196 196 197 197 197 197 197 197 197 198 198 198 198 198 198 198 199 199 199 199 199 199 199 200 199 199 199 199 200 200 200 200 201 201 201 201 201 201 201 201 201 201 202 201 201 202 202 202 202 202 202 202 202 202 203 203 202 203 203 203 203 203 203 203 203 203 203 204 204 204 204 204 204 204 204 204 204 204 204 204 204 205 206 204 205 205 205 205 205 205 205 205 206 206 206 207 206 206 206 207 207 207 207 207 207 208 208 208 208 208 208 208 208 208 208 208 208 208 209 209 209 208 209 209 209 209 209 210 210 209 209 209 209 210 210 210 210 210 210 211 210 210 210 210 209 208 209 209 210 210 209 209 209 209 209 210 210 210 210 210 210 211 210 210 210 210 210 210 210 210 211 211 211 211 211 211 211 211 210 210 211 211 211 211 211 211 211 211 211 211 211 211 211 211 211 211 211 211 211 211 211 211 211 211 211 211 211 211 211 211 0 0 0 0 0 0 0 0 0 0 0 0 0 0 0 0 0 0 0 0 0 0 0 0 0 0 0 0 0 0 0 0 0 0 0 0 0 0 0 0 0 0 0 0 0 0 0 0 0 
0 0 0 0 0 0 0 0 0 0 0 0 0 0 0 0 0 0 0 0 0 0 0 0 0 0 0 0 0 0 0 0 0 0 0 0 0 0 0 0 0 158 159 159 159 0 0 0 160 161 161 161 162 163 162 162 162 163 163 163 164 165 165 164 164 165 166 165 166 166 166 167 167 168 168 168 168 168 169 168 168 168 168 169 169 169 169 169 169 170 171 171 171 171 171 171 171 171 172 172 172 172 172 172 173 173 173 173 173 174 174 174 174 174 174 175 175 175 175 175 175 176 176 176 176 176 176 177 177 177 177 177 177 178 178 178 178 178 179 179 179 179 179 179 180 180 180 180 180 180 181 181 181 181 181 181 182 182 182 182 183 183 183 183 183 184 184 184 184 184 184 184 184 184 185 185 185 185 185 185 185 186 186 186 186 186 187 187 187 187 187 188 188 188 188 188 188 188 188 189 189 189 189 189 189 190 190 189 189 189 190 190 190 190 190 190 191 191 191 191 191 191 192 192 192 192 192 192 193 193 193 193 193 193 193 194 194 194 194 194 194 194 196 196 196 196 196 196 197 197 197 197 197 198 198 198 198 198 198 198 199 199 199 199 199 199 199 199 199 200 200 200 200 200 200 200 200 201 201 201 201 201 201 201 201 201 201 201 201 201 202 202 202 202 202 202 202 202 202 202 203 203 203 203 203 203 203 203 203 203 203 204 204 204 204 204 204 204 204 204 204 204 204 204 204 205 205 205 204 204 204 205 205 205 205 205 206 206 206 207 206 206 206 206 207 207 207 207 207 208 207 208 208 208 208 208 208 208 208 208 208 208 209 209 209 209 209 209 209 209 209 209 209 209 209 209 209 210 210 210 210 210 210 211 210 210 211 210 209 208 209 209 210 210 209 209 210 210 209 209 210 210 210 210 210 211 211 210 210 210 210 210 210 211 211 211 211 211 211 211 211 211 211 211 211 211 211 211 211 211 211 211 211 211 211 211 211 211 211 211 211 211 211 211 211 211 211 211 211 211 211 211 211 211 211 211 212 212 212 212 212 211 0 0 0 0 0 0 0 0 0 0 0 0 0 0 0 0 0 0 0 0 0 0 0 0 0 0 0 0 0 0 0 0 0 0 0 0 0 0 0 0 0 
0 0 0 0 0 0 0 0 0 0 0 0 0 0 0 0 0 0 0 0 0 0 0 0 0 0 0 0 0 0 0 0 0 0 0 0 0 0 0 0 0 0 0 0 0 0 0 0 160 160 161 161 162 162 162 162 162 162 163 163 164 164 164 164 164 165 166 165 165 166 167 166 166 167 167 168 168 168 169 168 168 168 168 168 168 169 169 169 169 169 170 170 170 171 171 171 171 171 171 172 172 172 172 173 173 173 173 173 173 173 174 174 174 174 174 174 175 175 175 175 175 175 176 176 176 176 176 176 177 177 177 177 177 178 178 178 178 178 178 178 179 179 179 179 180 180 180 180 180 180 181 181 181 181 181 181 181 182 182 182 183 183 183 183 183 183 183 184 184 184 184 184 184 184 184 185 185 185 185 186 185 186 186 186 186 186 187 187 187 187 187 187 188 188 188 188 188 188 188 189 189 189 189 189 189 190 190 190 190 190 190 190 190 190 190 190 191 191 191 191 191 191 191 192 192 192 192 192 193 193 193 193 193 193 193 194 194 194 194 194 194 194 196 196 196 196 196 196 196 197 197 197 198 197 198 198 198 198 198 198 199 199 199 199 199 199 199 199 199 199 199 200 200 200 200 200 200 201 201 201 201 201 201 201 201 201 201 201 201 201 202 202 202 202 202 202 202 202 202 202 202 203 203 203 203 203 203 203 203 203 203 204 204 204 204 204 204 204 204 204 204 204 204 204 204 204 204 205 204 204 204 205 205 205 205 205 206 206 206 206 206 206 206 207 207 207 207 207 207 207 207 207 207 208 208 208 208 208 208 208 208 208 209 209 209 209 209 209 209 209 209 209 209 209 209 209 209 209 209 210 210 210 210 211 210 210 210 210 209 209 209 209 210 209 209 209 210 210 210 209 210 210 210 210 210 210 211 210 210 210 210 210 210 210 211 211 211 211 211 211 211 211 211 211 211 211 211 211 211 211 211 211 211 211 211 211 211 211 211 211 211 211 211 211 211 211 211 211 211 211 211 211 211 211 211 211 212 212 212 212 212 212 212 0 0 0 0 0 0 0 0 0 0 0 0 0 0 0 0 0 0 0 0 0 0 0 0 0 0 0 0 0 0 0 0 0 0 0 0 0 0 0 0 
0 0 0 0 0 0 0 0 0 0 0 0 0 0 0 0 0 0 0 0 0 0 0 0 0 0 0 0 0 0 0 0 0 0 0 0 0 0 0 0 0 0 0 0 0 0 0 0 0 160 161 161 161 161 161 0 0 162 162 0 0 163 164 163 164 165 165 165 165 166 166 166 166 166 167 167 168 168 168 169 169 169 169 169 169 169 169 169 169 170 170 170 170 170 171 171 171 171 171 172 172 172 172 172 173 173 173 173 173 174 174 174 174 174 174 174 175 175 175 175 175 175 176 176 176 176 176 176 176 177 177 177 177 177 178 178 178 178 178 179 179 179 179 179 180 180 180 180 180 180 181 181 181 181 181 181 181 181 182 182 182 183 183 183 183 183 183 183 183 184 184 184 184 184 184 184 185 185 185 185 185 186 186 186 186 186 186 186 187 187 187 187 187 188 188 188 188 188 188 189 189 189 189 189 190 190 190 190 190 190 190 190 190 190 190 190 190 191 191 191 191 191 191 192 192 192 192 192 193 193 193 193 193 193 193 193 194 194 194 194 194 194 196 196 196 196 196 196 197 197 197 197 197 197 198 198 198 198 198 198 198 198 199 199 199 199 199 199 199 199 199 199 200 200 200 200 200 200 201 201 201 201 201 201 201 201 201 201 201 202 202 202 202 202 202 202 202 202 202 202 202 202 203 203 203 203 203 203 203 203 203 204 204 204 204 204 204 204 204 204 204 204 204 204 204 204 204 204 205 204 204 205 205 205 205 205 206 206 206 206 206 206 206 207 207 207 207 207 207 207 207 207 208 208 208 208 208 208 208 208 208 208 208 209 209 209 209 209 209 209 209 209 209 209 209 209 210 209 209 209 210 210 210 210 210 210 210 209 209 209 209 209 210 210 209 210 210 210 210 210 209 210 210 210 210 210 210 210 210 210 210 210 210 211 211 211 211 211 211 211 211 211 211 211 211 211 211 211 211 211 211 211 211 211 211 211 211 211 211 211 211 211 210 211 211 211 211 211 211 211 211 211 211 211 211 212 212 212 212 212 212 212 212 212 0 0 0 0 0 0 0 0 0 0 0 0 0 0 0 0 0 0 0 0 0 0 0 0 0 0 0 0 0 0 0 0 0 0 0 0 0 0 0 
0 0 0 0 0 0 0 0 0 0 0 0 0 0 0 0 0 0 0 0 0 0 0 0 0 0 0 0 0 0 0 0 0 0 0 0 0 0 0 0 0 0 0 0 0 0 0 0 0 0 160 160 0 0 0 0 0 0 0 0 0 162 163 163 164 165 165 165 165 166 165 165 166 166 166 167 168 168 168 168 168 168 169 169 169 169 170 170 170 170 170 170 170 170 170 171 171 171 171 171 171 172 172 172 172 172 172 173 173 173 174 174 174 174 174 175 175 175 175 175 175 175 175 175 176 176 176 176 176 177 177 177 177 177 178 178 178 178 178 179 179 179 179 179 179 180 180 180 180 180 180 181 181 181 181 181 181 181 182 182 182 183 183 183 183 183 183 183 183 184 184 184 184 184 184 184 185 185 185 185 185 185 186 186 186 186 186 186 186 187 187 187 187 187 188 188 188 188 188 188 189 189 189 189 189 190 190 190 190 190 190 191 191 191 190 190 190 191 191 191 191 191 191 191 192 192 192 192 192 193 193 193 193 193 193 193 193 194 194 194 194 194 196 196 196 196 196 196 197 197 197 197 197 197 197 198 198 198 198 198 198 198 199 199 199 199 199 199 199 199 199 199 200 200 200 200 200 200 201 201 201 201 201 201 201 201 201 201 201 202 202 202 202 202 202 202 202 202 202 202 202 202 203 203 203 203 203 203 203 203 203 204 204 204 204 204 204 204 204 204 204 204 204 205 205 205 204 204 204 204 204 205 205 205 205 205 206 206 206 206 206 206 206 207 207 207 207 207 207 207 207 207 208 208 208 208 208 208 208 208 208 208 209 209 209 209 209 209 209 209 210 209 209 209 210 209 209 209 210 210 210 210 210 210 210 210 210 209 209 209 209 210 209 209 209 210 210 210 210 210 210 210 210 210 211 211 210 210 210 210 210 210 210 211 211 211 211 211 211 211 211 211 211 211 211 211 211 211 211 211 211 211 211 211 211 211 211 211 211 211 211 211 210 211 211 211 211 211 211 211 211 211 211 211 211 212 212 212 212 212 212 212 212 212 0 0 0 0 0 0 0 0 0 0 0 0 0 0 0 0 0 0 0 0 0 0 0 0 0 0 0 0 0 0 0 0 0 0 0 0 0 0 0 
0 0 0 0 0 0 0 0 0 0 0 0 0 0 0 0 0 0 0 0 0 0 0 0 0 0 0 0 0 0 0 0 0 0 0 0 0 0 0 0 0 0 0 0 0 0 0 0 0 0 0 0 0 0 0 0 0 0 0 0 0 162 163 163 164 165 165 165 165 165 165 166 166 167 167 167 167 167 167 167 168 168 168 168 169 170 170 171 171 171 171 170 170 170 171 171 171 171 171 171 171 172 172 172 172 172 173 173 173 174 174 174 174 174 174 174 174 174 175 175 175 175 175 175 175 175 176 176 176 177 177 177 177 177 177 177 178 178 178 178 179 179 179 179 179 180 180 180 180 180 180 180 181 181 181 181 181 181 182 182 182 182 183 183 183 183 183 183 184 184 184 184 184 184 184 184 184 185 185 185 185 186 186 186 186 186 186 186 186 186 187 187 187 187 188 188 188 188 188 188 188 189 189 189 189 189 190 190 190 190 190 190 191 191 190 190 191 191 191 191 191 191 191 192 192 192 192 192 192 192 192 193 193 193 193 193 193 193 194 194 194 194 196 196 196 196 196 196 197 197 197 197 197 197 197 198 198 198 198 198 198 199 199 199 199 199 199 199 199 199 199 199 200 200 200 200 200 200 201 201 201 201 201 201 201 201 201 201 201 202 202 202 202 202 202 202 202 202 202 202 202 202 203 203 203 203 203 203 203 203 203 203 203 204 204 204 203 203 203 204 204 204 204 205 205 205 204 204 204 204 205 205 205 205 205 205 205 205 206 206 206 206 206 207 207 207 207 207 207 207 207 207 208 207 208 208 207 208 208 208 208 209 209 209 209 209 209 209 209 209 210 210 210 210 209 209 209 209 210 210 210 210 210 210 210 210 210 209 209 209 209 209 209 210 210 210 210 210 210 210 210 210 210 210 210 211 211 211 210 210 210 210 210 210 211 211 211 211 211 211 211 211 211 211 211 211 211 211 211 211 211 211 211 211 211 211 211 211 211 211 211 211 210 210 211 211 211 211 211 211 211 211 211 211 211 211 211 212 212 212 212 212 212 212 0 0 0 0 0 0 0 0 0 0 0 0 0 0 0 0 0 0 0 0 0 0 0 0 0 0 0 0 0 0 0 0 0 0 0 0 0 0 0 
0 0 0 0 0 0 0 0 0 0 0 0 0 0 0 0 0 0 0 0 0 0 0 0 0 0 0 0 0 0 0 0 0 0 0 0 0 0 0 0 0 0 0 0 0 0 0 0 0 0 0 0 0 0 0 0 0 0 0 0 0 0 0 163 164 165 165 165 165 165 165 166 166 167 167 168 168 167 167 167 167 167 168 168 168 168 169 170 170 171 171 171 170 170 170 171 171 172 171 171 171 171 171 172 172 172 173 173 173 174 174 174 174 173 174 174 174 175 175 175 175 176 176 176 176 176 176 176 176 176 177 177 177 177 177 177 178 178 178 178 178 179 179 179 179 179 179 180 180 180 180 180 180 181 181 181 181 181 181 182 182 182 182 183 183 183 183 183 184 184 184 184 184 184 184 184 184 185 185 185 185 185 185 186 186 186 186 186 186 186 186 186 187 187 187 188 188 188 188 188 188 189 189 189 189 189 189 190 190 190 190 190 190 190 190 190 191 191 191 191 191 191 191 192 192 192 192 192 192 192 192 192 193 193 193 193 193 193 193 194 194 194 195 196 196 196 196 196 196 196 197 197 197 197 197 197 197 198 198 198 198 198 198 199 199 199 199 199 199 199 199 199 200 200 200 200 200 200 200 201 201 201 201 201 201 201 201 201 201 201 201 202 202 202 202 202 202 202 202 202 202 203 203 203 203 203 203 203 203 203 203 203 203 203 203 204 204 203 204 204 205 204 204 204 204 204 204 204 204 204 204 205 205 205 205 205 205 205 206 206 206 206 207 207 207 207 207 207 207 207 207 207 208 207 207 207 208 208 208 208 208 208 208 209 209 209 209 209 209 210 210 210 210 210 210 209 209 209 210 210 210 210 210 210 210 210 210 209 209 209 209 209 210 210 210 210 210 210 210 210 210 210 210 210 210 210 211 211 211 210 210 210 210 210 210 211 211 211 211 211 211 211 211 211 211 211 211 211 211 211 211 211 211 211 211 211 211 211 211 211 211 211 210 210 211 211 211 211 211 211 211 211 211 211 211 211 211 212 212 212 212 212 212 212 0 0 0 0 0 0 0 0 0 0 0 0 0 0 0 0 0 0 0 0 0 0 0 0 0 0 0 0 0 0 0 0 0 0 0 0 0 0 0 
0 0 0 0 0 0 0 0 0 0 0 0 0 0 0 0 0 0 0 0 0 0 0 0 0 0 0 0 0 0 0 0 0 0 0 0 0 0 0 0 0 0 0 0 0 0 0 0 0 0 0 0 0 0 0 0 0 0 0 0 0 0 0 0 163 164 164 164 164 165 166 166 166 166 166 167 167 167 167 167 168 168 169 169 169 169 169 169 169 170 170 171 171 171 171 171 172 172 172 172 171 171 171 172 172 173 173 173 173 173 173 173 173 174 174 175 175 175 175 175 175 176 176 176 176 176 176 176 176 176 177 177 177 177 177 178 178 178 178 178 178 179 179 179 179 179 179 179 179 180 180 180 180 180 181 181 181 181 181 182 182 182 182 183 183 183 183 183 183 183 183 183 184 184 184 184 184 185 185 185 185 185 185 186 186 186 186 186 186 186 186 186 187 187 187 187 187 188 188 188 188 188 189 189 189 189 189 190 190 190 190 190 190 190 191 191 191 191 191 191 191 191 191 192 192 191 192 192 192 192 192 192 192 193 193 193 193 193 193 193 194 194 196 196 196 196 196 196 196 196 197 197 197 197 197 197 197 197 198 198 198 198 198 198 199 199 199 199 199 199 199 199 200 200 200 200 200 200 200 201 201 201 201 201 201 201 201 201 201 201 201 202 201 202 202 202 202 202 202 202 202 203 203 203 203 203 203 203 203 203 203 203 203 203 203 204 204 204 204 205 205 205 204 204 204 204 204 204 205 205 205 204 204 205 205 205 205 206 206 206 206 206 206 206 206 207 207 207 207 207 207 207 207 207 207 208 208 208 208 208 208 208 208 208 209 209 209 209 209 209 209 210 210 210 209 209 209 209 210 210 210 210 210 210 210 210 210 209 209 209 209 209 209 210 210 210 210 210 210 210 210 210 210 210 210 210 210 211 211 210 210 210 210 210 210 210 211 211 211 211 211 211 211 211 211 211 211 211 211 211 211 211 211 211 211 211 211 211 211 211 211 211 210 210 211 211 211 211 211 211 211 211 211 211 211 211 211 211 211 212 212 212 212 0 0 0 0 0 0 0 0 0 0 0 0 0 0 0 0 0 0 0 0 0 0 0 0 0 0 0 0 0 0 0 0 0 0 0 0 0 0 0 0 
0 0 0 0 0 0 0 0 0 0 0 0 0 0 0 0 0 0 0 0 0 0 0 0 0 0 0 0 0 0 0 0 0 0 0 0 0 0 0 0 0 0 0 0 0 0 0 0 0 0 0 0 0 0 0 0 0 0 0 0 0 0 0 0 163 164 164 165 165 165 165 165 166 166 166 166 166 167 167 167 167 168 168 169 169 170 170 170 169 169 170 171 171 172 172 172 172 172 172 172 172 172 172 172 172 173 173 173 173 173 173 173 174 174 174 175 175 175 175 175 175 175 176 176 176 175 176 176 176 176 177 177 177 177 177 177 178 178 178 178 178 178 179 179 179 179 179 179 179 180 180 180 180 180 180 181 181 181 181 182 182 182 182 182 182 183 183 183 183 183 183 183 183 184 184 184 184 185 185 185 185 185 185 185 185 186 186 186 186 186 186 187 187 187 188 187 187 188 188 188 188 188 189 188 189 189 189 190 190 190 190 190 190 190 191 191 191 191 191 191 191 191 191 191 191 191 191 192 192 192 192 192 192 193 193 193 193 193 193 194 194 194 195 196 196 196 196 196 196 196 197 197 197 197 197 197 197 197 197 198 198 198 198 198 198 199 199 199 199 199 199 199 199 200 200 200 200 200 200 201 201 201 201 201 201 201 201 201 201 201 201 201 201 201 202 202 202 202 202 202 202 202 203 203 203 203 203 203 203 203 203 203 203 203 204 204 204 204 204 205 205 205 205 205 205 204 204 204 205 205 205 204 204 205 205 205 205 206 206 206 206 206 206 206 206 206 206 207 207 207 207 207 207 207 208 208 208 208 208 208 208 208 208 208 208 209 209 209 209 210 210 209 209 209 209 209 210 210 210 210 210 210 210 210 210 210 211 210 209 209 209 209 210 210 210 210 210 210 210 210 210 210 210 210 210 210 210 211 212 211 211 211 210 210 210 210 210 211 211 211 211 211 211 211 211 211 211 211 211 211 211 211 211 211 211 211 211 211 211 211 211 211 210 210 211 211 211 211 211 211 211 211 211 211 211 211 211 211 212 212 212 212 212 0 0 0 0 0 0 0 0 0 0 0 0 0 0 0 0 0 0 0 0 0 0 0 0 0 0 0 0 0 0 0 0 0 0 0 0 0 0 0 0 
0 0 0 0 0 0 0 0 0 0 0 0 0 0 0 0 0 0 0 0 0 0 0 0 0 0 0 0 0 0 0 0 0 0 0 0 0 0 0 0 0 0 0 0 0 0 0 0 0 0 0 0 0 0 0 0 0 0 0 0 0 0 0 163 163 164 165 165 165 165 165 165 165 165 165 166 166 167 167 168 168 168 168 169 169 170 170 170 170 169 169 170 170 171 171 171 171 171 171 172 172 172 172 173 172 172 172 172 172 173 173 173 174 174 175 175 175 175 175 175 175 175 175 175 175 176 176 176 176 176 176 177 177 177 177 178 178 178 178 178 178 179 179 179 179 179 179 180 180 180 180 180 180 180 181 181 181 181 181 181 181 181 182 182 182 182 182 183 183 183 183 183 183 183 184 184 184 184 184 184 184 185 185 186 186 186 186 186 186 186 186 187 187 187 187 187 187 188 188 188 188 188 189 189 189 189 189 190 190 190 190 190 190 190 191 191 191 191 191 191 191 191 191 191 191 191 192 192 192 192 192 192 192 193 193 193 193 193 194 194 194 194 195 196 196 196 196 196 196 196 197 197 197 197 197 197 197 197 197 198 198 198 198 198 198 198 198 199 199 199 199 199 199 199 200 200 200 200 200 200 201 201 201 201 201 201 201 201 201 201 201 202 201 201 201 202 202 202 202 202 202 202 202 203 203 203 203 203 203 203 203 203 203 203 204 204 204 204 204 205 205 205 205 205 205 205 205 204 204 205 204 204 204 204 204 204 205 206 206 206 206 206 206 206 206 206 206 206 207 207 207 207 207 207 208 208 208 208 208 208 208 208 208 208 209 209 209 209 210 210 210 210 209 209 209 209 209 210 210 210 210 210 210 210 210 210 210 210 209 209 209 209 209 210 210 210 210 210 210 210 210 210 210 210 210 210 211 212 212 211 211 210 211 210 210 210 211 211 211 211 211 211 211 211 211 211 211 211 211 211 211 211 211 211 211 211 211 211 211 211 211 211 210 210 211 211 211 211 211 211 211 211 211 211 211 211 211 211 211 212 212 212 212 0 0 0 0 0 0 0 0 0 0 0 0 0 0 0 0 0 0 0 0 0 0 0 0 0 0 0 0 0 0 0 0 0 0 0 0 0 0 0 0 
0 0 0 0 0 0 0 0 0 0 0 0 0 0 0 0 0 0 0 0 0 0 0 0 0 0 0 0 0 0 0 0 0 0 0 0 0 0 0 0 0 0 0 0 0 0 0 0 0 0 0 0 0 0 0 0 0 0 0 0 0 0 0 0 0 164 164 164 165 164 164 165 165 165 166 167 166 167 167 167 167 167 168 168 168 168 169 170 170 170 170 170 169 170 170 170 171 172 173 172 172 172 172 173 173 172 172 172 172 173 173 173 173 174 175 175 175 175 175 175 175 175 175 175 175 175 176 176 176 176 176 176 177 177 177 178 178 178 178 178 178 178 179 179 179 179 179 180 180 180 180 180 180 180 181 181 181 181 181 181 181 181 182 182 182 182 182 182 182 183 183 183 184 183 184 184 184 184 184 184 184 185 185 185 185 185 185 186 186 186 186 186 187 187 187 187 187 187 188 188 188 188 189 189 189 189 189 189 189 190 190 190 190 190 190 191 191 191 191 191 191 191 191 191 191 191 192 192 192 192 192 192 193 193 193 193 193 193 193 194 194 194 195 196 196 196 196 196 196 196 196 197 197 197 197 197 197 197 197 198 198 198 198 198 198 198 198 199 199 199 199 199 199 199 200 200 200 200 200 200 201 201 201 201 201 201 201 201 201 201 201 201 201 201 201 202 202 202 202 202 202 202 202 203 203 203 203 203 203 203 204 204 203 203 203 204 204 204 204 205 205 205 205 205 205 205 205 204 204 205 205 205 204 204 204 204 205 206 206 206 206 206 207 207 207 206 206 206 206 207 207 207 207 207 207 208 208 208 208 208 208 208 208 208 209 209 209 209 210 209 209 210 210 210 209 210 209 210 210 211 210 210 210 210 210 210 210 210 209 209 209 209 209 210 210 210 210 210 210 210 210 210 210 210 210 210 210 211 211 211 210 210 210 210 210 211 211 211 211 211 211 211 211 211 211 211 211 211 211 211 211 211 211 211 211 211 211 211 211 211 211 211 210 210 210 211 211 211 211 211 211 211 211 211 211 211 211 211 211 212 212 212 0 0 0 0 0 0 0 0 0 0 0 0 0 0 0 0 0 0 0 0 0 0 0 0 0 0 0 0 0 0 0 0 0 0 0 0 0 0 0 0 0 
0 0 0 0 0 0 0 0 0 0 0 0 0 0 0 0 0 0 0 0 0 0 0 0 0 0 0 0 0 0 0 0 0 0 0 0 0 0 0 0 0 0 0 0 0 0 0 0 0 0 0 0 0 0 0 0 0 0 0 0 0 0 0 0 0 164 164 164 164 164 165 165 166 166 166 166 166 166 167 167 168 168 168 168 168 168 169 169 171 170 170 170 170 170 170 171 171 171 172 173 172 172 172 172 172 172 172 173 173 173 173 173 174 174 174 174 175 175 175 175 175 175 175 175 175 175 176 176 176 176 176 176 176 177 177 177 177 178 178 178 178 179 179 179 179 179 179 180 180 180 180 180 181 180 181 181 181 181 181 181 181 182 182 182 182 182 182 183 183 183 183 183 183 183 183 184 184 185 184 184 184 185 185 185 185 186 186 186 186 186 186 186 187 187 187 187 188 188 187 188 189 189 189 189 189 189 189 190 190 190 190 190 190 190 190 191 191 191 191 191 191 191 191 191 191 191 192 192 192 192 192 193 193 193 193 193 193 193 193 193 193 194 195 196 196 196 196 196 196 196 196 197 197 197 197 197 197 197 198 198 198 198 198 198 198 198 199 199 199 199 199 199 199 199 199 200 200 200 200 200 200 201 201 201 201 201 201 201 201 201 201 201 201 201 201 202 202 202 202 202 202 202 202 202 203 203 203 203 203 203 203 204 203 203 203 204 204 204 205 205 205 205 205 205 205 205 205 204 205 205 205 205 204 204 204 204 205 205 206 206 206 206 207 207 207 207 207 207 207 206 207 207 207 207 207 207 207 207 207 208 208 208 208 208 209 209 209 209 209 209 209 209 210 210 210 210 210 210 210 210 210 210 210 210 210 210 210 211 210 209 209 209 209 209 210 210 210 210 210 210 210 210 210 210 210 210 210 210 211 211 211 211 211 210 210 211 211 211 211 211 211 211 211 211 211 211 211 211 211 211 211 211 211 211 211 211 211 211 211 211 211 211 211 210 210 211 211 211 211 211 211 211 211 211 211 211 211 211 212 212 0 0 0 0 0 0 0 0 0 0 0 0 0 0 0 0 0 0 0 0 0 0 0 0 0 0 0 0 0 0 0 0 0 0 0 0 0 0 0 0 0 0 0 
0 0 0 0 0 0 0 0 0 0 0 0 0 0 0 0 0 0 0 0 0 0 0 0 0 0 0 0 0 0 0 0 0 0 0 0 0 0 0 0 0 0 0 0 0 0 0 0 0 0 0 0 0 0 0 0 0 0 0 0 0 0 0 0 0 164 164 164 164 165 165 165 165 165 166 167 167 167 167 168 168 168 168 168 168 168 168 169 171 171 171 171 170 170 170 171 171 172 172 172 172 171 171 171 172 172 173 173 173 173 173 173 173 174 174 174 174 175 175 175 175 175 175 175 175 175 176 176 176 176 177 177 176 176 177 177 177 178 178 178 178 179 179 179 179 179 179 180 180 180 180 180 180 180 181 181 181 181 181 181 181 182 182 182 182 182 182 182 182 182 183 183 183 183 183 183 183 184 184 184 184 185 185 185 186 186 186 186 186 186 186 186 187 187 187 187 188 188 188 188 188 189 189 189 189 189 189 189 189 190 190 190 190 190 190 190 191 191 191 191 191 191 191 191 191 191 191 192 192 192 192 193 193 192 192 193 193 193 193 193 194 194 195 196 196 196 196 196 196 196 196 197 197 197 197 197 197 197 197 198 198 198 198 198 198 198 199 199 199 199 199 199 199 199 199 200 200 200 200 200 200 200 200 200 201 201 201 201 201 201 201 201 201 201 201 201 202 202 202 202 202 202 202 202 202 203 203 203 203 203 203 203 203 203 203 204 204 205 204 205 205 205 205 205 205 205 205 204 205 205 205 205 204 204 204 205 205 206 206 206 206 207 207 207 207 207 207 207 207 207 207 207 207 207 207 207 207 207 207 207 207 208 208 208 208 208 209 209 209 209 209 209 209 209 209 210 210 210 210 210 210 210 210 210 210 210 210 210 211 210 209 209 209 209 209 210 210 210 210 210 209 210 210 210 210 210 210 210 211 211 212 211 211 211 211 211 211 211 211 211 211 211 211 211 211 211 211 211 211 211 211 211 211 211 211 211 211 211 211 211 211 211 211 211 210 210 211 211 211 211 211 211 211 211 211 211 211 212 212 0 0 0 0 0 0 0 0 0 0 0 0 0 0 0 0 0 0 0 0 0 0 0 0 0 0 0 0 0 0 0 0 0 0 0 0 0 0 0 0 0 0 0 0 
0 0 0 0 0 0 0 0 0 0 0 0 0 0 0 0 0 0 0 0 0 0 0 0 0 0 0 0 0 0 0 0 0 0 0 0 0 0 0 0 0 0 0 0 0 0 0 0 0 0 0 0 0 0 0 0 0 0 0 0 0 0 0 0 0 164 164 164 164 164 165 165 165 166 167 167 167 167 166 167 167 167 168 169 168 168 168 169 170 170 171 172 171 170 170 170 171 172 172 172 172 172 172 172 172 172 172 173 173 173 174 174 174 174 174 174 174 175 175 175 175 175 175 175 175 175 175 176 176 176 177 177 177 177 177 177 177 177 178 178 178 178 179 179 179 179 179 180 180 180 180 180 180 180 180 181 181 181 181 181 181 182 182 182 182 182 182 182 182 182 183 183 183 184 184 183 184 184 184 184 184 184 185 185 185 185 185 186 186 186 186 186 187 187 187 187 187 188 188 188 189 189 189 189 189 189 189 189 189 189 189 189 190 190 190 190 190 191 191 191 191 191 191 191 191 191 191 192 192 192 192 192 192 192 192 193 193 193 193 194 194 194 195 196 196 196 196 196 196 196 197 197 197 197 197 197 197 197 197 198 198 198 198 198 198 199 199 199 199 199 199 199 199 199 199 200 200 200 200 200 200 200 200 201 201 201 201 201 201 201 201 201 201 201 201 201 202 202 202 202 202 202 202 202 202 202 203 203 203 203 203 203 203 204 203 204 204 204 204 205 205 205 205 205 205 205 204 204 205 205 205 205 204 204 204 204 205 206 206 207 207 207 207 207 207 207 207 207 207 207 207 207 207 207 207 207 207 207 207 207 208 208 208 208 208 209 209 209 209 209 209 209 209 209 209 210 210 210 210 210 210 209 210 210 210 210 210 210 210 211 210 209 209 209 209 210 210 211 210 210 210 210 210 210 210 210 210 210 211 211 211 211 211 210 210 210 211 211 211 211 211 211 211 211 211 211 211 211 211 211 211 211 211 211 211 211 211 211 211 211 211 211 211 210 210 211 211 211 211 211 211 211 211 211 211 211 211 212 212 0 0 0 0 0 0 0 0 0 0 0 0 0 0 0 0 0 0 0 0 0 0 0 0 0 0 0 0 0 0 0 0 0 0 0 0 0 0 0 0 0 0 0 0 
0 0 0 0 0 0 0 0 0 0 0 0 0 0 0 0 0 0 0 0 0 0 0 0 0 0 0 0 0 0 0 0 0 0 0 0 0 0 0 0 0 0 0 0 0 0 0 0 0 0 0 0 0 0 0 0 0 0 0 0 0 0 0 0 0 0 0 0 164 164 164 164 165 166 166 166 166 166 166 166 167 168 169 169 169 169 169 169 169 169 170 171 171 171 171 171 171 171 172 172 173 173 173 173 172 172 172 173 174 174 174 174 174 174 174 174 174 175 175 175 175 175 175 175 175 175 175 176 176 176 177 177 177 177 177 177 177 177 177 178 178 178 179 179 179 179 179 180 180 180 180 180 180 180 180 181 181 181 181 182 181 181 181 181 181 181 182 182 182 182 182 183 183 184 184 184 184 184 184 184 184 184 185 185 185 185 185 185 185 186 186 186 187 187 187 187 187 188 188 188 188 189 189 188 188 188 188 189 189 189 189 189 190 190 190 190 190 190 190 191 191 191 191 191 191 191 191 191 192 192 192 192 192 192 192 193 193 193 193 193 194 194 195 196 196 196 196 196 196 196 197 197 197 197 197 197 197 197 197 198 198 198 198 198 198 199 198 199 199 199 199 199 199 199 199 200 200 200 200 200 200 200 200 201 201 201 201 201 201 201 201 201 201 201 201 201 202 202 202 202 202 202 202 202 202 202 203 203 203 203 203 203 203 203 203 203 204 204 204 204 205 205 204 204 205 205 205 205 205 205 205 204 204 204 204 205 205 206 206 207 207 207 207 207 207 207 207 207 207 207 207 207 207 207 208 207 207 207 207 208 208 208 208 208 208 209 209 209 209 209 209 209 209 210 210 210 210 209 210 209 210 210 209 210 210 210 210 210 210 210 211 211 210 209 210 210 210 211 211 210 209 209 210 210 210 210 210 210 210 211 211 211 211 211 211 210 210 211 211 211 211 211 211 211 211 211 211 211 211 211 211 211 211 211 211 211 211 211 211 211 211 211 211 211 211 211 211 211 211 211 211 211 211 211 211 211 211 212 0 0 0 0 0 0 0 0 0 0 0 0 0 0 0 0 0 0 0 0 0 0 0 0 0 0 0 0 0 0 0 0 0 0 0 0 0 0 0 0 0 0 0 0 0 
0 0 0 0 0 0 0 0 0 0 0 0 0 0 0 0 0 0 0 0 0 0 0 0 0 0 0 0 0 0 0 0 0 0 0 0 0 0 0 0 0 0 0 0 0 0 0 0 0 0 0 0 0 0 0 0 0 0 0 0 0 0 0 0 0 0 0 0 0 0 164 164 164 165 165 165 166 166 166 167 167 168 169 169 169 169 169 169 169 170 170 171 171 171 172 172 171 171 172 172 173 173 173 173 172 172 172 173 173 173 173 174 173 173 174 174 175 175 175 175 175 175 175 175 175 175 174 175 176 176 177 177 177 177 177 178 178 177 177 178 178 178 179 179 179 179 179 179 179 179 179 180 180 181 181 181 181 181 181 181 181 181 181 181 181 181 182 182 182 182 182 182 183 183 184 184 184 183 183 184 184 184 185 185 186 185 185 185 185 185 186 186 186 186 187 187 188 188 188 188 188 188 188 188 188 188 189 189 189 189 189 190 189 189 190 190 190 190 190 190 191 191 191 191 191 191 191 191 192 192 192 192 192 192 193 193 193 193 193 193 193 194 195 196 196 196 196 196 196 196 197 197 197 197 197 197 197 197 197 198 198 198 198 198 198 198 198 198 199 199 199 199 199 199 199 200 200 200 200 200 200 200 200 200 200 201 201 201 201 201 201 201 201 201 201 201 202 202 202 202 202 202 202 202 202 203 203 203 203 203 203 203 203 203 203 204 204 204 204 205 205 204 204 204 204 205 205 205 205 205 204 204 204 204 204 205 206 206 206 207 207 206 206 207 207 207 207 207 207 207 207 207 207 207 207 208 208 208 208 208 208 208 209 209 209 209 209 209 209 209 209 209 209 210 210 210 210 210 210 209 209 209 209 209 210 210 210 210 210 210 210 211 211 210 210 210 210 210 211 210 209 209 210 210 210 210 210 210 210 211 211 211 211 212 211 211 210 211 211 211 211 211 211 211 211 211 211 211 211 211 211 211 211 211 211 211 211 211 211 211 211 211 211 211 211 211 211 211 211 211 211 211 211 211 211 211 0 0 0 0 0 0 0 0 0 0 0 0 0 0 0 0 0 0 0 0 0 0 0 0 0 0 0 0 0 0 0 0 0 0 0 0 0 0 0 0 0 0 0 0 0 0 0 
0 0 0 0 0 0 0 0 0 0 0 0 0 0 0 0 0 0 0 0 0 0 0 0 0 0 0 0 0 0 0 0 0 0 0 0 0 0 0 0 0 0 0 0 0 0 0 0 0 0 0 0 0 0 0 0 0 0 0 0 0 0 0 0 0 0 0 0 0 0 0 164 165 165 165 166 166 166 167 167 167 167 168 169 169 169 169 169 170 171 171 172 171 171 171 172 172 172 173 173 173 173 173 173 173 172 173 173 173 173 174 174 174 174 174 174 174 175 175 175 176 175 176 176 176 175 175 175 176 177 177 177 178 178 178 178 178 178 177 177 178 178 178 178 178 179 179 179 179 179 179 180 180 180 181 181 181 181 181 181 181 181 181 181 181 181 182 182 182 182 182 182 182 183 183 183 183 183 183 184 184 184 185 185 185 185 185 185 186 186 186 186 186 186 186 187 187 187 188 188 188 188 188 188 188 189 189 188 189 189 190 189 189 189 189 190 190 190 190 190 190 190 190 191 190 190 191 191 191 192 192 192 192 192 192 193 193 193 193 193 193 193 194 194 194 194 194 195 195 195 195 195 195 195 195 195 195 196 196 196 196 196 196 196 196 196 197 197 197 197 197 197 198 198 198 198 198 198 198 198 199 199 199 199 199 199 199 199 199 199 200 200 201 201 202 202 202 202 202 202 202 202 202 202 202 203 203 203 203 203 203 203 203 203 203 204 204 204 204 205 205 204 204 204 205 205 205 205 205 205 204 205 205 204 205 205 206 206 206 207 207 207 207 207 207 207 207 207 207 207 207 207 207 207 207 207 208 209 209 209 209 209 209 209 209 209 209 209 209 210 210 209 209 210 210 210 210 210 209 209 209 209 209 209 209 210 210 210 210 210 210 210 211 211 211 210 210 211 211 210 210 210 210 211 211 211 211 211 211 211 211 211 211 212 211 211 211 211 211 211 211 211 211 211 212 212 212 212 212 212 212 211 211 212 211 211 211 211 211 211 211 211 211 211 211 211 211 211 211 211 211 211 211 211 211 212 0 0 0 0 0 0 0 0 0 0 0 0 0 0 0 0 0 0 0 0 0 0 0 0 0 0 0 0 0 0 0 0 0 0 0 0 0 0 0 0 0 0 0 0 0 0 0 
0 0 0 0 0 0 0 0 0 0 0 0 0 0 0 0 0 0 0 0 0 0 0 0 0 0 0 0 0 0 0 0 0 0 0 0 0 0 0 0 0 0 0 0 0 0 0 0 0 0 0 0 0 0 0 0 0 0 0 0 0 0 0 0 0 0 0 0 0 0 0 0 164 165 165 166 166 166 166 166 166 167 168 169 170 170 169 169 170 171 171 171 171 171 172 172 172 172 173 173 173 173 173 173 173 173 173 173 173 173 174 174 174 174 174 175 174 175 175 176 176 176 176 176 176 176 176 175 175 176 176 177 177 178 178 178 178 178 177 177 178 178 178 178 178 179 179 179 179 179 179 179 180 180 181 181 181 181 181 181 181 181 181 181 181 181 181 181 182 182 182 182 182 183 183 184 184 183 184 184 184 184 184 185 185 185 185 185 185 185 186 186 186 186 186 186 187 187 187 187 188 188 188 188 189 189 189 188 189 190 190 189 189 189 189 189 190 190 190 190 190 190 190 191 191 191 191 191 191 191 192 192 192 192 192 192 192 193 193 193 193 193 194 194 194 194 195 195 195 195 195 195 195 195 195 195 196 196 196 196 196 196 196 196 196 196 197 197 197 197 197 197 197 198 198 198 198 198 198 198 198 198 199 199 199 199 199 199 199 199 200 200 201 201 201 202 202 202 202 202 202 202 202 202 203 203 203 203 203 203 203 203 203 203 204 204 204 204 204 204 204 204 204 204 205 205 205 205 205 205 205 205 204 204 205 205 206 206 206 207 207 207 207 207 207 207 208 208 208 208 208 207 207 207 208 208 208 208 208 209 209 209 209 209 209 210 210 209 209 209 210 210 209 210 210 210 210 210 209 209 209 210 210 210 209 209 209 209 210 210 210 210 210 210 210 210 210 210 211 211 211 210 210 210 211 211 211 211 211 211 211 211 211 211 212 211 211 211 211 211 211 211 211 211 211 211 212 212 212 212 212 211 211 212 212 212 211 211 211 211 211 211 211 211 211 211 211 211 211 211 211 211 211 211 211 211 212 0 0 0 0 0 0 0 0 0 0 0 0 0 0 0 0 0 0 0 0 0 0 0 0 0 0 0 0 0 0 0 0 0 0 0 0 0 0 0 0 0 0 0 0 0 0 
0 0 0 0 0 0 0 0 0 0 0 0 0 0 0 0 0 0 0 0 0 0 0 0 0 0 0 0 0 0 0 0 0 0 0 0 0 0 0 0 0 0 0 0 0 0 0 0 0 0 0 0 0 0 0 0 0 0 0 0 0 0 0 0 0 0 0 0 0 0 0 0 164 165 165 166 166 0 0 0 166 167 168 168 168 168 169 169 169 170 171 171 170 171 172 172 172 172 172 172 173 173 173 173 173 173 173 174 174 174 174 174 174 174 174 175 175 175 175 175 176 176 176 176 176 176 175 175 176 177 176 176 176 177 177 177 178 178 178 178 179 179 179 179 179 179 179 179 179 179 179 180 180 180 180 181 180 181 181 181 181 181 182 182 182 182 183 182 183 182 182 183 183 183 184 184 184 184 184 184 184 184 184 184 185 185 186 186 185 185 186 186 186 186 187 187 186 187 187 188 188 188 188 188 188 189 189 189 189 190 190 189 189 189 189 189 190 189 190 190 190 190 190 191 191 191 191 191 191 191 192 192 192 192 192 193 193 193 193 193 193 193 194 194 194 194 195 195 195 195 195 195 195 195 195 196 195 195 196 196 196 196 196 196 196 196 197 197 197 197 197 197 197 198 198 198 198 198 198 198 198 198 198 198 199 199 199 199 199 199 200 200 202 201 201 202 202 202 202 202 202 202 202 202 203 203 203 203 203 203 203 203 203 203 203 204 204 204 204 205 205 204 205 204 205 205 205 205 205 205 205 205 205 205 205 205 206 206 207 207 207 207 208 208 208 208 208 208 208 208 208 208 208 208 208 208 208 209 208 209 209 209 209 209 209 209 210 210 209 209 210 210 210 210 210 210 210 210 209 209 210 210 210 210 210 210 209 209 209 209 210 210 210 210 210 210 210 210 210 211 211 211 210 210 210 211 211 211 211 211 211 211 211 211 211 211 211 211 211 211 211 211 211 211 211 211 211 211 211 211 211 211 211 211 211 211 211 211 211 211 211 212 211 211 211 211 211 211 211 211 211 211 211 211 211 211 0 0 0 0 0 0 0 0 0 0 0 0 0 0 0 0 0 0 0 0 0 0 0 0 0 0 0 0 0 0 0 0 0 0 0 0 0 0 0 0 0 0 0 0 0 0 0 
0 0 0 0 0 0 0 0 0 0 0 0 0 0 0 0 0 0 0 0 0 0 0 0 0 0 0 0 0 0 0 0 0 0 0 0 0 0 0 0 0 0 0 0 0 0 0 0 0 0 0 0 0 0 0 0 0 0 0 0 0 0 0 0 0 0 0 0 0 0 0 0 0 0 165 165 0 0 0 0 166 167 168 167 167 168 168 169 169 169 170 170 170 170 171 171 172 172 172 172 173 173 173 173 173 174 174 174 175 175 175 175 175 174 174 175 175 175 175 175 175 175 175 176 175 175 175 176 177 177 176 177 177 176 177 177 178 178 178 178 178 179 179 180 179 179 179 179 179 179 180 180 180 180 180 180 180 181 181 181 181 182 182 182 183 183 183 183 184 183 183 183 183 184 184 184 184 184 184 184 184 184 184 184 185 185 185 186 185 186 186 186 186 186 187 187 187 187 187 187 188 188 188 189 189 189 190 189 190 190 190 189 190 190 190 190 189 189 190 190 190 190 190 190 191 191 191 191 192 191 192 192 192 192 192 193 193 193 193 193 193 193 194 194 194 195 195 195 195 195 195 195 195 195 196 195 195 195 195 196 196 196 196 196 196 196 197 197 197 197 197 197 197 198 198 198 198 198 198 198 198 198 198 198 199 199 199 199 199 199 200 200 201 201 201 202 202 202 202 202 202 202 202 202 203 203 203 203 203 203 203 203 203 203 203 204 204 204 204 204 205 204 204 204 205 205 205 205 205 205 205 205 205 205 205 205 206 206 207 207 208 208 208 208 208 208 208 208 208 208 209 208 209 209 209 209 209 208 208 209 209 209 209 209 209 209 209 209 209 209 209 210 210 210 210 210 210 210 210 209 209 210 210 210 210 210 209 209 209 209 210 210 209 209 210 210 210 210 210 210 210 211 211 210 210 210 211 211 211 211 211 211 211 211 211 211 211 211 211 211 211 211 211 211 211 211 211 211 211 211 212 212 212 211 211 211 211 211 211 211 212 212 211 211 211 211 211 211 211 211 211 211 211 211 211 211 0 0 0 0 0 0 0 0 0 0 0 0 0 0 0 0 0 0 0 0 0 0 0 0 0 0 0 0 0 0 0 0 0 0 0 0 0 0 0 0 0 0 0 0 0 0 0 
0 0 0 0 0 0 0 0 0 0 0 0 0 0 0 0 0 0 0 0 0 0 0 0 0 0 0 0 0 0 0 0 0 0 0 0 0 0 0 0 0 0 0 0 0 0 0 0 0 0 0 0 0 0 0 0 0 0 0 0 0 0 0 0 0 0 0 0 0 0 0 0 0 0 0 0 0 0 0 166 167 167 167 167 167 168 169 170 170 170 170 171 170 171 171 171 171 172 172 172 172 173 173 173 173 173 174 174 174 174 175 175 175 174 174 174 174 175 175 175 175 175 175 175 175 175 176 176 176 176 176 177 177 177 177 177 178 178 178 178 179 179 180 180 180 180 180 180 180 180 180 179 179 179 180 180 180 181 181 182 182 182 183 183 183 183 183 183 183 184 183 183 184 184 184 183 183 184 184 184 184 184 184 184 184 185 185 185 185 186 186 185 186 186 186 187 187 187 187 187 188 188 188 189 189 190 190 190 190 189 189 189 189 189 189 189 189 190 190 190 190 190 190 190 191 191 192 192 192 192 192 192 192 192 192 192 193 193 193 193 193 193 194 194 194 194 194 194 195 195 195 195 195 195 195 195 195 195 195 195 196 196 196 196 196 196 197 197 197 197 197 197 197 197 198 198 198 198 198 198 198 198 198 198 199 199 199 199 199 200 200 200 202 202 202 202 202 202 202 202 202 202 202 202 202 203 203 203 203 203 203 203 203 203 203 204 204 204 204 204 204 204 204 204 204 204 205 205 205 205 205 205 205 206 206 206 206 207 207 207 208 208 208 208 208 208 208 208 208 208 208 209 209 209 209 209 209 208 209 209 209 209 209 209 209 209 209 209 209 209 209 209 210 210 210 210 210 210 210 210 209 209 209 210 210 210 209 209 209 210 210 210 210 209 209 209 210 210 210 210 210 211 211 211 210 210 210 211 211 211 211 212 211 211 211 211 211 211 211 211 211 211 211 211 211 211 211 211 211 212 212 212 211 211 211 211 211 211 211 211 211 211 211 211 211 211 211 211 211 211 211 211 211 211 211 211 0 0 0 0 0 0 0 0 0 0 0 0 0 0 0 0 0 0 0 0 0 0 0 0 0 0 0 0 0 0 0 0 0 0 0 0 0 0 0 0 0 0 0 0 0 0 0 
0 0 0 0 0 0 0 0 0 0 0 0 0 0 0 0 0 0 0 0 0 0 0 0 0 0 0 0 0 0 0 0 0 0 0 0 0 0 0 0 0 0 0 0 0 0 0 0 0 0 0 0 0 0 0 0 0 0 0 0 0 0 0 0 0 0 0 0 0 0 0 0 0 0 0 0 0 0 166 166 166 167 167 167 168 168 168 169 170 170 171 172 171 171 171 171 171 172 172 172 173 173 172 172 172 173 172 173 174 174 174 174 175 175 175 175 175 174 174 174 175 175 175 175 175 175 176 176 177 177 177 177 177 177 177 177 178 178 179 179 179 180 180 180 180 180 180 180 180 180 180 180 180 180 180 180 180 181 181 182 182 182 183 183 183 183 183 183 183 184 183 183 183 184 184 184 184 184 184 184 184 185 184 184 184 185 185 185 186 185 186 186 186 186 186 186 187 187 188 188 188 188 188 188 189 189 189 190 190 189 189 189 189 189 189 189 190 190 190 190 190 190 190 190 191 191 192 192 192 192 192 192 192 192 192 192 193 193 193 193 193 193 194 194 194 194 194 194 195 195 195 195 195 195 195 195 195 195 196 196 196 196 196 196 196 196 197 197 197 197 197 197 197 197 198 198 198 198 198 198 198 198 198 198 199 199 199 199 199 199 199 199 201 201 202 202 202 202 202 202 202 202 202 202 202 203 203 203 203 203 203 203 203 203 203 203 204 204 203 204 204 204 204 204 204 204 205 205 205 205 205 205 205 206 206 206 207 207 207 207 208 208 208 208 209 209 209 209 209 209 209 209 208 208 209 209 208 209 209 209 209 209 209 209 209 209 209 209 209 209 209 209 209 210 210 210 210 209 209 209 209 209 209 209 210 210 209 209 209 209 210 210 210 210 209 209 209 210 210 210 210 210 210 211 211 211 210 210 211 211 211 211 211 211 211 211 211 211 211 211 211 211 211 211 211 212 211 211 211 212 212 211 211 211 211 211 211 211 211 211 211 211 211 211 211 211 211 211 211 211 211 211 211 211 211 211 0 0 0 0 0 0 0 0 0 0 0 0 0 0 0 0 0 0 0 0 0 0 0 0 0 0 0 0 0 0 0 0 0 0 0 0 0 0 0 0 0 0 0 0 0 0 0 
0 0 0 0 0 0 0 0 0 0 0 0 0 0 0 0 0 0 0 0 0 0 0 0 0 0 0 0 0 0 0 0 0 0 0 0 0 0 0 0 0 0 0 0 0 0 0 0 0 0 0 0 0 0 0 0 0 0 0 0 0 0 0 0 0 0 0 0 0 0 0 0 0 0 0 0 0 0 0 0 0 166 167 168 168 168 168 169 169 169 169 170 171 171 171 171 171 172 172 172 172 173 172 172 172 172 172 172 173 174 174 174 174 174 175 175 175 176 175 175 175 175 175 175 176 175 176 177 177 177 177 177 177 177 178 178 178 178 179 179 179 180 180 180 180 180 180 180 180 181 181 181 181 180 180 181 181 181 181 182 182 182 182 182 183 183 183 183 183 183 183 184 184 183 184 184 184 184 184 184 184 185 185 185 185 185 185 185 185 186 186 186 186 186 187 187 187 187 188 188 188 188 188 188 188 189 189 189 190 190 190 189 189 190 189 190 190 190 190 190 190 191 191 190 191 191 191 192 192 192 192 192 192 192 192 192 193 193 193 193 193 193 194 194 194 194 194 195 195 195 195 195 195 195 195 195 195 195 195 196 196 196 196 196 196 196 197 197 197 197 197 197 197 197 198 198 198 198 198 198 198 198 198 198 198 199 199 199 199 199 199 199 201 201 202 202 202 202 202 202 202 202 202 202 202 203 203 203 203 203 203 203 203 203 203 203 204 204 204 204 204 205 204 204 204 205 205 205 205 205 205 205 205 205 205 206 206 206 206 207 207 207 208 208 208 209 209 209 209 209 209 209 209 208 208 208 209 209 209 209 209 209 209 210 209 209 209 209 209 209 209 209 209 209 209 209 209 209 209 209 209 209 209 209 210 210 210 210 210 209 210 210 210 210 210 209 209 210 210 210 210 210 210 211 211 211 211 210 211 211 211 211 211 211 211 211 211 211 211 211 211 211 211 211 211 211 211 212 212 212 212 211 211 211 211 211 211 211 211 211 211 211 210 211 211 211 211 211 211 211 211 211 211 211 211 0 0 0 0 0 0 0 0 0 0 0 0 0 0 0 0 0 0 0 0 0 0 0 0 0 0 0 0 0 0 0 0 0 0 0 0 0 0 0 0 0 0 0 0 0 0 0 0 
0 0 0 0 0 0 0 0 0 0 0 0 0 0 0 0 0 0 0 0 0 0 0 0 0 0 0 0 0 0 0 0 0 0 0 0 0 0 0 0 0 0 0 0 0 0 0 0 0 0 0 0 0 0 0 0 0 0 0 0 0 0 0 0 0 0 0 0 0 0 0 0 0 0 0 0 0 0 0 0 0 166 166 167 168 168 168 168 168 168 169 170 169 170 171 171 172 172 172 172 172 172 172 172 172 172 172 173 173 174 174 174 174 175 174 175 175 175 175 175 175 176 176 176 176 176 176 176 176 177 177 177 177 177 177 178 178 178 178 179 179 179 180 180 179 180 180 180 180 181 181 181 181 181 181 181 181 181 181 182 182 182 182 182 183 183 183 183 183 183 183 183 183 183 183 183 184 184 184 184 184 185 185 185 185 185 185 185 185 185 186 186 186 186 187 187 187 188 188 188 188 188 188 188 188 189 189 189 189 189 189 190 190 190 190 190 190 190 190 190 190 191 191 191 191 191 192 192 191 192 192 192 192 192 192 192 192 193 193 193 193 193 194 194 194 194 194 195 195 195 195 195 195 195 195 195 195 195 195 195 196 196 196 196 196 197 197 197 197 197 197 197 197 197 198 198 198 198 198 198 198 198 198 198 198 198 199 199 199 199 199 199 201 201 201 202 201 202 202 202 202 202 202 202 202 203 203 203 203 203 203 203 203 203 203 203 203 204 204 204 204 204 204 204 204 204 205 205 205 205 205 205 205 205 205 205 205 205 205 205 205 206 207 207 207 208 208 208 208 208 208 209 208 209 209 209 209 209 210 210 210 210 210 210 210 210 210 210 210 209 209 209 209 208 208 208 209 209 209 209 209 209 209 209 209 210 210 210 210 210 209 209 210 210 210 210 209 210 210 210 210 210 210 210 211 211 211 210 210 211 211 211 211 211 211 211 211 211 211 211 211 211 211 211 211 211 211 211 211 212 212 211 211 211 211 211 211 211 211 211 211 211 210 210 211 211 211 211 211 211 211 211 211 211 211 0 0 0 0 0 0 0 0 0 0 0 0 0 0 0 0 0 0 0 0 0 0 0 0 0 0 0 0 0 0 0 0 0 0 0 0 0 0 0 0 0 0 0 0 0 0 0 0 
0 0 0 0 0 0 0 0 0 0 0 0 0 0 0 0 0 0 0 0 0 0 0 0 0 0 0 0 0 0 0 0 0 0 0 0 0 0 0 0 0 0 0 0 0 0 0 0 0 0 0 0 0 0 0 0 0 0 0 0 0 0 0 0 0 0 0 0 0 0 0 0 0 0 0 0 0 0 0 0 0 0 166 167 167 167 167 168 168 169 169 169 168 169 170 169 170 170 171 172 172 172 172 172 172 172 173 173 173 174 174 174 174 174 175 175 175 175 175 175 175 175 176 176 176 176 176 176 176 176 176 176 176 177 178 178 178 178 179 179 179 180 180 179 179 180 180 180 180 181 181 181 181 181 181 181 181 181 181 182 182 182 182 182 183 183 183 183 183 183 183 183 183 183 183 183 184 184 184 184 184 185 185 185 185 185 185 185 186 186 186 186 187 187 187 187 187 188 188 188 188 188 188 188 188 189 189 189 189 189 189 189 189 190 190 190 190 190 190 191 191 191 191 190 191 191 191 191 191 191 191 192 192 192 192 192 192 192 193 193 193 193 194 194 194 194 194 194 194 195 195 195 195 195 195 195 195 195 195 195 196 196 196 196 196 196 197 197 197 197 197 197 197 198 198 198 198 198 198 198 198 198 198 198 198 199 199 199 199 199 199 199 201 201 201 201 201 202 202 202 202 202 202 202 203 203 203 203 203 203 203 203 203 203 203 203 203 204 204 204 204 204 204 204 204 204 205 204 205 205 205 205 205 206 206 205 205 205 205 205 206 206 207 207 207 207 207 208 207 207 208 209 209 209 208 209 209 209 209 210 210 210 210 210 210 210 210 210 210 210 210 210 209 208 208 208 209 209 209 209 209 209 209 209 209 210 210 210 210 210 210 209 209 209 210 210 210 210 210 210 210 210 210 210 210 210 211 210 210 211 211 211 211 211 211 211 211 211 211 211 211 211 211 211 211 211 211 211 211 211 211 212 211 211 211 211 211 211 211 211 211 211 210 210 210 211 211 211 211 211 211 211 211 211 211 211 0 0 0 0 0 0 0 0 0 0 0 0 0 0 0 0 0 0 0 0 0 0 0 0 0 0 0 0 0 0 0 0 0 0 0 0 0 0 0 0 0 0 0 0 0 0 0 
0 0 0 0 0 0 0 0 0 0 0 0 0 0 0 0 0 0 0 0 0 0 0 0 0 0 0 0 0 0 0 0 0 0 0 0 0 0 0 0 0 0 0 0 0 0 0 0 0 0 0 0 0 0 0 0 0 0 0 0 0 0 0 0 0 0 0 0 0 0 0 0 0 0 0 0 0 0 0 0 0 0 0 166 167 167 168 168 168 168 169 169 167 168 169 169 169 169 170 170 171 171 172 172 171 171 172 172 173 173 173 174 174 174 175 175 175 175 174 174 175 175 175 176 176 176 176 176 176 176 176 176 177 177 177 178 178 177 178 178 179 179 179 179 179 179 180 180 180 180 181 181 181 181 181 181 181 181 181 182 182 182 182 182 182 183 183 183 183 184 184 184 184 183 183 183 184 184 184 184 184 184 185 185 185 185 185 186 186 186 186 186 187 187 187 187 187 187 188 188 188 188 188 188 188 188 189 189 189 188 189 189 190 190 189 190 190 190 190 190 190 190 190 190 191 191 191 191 191 191 192 192 192 192 192 192 192 192 192 192 193 193 194 194 194 194 194 194 194 194 195 195 195 195 195 195 195 195 195 195 196 196 196 196 196 196 196 197 197 197 197 197 197 197 197 197 198 198 198 198 198 198 198 198 198 198 198 199 199 199 199 199 201 201 201 201 202 202 202 202 202 202 202 202 203 203 203 203 203 203 203 203 203 203 203 203 203 204 204 204 204 204 204 204 204 204 204 204 205 205 205 205 205 205 205 206 206 206 205 205 205 205 206 206 207 207 207 207 207 207 208 209 209 209 208 209 209 208 209 209 210 210 210 210 210 210 210 210 210 210 210 210 209 208 208 208 208 209 209 209 209 209 209 209 209 209 210 210 210 210 210 210 210 209 209 210 210 210 210 210 210 210 210 210 210 210 210 210 210 211 211 211 211 211 211 211 211 211 211 211 211 211 211 211 211 211 211 211 211 211 211 212 211 211 211 210 211 211 211 211 211 211 210 210 210 211 211 211 211 211 211 211 211 211 211 211 0 0 0 0 0 0 0 0 0 0 0 0 0 0 0 0 0 0 0 0 0 0 0 0 0 0 0 0 0 0 0 0 0 0 0 0 0 0 0 0 0 0 0 0 0 0 0 
0 0 0 0 0 0 0 0 0 0 0 0 0 0 0 0 0 0 0 0 0 0 0 0 0 0 0 0 0 0 0 0 0 0 0 0 0 0 0 0 0 0 0 0 0 0 0 0 0 0 0 0 0 0 0 0 0 0 0 0 0 0 0 0 0 0 0 0 0 0 0 0 0 0 0 0 0 0 0 0 0 0 0 0 166 166 167 167 167 168 169 168 167 168 168 169 168 169 169 169 170 171 172 172 171 171 171 172 172 172 173 174 174 174 174 175 175 175 175 174 174 175 175 175 175 176 176 176 176 176 176 176 177 177 178 178 177 177 177 178 179 179 178 179 179 179 180 180 180 180 180 181 181 181 181 181 181 181 181 181 182 182 182 182 182 182 183 183 183 183 184 184 184 184 183 183 183 184 184 184 184 184 185 185 185 185 185 185 186 186 186 186 187 187 187 187 188 187 188 188 188 188 188 188 188 188 189 189 189 189 188 189 190 190 190 190 190 190 190 190 190 190 190 190 191 191 191 191 191 191 191 192 192 192 192 192 192 192 192 192 192 193 193 193 194 194 194 194 194 194 195 195 195 195 195 195 195 195 195 196 196 195 195 196 196 197 196 197 196 197 197 197 197 197 198 198 198 198 198 198 198 198 198 198 198 198 198 199 199 199 199 199 201 201 201 201 201 201 201 201 202 202 202 202 202 203 203 203 203 203 203 203 203 203 203 204 204 204 204 204 204 204 204 204 204 204 204 204 204 205 205 205 205 205 205 205 205 206 206 206 207 207 207 206 207 206 207 207 207 208 208 208 208 208 208 208 208 209 209 209 210 210 210 210 210 210 210 210 210 211 211 210 210 209 208 208 208 209 209 209 209 210 209 209 209 209 209 210 210 210 210 210 210 209 209 210 210 210 210 210 210 210 210 210 210 210 210 210 210 211 211 211 211 211 211 211 211 211 211 211 211 211 211 211 211 211 211 211 211 211 211 211 211 211 210 210 210 211 211 211 211 211 210 210 210 210 210 211 210 210 211 211 211 211 211 212 0 0 0 0 0 0 0 0 0 0 0 0 0 0 0 0 0 0 0 0 0 0 0 0 0 0 0 0 0 0 0 0 0 0 0 0 0 0 0 0 0 0 0 0 0 0 0 
0 0 0 0 0 0 0 0 0 0 0 0 0 0 0 0 0 0 0 0 0 0 0 0 0 0 0 0 0 0 0 0 0 0 0 0 0 0 0 0 0 0 0 0 0 0 0 0 0 0 0 0 0 0 0 0 0 0 0 0 0 0 0 0 0 0 0 0 0 0 0 0 0 0 0 0 0 0 0 0 0 0 0 0 0 0 0 0 0 167 168 168 0 0 167 169 168 169 169 170 170 171 172 172 172 172 171 171 172 173 173 174 173 174 174 174 174 174 175 175 175 175 175 175 175 176 176 176 176 176 176 177 177 177 177 177 177 177 178 178 178 179 179 179 179 179 179 180 180 180 180 181 181 181 181 181 181 181 181 181 181 181 182 182 182 182 182 182 183 183 183 183 184 184 184 184 184 183 183 184 184 184 184 185 185 185 185 185 186 186 186 186 187 187 187 187 187 187 187 188 188 187 188 188 188 188 188 189 189 188 189 189 189 189 189 190 190 190 190 190 190 190 190 191 191 191 191 191 191 191 192 192 192 192 192 192 192 192 192 192 192 192 193 193 193 194 194 194 194 194 195 195 195 195 195 195 195 195 195 195 195 195 196 196 196 196 197 197 197 197 197 197 197 197 197 197 197 198 198 198 198 198 198 198 198 198 198 198 199 199 199 199 201 201 201 201 201 201 201 201 202 202 202 202 202 203 203 203 203 203 203 203 203 203 203 203 204 204 204 204 204 204 204 204 204 204 204 204 204 205 205 205 205 206 206 206 205 205 205 206 206 207 207 207 207 207 207 207 207 208 207 208 208 208 208 209 209 208 208 209 210 210 210 210 210 210 210 211 211 211 211 210 210 210 208 208 208 209 209 209 209 210 209 209 209 209 209 210 210 209 210 210 210 210 210 210 210 210 210 210 210 210 210 210 210 210 210 210 210 211 211 211 211 211 211 211 211 211 211 211 211 211 211 211 211 211 211 211 211 211 211 211 211 210 211 210 210 211 211 211 211 211 210 210 210 211 210 210 210 210 211 211 211 212 212 212 212 0 0 0 0 0 0 0 0 0 0 0 0 0 0 0 0 0 0 0 0 0 0 0 0 0 0 0 0 0 0 0 0 0 0 0 0 0 0 0 0 0 0 0 0 0 0 
0 0 0 0 0 0 0 0 0 0 0 0 0 0 0 0 0 0 0 0 0 0 0 0 0 0 0 0 0 0 0 0 0 0 0 0 0 0 0 0 0 0 0 0 0 0 0 0 0 0 0 0 0 0 0 0 0 0 0 0 0 0 0 0 0 0 0 0 0 0 0 0 0 0 0 0 0 0 0 0 0 0 0 0 0 0 0 0 0 0 168 168 0 0 167 168 169 169 170 170 170 170 171 172 172 172 171 171 172 173 173 174 173 174 174 174 174 174 175 175 175 175 175 175 175 176 176 176 176 176 176 176 177 177 177 177 177 177 178 178 178 179 179 179 179 179 179 179 180 180 180 180 181 181 181 181 181 181 181 181 181 181 181 182 182 182 182 182 183 183 183 183 184 184 184 184 184 184 184 184 184 184 184 184 185 185 185 185 186 186 186 186 186 187 187 187 187 187 187 187 187 187 188 188 188 188 188 188 188 188 189 189 189 190 189 189 190 190 190 190 190 190 190 191 191 191 191 191 191 191 191 191 192 192 192 192 192 192 192 193 193 192 193 193 193 193 194 194 194 194 194 195 195 195 195 195 195 195 195 195 195 196 196 196 196 196 196 197 197 197 197 197 197 197 197 197 197 197 197 197 198 198 198 198 198 199 198 198 198 198 198 199 201 201 201 201 201 201 201 201 202 201 202 202 202 202 203 203 203 203 203 203 203 203 203 203 203 203 204 204 204 204 204 204 204 204 205 205 205 205 205 205 205 206 206 205 205 206 206 206 206 206 207 207 207 208 208 207 208 208 208 209 208 208 208 208 209 209 209 209 209 209 209 210 210 210 210 210 210 210 211 210 210 209 208 208 208 208 209 209 209 209 209 209 209 209 209 209 209 209 209 210 210 210 210 210 210 210 210 210 210 210 210 210 210 210 210 210 210 211 211 211 211 210 211 211 211 211 211 210 210 211 211 211 211 211 211 211 211 211 211 211 211 210 211 211 211 211 211 211 211 211 210 211 210 211 211 211 211 211 211 211 0 212 212 212 0 0 0 0 0 0 0 0 0 0 0 0 0 0 0 0 0 0 0 0 0 0 0 0 0 0 0 0 0 0 0 0 0 0 0 0 0 0 0 0 0 0 0 0 0 0 0 
0 0 0 0 0 0 0 0 0 0 0 0 0 0 0 0 0 0 0 0 0 0 0 0 0 0 0 0 0 0 0 0 0 0 0 0 0 0 0 0 0 0 0 0 0 0 0 0 0 0 0 0 0 0 0 0 0 0 0 0 0 0 0 0 0 0 0 0 0 0 0 0 0 0 0 0 0 0 0 0 0 0 0 0 0 0 0 0 0 0 167 167 0 0 167 168 168 169 170 169 169 170 171 171 172 172 172 171 172 172 173 173 174 174 173 174 174 174 175 175 175 175 175 175 175 176 176 176 176 176 176 176 177 177 177 177 177 177 177 178 178 179 179 179 179 179 179 179 180 180 180 180 181 181 181 181 181 181 181 181 181 181 181 182 182 182 182 182 182 182 183 183 183 184 184 184 184 184 184 184 184 184 184 184 184 185 185 185 186 186 186 186 186 186 187 187 187 187 187 187 187 187 188 188 188 188 188 188 189 188 189 189 189 189 189 189 189 190 190 190 190 190 190 191 191 191 191 191 191 191 191 191 192 192 192 192 193 192 193 193 193 193 193 193 193 193 194 194 194 194 194 195 195 195 195 195 195 195 195 195 195 196 196 196 196 196 196 197 197 197 197 197 197 197 197 197 197 197 197 198 198 198 198 198 198 199 198 198 198 198 198 199 200 200 201 201 201 201 201 201 201 201 202 202 202 202 202 202 202 203 203 203 203 203 203 203 203 203 204 204 204 204 204 204 204 204 205 205 205 205 205 205 206 206 206 206 206 206 206 206 207 207 207 207 207 207 208 208 208 208 208 209 209 209 208 208 208 209 210 210 209 209 210 210 210 210 210 210 210 210 210 210 210 210 209 208 208 208 209 209 209 209 209 210 210 210 210 210 209 209 209 210 210 210 210 210 210 210 210 210 210 210 210 210 210 210 210 210 210 211 211 211 211 211 210 210 211 210 210 210 210 211 211 211 211 211 211 211 211 211 210 210 210 211 211 211 211 211 211 211 211 211 210 211 211 211 211 211 211 0 0 0 0 0 0 0 0 0 0 0 0 0 0 0 0 0 0 0 0 0 0 0 0 0 0 0 0 0 0 0 0 0 0 0 0 0 0 0 0 0 0 0 0 0 0 0 0 0 0 0 0 0 0 
0 0 0 0 0 0 0 0 0 0 0 0 0 0 0 0 0 0 0 0 0 0 0 0 0 0 0 0 0 0 0 0 0 0 0 0 0 0 0 0 0 0 0 0 0 0 0 0 0 0 0 0 0 0 0 0 0 0 0 0 0 0 0 0 0 0 0 0 0 0 0 0 0 0 0 0 0 0 0 0 0 0 0 0 0 0 0 0 0 0 0 0 0 0 0 0 0 169 169 169 170 170 171 170 171 172 172 171 171 172 172 173 174 174 174 174 174 174 175 175 175 175 175 175 175 176 176 176 176 176 176 176 177 177 177 177 177 177 177 178 178 178 179 179 179 179 179 179 179 180 180 180 181 180 181 181 181 181 181 181 181 181 182 182 182 182 182 182 182 183 183 183 183 184 184 184 184 184 184 184 184 184 184 185 185 185 185 185 185 185 186 186 186 187 187 187 187 187 187 187 187 187 187 188 188 188 188 188 189 189 189 189 189 189 189 189 189 189 190 190 190 190 190 191 191 191 191 191 191 191 191 191 191 192 192 192 192 193 193 193 193 193 193 193 193 194 194 194 194 194 194 194 195 195 195 195 195 195 195 195 195 195 196 196 196 196 196 196 196 196 197 197 197 197 197 198 198 198 198 198 198 198 198 198 198 199 199 199 199 198 198 199 200 201 201 201 201 201 201 201 201 201 201 202 202 202 202 202 202 203 203 203 203 203 203 204 204 204 204 204 204 204 204 204 204 204 204 204 204 205 205 205 205 205 206 206 206 206 206 207 207 207 208 208 207 207 207 208 208 208 208 209 209 209 209 209 208 209 210 210 210 210 210 210 210 210 210 210 210 210 210 210 210 210 209 208 208 208 209 209 209 209 209 210 210 210 210 210 210 210 209 209 210 210 210 210 210 210 210 210 210 210 210 210 210 210 210 210 211 211 211 211 211 211 211 210 210 210 210 210 210 210 211 211 211 211 211 211 211 210 210 211 211 211 211 211 211 211 211 211 211 211 210 211 211 211 0 0 0 0 0 0 0 0 0 0 0 0 0 0 0 0 0 0 0 0 0 0 0 0 0 0 0 0 0 0 0 0 0 0 0 0 0 0 0 0 0 0 0 0 0 0 0 0 0 0 0 0 0 0 0 0 0 
0 0 0 0 0 0 0 0 0 0 0 0 0 0 0 0 0 0 0 0 0 0 0 0 0 0 0 0 0 0 0 0 0 0 0 0 0 0 0 0 0 0 0 0 0 0 0 0 0 0 0 0 0 0 0 0 0 0 0 0 0 0 0 0 0 0 0 0 0 0 0 0 0 0 0 0 0 0 0 0 0 0 0 0 0 0 0 0 0 0 0 0 0 0 0 0 168 168 168 168 169 170 170 170 171 172 172 171 171 172 173 173 174 174 174 174 174 174 174 175 175 175 175 175 175 175 176 176 176 176 176 176 177 177 177 177 177 177 177 178 178 179 179 179 179 179 179 180 180 179 180 180 180 180 180 181 181 181 181 181 181 181 182 182 182 182 182 182 182 182 183 183 183 183 184 184 184 185 184 184 184 184 184 185 185 185 185 185 185 186 186 186 186 186 186 187 187 187 187 187 187 187 187 187 188 188 188 188 188 189 189 188 188 189 189 189 189 189 190 190 190 190 190 190 191 191 191 191 191 191 191 192 192 192 192 192 192 192 193 193 193 193 193 193 194 194 194 194 194 194 194 194 194 195 195 195 195 195 195 195 195 195 196 196 196 196 197 197 197 197 197 197 197 197 197 198 198 198 198 198 198 198 198 198 198 198 199 199 198 198 198 199 200 201 201 201 201 201 201 201 201 201 201 202 202 202 202 202 202 203 202 203 203 203 203 203 204 204 204 204 204 204 204 204 204 204 204 204 205 205 205 205 205 205 205 205 206 206 206 207 207 208 208 208 208 208 208 208 208 208 208 208 208 209 209 209 209 210 210 210 209 209 210 210 210 210 210 210 210 210 210 210 210 210 209 208 208 208 208 209 209 209 209 210 210 210 210 210 210 210 210 209 210 210 210 210 210 210 210 210 210 210 210 210 210 210 210 210 210 211 210 210 210 211 211 210 210 210 210 210 210 210 211 211 211 211 211 210 210 210 211 211 211 211 211 211 211 211 211 211 211 211 211 211 211 211 211 0 0 0 0 0 0 0 0 0 0 0 0 0 0 0 0 0 0 0 0 0 0 0 0 0 0 0 0 0 0 0 0 0 0 0 0 0 0 0 0 0 0 0 0 0 0 0 0 0 0 0 0 0 0 0 0 
0 0 0 0 0 0 0 0 0 0 0 0 0 0 0 0 0 0 0 0 0 0 0 0 0 0 0 0 0 0 0 0 0 0 0 0 0 0 0 0 0 0 0 0 0 0 0 0 0 0 0 0 0 0 0 0 0 0 0 0 0 0 0 0 0 0 0 0 0 0 0 0 0 0 0 0 0 0 0 0 0 0 0 0 0 0 0 0 0 0 0 0 0 0 0 0 168 169 169 169 169 169 169 170 171 172 171 171 171 172 173 173 173 173 174 174 174 174 174 174 175 175 175 175 175 175 175 176 176 176 176 176 176 177 177 177 177 177 177 178 178 179 179 179 179 179 180 180 179 179 179 179 180 180 180 181 181 181 181 181 181 181 181 182 182 182 182 182 182 182 183 183 183 183 184 184 184 184 184 184 184 184 184 184 184 185 185 186 185 186 186 186 186 186 186 186 187 187 187 187 187 187 187 187 188 188 188 188 188 188 188 188 188 188 189 189 189 189 190 190 190 190 190 190 190 190 191 191 191 191 191 192 192 192 192 192 192 192 192 192 193 193 193 193 194 194 194 194 194 194 194 194 194 195 195 195 195 195 195 195 195 195 196 196 196 196 196 196 197 197 197 197 197 197 197 198 198 198 198 198 198 198 198 198 198 198 199 198 198 198 198 199 200 201 201 201 201 201 201 201 201 201 201 202 202 202 202 202 202 202 203 203 203 203 203 203 203 203 204 204 204 204 204 204 204 204 205 205 205 205 205 205 205 205 206 205 206 206 206 206 207 207 207 207 207 208 208 208 208 208 208 208 208 208 209 210 210 210 210 209 209 209 209 210 210 210 210 210 210 210 210 210 210 210 209 208 208 208 208 209 209 209 209 210 210 210 210 210 210 210 210 210 210 210 210 210 210 210 210 210 210 210 210 210 210 210 210 210 210 210 210 210 210 210 210 210 211 211 210 211 210 210 211 211 211 211 211 210 211 211 211 211 212 212 211 212 212 212 212 211 211 212 211 211 211 211 211 0 0 0 0 0 0 0 0 0 0 0 0 0 0 0 0 0 0 0 0 0 0 0 0 0 0 0 0 0 0 0 0 0 0 0 0 0 0 0 0 0 0 0 0 0 0 0 0 0 0 0 0 0 0 0 0 
0 0 0 0 0 0 0 0 0 0 0 0 0 0 0 0 0 0 0 0 0 0 0 0 0 0 0 0 0 0 0 0 0 0 0 0 0 0 0 0 0 0 0 0 0 0 0 0 0 0 0 0 0 0 0 0 0 0 0 0 0 0 0 0 0 0 0 0 0 0 0 0 0 0 0 0 0 0 0 0 0 0 0 0 0 0 0 0 0 0 0 0 0 0 0 0 0 168 169 170 170 169 169 169 170 171 171 171 172 172 172 172 173 173 173 174 174 174 174 174 174 175 175 175 175 175 175 175 176 176 176 176 176 177 177 177 177 178 178 178 178 178 179 179 179 179 179 179 179 179 179 180 180 180 180 180 180 180 181 181 181 181 181 181 182 182 182 182 182 182 182 183 183 183 184 184 184 184 184 185 185 184 184 184 184 184 185 185 185 185 186 186 186 186 186 186 187 187 187 187 187 188 188 188 188 188 188 188 188 188 188 188 188 188 189 189 189 189 190 190 190 190 190 190 190 190 191 191 191 191 191 192 192 192 192 192 192 192 192 192 192 193 193 193 194 194 194 194 194 194 194 194 194 195 195 195 195 195 195 195 195 196 196 196 196 196 196 197 197 197 197 197 197 197 198 197 197 197 198 198 198 198 198 198 198 198 198 198 198 198 198 199 200 201 201 201 201 201 201 201 201 202 202 202 202 202 202 202 202 202 203 203 203 203 203 203 203 203 203 204 204 204 204 204 205 205 205 205 205 205 205 205 205 205 206 206 206 206 207 207 206 207 207 208 208 208 208 208 208 208 208 209 209 208 209 209 209 209 209 209 210 209 210 210 210 210 210 210 210 210 210 209 209 209 209 208 208 208 208 208 209 209 209 210 210 210 209 210 210 210 210 210 210 210 210 210 210 210 210 210 210 210 210 210 210 210 210 210 210 210 210 210 210 210 210 210 210 211 211 211 211 211 211 210 210 211 210 211 211 211 211 212 212 212 212 212 212 212 212 212 212 212 211 211 211 211 0 0 0 0 0 0 0 0 0 0 0 0 0 0 0 0 0 0 0 0 0 0 0 0 0 0 0 0 0 0 0 0 0 0 0 0 0 0 0 0 0 0 0 0 0 0 0 0 0 0 0 0 0 0 0 0 0 
0 0 0 0 0 0 0 0 0 0 0 0 0 0 0 0 0 0 0 0 0 0 0 0 0 0 0 0 0 0 0 0 0 0 0 0 0 0 0 0 0 0 0 0 0 0 0 0 0 0 159 160 0 0 0 0 0 0 0 0 0 0 0 0 0 0 0 0 0 0 0 0 0 0 0 0 0 0 0 0 0 0 0 0 0 0 0 0 0 0 0 0 0 0 0 0 168 169 169 169 169 170 169 169 170 171 171 171 171 171 172 172 173 173 173 174 174 174 174 174 174 174 174 174 175 175 175 175 175 175 176 176 176 176 177 177 177 177 178 178 179 178 178 178 179 179 179 180 180 180 180 180 180 180 180 180 180 180 180 181 181 181 181 181 181 182 182 182 182 182 182 183 183 183 184 184 184 184 184 184 185 185 184 184 184 184 185 185 185 185 185 186 186 186 186 186 186 186 187 187 187 187 187 188 188 188 188 188 188 188 188 188 189 189 189 189 189 189 190 190 190 190 190 190 190 190 191 191 191 191 191 191 192 192 192 192 192 192 192 192 192 193 193 193 194 194 194 194 194 194 194 194 194 194 195 195 195 195 195 195 195 196 196 196 196 196 197 197 197 197 197 197 197 198 198 198 197 197 197 197 198 198 198 198 198 198 198 198 198 198 198 199 200 201 201 201 201 201 201 201 201 202 202 202 202 202 202 202 202 202 202 203 203 203 203 203 203 203 203 204 204 204 204 204 204 204 205 204 205 205 205 206 206 206 206 206 206 206 206 206 206 207 207 207 208 208 208 208 209 209 208 209 209 209 209 209 209 209 209 209 209 209 209 209 209 210 210 210 210 210 209 209 209 209 209 209 209 208 208 208 209 209 209 209 209 210 210 210 210 210 210 210 210 210 210 210 210 210 210 210 210 210 210 210 210 211 210 210 210 211 211 210 210 210 210 210 210 211 211 211 211 211 211 211 211 211 211 211 211 211 212 212 212 212 212 0 0 0 0 0 0 0 0 0 0 0 0 0 0 0 0 0 0 0 0 0 0 0 0 0 0 0 0 0 0 0 0 0 0 0 0 0 0 0 0 0 0 0 0 0 0 0 0 0 0 0 0 0 0 0 0 0 0 0 0 0 0 0 0 0 0 0 0 
0 0 0 0 0 0 0 0 0 0 0 0 0 0 0 0 0 0 0 0 0 0 0 0 0 0 0 0 0 0 0 0 0 0 0 0 0 0 0 0 0 0 0 0 0 0 0 0 0 0 159 161 161 0 0 0 0 0 0 0 0 0 0 0 0 0 0 0 0 0 0 0 0 0 0 0 0 0 0 0 0 0 0 0 0 0 0 0 0 0 0 0 0 167 167 167 168 169 169 170 170 170 170 170 169 170 170 170 171 171 172 172 173 173 173 173 173 174 174 174 174 174 174 174 174 175 175 175 175 175 175 176 176 176 177 177 177 177 177 177 178 178 178 178 179 179 179 179 180 180 180 180 180 180 180 180 180 180 180 180 181 181 181 182 182 182 182 182 182 182 182 183 183 183 183 183 184 184 184 184 184 185 185 184 184 184 185 185 185 185 185 185 186 186 186 186 186 186 186 187 187 187 187 187 188 188 188 189 189 189 189 189 189 189 189 189 189 189 189 190 190 190 190 190 190 191 191 191 191 191 191 191 192 192 192 192 192 192 192 192 192 192 193 193 194 194 194 194 194 194 194 194 194 195 195 195 195 195 195 195 195 196 196 196 196 196 196 197 197 197 197 197 197 197 197 198 198 197 197 197 197 198 198 198 198 198 198 198 198 198 198 198 200 201 201 201 201 201 201 201 201 202 202 202 202 202 202 202 202 202 202 202 203 203 203 203 203 203 203 203 203 203 204 204 204 204 204 205 205 205 206 206 206 206 206 206 206 206 206 207 207 207 207 207 207 207 208 208 208 208 209 208 208 209 209 210 209 209 209 209 209 209 209 210 210 210 210 210 210 209 210 209 210 210 209 209 208 208 208 208 208 209 209 209 209 210 209 210 210 210 210 210 210 210 210 210 210 210 210 210 210 210 210 210 211 211 211 210 210 211 211 210 210 210 210 210 210 211 211 211 211 210 210 210 210 211 211 211 211 211 212 0 0 0 0 0 0 0 0 0 0 0 0 0 0 0 0 0 0 0 0 0 0 0 0 0 0 0 0 0 0 0 0 0 0 0 0 0 0 0 0 0 0 0 0 0 0 0 0 0 0 0 0 0 0 0 0 0 0 0 0 0 0 0 0 0 0 0 0 0 0 0 0 
0 0 0 0 0 0 0 0 0 0 0 0 0 0 0 0 0 0 0 0 0 0 0 0 0 0 0 0 0 0 0 0 0 0 0 0 0 0 0 0 0 0 0 0 0 0 0 0 0 0 159 161 163 161 160 160 160 160 160 0 0 0 0 0 0 0 0 0 0 0 0 0 0 0 0 0 0 0 0 0 0 0 0 0 0 0 0 0 0 0 167 168 167 168 168 168 168 169 170 170 169 170 170 170 170 170 170 170 170 171 171 172 172 173 173 173 173 173 173 174 174 174 175 175 175 175 176 176 175 175 175 175 176 176 177 177 177 177 177 177 178 178 178 178 178 179 179 179 179 180 180 180 180 180 180 180 181 181 181 180 181 180 181 181 182 182 182 182 182 182 182 182 183 183 183 183 183 184 184 184 184 185 185 185 185 185 185 185 185 185 185 186 186 186 186 186 186 186 186 186 187 187 187 187 188 188 188 189 189 189 189 189 189 189 189 189 189 189 189 189 190 190 190 190 190 191 191 191 191 191 191 191 191 192 192 192 192 192 192 192 192 192 193 193 193 193 194 194 194 194 194 194 194 195 195 195 195 195 195 195 195 196 196 196 196 196 196 197 197 197 197 197 197 197 197 197 198 197 197 197 197 197 198 198 198 198 198 198 198 198 198 198 200 201 201 201 201 201 201 201 201 202 202 202 202 202 202 202 202 202 202 202 203 203 203 203 203 203 203 204 204 204 204 204 204 204 204 205 205 205 205 206 206 206 206 206 206 206 206 207 207 207 208 208 208 208 208 208 208 208 208 208 209 209 209 209 209 209 209 209 209 209 210 210 210 210 210 210 210 210 210 210 210 210 209 208 208 208 208 208 208 209 209 209 209 209 209 210 209 210 210 210 210 210 210 210 210 210 210 210 210 210 210 211 211 211 211 211 211 211 211 211 210 210 210 210 210 211 211 211 210 210 210 210 211 211 211 211 211 211 212 0 0 0 0 0 0 0 0 0 0 0 0 0 0 0 0 0 0 0 0 0 0 0 0 0 0 0 0 0 0 0 0 0 0 0 0 0 0 0 0 0 0 0 0 0 0 0 0 0 0 0 0 0 0 0 0 0 0 0 0 0 0 0 0 0 0 0 0 0 0 0 0 
0 0 0 0 0 0 0 0 0 0 0 0 0 0 0 0 0 0 0 0 0 0 0 0 0 0 0 0 0 0 0 0 0 0 0 0 0 0 0 0 0 0 0 0 0 0 0 0 0 0 159 161 163 163 162 161 162 163 163 162 161 0 0 0 0 0 0 0 0 0 0 0 0 0 0 0 0 0 0 0 0 0 0 0 0 0 0 0 0 0 168 168 168 168 168 169 169 169 170 170 170 170 169 169 170 171 171 171 171 171 171 172 173 173 173 173 174 173 174 174 175 175 175 175 175 175 175 175 175 175 175 175 175 176 176 177 177 177 177 177 177 178 178 178 178 178 179 179 179 179 180 180 180 180 180 180 180 181 181 181 181 180 180 181 182 182 181 182 182 182 182 182 182 183 183 183 183 183 184 184 184 184 184 185 185 185 185 185 185 185 185 186 186 186 186 186 187 187 186 186 187 187 187 187 188 188 188 188 188 188 189 189 189 189 189 189 189 189 189 189 190 190 190 190 190 191 191 191 191 191 191 191 191 191 192 192 192 192 192 192 192 193 193 193 193 193 193 194 194 194 194 194 194 194 195 194 194 195 195 195 196 196 196 196 196 196 196 197 197 197 197 196 197 197 197 197 197 198 197 197 197 197 198 198 198 198 198 198 198 198 198 198 200 200 201 201 201 201 201 201 201 202 202 202 202 202 202 202 202 202 202 202 203 203 203 203 203 203 203 204 204 204 204 204 204 205 205 205 205 205 205 206 206 205 205 205 206 206 207 207 207 207 207 208 208 208 208 208 208 208 208 209 209 209 209 209 209 209 209 209 209 209 209 210 210 210 209 210 210 210 210 210 210 210 209 208 208 208 208 208 209 209 209 209 209 209 209 210 210 210 210 210 210 210 210 210 210 210 210 210 210 210 210 211 211 211 211 210 211 211 210 210 210 210 210 210 210 211 211 211 210 210 210 211 211 211 211 211 211 211 212 0 0 0 0 0 0 0 0 0 0 0 0 0 0 0 0 0 0 0 0 0 0 0 0 0 0 0 0 0 0 0 0 0 0 0 0 0 0 0 0 0 0 0 0 0 0 0 0 0 0 0 0 0 0 0 0 0 0 0 0 0 0 0 0 0 0 0 0 0 0 0 0 
0 0 0 0 0 0 0 0 0 0 0 0 0 0 0 0 0 0 0 0 0 0 0 0 0 0 0 0 0 0 0 0 0 0 0 0 0 0 0 0 0 0 0 0 0 0 0 0 0 0 0 159 161 162 162 162 162 164 164 164 163 162 162 162 162 0 0 0 0 0 0 0 0 0 0 0 0 0 0 0 0 0 0 0 0 0 0 0 167 167 168 168 167 168 168 169 169 169 170 170 170 170 170 169 170 170 171 171 171 171 171 171 171 172 173 174 173 174 174 174 175 175 175 175 175 175 175 175 176 176 176 176 176 176 176 176 176 177 177 177 177 178 178 178 178 178 178 179 179 179 179 180 180 180 180 180 180 180 181 181 181 181 181 181 181 181 182 182 182 182 182 183 183 182 183 183 183 183 184 184 184 184 184 184 184 185 185 185 185 185 185 186 185 186 186 186 187 187 187 187 187 187 188 188 188 188 188 188 188 188 188 188 188 189 189 189 189 189 189 189 190 190 190 190 190 190 191 191 191 191 191 191 191 191 191 192 192 192 192 192 192 192 193 193 193 193 194 194 194 194 194 194 194 194 194 195 195 195 195 195 196 196 196 196 196 197 197 196 196 197 197 196 196 197 197 197 197 197 197 197 197 197 198 198 198 198 198 198 198 198 198 199 200 200 201 201 201 201 201 201 201 202 202 202 202 202 202 202 202 202 202 202 203 203 203 203 203 203 203 203 203 203 204 204 204 205 205 205 205 205 205 205 206 205 205 205 206 206 206 207 207 207 207 208 208 208 208 208 209 208 209 209 209 209 209 209 209 209 209 209 209 210 210 210 210 210 210 210 210 210 210 210 209 209 209 209 209 208 208 208 209 209 209 209 209 209 209 210 210 210 210 210 210 210 210 210 210 210 210 210 210 210 210 211 211 211 211 211 210 210 210 210 210 210 211 211 210 210 211 211 211 211 211 211 211 211 211 211 211 211 212 0 0 0 0 0 0 0 0 0 0 0 0 0 0 0 0 0 0 0 0 0 0 0 0 0 0 0 0 0 0 0 0 0 0 0 0 0 0 0 0 0 0 0 0 0 0 0 0 0 0 0 0 0 0 0 0 0 0 0 0 0 0 0 0 0 0 0 0 0 0 0 0 
0 0 0 0 0 0 0 0 0 0 0 0 0 0 0 0 0 0 0 0 0 0 0 0 0 0 0 0 0 0 0 0 0 0 0 0 0 0 0 0 0 0 0 0 0 0 0 0 0 0 0 0 160 161 162 162 163 163 164 165 164 163 163 164 163 162 0 0 0 0 0 0 0 0 0 0 0 0 0 0 0 0 0 0 0 0 166 167 167 167 168 168 167 168 168 169 169 168 169 170 170 170 169 170 170 171 171 172 171 171 171 172 172 172 173 173 173 174 174 174 174 174 174 175 175 175 175 175 175 176 176 176 176 176 176 176 176 176 177 177 177 178 178 178 178 178 178 178 179 179 179 179 179 180 180 180 180 180 180 180 180 181 181 181 181 181 182 182 182 182 182 182 183 183 182 183 183 183 183 184 184 184 184 184 184 185 185 185 185 185 185 185 185 186 186 186 186 187 187 187 187 188 188 188 188 188 188 188 188 188 188 189 188 188 189 189 189 189 189 189 189 190 190 190 190 190 190 191 191 191 191 191 191 191 191 191 192 192 192 192 192 192 193 193 193 193 193 193 194 194 194 194 194 194 194 195 195 195 195 196 196 196 196 196 196 196 197 196 196 196 196 196 197 196 196 197 197 197 197 197 197 197 197 198 198 198 198 198 198 198 199 199 200 200 200 201 201 201 201 201 201 201 202 202 202 202 202 202 202 202 202 202 203 203 203 203 203 203 203 203 203 203 204 204 204 204 205 204 205 205 206 205 205 205 205 205 205 206 206 206 207 207 207 207 207 208 208 208 208 209 209 209 209 209 209 209 209 209 209 209 209 209 209 209 210 210 210 210 209 209 209 209 209 209 209 208 208 208 208 209 209 209 209 209 209 209 210 210 210 209 210 210 210 210 210 210 210 210 210 210 210 210 211 211 211 211 210 210 210 210 210 210 210 211 211 211 211 210 211 211 211 211 211 211 211 211 211 211 211 211 212 212 0 0 0 0 0 0 0 0 0 0 0 0 0 0 0 0 0 0 0 0 0 0 0 0 0 0 0 0 0 0 0 0 0 0 0 0 0 0 0 0 0 0 0 0 0 0 0 0 0 0 0 0 0 0 0 0 0 0 0 0 0 0 0 0 0 0 0 0 0 0 0 
0 0 0 0 0 0 0 0 0 0 0 0 0 0 0 0 0 0 0 0 0 0 0 0 0 0 0 0 0 0 0 0 0 0 0 0 0 0 0 0 0 0 0 0 0 0 0 0 0 0 0 0 0 161 162 162 163 163 164 164 164 164 164 163 162 162 162 0 0 0 163 163 0 0 0 0 0 0 0 0 0 0 0 0 0 0 167 167 167 168 168 168 168 168 168 168 168 169 169 170 170 170 169 170 170 171 171 172 171 171 172 173 173 173 173 173 174 174 174 173 173 173 174 174 174 174 174 175 175 175 176 176 176 177 177 176 176 176 176 177 177 177 178 178 178 178 178 178 179 179 179 179 179 179 180 180 180 180 180 180 180 180 180 180 181 181 182 182 182 182 182 182 182 183 183 183 183 183 183 184 184 184 184 184 184 185 185 185 185 185 185 185 185 186 186 186 186 186 187 187 187 187 188 188 188 188 188 188 188 188 188 188 188 188 188 188 189 189 189 189 190 190 190 190 190 190 191 191 191 191 191 191 191 191 191 191 192 192 192 192 192 192 193 193 193 193 193 193 194 194 194 194 194 194 194 194 195 195 195 195 195 196 196 196 196 196 196 196 196 196 196 196 196 196 196 197 197 197 197 197 197 197 197 198 198 198 198 198 198 198 198 199 200 200 201 201 201 201 201 201 201 201 202 202 202 202 202 202 202 202 202 202 203 203 203 203 203 203 203 203 203 203 204 204 204 204 205 204 204 204 205 205 205 205 205 205 206 206 206 207 207 207 208 208 208 208 208 208 208 208 208 208 209 209 209 209 209 209 209 209 209 209 209 209 209 209 210 210 210 210 209 209 209 209 209 208 208 208 209 209 209 209 209 209 209 209 209 210 210 210 209 210 210 210 210 210 210 210 210 210 210 210 210 211 211 211 210 210 210 210 210 210 211 210 211 211 211 211 211 211 211 211 211 211 211 211 211 211 211 211 212 0 0 0 0 0 0 0 0 0 0 0 0 0 0 0 0 0 0 0 0 0 0 0 0 0 0 0 0 0 0 0 0 0 0 0 0 0 0 0 0 0 0 0 0 0 0 0 0 0 0 0 0 0 0 0 0 0 0 0 0 0 0 0 0 0 0 0 0 0 0 0 0 
0 0 0 0 0 0 0 0 0 0 0 0 0 0 0 0 0 0 0 0 0 0 0 0 0 0 0 0 0 0 0 0 0 0 0 0 0 0 0 0 0 0 0 0 0 0 0 0 0 0 0 0 160 162 162 163 163 164 163 164 164 164 163 163 162 164 164 164 164 164 164 164 164 164 164 164 164 164 164 164 165 165 165 165 166 166 167 167 168 168 168 168 167 168 168 168 168 169 169 169 170 170 169 170 170 171 171 171 171 172 172 172 173 173 173 173 173 174 174 174 173 173 173 174 174 174 175 175 175 175 175 176 176 176 177 177 177 177 177 176 177 178 178 178 178 178 178 178 179 179 179 179 179 180 180 180 181 181 181 181 181 180 180 180 180 181 181 182 182 182 182 182 183 182 182 183 183 183 183 184 184 184 184 184 184 185 185 185 185 185 185 185 186 186 186 186 186 186 186 187 187 187 187 188 189 188 188 188 188 188 188 188 188 189 188 189 189 189 189 189 190 190 190 190 190 190 191 191 191 191 191 191 191 191 191 191 192 192 192 192 192 192 193 193 193 193 193 193 194 194 194 194 194 194 194 194 194 194 195 195 195 195 196 196 196 196 196 196 196 196 196 196 196 196 197 196 197 197 197 197 197 197 197 198 198 198 198 198 198 198 198 198 200 201 201 200 200 201 201 201 201 201 201 202 202 202 202 202 202 202 202 202 202 203 203 203 203 203 203 203 203 203 203 204 204 204 204 204 204 204 204 204 204 205 205 205 206 206 206 207 207 207 207 208 208 208 208 208 208 208 208 208 209 209 209 209 209 209 209 208 209 209 209 209 209 208 209 209 209 209 209 209 208 208 209 208 208 209 209 209 209 209 209 209 209 209 209 209 209 210 210 209 210 210 210 210 210 210 210 210 210 210 210 210 211 210 210 210 210 210 210 211 210 210 210 211 211 211 211 211 211 211 211 211 211 211 211 211 211 211 212 0 0 0 0 0 0 0 0 0 0 0 0 0 0 0 0 0 0 0 0 0 0 0 0 0 0 0 0 0 0 0 0 0 0 0 0 0 0 0 0 0 0 0 0 0 0 0 0 0 0 0 0 0 0 0 0 0 0 0 0 0 0 0 0 0 0 0 0 0 0 0 0 
0 0 0 0 0 0 0 0 0 0 0 0 0 0 0 0 0 0 0 0 0 0 0 0 0 0 0 0 0 0 0 0 0 0 0 0 0 0 0 0 0 0 0 0 0 0 0 0 0 0 0 0 0 0 162 163 163 163 163 164 164 163 163 162 162 163 164 165 165 165 166 166 166 165 165 165 166 166 165 165 165 165 166 166 166 167 167 167 167 168 168 168 167 167 168 168 168 169 169 169 170 170 170 170 170 170 171 171 171 171 171 172 172 173 173 174 174 174 174 174 174 174 174 174 174 174 175 175 175 175 175 175 176 176 176 177 177 177 177 177 177 177 178 178 178 178 178 179 179 178 179 179 179 180 180 180 180 181 181 181 181 181 181 181 180 180 181 181 182 182 182 182 182 183 183 183 183 183 183 184 184 184 184 184 185 185 185 185 185 185 185 185 186 186 186 186 186 186 187 186 187 187 187 188 188 188 188 188 188 188 188 189 189 189 188 189 189 189 189 189 190 190 190 190 190 190 190 191 191 191 191 191 191 191 191 191 192 192 192 192 192 193 193 193 193 193 193 193 194 194 194 194 194 194 194 195 194 194 194 195 195 195 195 196 196 196 196 196 196 196 196 196 197 196 196 196 196 197 197 197 197 197 197 198 198 198 198 198 198 198 198 199 200 200 200 200 200 200 201 201 201 201 201 202 202 202 202 202 202 202 202 202 202 202 203 203 203 203 203 203 203 203 204 204 204 204 204 204 205 205 205 205 205 205 205 205 205 206 206 206 207 207 207 207 208 208 208 208 208 208 208 209 209 209 209 209 209 209 208 208 208 209 209 209 208 208 208 209 209 210 209 209 208 208 208 208 208 209 209 209 209 209 209 209 209 209 209 209 209 209 210 210 210 210 210 210 210 210 210 210 210 210 210 210 211 211 211 210 210 210 211 211 211 211 211 211 211 211 211 211 211 211 211 211 211 211 211 211 211 212 212 0 0 0 0 0 0 0 0 0 0 0 0 0 0 0 0 0 0 0 0 0 0 0 0 0 0 0 0 0 0 0 0 0 0 0 0 0 0 0 0 0 0 0 0 0 0 0 0 0 0 0 0 0 0 0 0 0 0 0 0 0 0 0 0 0 0 0 0 0 0 0 0 
0 0 0 0 0 0 0 0 0 0 0 0 0 0 0 0 0 0 0 0 0 0 0 0 0 0 0 0 0 0 0 0 0 0 0 0 0 0 0 0 0 0 0 0 0 0 0 0 0 0 0 0 0 0 0 162 163 163 164 164 163 163 162 163 163 163 163 165 166 166 166 166 166 166 167 167 167 167 167 167 167 166 166 166 166 167 167 167 167 167 168 169 168 168 168 168 168 168 169 169 169 169 170 170 170 170 170 171 171 171 172 172 172 173 173 174 174 174 174 174 174 174 174 174 174 174 174 175 175 175 175 176 176 176 176 176 176 177 177 177 176 177 177 177 178 178 178 178 178 179 179 179 179 180 180 180 180 180 180 180 180 181 181 181 181 181 181 181 181 182 182 182 182 183 183 183 183 183 183 183 184 184 184 184 184 184 185 185 185 185 185 185 186 186 186 186 186 187 187 186 187 187 187 188 187 188 188 188 188 188 188 189 189 189 189 189 189 189 189 189 189 190 190 190 190 190 190 190 191 191 191 191 191 191 191 191 192 192 192 192 192 193 193 193 193 193 193 193 193 194 194 195 194 195 195 195 195 194 194 195 195 195 195 196 196 196 196 196 196 196 196 196 196 196 196 196 196 197 197 197 197 197 197 198 198 198 198 198 198 198 198 199 200 200 200 200 200 200 201 201 201 201 201 202 202 202 202 202 202 202 202 202 202 202 202 203 203 203 203 203 203 204 204 204 203 203 204 205 205 205 205 205 205 205 206 205 206 206 206 206 207 207 207 207 207 207 208 208 208 209 209 208 208 208 209 209 208 208 208 208 209 209 209 208 208 208 208 209 209 209 209 208 208 208 208 208 208 209 209 209 209 209 209 209 209 209 209 209 209 210 210 210 210 210 210 210 210 210 210 210 210 210 210 210 210 210 210 210 210 210 210 210 210 211 211 211 211 211 211 211 211 211 211 211 211 211 211 211 212 212 212 0 0 0 0 0 0 0 0 0 0 0 0 0 0 0 0 0 0 0 0 0 0 0 0 0 0 0 0 0 0 0 0 0 0 0 0 0 0 0 0 0 0 0 0 0 0 0 0 0 0 0 0 0 0 0 0 0 0 0 0 0 0 0 0 0 0 0 0 0 0 0 0 
0 0 0 0 0 0 0 0 0 0 0 0 0 0 0 0 0 0 0 0 0 0 0 0 0 0 0 0 0 0 0 0 0 0 0 0 0 0 0 0 0 0 0 0 0 0 0 0 0 0 0 0 0 0 0 0 162 163 164 165 165 164 163 163 163 163 164 165 166 166 167 167 167 167 167 167 167 167 167 168 168 167 167 167 167 167 166 167 168 167 168 168 167 168 168 168 168 168 169 169 169 169 170 170 170 170 171 171 171 171 171 171 172 172 173 174 174 174 174 173 173 174 174 174 174 174 175 175 175 175 175 175 176 176 177 176 176 176 177 177 176 177 177 178 178 178 178 178 178 179 179 179 179 179 179 180 180 180 180 180 180 181 181 181 181 181 181 181 181 182 182 182 182 182 183 183 183 183 183 183 184 184 184 184 184 184 185 185 185 185 185 185 186 186 186 186 187 186 187 187 187 187 187 187 187 188 188 188 188 188 189 189 189 189 189 189 189 189 189 189 190 190 190 190 190 190 190 191 191 191 191 191 191 191 191 191 191 192 192 192 192 192 193 193 193 193 193 193 193 194 194 194 194 195 195 195 195 195 194 195 195 195 196 196 196 196 196 196 196 196 197 197 196 196 196 196 197 197 197 197 197 197 197 198 198 198 198 198 198 198 198 199 200 200 200 201 201 201 201 201 201 201 201 202 202 202 202 202 202 202 202 202 202 202 203 203 203 203 203 203 204 204 204 204 203 204 204 204 205 205 205 205 206 206 205 205 206 206 206 206 206 207 207 207 207 207 208 208 208 208 208 208 208 208 208 208 207 208 208 209 209 209 209 208 208 208 208 209 209 208 208 208 208 208 208 208 208 209 209 209 209 209 209 209 209 209 209 209 209 209 209 209 210 210 210 210 210 210 210 210 210 210 210 210 210 210 210 210 210 210 210 211 211 211 211 211 211 211 211 211 211 211 211 211 211 211 211 211 211 0 0 0 0 0 0 0 0 0 0 0 0 0 0 0 0 0 0 0 0 0 0 0 0 0 0 0 0 0 0 0 0 0 0 0 0 0 0 0 0 0 0 0 0 0 0 0 0 0 0 0 0 0 0 0 0 0 0 0 0 0 0 0 0 0 0 0 0 0 0 0 0 0 0 
0 0 0 0 0 0 0 0 0 0 0 0 0 0 0 0 0 0 0 0 0 0 0 0 0 0 0 0 0 0 0 0 0 0 0 0 0 0 0 0 0 0 0 0 0 0 0 0 0 0 0 0 0 0 0 0 0 163 164 165 165 165 164 165 164 164 165 165 166 167 167 167 167 167 168 168 167 168 168 168 168 168 167 167 167 166 167 168 168 168 168 168 167 168 168 168 169 168 168 169 169 169 170 170 170 170 171 171 171 171 171 172 172 173 173 173 174 174 174 174 173 174 174 174 174 174 174 175 175 175 175 175 175 176 176 177 177 176 176 176 176 177 177 177 178 178 178 178 178 178 179 179 179 179 179 179 180 180 179 180 180 181 181 181 181 181 181 181 181 181 182 182 182 182 182 183 183 183 183 183 184 184 184 184 184 185 185 185 185 185 185 185 186 186 186 186 186 186 186 186 187 187 187 187 187 187 187 188 188 188 188 189 189 189 189 189 189 189 189 189 189 190 190 190 190 190 190 191 191 190 190 191 191 191 191 191 191 191 192 192 192 192 193 193 193 193 193 193 193 193 194 194 194 195 195 195 195 194 194 195 195 195 196 196 196 196 196 196 196 196 196 196 196 196 196 197 197 197 197 197 197 197 197 197 197 197 198 198 198 198 198 198 200 200 200 201 201 201 200 200 200 201 201 201 202 202 202 202 202 202 202 202 202 202 203 203 203 203 203 203 204 204 203 203 204 203 204 204 204 205 205 205 205 205 205 206 206 206 206 206 206 207 207 207 207 207 208 208 208 208 208 208 208 208 208 207 208 208 208 209 209 208 208 208 208 208 208 208 208 208 208 208 208 208 208 208 208 209 209 209 209 209 209 209 209 209 209 209 209 209 209 209 210 210 210 210 210 210 210 210 210 210 210 210 210 210 210 210 210 210 210 210 210 210 211 211 210 210 211 211 211 211 211 211 211 211 211 212 211 0 0 0 0 0 0 0 0 0 0 0 0 0 0 0 0 0 0 0 0 0 0 0 0 0 0 0 0 0 0 0 0 0 0 0 0 0 0 0 0 0 0 0 0 0 0 0 0 0 0 0 0 0 0 0 0 0 0 0 0 0 0 0 0 0 0 0 0 0 0 0 0 0 0 
0 0 0 0 0 0 0 0 0 0 0 0 0 0 0 0 0 0 0 0 0 0 0 0 0 0 0 0 0 0 0 0 0 0 0 0 0 0 0 0 0 0 0 0 0 0 0 0 0 0 0 0 0 0 0 0 0 0 165 165 165 164 165 165 165 165 165 165 166 166 167 167 167 167 168 168 168 168 169 169 168 168 168 168 168 168 169 169 168 169 169 168 167 167 168 169 169 168 169 169 169 170 171 170 171 171 171 172 172 171 172 172 172 173 173 173 173 173 174 174 174 174 174 174 174 174 175 175 175 175 175 175 175 176 176 176 177 177 177 177 177 177 177 178 178 178 178 178 178 179 179 179 179 179 179 179 179 179 179 180 181 180 180 181 182 181 180 180 180 181 181 182 182 182 182 183 183 183 183 183 184 184 184 184 184 185 185 185 185 185 185 185 185 186 186 186 186 186 186 187 187 187 187 187 187 187 187 188 188 188 188 188 188 188 189 189 189 189 189 189 190 190 190 190 190 190 190 190 190 190 190 190 191 191 191 191 191 191 192 192 192 192 193 193 193 193 193 193 193 193 193 194 194 195 195 195 195 194 194 195 195 195 195 196 196 196 196 196 196 196 196 196 196 196 197 197 197 197 197 197 197 197 197 197 197 198 198 198 198 198 198 198 200 200 200 201 201 201 200 200 200 201 201 202 202 202 202 202 202 202 202 202 202 203 203 203 203 203 203 203 204 203 203 203 203 203 204 204 204 205 205 205 205 205 205 206 206 206 206 206 206 207 207 207 207 207 208 208 208 208 208 208 208 207 207 207 208 208 208 208 208 208 208 208 208 208 208 208 208 208 208 208 208 208 208 208 208 209 209 209 209 209 209 209 209 209 209 209 209 209 209 209 210 210 210 210 210 210 210 210 210 210 210 210 210 210 210 210 210 210 210 210 210 210 210 210 210 211 211 211 211 211 211 211 211 211 211 212 212 0 0 0 0 0 0 0 0 0 0 0 0 0 0 0 0 0 0 0 0 0 0 0 0 0 0 0 0 0 0 0 0 0 0 0 0 0 0 0 0 0 0 0 0 0 0 0 0 0 0 0 0 0 0 0 0 0 0 0 0 0 0 0 0 0 0 0 0 0 0 0 0 0 0 
0 0 0 0 0 0 0 0 0 0 0 0 0 0 0 0 0 0 0 0 0 0 0 0 0 0 0 0 0 0 0 0 0 0 0 0 0 0 0 0 0 0 0 0 0 0 0 0 0 0 0 0 0 0 0 0 0 0 165 165 165 165 165 166 165 165 165 165 166 166 167 167 167 168 168 168 168 169 169 169 169 169 168 168 169 169 169 170 170 170 170 170 169 168 168 169 169 170 170 171 171 171 171 171 172 172 172 172 172 172 172 172 172 172 172 173 173 173 174 174 174 174 174 174 174 175 175 175 175 175 175 175 175 175 176 176 177 177 177 177 177 177 177 178 178 178 178 179 179 179 179 179 179 179 180 179 179 179 179 180 180 180 180 180 180 180 180 181 181 181 181 181 182 182 182 182 183 183 183 183 184 184 184 184 184 184 184 185 185 185 185 185 186 186 186 186 186 186 186 187 187 187 187 187 187 187 188 188 188 188 188 188 188 188 189 189 189 189 189 190 190 190 190 190 190 190 190 190 190 190 190 190 190 191 191 191 191 191 191 192 192 192 193 193 193 193 193 194 194 194 194 194 194 194 195 195 195 194 194 194 195 195 195 195 196 196 196 196 196 196 196 196 196 196 197 197 197 197 197 197 197 198 198 198 198 198 198 198 198 198 198 198 200 200 200 201 201 200 200 200 200 201 201 201 202 202 202 202 202 202 202 202 202 202 203 203 203 203 203 203 203 203 203 203 203 204 204 204 204 205 205 205 205 205 205 206 206 205 205 205 206 206 207 207 207 207 208 208 208 208 208 208 208 207 207 207 207 208 208 207 208 208 207 207 208 208 208 208 208 208 208 208 208 208 208 208 208 209 209 209 209 209 209 209 209 209 209 209 209 209 209 209 210 210 210 210 210 210 210 210 210 210 210 210 210 210 210 210 210 210 210 210 210 210 210 210 211 211 211 211 211 211 211 211 211 211 211 212 212 0 0 0 0 0 0 0 0 0 0 0 0 0 0 0 0 0 0 0 0 0 0 0 0 0 0 0 0 0 0 0 0 0 0 0 0 0 0 0 0 0 0 0 0 0 0 0 0 0 0 0 0 0 0 0 0 0 0 0 0 0 0 0 0 0 0 0 0 0 0 0 0 0 0 
0 0 0 0 0 0 0 0 0 0 0 0 0 0 0 0 0 0 0 0 0 0 0 0 0 0 0 0 0 0 0 0 0 0 0 0 0 0 0 0 0 0 0 0 0 0 0 0 0 0 0 0 0 0 0 0 0 0 0 165 165 165 165 165 165 166 166 166 165 166 166 166 167 168 168 168 168 169 169 169 169 169 169 169 169 169 170 170 170 170 170 170 169 169 169 170 170 171 171 171 171 171 172 172 172 172 172 172 172 172 172 172 172 172 172 173 173 173 174 174 174 174 174 174 175 175 175 175 175 175 175 175 175 175 176 176 176 177 177 177 177 177 177 178 178 178 178 179 179 179 179 179 179 179 179 179 179 179 179 179 179 179 180 180 179 180 181 182 182 182 181 181 181 182 182 182 182 183 183 183 183 184 184 184 184 184 184 185 185 185 185 185 186 186 186 186 186 186 186 187 187 187 187 187 187 187 188 188 188 188 188 188 188 188 189 189 189 189 189 190 190 190 190 190 190 190 190 190 190 191 190 190 190 191 191 191 191 191 191 192 192 192 193 193 193 193 194 194 194 194 194 194 194 194 195 195 195 195 195 195 195 195 195 195 195 195 196 196 196 196 196 196 196 196 196 197 197 197 197 197 197 197 197 198 198 198 198 198 198 198 198 198 200 200 200 200 201 201 200 200 200 201 201 201 202 202 202 202 202 202 202 202 202 202 203 203 203 203 203 203 203 203 203 204 204 204 204 204 204 204 204 205 204 205 205 206 206 206 205 205 205 206 206 207 207 207 208 208 208 208 208 208 208 208 208 207 206 207 208 208 207 207 208 208 208 208 208 208 208 208 208 208 208 208 208 208 208 208 209 209 209 209 209 209 209 209 209 209 209 209 209 209 210 210 210 210 210 210 210 210 210 210 210 210 210 210 210 210 210 210 210 210 210 210 210 210 211 211 211 211 211 211 211 211 211 211 211 212 212 0 0 0 0 0 0 0 0 0 0 0 0 0 0 0 0 0 0 0 0 0 0 0 0 0 0 0 0 0 0 0 0 0 0 0 0 0 0 0 0 0 0 0 0 0 0 0 0 0 0 0 0 0 0 0 0 0 0 0 0 0 0 0 0 0 0 0 0 0 0 0 0 0 0 
0 0 0 0 0 0 0 0 0 0 0 0 0 0 0 0 0 0 0 0 0 0 0 0 0 0 0 0 0 0 0 0 0 0 0 0 0 0 0 0 0 0 0 0 0 0 0 0 0 0 0 0 0 0 0 0 0 0 0 0 165 165 165 165 165 165 166 166 166 166 166 166 167 167 168 168 168 169 169 169 169 169 169 169 169 170 170 170 170 170 170 171 170 170 170 170 170 170 171 171 171 171 171 172 172 172 172 172 173 172 172 173 173 173 172 172 173 174 174 173 173 174 174 174 174 174 175 175 175 175 175 175 175 175 176 176 176 176 177 177 177 177 177 178 178 178 178 178 179 179 180 180 180 180 179 179 179 179 180 180 180 181 181 181 180 180 181 181 181 182 182 181 182 182 182 182 182 183 183 183 183 183 184 184 184 184 184 185 185 185 185 185 186 186 186 186 186 186 186 187 187 187 187 187 187 187 188 188 188 188 188 188 188 188 189 189 189 189 189 189 190 189 189 190 190 190 190 190 190 190 190 190 190 191 191 191 191 191 191 191 191 192 193 193 193 193 193 194 194 194 194 194 194 195 194 195 195 194 194 194 195 195 195 195 195 195 195 195 196 196 196 196 196 196 196 197 197 197 197 197 197 197 197 197 198 198 198 198 198 198 198 198 200 200 200 200 200 200 200 200 200 201 201 201 202 202 202 202 202 202 202 202 202 202 203 203 203 203 203 203 203 203 204 204 204 204 204 204 204 204 204 204 204 204 205 205 205 205 205 205 206 206 206 207 207 207 207 207 208 208 208 208 208 208 208 208 207 206 207 208 208 207 207 207 207 208 208 208 208 208 208 208 208 208 208 208 208 209 209 209 209 209 209 209 209 209 209 209 210 210 209 209 210 210 210 210 210 210 210 210 210 210 210 210 210 210 210 210 210 210 210 210 210 210 211 211 211 210 211 211 211 211 211 211 211 211 211 212 212 0 0 0 0 0 0 0 0 0 0 0 0 0 0 0 0 0 0 0 0 0 0 0 0 0 0 0 0 0 0 0 0 0 0 0 0 0 0 0 0 0 0 0 0 0 0 0 0 0 0 0 0 0 0 0 0 0 0 0 0 0 0 0 0 0 0 0 0 0 0 0 0 0 0 
0 0 0 0 0 0 0 0 0 0 0 0 0 0 0 0 0 0 0 0 0 0 0 0 0 0 0 0 0 0 0 0 0 0 0 0 0 0 0 0 0 0 0 0 0 0 0 0 0 0 0 0 0 0 0 0 0 0 0 0 0 165 164 165 165 165 165 165 166 166 166 166 166 167 168 168 168 169 169 169 169 169 169 169 170 170 170 170 170 170 170 170 170 170 171 170 170 170 171 171 171 171 171 171 171 172 172 172 173 173 173 173 173 173 172 172 173 173 174 173 173 173 174 174 174 175 175 175 175 175 175 175 175 175 176 176 176 176 177 177 177 177 177 177 178 178 178 178 178 179 179 179 179 179 179 178 179 180 180 180 180 181 181 181 180 180 181 181 181 182 182 182 182 182 182 182 183 183 183 183 183 183 183 184 184 184 184 185 185 185 185 185 186 186 186 186 186 186 186 187 187 187 187 187 187 187 187 188 188 188 188 188 188 188 189 189 189 189 189 190 190 190 190 190 190 190 190 190 190 190 190 190 190 190 191 191 191 191 191 191 192 192 192 193 193 193 193 194 194 194 194 194 194 194 194 194 195 195 195 195 195 195 195 195 195 196 196 195 196 196 196 196 196 196 197 197 197 197 197 197 197 197 197 197 197 197 197 198 198 198 198 198 200 200 200 201 200 200 200 200 200 201 201 201 202 202 202 202 202 202 202 202 202 202 203 203 203 203 203 203 203 203 204 204 204 204 204 204 204 204 204 204 204 205 205 206 205 205 205 205 206 206 206 207 207 207 207 207 207 207 208 208 208 208 208 208 208 208 207 207 207 207 207 207 208 208 208 208 208 208 208 208 208 208 208 208 208 208 208 209 209 209 209 209 209 209 209 209 210 210 210 210 210 210 210 210 210 210 210 210 210 210 210 210 210 210 210 210 210 210 210 210 211 211 210 210 210 210 211 210 210 211 211 211 211 211 211 211 212 0 0 0 0 0 0 0 0 0 0 0 0 0 0 0 0 0 0 0 0 0 0 0 0 0 0 0 0 0 0 0 0 0 0 0 0 0 0 0 0 0 0 0 0 0 0 0 0 0 0 0 0 0 0 0 0 0 0 0 0 0 0 0 0 0 0 0 0 0 0 0 0 0 0 
0 0 0 0 0 0 0 0 0 0 0 0 0 0 0 0 0 0 0 0 0 0 0 0 0 0 0 0 0 0 0 0 0 0 0 0 0 0 0 0 0 0 0 0 0 0 0 0 0 0 0 0 0 0 0 0 0 0 0 0 0 0 164 164 165 166 165 165 166 166 166 166 166 167 168 168 168 169 169 169 169 169 169 169 169 170 170 170 170 170 170 170 170 170 170 170 170 171 171 171 171 171 171 171 171 171 172 172 172 173 173 173 173 173 173 173 173 173 173 173 173 174 174 174 174 174 175 175 175 175 175 175 175 176 176 176 176 176 177 177 177 177 177 177 178 178 178 178 178 178 179 179 179 178 178 179 179 179 179 180 180 180 180 181 181 181 181 181 181 182 182 182 182 183 183 182 182 182 183 183 183 183 183 184 184 184 184 184 185 185 185 185 186 186 186 186 186 186 186 187 187 187 187 187 187 187 187 188 188 188 188 188 188 188 189 189 189 189 189 190 190 190 190 190 190 190 190 190 190 190 190 190 190 190 191 191 191 191 191 191 192 192 193 193 193 193 194 194 194 194 194 194 194 194 194 194 195 195 195 195 195 195 195 195 195 196 196 196 196 196 196 196 196 196 196 197 197 197 197 197 197 197 197 197 197 197 197 198 198 198 198 198 200 201 201 200 200 200 200 200 200 201 201 201 202 202 202 202 202 202 202 202 202 202 202 203 203 203 203 203 203 203 204 204 204 204 204 204 204 204 204 204 204 205 205 205 205 205 206 206 205 206 206 207 207 207 206 207 207 207 208 208 208 208 208 208 208 208 208 207 207 207 207 207 207 207 208 208 208 208 208 208 208 208 208 208 209 209 208 208 209 209 209 209 209 209 209 209 210 210 209 209 210 210 210 210 210 210 210 210 210 210 210 210 210 210 210 210 210 210 210 210 210 210 210 211 210 210 210 210 210 211 211 211 211 211 211 212 0 0 0 0 0 0 0 0 0 0 0 0 0 0 0 0 0 0 0 0 0 0 0 0 0 0 0 0 0 0 0 0 0 0 0 0 0 0 0 0 0 0 0 0 0 0 0 0 0 0 0 0 0 0 0 0 0 0 0 0 0 0 0 0 0 0 0 0 0 0 0 0 0 0 0 
0 0 0 0 0 0 0 0 0 0 0 0 0 0 0 0 0 0 0 0 0 0 0 0 0 0 0 0 0 0 0 0 0 0 0 0 0 0 0 0 0 0 0 0 0 0 0 0 0 0 0 0 0 0 0 0 0 0 0 0 0 0 0 165 166 166 166 166 166 166 166 166 166 166 167 168 169 169 169 169 169 169 169 169 169 169 169 169 169 170 170 170 170 170 170 170 170 170 170 170 170 170 170 171 171 171 172 172 172 172 173 173 173 173 173 173 173 173 173 173 173 173 173 173 174 174 174 175 175 175 175 176 176 176 176 176 176 176 176 177 177 177 177 177 178 178 178 178 178 178 178 178 178 178 178 179 179 179 179 179 180 180 180 180 181 181 181 181 181 182 182 182 182 182 183 183 183 182 183 183 183 183 184 184 184 184 184 184 185 185 185 185 185 186 186 186 186 186 187 187 187 187 187 187 187 187 187 188 188 188 188 188 188 188 189 189 189 189 189 189 190 190 190 190 191 190 190 190 190 190 190 190 190 190 191 191 191 191 191 191 191 192 193 193 193 194 194 194 194 194 195 195 194 195 195 194 194 195 195 195 195 195 195 196 196 196 196 196 196 196 196 196 196 196 197 197 197 197 197 197 197 197 197 197 197 197 197 198 197 198 198 198 200 200 201 200 200 200 200 200 200 200 201 201 201 202 202 202 202 202 202 202 202 202 202 202 203 203 203 203 203 203 203 204 204 204 204 204 204 204 204 204 204 204 205 205 205 205 205 206 206 206 206 206 207 207 206 207 207 207 207 208 208 208 208 208 208 208 208 208 208 207 207 207 207 207 208 208 208 208 208 208 208 208 208 208 208 209 209 209 208 209 209 209 209 209 209 210 210 209 209 209 210 210 210 210 210 210 210 210 210 210 210 210 210 210 210 210 210 210 210 210 210 210 210 210 210 210 210 210 210 211 211 211 211 211 211 212 0 0 0 0 0 0 0 0 0 0 0 0 0 0 0 0 0 0 0 0 0 0 0 0 0 0 0 0 0 0 0 0 0 0 0 0 0 0 0 0 0 0 0 0 0 0 0 0 0 0 0 0 0 0 0 0 0 0 0 0 0 0 0 0 0 0 0 0 0 0 0 0 0 0 0 
0 0 0 0 0 0 0 0 0 0 0 0 0 0 0 0 0 0 0 0 0 0 0 0 0 0 0 0 0 0 0 0 0 0 0 0 0 0 0 0 0 0 0 0 0 0 0 0 0 0 0 0 0 0 0 0 0 0 0 0 0 0 0 0 165 165 166 166 166 166 166 166 167 167 167 167 168 169 169 169 169 169 169 169 169 169 169 169 169 170 170 170 169 170 170 171 170 171 171 171 171 170 170 171 171 171 172 171 172 172 172 173 173 173 173 173 173 173 173 173 173 173 173 173 173 174 174 174 174 174 175 175 176 176 176 176 176 176 176 177 177 177 177 177 178 178 178 178 178 178 178 178 178 179 179 179 179 179 179 179 179 180 180 180 180 181 181 181 181 182 182 182 182 182 183 183 183 182 183 183 183 183 183 183 184 184 184 184 184 185 185 185 185 186 186 186 186 186 186 187 187 187 187 187 187 187 188 188 188 188 188 188 188 188 189 189 189 189 189 189 190 190 190 191 190 190 190 190 190 190 190 190 190 190 191 191 191 191 191 191 191 192 193 193 193 193 193 194 193 194 194 195 195 195 195 194 195 195 195 196 196 196 196 196 195 196 196 196 195 196 196 195 196 196 196 197 197 197 197 197 197 197 197 197 197 197 197 197 198 198 198 198 200 200 201 200 200 200 200 200 200 200 201 201 201 202 202 202 202 202 202 202 202 202 202 202 203 203 203 203 203 203 203 203 203 203 204 204 204 204 204 204 204 204 204 204 205 205 205 205 205 205 206 206 206 206 206 207 207 207 207 207 207 207 208 207 208 208 208 208 208 207 207 207 207 207 207 208 208 208 208 208 208 208 208 208 208 209 209 209 209 209 209 209 209 209 210 210 210 209 209 210 210 210 210 211 210 210 210 210 210 210 210 210 210 210 210 210 210 210 210 210 210 210 210 210 210 210 210 210 210 211 211 211 211 211 211 211 0 0 0 0 0 0 0 0 0 0 0 0 0 0 0 0 0 0 0 0 0 0 0 0 0 0 0 0 0 0 0 0 0 0 0 0 0 0 0 0 0 0 0 0 0 0 0 0 0 0 0 0 0 0 0 0 0 0 0 0 0 0 0 0 0 0 0 0 0 0 0 0 0 0 0 
0 0 0 0 0 0 0 0 0 0 0 0 0 0 0 0 0 0 0 0 0 0 0 0 0 0 0 0 0 0 0 0 0 0 0 0 0 0 0 0 0 0 0 0 0 0 0 0 0 0 0 0 0 0 0 0 0 0 0 0 0 0 0 0 0 165 165 166 166 166 166 166 167 168 168 168 168 169 169 168 169 169 169 169 169 169 169 169 169 169 170 170 170 170 170 170 170 171 171 171 171 171 170 170 171 171 171 171 172 172 172 172 172 172 172 173 173 173 173 173 173 174 174 173 173 173 174 174 174 174 174 175 175 176 176 176 176 176 176 177 177 177 177 177 178 178 178 178 178 178 179 179 179 179 179 180 180 180 179 179 179 180 180 180 180 180 181 181 181 181 182 182 182 182 182 183 183 183 183 183 183 183 183 183 183 184 184 184 184 184 185 185 185 185 186 186 186 186 186 187 187 187 187 187 187 187 188 188 188 188 188 188 188 188 189 189 189 189 189 189 189 189 190 191 191 190 190 190 190 190 190 190 190 190 190 191 191 191 191 191 191 191 192 193 193 193 193 193 193 193 194 194 194 194 194 194 195 195 196 195 195 195 196 196 196 196 196 196 195 196 196 196 196 196 196 196 197 197 197 197 197 197 197 197 197 197 197 198 198 198 198 198 200 201 200 200 200 200 200 200 200 200 201 201 201 202 202 202 202 202 202 202 202 202 202 203 203 203 203 203 203 203 203 203 203 204 204 204 204 204 204 204 204 204 205 205 205 205 205 205 205 205 206 206 206 206 206 207 207 207 207 207 207 207 207 207 208 208 208 208 208 207 207 207 207 207 207 207 208 208 208 208 208 208 208 208 208 209 209 209 209 209 209 209 209 209 209 210 210 209 209 210 210 210 210 210 210 210 210 210 210 210 210 210 210 210 210 210 210 210 210 210 211 211 210 210 210 210 210 210 210 211 211 211 211 211 211 0 0 0 0 0 0 0 0 0 0 0 0 0 0 0 0 0 0 0 0 0 0 0 0 0 0 0 0 0 0 0 0 0 0 0 0 0 0 0 0 0 0 0 0 0 0 0 0 0 0 0 0 0 0 0 0 0 0 0 0 0 0 0 0 0 0 0 0 0 0 0 0 0 0 0 0 
0 0 0 0 0 0 0 0 0 0 0 0 0 0 0 0 0 0 0 0 0 0 0 0 0 0 0 0 0 0 0 0 0 0 0 0 0 0 0 0 0 0 0 0 0 0 0 0 0 0 0 0 0 0 0 0 0 0 0 0 0 0 0 0 0 0 166 166 166 166 166 166 167 167 167 167 168 169 169 169 169 168 168 169 169 169 169 169 169 169 170 170 170 170 170 171 171 171 171 171 171 171 171 171 171 171 171 172 172 172 172 172 173 173 173 173 174 174 174 174 174 174 174 174 173 173 174 174 174 174 174 174 175 176 176 176 176 176 176 177 177 177 177 177 178 178 178 178 178 179 179 179 179 179 179 179 180 180 179 179 179 180 180 180 180 180 181 181 181 181 182 182 182 182 182 182 183 183 183 183 183 183 183 183 183 183 184 184 184 184 185 185 185 185 186 186 186 186 186 186 187 187 187 187 187 188 188 188 188 188 188 188 188 188 189 189 189 189 189 189 189 190 190 191 190 191 191 190 190 190 190 190 190 190 190 190 191 191 191 191 191 191 192 193 193 193 193 193 193 194 194 194 195 195 195 195 195 195 195 195 196 196 195 195 196 196 196 196 196 196 196 196 196 196 196 196 196 197 197 197 197 197 197 197 197 197 197 197 198 198 198 199 201 201 200 200 200 200 200 200 200 200 201 201 201 202 202 202 202 202 202 202 202 202 202 203 203 203 203 203 203 204 203 204 204 204 204 204 205 204 204 204 204 205 205 205 205 205 205 205 205 205 206 206 206 206 206 206 206 206 206 207 207 207 207 207 207 207 207 207 207 207 207 207 207 207 207 207 208 208 208 208 208 208 208 208 208 208 209 209 209 209 209 209 209 209 209 210 210 210 210 210 210 210 210 210 210 210 210 210 210 210 210 210 210 210 210 210 210 210 210 210 211 211 210 210 210 210 210 210 210 210 211 211 211 212 212 0 0 0 0 0 0 0 0 0 0 0 0 0 0 0 0 0 0 0 0 0 0 0 0 0 0 0 0 0 0 0 0 0 0 0 0 0 0 0 0 0 0 0 0 0 0 0 0 0 0 0 0 0 0 0 0 0 0 0 0 0 0 0 0 0 0 0 0 0 0 0 0 0 0 0 0 
0 0 0 0 0 0 0 0 0 0 0 0 0 0 0 0 0 0 0 0 0 0 0 0 0 0 0 0 0 0 0 0 0 0 0 0 0 0 0 0 0 0 0 0 0 0 0 0 0 0 0 0 0 0 0 0 0 0 0 0 0 0 0 0 0 0 0 166 166 166 166 167 167 167 167 168 168 168 168 168 168 168 168 168 168 169 169 169 169 170 170 170 169 170 170 170 170 171 171 171 172 171 171 171 171 172 172 172 172 172 172 172 173 173 173 174 174 174 174 174 174 174 174 174 174 174 174 174 175 175 174 174 174 175 176 176 176 177 177 177 177 177 177 177 178 178 178 178 178 179 179 179 179 179 179 179 180 180 180 179 179 179 180 180 180 181 181 181 181 181 181 181 182 182 182 182 182 183 183 183 184 184 184 183 183 183 183 184 184 184 185 185 185 185 186 186 186 186 186 186 187 187 187 187 187 187 188 188 188 188 188 188 188 188 188 189 189 189 189 189 189 190 190 190 190 191 190 190 190 190 190 190 190 190 190 190 191 191 191 191 191 191 192 193 193 193 193 193 193 194 194 194 194 195 195 195 195 195 196 196 196 195 196 195 195 195 196 196 196 196 196 196 196 196 196 196 196 196 197 197 197 197 197 197 197 198 197 197 198 198 198 199 201 201 200 200 200 200 200 200 200 200 201 201 201 202 202 202 202 202 202 202 202 202 202 202 203 203 203 203 204 204 204 204 204 204 204 204 205 204 205 205 204 204 205 205 206 206 206 206 205 206 206 206 206 207 207 206 207 206 206 206 206 207 207 207 207 207 207 207 207 207 207 207 207 207 207 207 208 208 208 208 208 208 208 208 208 208 208 209 209 209 209 209 209 209 209 209 209 210 209 210 210 210 210 210 210 210 210 210 210 210 210 210 210 210 210 210 210 210 210 210 210 210 211 210 210 210 210 210 211 211 211 211 211 211 0 0 0 0 0 0 0 0 0 0 0 0 0 0 0 0 0 0 0 0 0 0 0 0 0 0 0 0 0 0 0 0 0 0 0 0 0 0 0 0 0 0 0 0 0 0 0 0 0 0 0 0 0 0 0 0 0 0 0 0 0 0 0 0 0 0 0 0 0 0 0 0 0 0 0 0 0 
0 0 0 0 0 0 0 0 0 0 0 0 0 0 0 0 0 0 0 0 0 0 0 0 0 0 0 0 0 0 0 0 0 0 0 0 0 0 0 0 0 0 0 0 0 0 0 0 0 0 0 0 0 0 0 0 0 0 0 0 0 0 0 0 0 0 0 166 166 166 165 166 166 166 166 167 167 167 167 167 167 168 168 168 168 169 169 170 170 170 170 170 169 169 170 170 171 171 171 171 171 171 171 171 172 172 172 172 172 172 172 172 173 173 173 173 173 174 174 174 175 174 175 175 175 175 175 174 175 174 174 174 174 174 175 176 176 177 176 177 177 177 177 177 178 178 178 178 178 178 179 179 179 179 179 179 179 180 180 180 180 180 179 180 180 181 181 181 181 181 181 181 182 182 182 182 182 182 183 183 184 184 184 184 184 184 184 184 184 184 185 185 185 185 186 186 186 186 186 186 187 187 187 187 187 187 188 188 188 188 188 188 188 188 189 189 189 189 189 189 189 189 190 190 190 191 191 190 190 190 190 190 190 190 190 190 190 191 191 191 191 191 192 192 193 193 193 193 194 194 194 194 194 195 195 195 195 195 195 195 195 195 196 196 195 195 195 196 196 196 196 196 196 196 196 197 196 197 197 197 197 197 197 197 197 198 197 198 198 198 199 199 200 200 200 200 200 200 200 200 200 200 201 201 201 202 202 202 202 202 202 202 202 202 202 202 203 203 203 203 203 203 203 204 204 204 204 204 204 204 205 205 204 204 204 205 205 206 206 206 206 206 206 206 206 206 206 206 206 207 206 206 206 206 207 207 207 207 207 207 207 207 207 207 207 207 207 208 207 208 208 208 208 208 208 208 208 208 208 208 209 209 209 209 209 209 209 209 209 209 209 209 210 210 210 210 210 210 210 210 210 210 210 210 210 210 210 210 210 210 210 210 210 210 210 210 210 210 210 210 211 211 211 211 211 0 0 0 0 0 0 0 0 0 0 0 0 0 0 0 0 0 0 0 0 0 0 0 0 0 0 0 0 0 0 0 0 0 0 0 0 0 0 0 0 0 0 0 0 0 0 0 0 0 0 0 0 0 0 0 0 0 0 0 0 0 0 0 0 0 0 0 0 0 0 0 0 0 0 0 0 0 0 
0 0 0 0 0 0 0 0 0 0 0 0 0 0 0 0 0 0 0 0 0 0 0 0 0 0 0 0 0 0 0 0 0 0 0 0 0 0 0 0 0 0 0 0 0 0 0 0 0 0 0 0 0 0 0 0 0 0 0 0 0 0 0 0 0 0 0 0 165 166 165 165 165 165 165 166 166 167 167 168 167 167 167 167 168 169 169 170 170 170 171 171 170 170 170 170 170 171 171 171 171 172 172 172 172 172 172 172 172 172 172 172 173 173 173 173 174 174 174 174 174 175 175 175 175 175 175 175 175 175 175 175 174 174 175 175 176 176 176 176 176 177 177 177 177 178 178 178 178 178 179 179 179 179 179 179 179 179 180 180 180 180 180 180 180 180 180 181 181 181 181 181 182 182 182 182 182 182 182 183 183 184 184 184 184 184 184 184 184 184 184 185 185 185 185 186 186 186 186 186 186 187 187 187 187 187 188 188 188 188 188 188 188 188 189 189 189 189 189 189 189 189 190 190 190 191 191 191 191 190 190 190 190 190 190 190 190 191 191 191 191 191 192 192 193 193 193 193 194 193 194 194 194 195 194 194 194 195 195 195 195 195 195 195 195 195 195 195 196 196 196 196 196 196 196 197 197 197 197 197 197 197 197 197 197 198 198 198 198 198 199 199 201 201 200 200 200 200 200 200 200 201 201 201 201 202 202 202 202 202 202 202 202 202 202 202 203 203 203 203 203 203 203 203 204 204 204 204 204 204 204 204 204 205 205 205 205 205 206 206 206 206 206 206 206 206 206 206 206 206 206 206 206 206 206 206 207 207 207 207 207 207 207 207 207 207 207 207 207 208 208 208 208 208 208 208 208 208 208 208 209 209 209 209 209 210 210 209 209 209 209 209 209 209 210 210 210 210 210 210 210 210 210 210 210 210 210 210 210 210 210 210 210 210 210 210 210 210 210 210 211 211 211 211 211 0 0 0 0 0 0 0 0 0 0 0 0 0 0 0 0 0 0 0 0 0 0 0 0 0 0 0 0 0 0 0 0 0 0 0 0 0 0 0 0 0 0 0 0 0 0 0 0 0 0 0 0 0 0 0 0 0 0 0 0 0 0 0 0 0 0 0 0 0 0 0 0 0 0 0 0 0 0 
0 0 0 0 0 0 0 0 0 0 0 0 0 0 0 0 0 0 0 0 0 0 0 0 0 0 0 0 0 0 0 0 0 0 0 0 0 0 0 0 0 0 0 0 0 0 0 0 0 0 0 0 0 0 0 0 0 0 0 0 0 0 0 0 0 0 0 0 0 166 166 166 166 166 165 165 166 167 167 167 168 167 167 167 168 168 169 169 169 170 170 171 170 170 170 170 170 170 170 171 171 171 171 172 172 172 172 172 172 172 172 173 173 173 173 173 174 174 174 174 175 175 175 175 175 175 175 175 176 176 176 175 175 175 175 175 175 175 176 176 177 177 177 177 177 177 178 178 178 178 179 179 179 179 179 179 179 179 180 180 180 180 180 180 180 180 180 180 181 181 181 181 181 182 182 182 182 182 182 182 183 183 184 184 184 184 185 184 184 184 184 185 185 185 185 186 186 186 186 186 186 187 187 187 187 187 187 188 188 188 188 188 188 188 189 189 189 189 189 189 189 189 189 190 190 190 190 191 191 191 190 190 190 190 190 190 190 190 191 191 191 191 192 192 193 192 193 193 193 193 194 194 194 195 194 194 194 194 194 194 195 195 195 195 195 195 195 195 195 196 196 196 196 196 197 197 197 197 197 197 197 197 197 197 198 198 198 198 198 198 198 199 201 200 200 200 200 200 200 200 200 201 201 201 201 202 202 202 202 202 202 202 202 202 202 203 203 203 203 203 203 203 203 203 204 204 204 204 204 204 204 204 204 204 205 205 205 205 205 206 206 206 206 206 206 206 206 206 206 206 206 206 206 206 206 206 206 207 207 207 207 207 207 207 207 207 207 207 207 207 207 208 208 208 208 208 208 208 208 208 208 209 209 209 209 209 209 209 209 209 209 209 210 209 209 210 210 210 210 210 210 210 210 210 210 210 210 210 210 210 210 210 210 210 210 210 210 210 210 210 210 211 211 211 211 0 0 0 0 0 0 0 0 0 0 0 0 0 0 0 0 0 0 0 0 0 0 0 0 0 0 0 0 0 0 0 0 0 0 0 0 0 0 0 0 0 0 0 0 0 0 0 0 0 0 0 0 0 0 0 0 0 0 0 0 0 0 0 0 0 0 0 0 0 0 0 0 0 0 0 0 0 0 
0 0 0 0 0 0 0 0 0 0 0 0 0 0 0 0 0 0 0 0 0 0 0 0 0 0 0 0 0 0 0 0 0 0 0 0 0 0 0 0 0 0 0 0 0 0 0 0 0 0 0 0 0 0 0 0 0 0 0 0 0 0 0 0 0 0 0 0 0 0 0 166 0 166 165 165 166 167 167 167 167 167 167 167 167 168 168 168 169 170 170 170 170 170 170 170 170 170 171 170 170 171 171 171 171 171 172 172 172 172 173 173 173 173 173 173 174 174 174 174 175 175 174 175 175 175 175 176 176 176 176 176 175 175 175 175 175 176 176 177 177 177 177 177 177 177 178 178 178 178 178 178 179 179 179 179 179 180 180 180 180 180 180 180 181 181 180 180 180 181 181 181 181 182 182 182 182 182 182 182 183 183 184 184 185 185 184 184 184 184 185 184 185 185 185 185 186 186 186 186 186 186 187 187 187 187 187 188 188 188 188 188 188 189 189 189 189 189 189 189 189 189 189 190 190 190 190 190 191 190 190 190 190 190 190 190 190 190 191 191 192 192 192 193 192 193 193 193 193 194 194 194 194 195 195 194 194 194 195 195 196 196 196 196 196 195 195 195 196 196 196 196 196 196 197 197 197 197 197 197 197 197 197 197 198 198 198 198 198 199 199 199 201 200 200 200 200 200 200 200 200 201 201 201 201 202 202 202 202 202 202 202 202 202 202 202 202 202 203 203 203 203 203 204 204 204 204 204 204 204 204 204 204 205 205 205 205 205 204 205 205 206 206 207 206 207 207 206 207 207 206 206 206 206 206 206 206 206 207 207 207 207 207 207 207 207 207 207 207 207 207 207 207 208 208 208 208 208 208 208 209 209 209 209 209 209 209 209 209 209 209 209 209 209 210 210 210 210 210 210 210 210 210 210 210 210 210 210 210 210 210 210 210 210 210 211 211 210 210 210 211 211 211 211 211 211 0 0 0 0 0 0 0 0 0 0 0 0 0 0 0 0 0 0 0 0 0 0 0 0 0 0 0 0 0 0 0 0 0 0 0 0 0 0 0 0 0 0 0 0 0 0 0 0 0 0 0 0 0 0 0 0 0 0 0 0 0 0 0 0 0 0 0 0 0 0 0 0 0 0 0 0 0 
0 0 0 0 0 0 0 0 0 0 0 0 0 0 0 0 0 0 0 0 0 0 0 0 0 0 0 0 0 0 0 0 0 0 0 0 0 0 0 0 0 0 0 0 0 0 0 0 0 0 0 0 0 0 0 0 0 0 0 0 0 0 0 0 0 0 0 0 0 0 0 0 0 0 166 165 166 167 168 166 167 167 167 167 168 168 168 169 169 169 169 170 170 171 171 171 171 171 171 170 170 171 171 171 171 171 171 172 172 172 173 173 173 173 173 173 174 174 174 175 174 175 175 175 175 175 175 175 175 176 176 176 176 176 176 176 176 177 177 177 177 177 177 177 177 177 177 178 178 178 178 178 179 179 179 179 179 180 180 180 180 180 180 181 181 181 181 181 180 180 181 181 181 182 182 182 182 182 183 183 183 183 183 184 184 185 185 184 185 185 185 185 185 185 185 186 186 186 186 186 186 186 187 187 187 187 187 187 188 188 188 188 188 188 189 189 189 189 189 189 189 189 189 190 190 190 190 190 191 191 191 191 191 190 190 190 190 190 191 191 191 192 192 193 192 193 193 193 193 193 193 194 194 195 195 195 195 195 195 195 195 195 196 195 195 195 195 195 195 196 196 196 196 196 196 197 197 197 197 197 197 197 197 197 198 198 198 198 199 199 199 199 200 200 200 200 200 200 200 200 200 201 201 201 201 201 202 202 202 202 202 202 202 202 202 202 202 203 203 203 203 203 203 204 204 204 204 204 204 204 204 204 204 205 205 205 205 205 205 205 205 205 205 206 206 207 207 207 207 207 207 207 207 206 206 206 206 207 207 207 207 207 207 207 207 207 207 207 208 208 208 207 207 208 208 209 208 208 208 208 208 209 209 209 209 209 209 209 209 209 209 209 209 210 210 210 210 210 210 210 210 210 210 210 210 210 210 210 210 210 210 210 210 210 210 211 210 210 210 210 210 210 211 211 211 211 0 0 0 0 0 0 0 0 0 0 0 0 0 0 0 0 0 0 0 0 0 0 0 0 0 0 0 0 0 0 0 0 0 0 0 0 0 0 0 0 0 0 0 0 0 0 0 0 0 0 0 0 0 0 0 0 0 0 0 0 0 0 0 0 0 0 0 0 0 0 0 0 0 0 0 0 0 
0 0 0 0 0 0 0 0 0 0 0 0 0 0 0 0 0 0 0 0 0 0 0 0 0 0 0 0 0 0 0 0 0 0 0 0 0 0 0 0 0 0 0 0 0 0 0 0 0 0 0 0 0 0 0 0 0 0 0 0 0 0 0 0 0 0 0 0 0 0 0 0 0 0 166 166 165 166 167 166 166 167 167 168 168 169 169 169 170 170 170 170 170 171 171 171 171 171 171 171 171 171 171 171 171 171 172 172 172 172 172 173 173 173 174 174 174 174 174 174 175 175 175 175 175 175 175 175 175 175 175 175 175 175 176 176 177 177 177 177 177 177 178 178 177 177 177 178 178 178 178 179 179 179 179 179 179 179 180 180 180 180 180 180 181 181 181 181 180 180 181 181 181 182 182 182 182 182 183 183 183 183 183 183 184 184 185 185 185 185 185 185 185 185 185 186 186 186 186 186 186 186 187 187 187 187 187 187 188 188 188 188 188 188 189 189 189 189 189 189 189 189 189 189 190 190 190 190 190 191 191 191 191 191 190 190 190 190 191 191 191 192 192 192 192 193 193 193 193 194 194 194 194 194 195 195 195 195 195 195 195 195 195 196 196 196 195 195 196 196 196 196 196 196 196 196 197 197 197 197 197 197 198 198 198 198 198 198 198 198 199 198 200 200 200 200 200 200 200 200 200 201 201 201 201 201 202 202 202 202 202 202 202 202 202 202 202 203 203 203 203 203 203 204 204 204 204 204 204 204 204 204 204 204 204 205 205 205 205 206 206 205 205 205 206 206 206 206 207 207 207 207 207 207 207 206 207 207 207 207 207 207 207 208 208 208 209 209 210 210 209 208 207 208 208 209 208 208 209 208 209 209 209 209 209 209 209 209 209 209 209 209 209 210 210 210 210 210 210 210 210 210 210 210 210 210 210 210 210 210 210 210 210 210 210 210 211 211 210 210 210 211 211 211 211 211 211 0 0 0 0 0 0 0 0 0 0 0 0 0 0 0 0 0 0 0 0 0 0 0 0 0 0 0 0 0 0 0 0 0 0 0 0 0 0 0 0 0 0 0 0 0 0 0 0 0 0 0 0 0 0 0 0 0 0 0 0 0 0 0 0 0 0 0 0 0 0 0 0 0 0 0 0 
0 0 0 0 0 0 0 0 0 0 0 0 0 0 0 0 0 0 0 0 0 0 0 0 0 0 0 0 0 0 0 0 0 0 0 0 0 0 0 0 0 0 0 0 0 0 0 0 0 0 0 0 0 0 0 0 0 0 0 0 0 0 0 0 0 0 0 0 0 0 0 0 0 0 0 0 0 166 166 166 167 167 168 168 168 168 169 170 170 170 171 171 170 171 171 171 171 172 172 171 171 171 171 171 171 171 172 172 172 172 172 172 173 173 173 174 174 174 174 174 174 175 175 175 175 175 175 175 176 175 175 175 175 175 175 175 176 176 176 176 176 177 177 178 178 178 178 178 178 178 178 178 178 179 179 179 179 179 180 180 180 180 180 180 180 181 181 181 181 181 181 181 181 182 182 182 182 183 183 183 183 183 183 183 184 184 184 185 185 185 185 185 185 185 185 185 186 186 186 186 186 186 187 187 187 187 187 187 188 188 188 188 188 188 188 189 189 189 189 189 189 189 189 189 190 190 190 190 190 190 190 191 191 191 191 191 191 191 191 191 191 192 192 193 192 193 193 193 193 194 194 194 194 194 195 194 195 195 194 195 194 194 195 195 195 196 196 196 196 196 196 196 196 197 197 197 197 197 197 197 197 198 198 198 198 198 198 197 198 198 198 198 200 200 200 200 200 200 200 200 200 201 201 201 201 201 202 202 202 202 202 202 202 202 202 202 202 203 203 203 203 203 203 203 204 204 204 204 204 204 204 204 204 204 204 205 205 205 205 205 206 206 206 206 206 206 206 206 207 207 207 207 207 207 207 207 207 207 207 207 207 207 207 208 209 210 209 209 210 210 209 209 208 208 208 209 208 209 209 209 209 209 209 209 209 209 209 209 210 209 209 209 210 210 210 210 210 210 210 210 210 210 210 210 210 209 210 210 210 211 210 210 210 210 210 210 211 210 210 210 211 211 211 211 211 211 211 211 0 0 0 0 0 0 0 0 0 0 0 0 0 0 0 0 0 0 0 0 0 0 0 0 0 0 0 0 0 0 0 0 0 0 0 0 0 0 0 0 0 0 0 0 0 0 0 0 0 0 0 0 0 0 0 0 0 0 0 0 0 0 0 0 0 0 0 0 0 0 0 0 0 0 0 
0 0 0 0 0 0 0 0 0 0 0 0 0 0 0 0 0 0 0 0 0 0 0 0 0 0 0 0 0 0 0 0 0 0 0 0 0 0 0 0 0 0 0 0 0 0 0 0 0 0 0 0 0 0 0 0 0 0 0 0 0 0 0 0 0 0 0 0 0 0 0 0 0 0 0 0 0 0 166 167 167 167 167 168 169 169 169 170 171 171 171 171 171 171 171 171 171 171 172 172 172 172 172 172 172 172 172 172 172 172 172 172 173 173 173 173 174 174 174 174 174 174 175 175 175 175 175 175 175 176 176 176 175 175 176 176 176 176 176 175 176 176 177 177 177 178 178 178 178 178 178 178 178 178 179 179 179 179 180 180 180 180 180 180 180 180 181 181 181 181 181 181 181 182 182 182 182 183 183 183 183 183 183 184 184 184 184 184 185 185 185 185 185 185 185 185 186 186 186 186 186 187 187 187 187 187 187 187 188 188 188 188 188 188 188 189 189 189 189 189 189 189 189 189 189 190 190 190 190 190 190 191 191 191 191 191 191 191 191 191 191 192 192 192 192 193 193 193 193 193 194 194 194 194 194 194 195 195 195 195 195 195 195 195 195 195 195 196 196 196 196 196 196 196 197 197 197 197 197 197 197 198 198 198 198 197 197 197 197 198 198 198 200 200 200 200 200 200 200 200 200 201 201 201 201 201 202 202 202 202 202 202 202 202 202 202 202 203 203 203 203 203 203 203 203 204 204 204 204 204 204 204 205 204 204 204 205 205 205 205 205 206 206 206 206 206 206 206 206 207 207 207 207 207 207 207 208 208 207 207 207 207 208 208 208 209 208 208 209 209 209 209 209 209 208 208 209 209 209 209 208 209 209 209 209 209 209 209 210 210 209 209 210 210 210 210 210 210 210 210 210 209 209 210 210 209 210 210 210 211 211 211 210 210 210 211 211 210 210 210 211 211 211 211 211 211 211 211 211 0 0 0 0 0 0 0 0 0 0 0 0 0 0 0 0 0 0 0 0 0 0 0 0 0 0 0 0 0 0 0 0 0 0 0 0 0 0 0 0 0 0 0 0 0 0 0 0 0 0 0 0 0 0 0 0 0 0 0 0 0 0 0 0 0 0 0 0 0 0 0 0 0 0 
0 0 0 0 0 0 0 0 0 0 0 0 0 0 0 0 0 0 0 0 0 0 0 0 0 0 0 0 0 0 0 0 0 0 0 0 0 0 0 0 0 0 0 0 0 0 0 0 0 0 0 0 0 0 0 0 0 0 0 0 0 0 0 0 0 0 0 0 0 0 0 0 0 0 0 0 0 0 167 167 167 168 168 168 169 169 169 170 170 170 171 171 170 171 171 171 171 171 171 172 172 172 172 172 172 172 172 172 172 172 172 172 173 173 173 173 174 174 174 174 174 174 174 175 175 175 175 175 175 175 176 176 175 175 176 176 177 177 176 175 175 175 176 176 177 177 177 178 178 178 178 178 178 178 178 179 179 180 180 180 180 181 180 180 180 181 181 181 181 181 181 181 181 181 182 182 182 182 183 183 183 183 184 184 184 184 184 184 185 185 185 185 185 186 185 185 186 186 186 186 186 186 187 187 187 187 187 187 187 188 188 188 188 188 188 189 189 189 189 189 189 189 189 189 189 190 190 190 190 190 190 191 191 191 191 191 191 191 191 191 192 192 192 192 192 193 193 193 193 193 193 193 193 194 194 195 195 195 195 195 195 195 195 195 195 195 195 195 196 196 196 196 196 196 196 196 197 197 197 197 197 197 198 197 198 198 197 197 197 198 198 198 199 200 200 200 200 200 201 201 200 201 201 201 201 201 201 202 202 202 202 202 202 202 202 202 202 202 203 203 203 203 203 203 203 203 204 204 204 204 204 204 204 204 204 205 205 205 205 205 205 206 206 206 205 205 206 206 206 206 207 207 207 207 207 207 207 208 208 208 208 208 208 208 208 208 208 208 209 209 209 209 209 209 209 208 209 209 209 209 209 209 209 209 209 209 209 209 209 210 210 210 210 210 210 210 210 209 210 211 210 210 209 210 210 210 210 210 210 211 211 211 211 210 211 211 210 210 210 210 211 211 211 211 211 211 211 211 212 212 0 0 0 0 0 0 0 0 0 0 0 0 0 0 0 0 0 0 0 0 0 0 0 0 0 0 0 0 0 0 0 0 0 0 0 0 0 0 0 0 0 0 0 0 0 0 0 0 0 0 0 0 0 0 0 0 0 0 0 0 0 0 0 0 0 0 0 0 0 0 0 0 0 
0 0 0 0 0 0 0 0 0 0 0 0 0 0 0 0 0 0 0 0 0 0 0 0 0 0 0 0 0 0 0 0 0 0 0 0 0 0 0 0 0 0 0 0 0 0 0 0 0 0 0 0 0 0 0 0 0 0 0 0 0 0 0 0 0 0 0 0 0 0 0 0 0 0 0 0 0 0 0 166 166 167 167 167 168 168 168 169 169 169 170 170 170 171 171 171 171 172 172 172 172 172 173 173 173 173 173 173 173 173 173 173 173 173 173 173 173 174 174 175 175 175 175 175 175 175 175 175 175 175 175 175 175 175 176 176 177 177 177 177 177 177 176 176 176 176 176 177 177 177 178 178 178 178 178 178 179 179 180 180 180 180 181 181 181 181 181 181 181 181 181 181 181 181 181 181 182 182 183 183 183 183 183 184 184 184 184 184 184 185 185 185 185 185 185 185 185 186 186 186 186 186 186 186 187 187 187 187 187 188 188 188 188 188 188 188 189 189 189 189 189 189 189 190 190 190 190 190 190 190 190 191 191 191 191 191 191 191 191 191 191 192 192 192 192 192 192 192 192 193 193 194 194 194 194 194 195 194 195 195 195 195 195 195 194 194 195 195 195 195 195 195 196 196 196 196 196 196 196 196 196 196 197 197 197 197 197 197 198 197 197 197 200 200 200 200 200 201 201 201 201 201 201 201 201 202 202 202 202 202 202 202 202 202 202 202 202 202 203 203 203 203 203 203 204 204 204 204 204 204 204 205 205 205 205 205 205 205 205 206 205 205 205 205 206 206 206 206 207 207 207 207 207 207 207 207 207 208 208 208 208 208 208 208 208 208 209 209 209 210 210 210 209 209 209 209 208 209 209 210 210 210 210 210 210 210 209 209 210 210 210 209 209 210 210 210 210 209 210 211 211 210 209 210 210 210 210 210 211 211 211 211 211 211 211 210 211 210 210 210 211 211 211 211 212 212 211 211 212 212 0 0 0 0 0 0 0 0 0 0 0 0 0 0 0 0 0 0 0 0 0 0 0 0 0 0 0 0 0 0 0 0 0 0 0 0 0 0 0 0 0 0 0 0 0 0 0 0 0 0 0 0 0 0 0 0 0 0 0 0 0 0 0 0 0 0 0 0 0 0 0 0 0 
0 0 0 0 0 0 0 0 0 0 0 0 0 0 0 0 0 0 0 0 0 0 0 0 0 0 0 0 0 0 0 0 0 0 0 0 0 0 0 0 0 0 0 0 0 0 0 0 0 0 0 0 0 0 0 0 0 0 0 0 0 0 0 0 0 0 0 0 0 0 0 0 0 0 0 0 0 0 0 0 166 166 166 167 167 167 168 168 169 169 170 170 170 171 171 171 171 171 172 172 172 172 173 173 173 173 173 173 173 173 174 174 174 173 173 173 173 174 174 175 175 175 175 175 175 175 175 175 175 175 176 176 176 175 176 176 176 177 177 177 178 178 177 176 176 177 177 177 177 178 179 178 178 178 178 178 179 179 179 179 180 180 180 181 181 181 181 181 181 181 181 181 181 181 182 182 182 182 183 183 183 183 183 183 184 184 184 184 184 184 185 185 185 186 185 185 185 186 186 186 186 186 187 187 187 187 187 187 187 188 188 188 188 188 188 188 189 189 189 189 189 189 189 190 190 190 190 190 190 190 190 190 191 191 191 191 191 191 191 191 192 192 192 192 192 192 192 192 193 193 193 193 193 194 194 194 194 194 194 194 195 195 195 195 195 194 194 195 195 195 195 196 196 196 196 196 196 196 197 197 196 196 196 197 197 197 197 197 198 198 198 197 200 200 200 200 200 200 201 201 201 201 201 201 201 202 202 202 202 202 202 202 202 202 202 202 203 203 203 203 203 203 203 203 204 204 204 204 204 204 204 204 205 204 205 205 205 205 205 205 205 205 205 205 205 206 206 206 207 207 207 207 207 207 207 207 208 208 208 208 208 208 208 208 208 208 209 209 209 209 209 209 209 209 209 209 209 209 209 209 210 210 210 210 210 210 209 209 210 209 209 209 210 210 210 210 210 209 209 211 211 211 210 210 210 210 210 210 210 210 211 211 211 211 211 211 211 210 210 210 211 211 211 211 212 212 211 212 212 212 0 0 0 0 0 0 0 0 0 0 0 0 0 0 0 0 0 0 0 0 0 0 0 0 0 0 0 0 0 0 0 0 0 0 0 0 0 0 0 0 0 0 0 0 0 0 0 0 0 0 0 0 0 0 0 0 0 0 0 0 0 0 0 0 0 0 0 0 0 0 0 0 0 
0 0 0 0 0 0 0 0 0 0 0 0 0 0 0 0 0 0 0 0 0 0 0 0 0 0 0 0 0 0 0 0 0 0 0 0 0 0 0 0 0 0 0 0 0 0 0 0 0 0 0 0 0 0 0 0 0 0 0 0 0 0 0 0 0 0 0 0 0 0 0 0 0 0 0 0 0 0 0 0 0 167 166 166 167 168 168 168 169 169 170 170 170 170 170 171 171 171 172 172 172 172 173 173 173 173 173 173 174 174 174 174 174 174 174 173 174 174 174 175 175 175 175 175 175 175 175 175 175 175 176 176 176 176 175 176 177 177 177 177 178 178 177 177 177 177 177 177 177 178 178 178 178 178 178 178 179 179 179 179 180 180 180 180 181 181 181 181 181 181 181 181 182 182 182 182 182 182 182 183 183 183 183 183 184 184 184 184 184 184 185 185 186 185 186 186 185 186 186 186 186 187 187 187 187 187 187 187 187 188 188 188 188 188 188 189 189 189 189 189 189 189 189 190 190 190 190 190 190 190 190 190 190 190 191 191 191 191 191 191 192 192 192 192 192 192 192 192 192 193 193 193 193 194 193 194 194 194 194 194 195 195 194 195 195 195 194 195 195 195 195 195 196 196 196 196 196 197 197 196 196 196 196 196 196 197 197 197 197 198 198 198 200 200 200 200 200 200 201 201 201 201 201 201 201 202 202 202 202 202 202 202 202 202 202 202 203 203 203 203 203 204 203 203 204 204 204 204 204 204 204 204 204 204 204 205 204 205 205 205 205 205 206 206 206 206 206 207 207 207 207 207 207 207 206 207 207 207 208 208 208 208 208 208 208 208 208 209 209 209 209 209 209 209 209 209 209 209 209 209 209 209 210 210 210 210 210 210 210 210 210 209 209 210 210 210 209 209 210 211 211 212 211 211 211 210 210 210 211 210 210 210 211 211 211 211 211 210 210 211 211 211 211 211 211 211 212 212 212 0 0 0 0 0 0 0 0 0 0 0 0 0 0 0 0 0 0 0 0 0 0 0 0 0 0 0 0 0 0 0 0 0 0 0 0 0 0 0 0 0 0 0 0 0 0 0 0 0 0 0 0 0 0 0 0 0 0 0 0 0 0 0 0 0 0 0 0 0 0 0 0 0 0 
0 0 0 0 0 0 0 0 0 0 0 0 0 0 0 0 0 0 0 0 0 0 0 0 0 0 0 0 0 0 0 0 0 0 0 0 0 0 0 0 0 0 0 0 0 0 0 0 0 0 0 0 0 0 0 0 0 0 0 0 0 0 0 0 0 0 0 0 0 0 0 0 0 0 0 0 0 0 0 0 0 0 0 167 167 167 167 168 168 169 170 170 170 170 170 170 171 171 171 172 172 172 173 173 173 173 173 174 174 174 174 174 174 174 174 174 174 174 174 174 175 175 175 175 175 175 175 175 175 175 175 176 176 177 176 175 176 177 177 177 177 178 178 178 178 177 177 177 177 178 178 178 178 178 178 178 178 179 179 179 179 180 180 180 180 181 181 181 181 181 181 181 182 182 182 182 182 182 182 183 183 183 183 183 184 184 184 184 184 184 185 185 186 186 186 186 186 186 186 186 186 187 187 187 187 187 187 187 187 188 188 188 188 188 188 188 188 188 189 189 189 189 189 190 190 190 190 190 190 190 190 190 190 190 190 191 191 191 191 192 192 192 192 192 192 192 192 192 192 193 193 193 193 194 193 193 193 193 194 194 195 194 194 194 195 195 195 195 195 195 195 195 196 196 196 196 196 196 196 196 196 197 197 197 197 197 197 197 198 198 198 198 200 200 200 200 200 200 200 201 201 201 201 201 201 202 202 202 202 202 202 202 202 202 202 202 202 203 203 203 203 204 204 204 204 204 204 204 204 204 204 204 204 205 205 205 205 205 205 205 205 205 205 206 207 207 207 207 207 207 207 207 207 207 207 207 207 207 207 208 208 208 208 208 208 208 208 208 208 208 209 209 209 209 209 209 209 209 209 209 209 209 210 210 210 210 210 210 210 210 210 210 209 210 210 210 209 209 210 210 212 211 211 211 211 210 210 210 211 210 210 210 210 211 211 211 210 210 211 211 211 211 211 211 211 211 211 211 212 212 0 0 0 0 0 0 0 0 0 0 0 0 0 0 0 0 0 0 0 0 0 0 0 0 0 0 0 0 0 0 0 0 0 0 0 0 0 0 0 0 0 0 0 0 0 0 0 0 0 0 0 0 0 0 0 0 0 0 0 0 0 0 0 0 0 0 0 0 0 0 0 0 0 
0 0 0 0 0 0 0 0 0 0 0 0 0 0 0 0 0 0 0 0 0 0 0 0 0 0 0 0 0 0 0 0 0 0 0 0 0 0 0 0 0 0 0 0 0 0 0 0 0 0 0 0 0 0 0 0 0 0 0 0 0 0 0 0 0 0 0 0 0 0 0 0 0 0 0 0 0 0 0 0 0 0 0 0 168 168 168 168 168 169 169 169 169 169 170 171 171 171 172 172 172 172 173 173 173 173 173 174 174 173 174 174 174 174 174 174 174 175 175 175 174 175 175 175 175 175 175 175 175 175 176 176 176 176 176 176 176 177 177 177 177 178 177 177 178 178 178 178 177 178 178 178 178 178 178 178 178 179 179 179 179 180 180 180 180 181 181 180 181 181 181 181 182 181 182 182 182 182 182 182 183 183 183 183 183 184 184 184 184 184 184 185 186 186 186 186 185 186 186 186 186 187 187 187 187 187 187 187 187 187 188 188 188 188 188 188 188 188 189 189 189 189 189 189 190 190 190 190 190 190 190 190 190 191 191 191 191 191 191 191 192 192 192 192 192 192 192 192 192 193 193 194 194 194 193 193 193 194 194 195 195 194 194 194 195 195 195 195 195 195 195 195 195 196 196 196 196 196 196 196 197 197 197 197 197 197 197 198 198 198 198 198 200 200 200 200 200 201 201 201 201 201 201 201 201 202 202 202 202 202 202 202 202 202 202 202 203 203 203 203 203 204 204 204 204 204 204 204 204 205 205 204 204 205 205 205 205 205 205 205 205 205 205 206 207 207 207 207 207 206 207 207 207 207 206 207 207 207 207 207 207 208 208 208 208 208 208 208 208 208 208 209 209 209 209 209 210 210 209 209 210 210 210 210 210 210 210 210 210 210 210 210 210 210 210 210 210 210 210 210 211 211 211 211 211 211 211 210 210 210 210 210 210 210 211 211 210 211 211 211 211 211 211 211 212 212 211 211 212 212 0 0 0 0 0 0 0 0 0 0 0 0 0 0 0 0 0 0 0 0 0 0 0 0 0 0 0 0 0 0 0 0 0 0 0 0 0 0 0 0 0 0 0 0 0 0 0 0 0 0 0 0 0 0 0 0 0 0 0 0 0 0 0 0 0 0 0 0 0 0 0 0 0 
0 0 0 0 0 0 0 0 0 0 0 0 0 0 0 0 0 0 0 0 0 0 0 0 0 0 0 0 0 0 0 0 0 0 0 0 0 0 0 0 0 0 0 0 0 0 0 0 0 0 0 0 0 0 0 0 0 0 0 0 0 0 0 0 0 0 0 0 0 0 0 0 0 0 0 0 0 0 0 0 0 0 0 0 167 168 168 168 168 168 169 169 169 170 170 171 172 172 172 172 172 172 173 173 173 173 173 173 173 173 173 174 174 174 174 175 175 175 175 175 175 175 175 175 175 175 175 176 175 176 176 176 175 175 176 177 177 177 177 177 177 177 178 178 178 177 178 178 178 178 178 178 178 178 178 178 178 179 179 179 179 180 180 180 181 181 181 181 181 181 181 181 181 182 182 182 182 182 183 183 183 183 183 183 183 183 184 184 184 184 185 185 185 185 186 186 186 186 186 186 186 186 187 187 187 187 187 187 187 187 188 188 188 188 188 188 188 188 189 189 189 189 189 189 189 190 190 190 190 190 190 190 191 191 191 191 191 191 191 191 192 192 192 192 192 192 192 192 192 193 193 193 193 194 194 193 193 194 194 194 194 194 194 194 195 195 195 195 195 195 195 195 195 196 196 196 196 196 196 196 197 197 197 197 197 197 197 198 197 197 198 198 200 200 200 201 201 201 201 201 201 201 201 201 201 201 202 202 202 202 202 202 202 202 202 202 203 203 203 203 203 204 204 204 204 204 204 205 204 205 205 205 205 205 205 205 205 205 206 206 206 206 206 206 206 207 207 207 206 207 207 207 207 207 207 207 207 207 207 207 207 208 207 208 208 208 208 208 208 209 209 209 209 209 209 209 209 209 209 209 210 210 210 210 210 210 210 210 210 210 210 210 210 210 210 210 210 210 210 211 212 211 211 211 211 210 210 210 210 210 210 211 211 211 211 210 211 211 211 211 211 211 211 211 211 211 212 211 211 212 213 0 0 0 0 0 0 0 0 0 0 0 0 0 0 0 0 0 0 0 0 0 0 0 0 0 0 0 0 0 0 0 0 0 0 0 0 0 0 0 0 0 0 0 0 0 0 0 0 0 0 0 0 0 0 0 0 0 0 0 0 0 0 0 0 0 0 0 0 0 0 0 0 
0 0 0 0 0 0 0 0 0 0 0 0 0 0 0 0 0 0 0 0 0 0 0 0 0 0 0 0 0 0 0 0 0 0 0 0 0 0 0 0 0 0 0 0 0 0 0 0 0 0 0 0 0 0 0 0 0 0 0 0 0 0 0 0 0 0 0 0 0 0 0 0 0 0 0 0 0 0 0 0 0 0 0 0 168 168 168 168 168 168 169 169 170 170 170 170 171 172 172 172 172 172 173 173 173 173 174 174 173 173 173 173 173 174 174 174 175 175 175 175 175 175 175 175 175 175 175 175 176 176 176 176 175 175 175 176 177 177 177 177 177 177 177 178 178 178 177 178 178 178 179 178 178 178 178 178 178 179 179 179 180 180 180 180 181 181 181 181 181 180 181 182 182 182 182 182 182 183 183 183 183 183 183 183 183 183 184 184 184 184 185 185 185 185 186 186 186 186 186 187 186 186 187 187 187 187 187 187 187 187 187 187 187 188 188 188 188 188 188 189 189 189 189 189 189 189 190 190 190 190 190 191 191 190 191 191 191 191 191 191 192 192 192 192 192 192 192 192 192 192 193 193 193 194 194 193 193 193 194 193 194 194 194 194 195 195 195 195 195 195 195 195 195 195 196 196 196 196 196 196 197 197 197 197 197 197 197 197 197 198 198 198 200 200 200 201 201 201 201 201 201 201 201 201 201 201 202 202 202 202 202 202 202 202 202 202 203 203 203 203 203 203 204 204 204 204 204 205 205 205 205 205 205 205 205 206 206 206 206 206 206 206 206 206 206 207 207 207 207 206 206 207 207 206 207 207 207 207 207 207 207 207 207 208 208 208 208 208 208 209 209 209 209 209 209 209 209 209 209 209 209 210 210 210 210 211 211 211 211 210 210 210 210 210 210 210 210 210 210 211 212 212 211 210 210 210 210 210 210 210 210 211 211 211 211 210 211 211 211 211 211 211 211 211 211 212 212 212 212 212 213 0 0 0 0 0 0 0 0 0 0 0 0 0 0 0 0 0 0 0 0 0 0 0 0 0 0 0 0 0 0 0 0 0 0 0 0 0 0 0 0 0 0 0 0 0 0 0 0 0 0 0 0 0 0 0 0 0 0 0 0 0 0 0 0 0 0 0 0 0 0 0 0 
0 0 0 0 0 0 0 0 0 0 0 0 0 0 0 0 0 0 0 0 0 0 0 0 0 0 0 0 0 0 0 0 0 0 0 0 0 0 0 0 0 0 0 0 0 0 0 0 0 0 0 0 0 0 0 0 0 0 0 0 0 0 0 0 0 0 0 0 0 0 0 0 0 0 0 0 0 0 0 0 0 0 0 0 168 169 169 169 169 168 169 169 170 170 171 171 171 171 172 172 172 172 173 173 173 173 173 174 174 174 173 173 173 173 174 174 174 175 175 175 175 175 175 175 175 175 175 176 176 176 176 176 176 175 176 176 177 177 177 177 177 177 177 177 178 177 178 178 178 178 179 178 178 178 178 178 178 178 179 179 180 180 180 180 180 181 181 181 181 181 181 181 182 182 182 182 182 182 183 183 183 183 183 183 183 184 184 184 184 184 185 185 185 185 185 185 185 185 186 186 186 186 186 187 187 187 187 187 187 187 187 187 187 187 188 188 188 188 188 188 189 189 189 189 189 189 190 190 190 190 190 191 191 191 191 191 191 191 191 191 192 192 192 192 192 192 192 192 192 192 192 193 193 193 194 193 193 193 194 193 194 194 194 194 195 195 195 195 195 195 195 195 195 195 195 196 196 196 196 197 197 197 197 197 197 198 198 197 197 198 198 198 200 200 200 200 201 201 201 201 201 201 201 201 201 201 202 202 202 202 202 202 202 202 202 203 203 203 203 203 203 203 203 204 204 204 204 205 205 205 205 205 205 205 205 205 206 206 206 206 206 206 206 206 206 207 207 207 207 206 207 207 206 206 207 207 207 207 207 207 208 207 207 208 208 208 208 208 208 208 209 208 209 209 209 209 209 209 209 209 209 210 209 210 210 210 210 211 211 211 210 210 210 210 210 210 210 210 210 211 211 211 211 210 210 210 210 210 210 210 210 211 211 211 211 211 211 211 211 211 211 211 211 211 211 211 212 212 212 212 212 213 0 0 0 0 0 0 0 0 0 0 0 0 0 0 0 0 0 0 0 0 0 0 0 0 0 0 0 0 0 0 0 0 0 0 0 0 0 0 0 0 0 0 0 0 0 0 0 0 0 0 0 0 0 0 0 0 0 0 0 0 0 0 0 0 0 0 0 0 0 0 0 
0 0 0 0 0 0 0 0 0 0 0 0 0 0 0 0 0 0 0 0 0 0 0 0 0 0 0 0 0 0 0 0 0 0 0 0 0 0 0 0 0 0 0 0 0 0 0 0 0 0 0 0 0 0 0 0 0 0 0 0 0 0 0 0 0 0 0 0 0 0 0 0 0 0 0 0 0 0 0 0 0 0 0 0 0 169 169 169 169 168 168 169 170 170 171 171 171 171 172 172 172 172 172 173 173 173 173 173 174 174 174 174 174 173 173 174 174 174 174 175 175 175 175 175 176 176 176 176 176 176 176 176 176 175 176 177 177 177 177 177 177 178 178 177 177 178 179 178 178 179 179 178 179 179 179 179 178 178 179 179 180 180 180 180 180 180 181 181 180 181 181 181 181 182 182 182 182 183 183 183 183 184 184 183 183 184 184 184 184 184 185 185 186 186 185 185 185 185 185 185 185 186 186 186 187 187 187 187 187 187 187 187 187 188 188 188 188 188 188 188 189 189 189 189 189 189 190 190 190 190 190 190 190 191 191 191 191 191 191 191 191 192 192 192 192 192 192 192 192 192 192 192 192 193 193 194 193 193 193 193 194 194 194 194 195 195 195 195 195 195 195 196 196 195 195 196 196 196 196 196 197 197 197 197 197 197 198 198 198 198 198 198 200 200 201 201 201 200 201 201 201 201 201 201 201 201 202 202 202 202 202 202 202 202 202 203 203 203 202 203 203 203 204 204 204 204 204 204 204 205 205 205 205 205 205 205 206 206 206 206 206 206 206 206 206 207 207 207 207 207 207 207 206 206 207 207 207 207 207 207 208 207 208 208 208 208 208 208 208 209 209 208 208 209 209 209 209 209 209 209 209 209 209 209 210 210 210 210 210 210 210 210 210 210 210 210 210 210 210 210 211 211 211 211 210 210 210 210 210 210 211 211 211 211 210 211 211 211 211 211 211 211 211 211 211 211 211 211 211 211 212 212 213 0 0 0 0 0 0 0 0 0 0 0 0 0 0 0 0 0 0 0 0 0 0 0 0 0 0 0 0 0 0 0 0 0 0 0 0 0 0 0 0 0 0 0 0 0 0 0 0 0 0 0 0 0 0 0 0 0 0 0 0 0 0 0 0 0 0 0 0 0 0 
0 0 0 0 0 0 0 0 0 0 0 0 0 0 0 0 0 0 0 0 0 0 0 0 0 0 0 0 0 0 0 0 0 0 0 0 0 0 0 0 0 0 0 0 0 0 0 0 0 0 0 0 0 0 0 0 0 0 0 0 0 0 0 0 0 0 0 0 0 0 0 0 0 0 0 0 0 0 0 0 0 0 0 0 0 169 169 169 169 169 168 169 169 170 171 171 171 172 172 172 172 172 172 172 173 173 173 173 173 174 174 175 174 174 174 174 174 174 174 174 174 174 175 175 176 176 176 176 176 176 176 176 176 175 176 176 177 177 178 178 178 178 177 177 178 178 178 178 178 179 179 179 179 178 177 178 178 178 179 179 179 179 180 181 181 181 181 181 181 181 181 181 182 182 182 182 183 183 183 183 183 184 184 184 184 184 184 184 184 185 185 185 186 186 185 185 186 186 186 186 186 186 186 186 186 186 186 187 187 187 187 187 187 188 188 188 188 188 188 188 189 189 189 189 189 189 190 190 190 190 190 190 190 191 191 191 191 191 191 191 191 191 192 192 192 192 192 192 192 192 192 192 193 193 193 193 193 194 194 193 193 193 194 195 195 195 195 195 195 195 195 196 196 196 196 196 196 196 196 197 197 197 197 197 197 197 197 198 198 198 198 198 200 200 201 201 201 200 200 201 201 201 201 201 201 201 201 202 202 202 202 202 202 202 202 203 203 203 202 202 203 203 203 204 204 204 204 204 205 205 205 205 205 205 205 205 205 205 205 206 206 206 206 206 206 206 207 206 206 207 207 207 207 206 207 207 207 207 207 207 207 207 208 208 208 208 208 208 208 209 208 208 209 209 209 209 209 209 209 209 209 209 209 209 209 209 210 210 210 210 210 210 209 209 210 210 210 210 210 210 210 210 211 210 210 210 210 210 210 210 210 211 211 210 210 211 211 211 211 211 211 211 211 212 212 212 211 211 211 212 212 212 212 212 213 0 0 0 0 0 0 0 0 0 0 0 0 0 0 0 0 0 0 0 0 0 0 0 0 0 0 0 0 0 0 0 0 0 0 0 0 0 0 0 0 0 0 0 0 0 0 0 0 0 0 0 0 0 0 0 0 0 0 0 0 0 0 0 0 0 0 0 0 
0 0 0 0 0 0 0 0 0 0 0 0 0 0 0 0 0 0 0 0 0 0 0 0 0 0 0 0 0 0 0 0 0 0 0 0 0 0 0 0 0 0 0 0 0 0 0 0 0 0 0 0 0 0 0 0 0 0 0 0 0 0 0 0 0 0 0 0 0 0 0 0 0 0 0 0 0 0 0 0 0 0 0 0 0 0 169 169 169 169 169 169 169 170 171 171 171 172 172 172 173 172 172 172 173 173 173 173 174 174 174 175 175 174 174 174 174 174 175 175 175 174 174 175 175 176 176 176 176 176 176 175 175 176 176 177 176 177 178 178 178 178 177 178 178 178 178 177 177 177 178 178 177 177 177 178 178 179 179 179 179 179 180 180 181 181 181 181 181 181 182 181 181 181 182 182 183 183 183 183 183 184 184 184 184 184 184 184 184 185 185 185 185 185 185 186 186 187 187 186 186 186 186 186 186 186 186 187 187 187 187 187 187 187 188 188 188 188 188 188 189 189 189 189 189 189 190 190 190 190 190 190 190 190 191 191 191 191 191 191 191 191 191 192 192 192 192 192 192 193 192 192 192 193 193 193 193 194 194 194 193 194 194 194 194 195 195 195 195 195 195 196 196 196 196 196 196 196 196 196 197 197 197 197 197 197 197 198 198 198 198 198 200 200 200 200 201 201 201 201 201 201 201 201 201 201 201 201 201 202 202 201 202 202 203 203 203 202 202 202 203 203 203 204 204 204 204 204 204 205 205 205 205 205 205 205 205 205 205 205 206 206 206 206 206 206 207 207 206 207 207 207 207 206 206 207 207 207 207 207 207 207 207 207 208 208 208 208 208 208 208 208 209 209 209 209 209 209 209 209 209 209 209 209 210 210 210 211 211 211 210 210 210 209 210 210 210 210 210 210 210 210 210 210 210 210 210 210 210 210 210 210 210 210 210 211 211 211 211 211 211 211 211 211 211 211 212 211 212 212 211 211 212 212 212 213 0 0 0 0 0 0 0 0 0 0 0 0 0 0 0 0 0 0 0 0 0 0 0 0 0 0 0 0 0 0 0 0 0 0 0 0 0 0 0 0 0 0 0 0 0 0 0 0 0 0 0 0 0 0 0 0 0 0 0 0 0 0 0 0 0 0 0 
0 0 0 0 0 0 0 0 0 0 0 0 0 0 0 0 0 0 0 0 0 0 0 0 0 0 0 0 0 0 0 0 0 0 0 0 0 0 0 0 0 0 0 0 0 0 0 0 0 0 0 0 0 0 0 0 0 0 0 0 0 0 0 0 0 0 0 0 0 0 0 0 0 0 0 0 0 0 0 0 0 0 0 0 0 168 168 168 169 170 169 169 169 169 170 170 170 171 173 173 173 173 173 173 173 173 173 174 174 174 174 174 175 175 175 174 174 174 175 175 174 174 174 174 175 175 175 176 176 176 176 175 176 177 177 177 177 177 178 178 178 178 177 178 178 178 178 178 178 178 177 178 179 178 179 178 178 178 179 179 180 180 180 180 181 181 181 181 182 182 182 182 182 182 182 182 183 183 183 183 183 183 184 184 184 184 184 185 185 185 184 184 185 186 185 185 186 186 187 187 187 186 186 186 186 186 186 186 186 186 187 187 187 187 187 188 188 189 189 188 188 189 190 189 189 189 189 190 190 190 190 190 190 190 190 191 191 191 191 191 191 191 192 192 192 192 192 192 192 193 193 193 193 193 193 193 194 194 193 194 194 193 194 194 194 194 195 195 195 195 195 195 196 196 196 196 196 196 196 196 197 197 197 197 197 197 197 197 198 198 198 198 200 200 200 201 201 201 201 201 201 201 201 201 201 201 201 201 201 202 202 202 202 202 202 202 202 202 202 202 203 203 204 204 204 204 204 204 204 205 205 205 205 205 205 205 205 206 206 205 206 206 206 206 206 206 206 206 206 206 207 207 206 206 206 206 207 207 207 207 207 207 207 207 207 207 207 208 208 208 208 208 208 208 208 209 209 209 210 210 209 209 210 210 210 210 210 210 211 210 210 210 210 210 210 210 210 210 210 210 210 211 210 210 211 211 211 211 211 210 210 210 210 210 210 211 211 211 211 211 211 211 211 212 211 211 211 211 211 211 211 211 211 212 212 212 212 213 213 213 0 0 0 0 0 0 0 0 0 0 0 0 0 0 0 0 0 0 0 0 0 0 0 0 0 0 0 0 0 0 0 0 0 0 0 0 0 0 0 0 0 0 0 0 0 0 0 0 0 0 0 0 0 0 0 0 0 0 0 0 0 0 0 
0 0 0 0 0 0 0 0 0 0 0 0 0 0 0 0 0 0 0 0 0 0 0 0 0 0 0 0 0 0 0 0 0 0 0 0 0 0 0 0 0 0 0 0 0 0 0 0 0 0 0 0 0 0 0 0 0 0 0 0 0 0 0 0 0 0 0 0 0 0 0 0 0 0 0 0 0 0 0 0 0 0 0 0 167 168 167 168 169 170 170 169 169 170 170 170 170 171 172 172 172 172 173 173 173 173 173 174 174 174 174 174 175 175 175 175 175 175 175 175 175 175 175 175 175 175 175 175 175 175 176 175 176 177 177 177 177 177 178 178 178 177 177 178 178 178 178 179 179 178 177 178 179 179 179 178 178 178 178 179 179 180 180 180 181 181 181 181 181 181 182 182 182 182 182 182 183 183 183 183 183 183 184 184 184 185 185 185 185 185 185 185 186 186 185 186 186 186 187 187 187 187 186 186 186 186 187 186 186 187 187 187 187 188 188 188 188 189 189 188 188 189 190 190 190 189 189 190 190 190 190 191 190 190 190 191 191 191 191 191 191 191 192 192 192 192 192 192 192 192 193 193 193 193 193 193 193 193 193 193 194 194 194 194 194 194 195 195 195 195 195 195 196 196 196 196 196 196 196 196 197 197 197 197 197 197 197 197 197 198 198 198 200 200 201 201 201 201 201 201 201 201 202 202 202 201 201 201 201 202 202 202 202 202 202 202 202 202 202 203 202 203 203 204 204 204 204 204 204 205 205 205 205 205 205 205 205 206 206 206 206 206 206 206 206 206 206 206 207 207 207 207 207 207 207 207 207 207 207 207 207 207 207 207 207 207 207 207 207 208 208 208 208 208 208 208 209 209 209 209 209 209 210 210 210 210 210 210 210 210 210 210 210 210 210 210 210 211 210 210 210 210 211 210 210 210 210 211 211 211 211 210 210 210 210 211 211 211 211 211 211 211 211 211 212 212 212 211 211 211 211 211 211 211 212 212 212 212 213 213 0 0 0 0 0 0 0 0 0 0 0 0 0 0 0 0 0 0 0 0 0 0 0 0 0 0 0 0 0 0 0 0 0 0 0 0 0 0 0 0 0 0 0 0 0 0 0 0 0 0 0 0 0 0 0 0 0 0 0 0 0 0 0 
0 0 0 0 0 0 0 0 0 0 0 0 0 0 0 0 0 0 0 0 0 0 0 0 0 0 0 0 0 0 0 0 0 0 0 0 0 0 0 0 0 0 0 0 0 0 0 0 0 0 0 0 0 0 0 0 0 0 0 0 0 0 0 0 0 0 0 0 0 0 0 0 0 0 0 0 0 0 0 0 0 165 0 0 167 167 167 168 169 169 169 170 170 170 171 171 171 172 172 172 172 171 171 172 172 173 173 173 174 174 174 174 175 175 175 175 175 175 175 175 176 176 176 176 175 176 176 176 176 176 176 176 176 176 177 177 177 177 178 178 178 179 178 178 178 178 177 178 178 178 177 178 178 179 179 178 178 178 178 179 179 179 180 180 180 180 181 181 181 182 182 182 182 182 183 182 183 183 183 183 183 184 184 184 184 184 184 185 186 185 185 185 186 186 185 186 187 187 187 187 188 187 186 186 186 186 186 186 186 187 187 187 187 187 188 188 189 189 189 189 189 189 190 190 190 190 189 190 190 190 191 191 191 191 190 190 191 191 191 191 191 191 192 192 192 192 192 192 192 192 193 193 193 193 193 193 193 193 193 193 194 194 194 194 194 194 194 195 195 195 195 195 195 196 196 196 196 196 196 196 196 197 197 197 197 197 197 197 198 198 198 198 200 200 200 200 201 201 201 201 201 201 201 201 202 201 201 201 202 202 202 202 202 202 202 202 203 203 203 203 203 203 204 204 204 204 204 204 204 205 205 205 205 205 205 205 205 206 206 206 206 206 206 206 206 206 206 206 206 207 207 207 207 208 207 207 207 207 207 207 207 207 207 207 207 207 207 207 207 207 207 208 208 208 208 208 208 208 208 209 209 209 209 209 210 210 210 210 210 210 210 210 210 210 210 211 210 210 211 210 210 210 210 210 210 210 210 210 211 211 211 210 210 210 210 211 211 211 211 211 211 212 211 211 211 211 212 212 212 212 212 211 211 211 211 211 212 212 212 212 213 0 0 0 0 0 0 0 0 0 0 0 0 0 0 0 0 0 0 0 0 0 0 0 0 0 0 0 0 0 0 0 0 0 0 0 0 0 0 0 0 0 0 0 0 0 0 0 0 0 0 0 0 0 0 0 0 0 0 0 0 0 0 
0 0 0 0 0 0 0 0 0 0 0 0 0 0 0 0 0 0 0 0 0 0 0 0 0 0 0 0 0 0 0 0 0 0 0 0 0 0 0 0 0 0 0 0 0 0 0 0 0 0 0 0 0 0 0 0 0 0 0 0 0 0 0 0 0 0 0 0 0 0 0 0 0 0 0 0 0 0 0 0 0 166 166 166 166 167 167 168 168 168 168 169 170 170 170 170 170 171 171 172 172 172 172 171 172 172 173 173 174 174 174 174 174 175 175 175 174 174 174 175 175 175 176 176 176 176 176 177 177 177 177 177 176 177 177 177 177 177 177 178 178 179 178 179 179 178 177 177 178 178 178 178 178 178 178 178 178 179 179 179 179 179 179 180 180 180 180 181 181 182 182 182 182 182 183 183 183 183 183 183 184 184 184 184 185 185 185 185 185 186 186 185 185 185 185 186 187 187 187 188 187 187 187 186 186 186 186 185 186 187 188 188 188 189 189 189 189 189 189 189 190 190 189 189 189 189 189 190 190 190 191 191 191 191 190 190 190 191 191 191 191 191 192 192 192 192 192 192 192 192 192 193 193 193 193 193 193 193 193 193 193 193 194 194 194 194 194 195 195 195 195 195 195 195 195 196 196 196 196 196 196 197 197 197 197 197 197 197 198 198 198 198 200 200 200 200 200 201 201 201 201 201 201 201 201 201 201 201 202 202 202 203 203 203 203 203 203 203 203 203 203 203 203 204 204 204 204 204 204 205 205 205 205 205 205 205 205 205 206 206 206 206 206 206 206 206 206 206 206 206 206 207 207 207 207 207 207 207 207 207 207 207 207 207 207 208 208 208 208 208 208 208 208 208 208 208 208 208 208 209 209 209 209 209 209 209 210 210 209 210 210 210 210 210 210 210 211 210 210 210 210 211 210 210 210 210 210 210 211 211 211 211 210 210 210 210 211 211 211 211 211 211 211 211 211 211 211 211 212 213 213 212 212 212 212 212 212 212 212 212 0 0 0 0 0 0 0 0 0 0 0 0 0 0 0 0 0 0 0 0 0 0 0 0 0 0 0 0 0 0 0 0 0 0 0 0 0 0 0 0 0 0 0 0 0 0 0 0 0 0 0 0 0 0 0 0 0 0 0 0 0 0 0 
0 0 0 0 0 0 0 0 0 0 0 0 0 0 0 0 0 0 0 0 0 0 0 0 0 0 0 0 0 0 0 0 0 0 0 0 0 0 0 0 0 0 0 0 0 0 0 0 0 0 0 0 0 0 0 0 0 0 0 0 0 0 0 0 0 0 0 0 0 0 0 0 0 0 0 0 0 0 0 0 0 165 166 167 167 167 167 167 167 167 167 168 169 169 169 169 170 171 171 172 172 172 172 172 172 172 173 173 173 174 174 174 175 175 175 175 175 174 174 174 175 175 175 175 175 175 176 176 176 176 176 176 176 177 177 178 178 177 177 177 177 178 178 178 179 178 177 178 179 179 179 178 178 178 178 178 179 179 179 179 179 179 179 180 180 180 181 182 182 181 181 181 182 182 183 183 182 183 183 183 184 184 184 185 185 185 185 185 185 186 186 185 185 185 185 186 186 187 188 187 187 186 186 186 187 187 186 186 186 187 187 187 188 188 189 190 189 189 189 188 189 189 190 189 189 190 189 190 190 190 191 191 191 191 191 191 191 191 191 191 191 191 191 191 192 192 192 192 192 192 192 192 192 193 193 193 193 193 193 193 193 193 194 194 194 194 194 195 195 195 195 195 195 195 196 196 196 196 196 196 196 197 197 197 197 197 197 197 197 198 198 198 200 200 200 200 200 200 201 201 201 201 201 201 201 201 201 201 202 202 202 203 203 203 203 203 203 203 203 203 203 203 203 203 204 204 204 204 204 205 205 205 205 205 205 205 205 205 206 206 206 206 206 206 206 206 206 206 207 206 206 206 207 208 207 207 207 207 207 207 208 208 207 207 207 207 208 208 209 209 208 208 208 208 208 208 208 208 209 209 210 210 210 210 209 209 209 209 209 210 210 210 210 210 210 210 210 210 210 210 210 211 211 211 210 210 210 210 211 211 211 210 210 210 210 210 211 211 211 211 211 211 212 212 212 212 211 212 212 212 213 213 213 213 212 212 212 212 212 212 0 0 0 0 0 0 0 0 0 0 0 0 0 0 0 0 0 0 0 0 0 0 0 0 0 0 0 0 0 0 0 0 0 0 0 0 0 0 0 0 0 0 0 0 0 0 0 0 0 0 0 0 0 0 0 0 0 0 0 0 0 0 0 
0 0 0 0 0 0 0 0 0 0 0 0 0 0 0 0 0 0 0 0 0 0 0 0 0 0 0 0 0 0 0 0 0 0 0 0 0 0 0 0 0 0 0 0 0 0 0 0 0 0 0 0 0 0 0 0 0 0 0 0 0 0 0 0 0 0 0 0 0 0 0 0 0 0 0 0 0 0 0 0 0 0 166 166 167 167 168 168 168 168 167 167 168 168 168 169 170 170 171 172 172 172 172 171 172 172 172 173 173 174 174 174 175 175 175 175 175 175 175 175 176 176 176 175 175 176 176 176 175 175 176 176 176 176 177 177 178 177 177 178 178 178 177 178 178 178 178 178 178 179 178 178 178 178 178 179 179 179 179 180 179 179 179 180 180 180 180 181 181 181 181 181 181 182 183 182 183 183 184 184 184 183 184 184 184 184 185 186 186 186 185 185 185 185 185 186 186 186 187 188 187 186 186 186 186 186 186 185 186 187 187 187 187 188 189 190 189 189 188 188 189 189 189 189 189 189 189 190 191 191 191 191 191 192 191 191 191 191 191 191 191 191 191 191 192 192 192 192 192 192 192 192 193 193 193 193 193 193 193 194 193 193 193 194 194 194 194 195 195 195 195 195 195 196 196 196 196 196 196 196 197 197 197 197 197 197 197 197 197 197 197 198 200 200 200 200 200 200 201 201 201 201 201 201 201 201 201 202 202 202 202 202 203 203 203 203 203 203 203 203 203 203 203 203 203 204 204 204 204 204 205 205 205 205 205 205 205 205 206 206 206 206 206 206 206 206 206 206 207 207 207 206 207 207 208 207 207 207 207 208 209 208 208 208 208 208 208 208 209 209 209 209 209 209 209 209 209 210 210 210 210 210 210 210 209 209 209 209 210 210 210 210 211 211 210 210 210 210 210 210 210 210 211 211 211 211 211 210 211 211 211 211 210 210 210 211 211 211 211 211 211 211 212 212 213 212 211 212 212 212 212 212 213 213 213 212 212 212 212 213 212 0 0 0 0 0 0 0 0 0 0 0 0 0 0 0 0 0 0 0 0 0 0 0 0 0 0 0 0 0 0 0 0 0 0 0 0 0 0 0 0 0 0 0 0 0 0 0 0 0 0 0 0 0 0 0 0 0 0 0 0 0 0 
0 0 0 0 0 0 0 0 0 0 0 0 0 0 0 0 0 0 0 0 0 0 0 0 0 0 0 0 0 0 0 0 0 0 0 0 0 0 0 0 0 0 0 0 0 0 0 0 0 0 0 0 0 163 0 0 0 0 0 0 0 0 0 0 0 163 163 0 0 0 0 0 0 0 0 0 0 0 0 0 0 166 166 167 167 167 167 168 168 169 169 168 168 169 169 168 169 170 171 171 171 172 172 172 171 172 173 173 173 173 174 174 174 175 175 175 175 175 175 175 176 176 176 176 176 177 177 176 176 176 177 177 177 177 176 177 178 178 178 178 178 179 178 178 179 179 179 179 178 178 178 178 178 179 179 179 179 180 180 179 179 179 180 180 180 180 180 180 180 181 181 181 182 182 183 182 183 183 184 184 183 184 184 184 185 184 185 186 186 185 185 185 186 186 186 186 186 186 187 187 187 186 186 186 186 186 186 187 186 186 187 187 187 188 189 190 190 190 189 189 189 189 189 189 190 189 189 190 190 190 190 191 191 191 191 191 190 190 191 191 191 191 191 191 192 192 192 192 192 192 192 193 193 193 193 193 193 194 194 194 194 194 194 194 194 194 194 194 195 195 195 195 196 196 196 196 196 196 196 197 197 197 197 197 197 197 197 197 197 197 197 197 200 200 200 200 200 201 201 201 201 201 201 202 202 202 202 202 202 202 202 203 203 203 203 203 203 203 203 203 203 203 203 203 204 204 204 204 204 204 205 205 205 205 205 205 205 205 205 206 206 206 206 206 206 206 206 206 207 207 207 207 207 207 208 207 208 207 207 207 208 209 208 208 208 208 208 208 209 209 210 210 210 210 210 210 210 210 210 210 210 210 210 210 210 209 209 209 210 210 210 211 211 211 210 210 210 210 210 210 210 210 210 210 211 211 211 211 210 211 211 211 211 210 210 211 211 211 211 211 211 211 211 212 212 213 212 212 212 212 212 213 213 213 213 213 213 213 213 213 213 0 0 0 0 0 0 0 0 0 0 0 0 0 0 0 0 0 0 0 0 0 0 0 0 0 0 0 0 0 0 0 0 0 0 0 0 0 0 0 0 0 0 0 0 0 0 0 0 0 0 0 0 0 0 0 0 0 0 0 0 0 0 
0 0 0 0 0 0 0 0 0 0 0 0 0 0 0 0 0 0 0 0 0 0 0 0 0 0 0 0 0 0 0 0 0 0 0 0 0 0 0 0 0 0 0 0 0 0 0 0 0 0 0 0 0 0 0 164 0 164 0 0 0 0 0 164 163 163 163 163 0 0 0 0 0 0 0 0 0 0 0 0 0 0 166 166 167 167 167 168 168 169 169 169 169 170 170 169 169 169 170 171 171 172 171 171 171 172 173 173 173 173 174 174 174 174 175 175 175 175 175 176 176 176 176 176 176 177 177 177 177 177 177 178 178 178 177 177 178 178 179 179 179 179 178 178 178 179 180 179 179 179 179 179 179 179 179 179 179 179 179 179 179 180 180 180 180 181 180 180 180 181 181 181 182 182 182 182 183 184 183 183 183 184 184 184 184 185 185 186 186 186 186 186 187 187 187 187 186 186 187 188 187 187 187 187 186 186 186 186 186 186 186 187 188 189 189 189 189 189 190 190 190 190 190 190 189 189 189 190 190 190 190 191 191 191 192 191 191 191 191 191 191 191 191 191 191 192 192 192 192 192 192 193 193 193 193 193 193 193 194 194 194 194 194 194 194 194 194 194 195 195 195 195 195 196 196 196 196 196 196 196 197 197 197 197 197 197 197 197 197 197 197 197 200 200 200 200 201 201 201 201 201 201 201 202 202 202 202 202 202 202 202 202 202 203 203 203 203 203 203 203 203 203 203 203 204 204 204 204 204 204 205 205 205 205 205 205 205 205 206 206 206 206 206 206 206 206 206 206 207 207 207 208 208 208 208 208 208 208 208 208 208 209 209 209 209 209 209 209 209 209 209 210 210 210 210 211 211 211 211 211 210 210 210 210 210 210 209 210 210 210 210 210 210 210 210 210 210 210 210 210 210 210 210 210 210 210 211 211 211 211 211 211 211 211 211 211 211 211 211 211 211 211 212 212 212 212 213 212 212 212 212 212 213 213 213 213 214 214 213 214 214 0 0 0 0 0 0 0 0 0 0 0 0 0 0 0 0 0 0 0 0 0 0 0 0 0 0 0 0 0 0 0 0 0 0 0 0 0 0 0 0 0 0 0 0 0 0 0 0 0 0 0 0 0 0 0 0 0 0 0 0 0 0 
0 0 0 0 0 0 0 0 0 0 0 0 0 0 0 0 0 0 0 0 0 0 0 0 0 0 0 0 0 0 0 0 0 0 0 0 0 0 0 0 0 0 0 0 0 0 0 0 0 0 0 0 162 162 162 163 164 164 164 164 164 165 165 164 163 163 163 163 163 163 0 0 0 0 0 0 0 0 0 0 0 0 0 165 166 166 167 167 167 168 169 169 169 170 170 170 170 170 169 170 171 172 171 171 172 172 173 173 173 173 173 173 174 174 174 175 176 176 176 176 175 175 176 176 176 176 176 176 177 177 177 177 177 178 178 177 177 178 179 179 179 179 179 178 178 178 179 179 179 180 179 179 179 179 179 179 179 179 179 180 180 180 180 180 180 181 181 181 181 181 181 181 182 183 183 182 183 183 183 184 183 183 183 184 184 185 186 185 186 187 187 187 188 188 188 187 188 187 188 187 187 187 188 187 186 186 186 186 187 187 187 186 187 188 189 189 189 188 189 189 189 190 190 189 189 189 190 190 190 190 191 191 191 191 191 192 192 192 192 191 191 191 191 191 191 192 192 192 192 192 192 193 193 193 193 193 193 193 194 194 194 194 194 194 194 194 195 195 194 195 195 195 195 195 196 196 196 196 196 196 197 197 197 197 197 197 197 197 197 198 198 198 200 200 200 200 201 201 201 201 201 201 201 202 202 202 202 202 202 202 202 202 203 203 203 203 203 203 203 203 203 204 203 203 204 204 204 204 204 204 204 205 205 205 205 205 206 206 206 206 206 206 206 206 206 206 206 206 207 207 207 208 208 207 207 208 208 208 208 208 208 208 209 210 209 210 210 210 209 209 209 209 210 210 210 211 211 210 211 211 211 210 210 210 211 211 210 210 210 210 210 210 210 211 210 210 210 210 210 210 210 210 210 210 211 210 211 211 211 211 211 211 211 211 211 211 211 211 211 211 211 212 212 212 212 212 213 212 213 213 212 212 212 213 213 213 213 213 213 213 214 0 0 0 0 0 0 0 0 0 0 0 0 0 0 0 0 0 0 0 0 0 0 0 0 0 0 0 0 0 0 0 0 0 0 0 0 0 0 0 0 0 0 0 0 0 0 0 0 0 0 0 0 0 0 0 0 0 0 0 0 0 0 
0 0 0 0 0 0 0 0 0 0 0 0 0 0 0 0 0 0 0 0 0 0 0 0 0 0 0 0 0 0 0 0 0 0 0 0 0 0 0 0 0 0 0 0 0 0 0 0 0 0 0 0 162 162 163 163 164 164 164 163 163 163 163 163 163 163 163 164 164 0 0 0 0 165 166 166 0 0 0 0 0 0 166 166 166 166 167 167 167 168 168 169 170 170 170 170 170 170 170 170 170 170 171 172 172 172 173 173 173 173 173 174 174 174 175 175 175 176 176 176 176 176 176 176 177 177 177 176 176 176 176 177 177 177 177 177 178 178 178 179 179 179 179 179 179 179 179 179 179 180 180 179 179 179 179 179 179 179 180 180 180 180 181 181 180 180 181 181 181 180 181 182 182 183 182 182 182 183 184 184 184 184 184 184 185 185 186 185 186 187 187 187 188 188 188 188 188 188 188 188 187 188 188 187 187 187 187 187 186 186 186 187 186 187 187 188 188 188 188 188 189 190 190 190 190 189 190 190 190 190 191 191 191 192 192 192 193 193 192 192 192 192 191 191 192 192 192 192 192 192 192 193 193 193 193 192 193 193 194 194 194 194 194 194 194 194 194 194 195 195 195 195 195 195 195 196 196 196 196 196 196 197 197 197 197 197 197 197 197 198 198 198 200 200 200 200 201 201 201 201 201 201 201 202 202 202 202 202 202 202 202 202 203 203 203 203 203 203 203 203 203 203 203 203 204 204 204 204 204 204 204 204 205 205 205 205 206 206 206 206 206 206 206 206 206 206 206 206 207 207 207 207 207 207 207 207 208 208 208 208 208 208 209 209 209 209 209 209 209 209 209 209 209 209 210 210 210 210 210 210 210 211 211 211 211 211 210 210 210 211 210 210 211 210 210 210 210 210 210 210 210 210 211 211 211 211 211 211 211 211 211 211 211 211 211 211 211 211 211 211 211 212 211 212 212 212 213 213 213 213 213 212 212 212 212 213 213 213 213 213 214 0 0 0 0 0 0 0 0 0 0 0 0 0 0 0 0 0 0 0 0 0 0 0 0 0 0 0 0 0 0 0 0 0 0 0 0 0 0 0 0 0 0 0 0 0 0 0 0 0 0 0 0 0 0 0 0 0 0 0 0 0 0 
0 0 0 0 0 0 0 0 0 0 0 0 0 0 0 0 0 0 0 0 0 0 0 0 0 0 0 0 0 0 0 0 0 0 0 0 0 0 0 0 0 0 0 0 0 0 0 0 0 0 0 0 163 162 163 163 164 164 164 163 163 163 163 164 164 164 165 164 164 164 0 164 164 164 165 166 166 166 167 168 168 168 167 166 166 166 167 167 167 167 168 168 169 170 170 171 171 171 171 171 170 171 172 172 172 172 172 172 173 173 173 174 174 174 174 175 175 176 176 176 176 176 176 176 177 177 177 177 177 176 177 177 177 177 178 178 178 178 178 178 179 179 179 180 180 180 180 179 179 179 180 179 179 179 179 179 180 180 180 180 180 180 181 181 181 181 181 181 181 181 181 181 181 182 182 182 182 183 183 183 184 184 184 184 185 186 186 185 186 186 186 187 187 187 187 187 187 188 188 188 188 188 188 187 186 186 186 186 186 186 187 187 187 186 186 187 188 188 188 188 189 190 190 190 189 189 190 190 191 190 190 191 191 191 191 192 192 193 193 192 193 192 192 192 192 193 193 192 192 192 192 193 193 193 193 193 193 193 193 194 194 194 194 194 194 194 195 195 195 195 195 195 195 195 196 196 196 196 196 196 196 196 197 197 197 197 197 197 197 197 198 198 200 200 200 200 201 201 201 201 201 201 201 202 202 202 202 202 202 202 202 202 202 203 203 203 203 203 203 203 203 203 203 203 204 204 204 204 205 205 205 204 205 205 205 205 206 206 206 206 206 206 206 206 206 206 206 206 206 206 207 207 207 208 207 207 208 207 208 208 208 208 208 208 208 209 209 209 209 209 209 209 209 210 210 210 210 210 210 210 210 210 211 211 211 211 210 210 210 210 211 211 210 211 211 210 210 210 210 210 210 210 210 210 211 211 211 211 211 211 211 211 211 211 211 211 211 211 211 211 212 211 212 212 212 212 212 213 212 213 213 213 213 212 213 213 213 213 214 214 214 0 0 0 0 0 0 0 0 0 0 0 0 0 0 0 0 0 0 0 0 0 0 0 0 0 0 0 0 0 0 0 0 0 0 0 0 0 0 0 0 0 0 0 0 0 0 0 0 0 0 0 0 0 0 0 0 0 0 0 0 0 0 
0 0 0 0 0 0 0 0 0 0 0 0 0 0 0 0 0 0 0 0 0 0 0 0 0 0 0 0 0 0 0 0 0 0 0 0 0 0 0 0 0 0 0 0 0 0 0 0 0 0 0 0 163 163 163 163 164 164 164 163 163 163 164 164 164 164 165 165 164 164 164 0 0 164 165 166 165 165 166 167 167 167 167 167 167 166 166 167 168 168 168 168 169 169 170 170 170 170 171 171 171 172 172 172 172 172 172 173 173 173 174 174 175 175 174 174 175 175 175 175 176 176 177 177 177 177 177 177 177 177 177 178 178 178 179 178 178 178 178 178 179 179 179 179 179 179 179 179 178 179 179 179 179 179 179 179 180 180 180 180 180 180 181 181 181 181 181 181 182 181 181 181 181 182 182 182 182 183 184 183 183 184 184 185 185 186 186 185 186 186 186 186 187 187 187 187 187 187 188 188 189 189 189 187 187 187 187 187 187 187 187 187 188 187 187 186 187 187 188 189 189 189 189 190 190 190 190 191 191 191 191 191 191 192 192 192 192 192 193 193 193 193 193 193 193 194 194 193 193 193 193 193 193 193 193 193 193 193 193 194 194 194 194 194 194 194 194 194 195 195 195 195 195 196 196 196 196 196 196 196 196 196 197 197 197 197 197 197 197 197 198 198 200 200 200 200 201 201 201 201 201 201 201 202 202 202 202 202 202 202 203 203 203 203 203 203 203 203 203 203 203 203 203 204 204 204 204 204 205 205 204 205 205 205 205 205 205 206 206 206 206 206 206 206 206 206 206 206 206 206 207 207 207 207 207 207 207 208 208 208 208 207 208 208 208 209 209 209 209 209 210 209 209 210 210 210 210 210 211 210 210 210 210 210 211 211 211 210 210 210 210 211 211 211 211 211 210 210 210 210 210 210 210 210 210 210 210 210 211 211 211 211 211 211 211 210 211 211 211 211 211 211 211 211 212 212 212 212 212 212 213 213 213 213 213 213 213 213 213 214 214 0 0 0 0 0 0 0 0 0 0 0 0 0 0 0 0 0 0 0 0 0 0 0 0 0 0 0 0 0 0 0 0 0 0 0 0 0 0 0 0 0 0 0 0 0 0 0 0 0 0 0 0 0 0 0 0 0 0 0 0 0 0 
0 0 0 0 0 0 0 0 0 0 0 0 0 0 0 0 0 0 0 0 0 0 0 0 0 0 0 0 0 0 0 0 0 0 0 0 0 0 0 0 0 0 0 0 0 0 0 0 0 0 0 0 163 163 164 164 164 165 164 164 164 164 164 165 166 165 165 165 164 164 0 0 0 164 165 165 165 165 166 166 167 167 167 166 167 167 167 167 167 167 168 168 169 169 170 169 170 170 171 171 172 172 172 172 172 172 172 172 173 173 174 174 175 175 175 174 175 175 175 175 176 176 176 177 177 177 177 177 177 178 178 178 178 178 179 178 179 178 178 179 179 179 179 179 179 180 179 178 178 178 179 179 179 179 179 180 180 181 180 180 180 180 181 181 181 181 181 181 181 182 182 182 181 182 183 183 183 183 184 184 184 184 185 185 185 185 186 185 185 186 186 186 187 187 187 187 187 186 187 188 188 189 189 188 188 188 188 188 187 187 187 188 188 187 187 186 187 187 188 189 190 189 189 189 190 190 190 190 190 191 191 191 191 192 192 192 193 193 193 193 193 193 194 194 194 194 194 194 194 194 193 193 194 194 194 193 193 193 193 193 194 194 194 194 194 195 194 194 195 195 195 195 195 195 195 196 196 196 196 196 196 197 197 197 197 197 197 197 197 198 197 198 200 200 200 200 201 201 201 201 201 201 201 201 202 202 202 202 202 202 202 203 203 203 203 203 203 203 203 203 203 203 203 204 204 204 204 205 205 205 205 205 205 205 205 205 205 205 206 206 206 206 206 206 206 206 206 206 206 206 207 207 207 207 207 207 207 208 208 208 208 208 208 208 209 209 209 209 209 209 209 209 209 210 210 210 210 210 210 210 210 210 210 210 211 211 211 211 211 211 211 211 211 211 211 211 211 210 210 210 210 210 210 210 210 210 210 210 210 210 210 210 211 211 211 211 211 211 211 211 211 211 212 212 212 212 212 212 212 212 212 213 213 213 213 214 214 213 213 213 214 0 0 0 0 0 0 0 0 0 0 0 0 0 0 0 0 0 0 0 0 0 0 0 0 0 0 0 0 0 0 0 0 0 0 0 0 0 0 0 0 0 0 0 0 0 0 0 0 0 0 0 0 0 0 0 0 0 0 0 0 0 0 
0 0 0 0 0 0 0 0 0 0 0 0 0 0 0 0 0 0 0 0 0 0 0 0 0 0 0 0 0 0 0 0 0 0 0 0 0 0 0 0 0 0 0 0 0 0 0 0 0 0 0 0 163 163 163 164 165 165 165 165 165 165 165 165 166 165 165 165 164 164 164 0 0 165 165 166 166 166 166 166 167 167 167 167 166 167 167 167 167 168 168 168 169 170 170 169 169 170 170 171 172 172 172 172 173 173 172 172 172 173 174 174 174 175 175 175 175 175 175 175 176 176 176 176 176 177 177 177 177 178 178 178 178 178 178 178 178 178 179 180 180 180 180 180 180 180 180 179 178 178 178 179 179 180 180 180 181 181 180 181 181 181 181 181 181 182 181 181 181 182 182 181 181 181 182 183 183 184 184 185 184 185 185 185 185 185 185 185 185 185 186 187 187 187 187 187 187 187 186 187 187 187 188 188 188 189 189 188 188 188 188 188 188 187 187 187 187 188 188 189 190 190 189 190 190 191 191 191 191 191 191 192 192 192 192 192 193 193 193 193 193 193 193 194 194 194 194 194 194 194 194 194 194 194 194 193 193 193 193 194 194 194 194 194 194 194 194 194 194 195 195 195 195 195 196 196 196 196 196 196 196 197 197 197 197 197 197 197 197 197 197 198 200 200 200 201 201 201 201 201 201 201 201 201 202 202 202 202 202 202 202 203 203 203 203 203 203 203 203 203 203 203 203 204 204 204 204 205 205 204 205 205 205 205 205 205 205 205 206 206 206 206 206 206 206 206 206 206 207 207 207 207 207 207 207 208 207 207 208 208 208 208 208 208 209 209 209 209 209 209 209 209 209 210 210 210 210 210 210 210 210 210 210 211 211 211 211 211 211 211 211 211 211 211 211 211 211 211 210 210 210 210 210 210 210 210 210 210 210 210 210 211 211 211 211 211 210 211 211 212 211 212 212 212 212 212 212 212 212 212 212 213 212 213 213 213 213 213 213 213 214 214 0 0 0 0 0 0 0 0 0 0 0 0 0 0 0 0 0 0 0 0 0 0 0 0 0 0 0 0 0 0 0 0 0 0 0 0 0 0 0 0 0 0 0 0 0 0 0 0 0 0 0 0 0 0 0 0 0 0 0 0 0 
0 0 0 0 0 0 0 0 0 0 0 0 0 0 0 0 0 0 0 0 0 0 0 0 0 0 0 0 0 0 0 0 0 0 0 0 0 0 0 0 0 0 0 0 0 0 0 0 0 0 0 0 163 163 164 164 165 165 164 164 164 164 164 165 166 166 165 165 164 164 164 165 166 165 166 166 166 166 167 167 167 167 167 167 167 167 167 167 167 167 167 168 169 170 170 170 169 170 170 171 171 171 172 173 173 173 172 172 172 173 174 174 174 175 175 175 175 175 175 175 176 176 176 176 177 177 177 177 177 177 178 178 178 178 178 178 178 178 178 178 179 179 179 180 180 180 179 179 178 179 179 179 179 180 180 180 181 181 181 181 181 181 181 181 180 181 181 181 181 181 181 181 181 182 181 182 183 183 183 184 185 185 185 185 186 186 186 186 185 185 185 186 187 187 187 187 187 187 187 186 186 187 187 187 187 188 189 189 189 189 188 187 187 187 186 186 187 188 188 188 189 190 190 190 191 191 191 191 192 192 192 192 192 192 192 193 193 193 193 193 193 194 194 194 194 194 193 194 194 194 194 195 194 194 194 194 194 194 194 194 194 194 194 195 195 194 195 195 195 195 195 195 195 195 195 196 196 196 196 196 196 197 197 197 197 197 197 197 197 197 197 198 200 200 200 201 201 201 201 201 201 201 201 201 202 202 202 202 202 202 202 202 203 203 203 203 203 203 203 203 203 203 203 204 204 204 204 205 205 205 205 205 205 205 205 205 205 205 205 206 206 206 206 206 206 206 206 206 207 207 207 207 207 207 207 207 208 207 207 208 208 208 208 208 208 209 208 209 209 209 209 209 209 209 210 210 210 210 210 210 210 210 210 211 211 210 211 211 210 210 210 210 210 211 211 211 211 211 210 210 210 210 209 210 210 210 210 211 211 210 210 211 211 211 211 211 211 211 211 211 211 212 211 212 211 212 212 212 212 212 212 212 212 212 212 213 212 213 213 213 213 213 0 0 0 0 0 0 0 0 0 0 0 0 0 0 0 0 0 0 0 0 0 0 0 0 0 0 0 0 0 0 0 0 0 0 0 0 0 0 0 0 0 0 0 0 0 0 0 0 0 0 0 0 0 0 0 0 0 0 0 0 0 
0 0 0 0 0 0 0 0 0 0 0 0 0 0 0 0 0 0 0 0 0 0 0 0 0 0 0 0 0 0 0 0 0 0 0 0 0 0 0 0 0 0 0 0 0 0 0 0 0 0 0 164 164 163 164 164 164 165 164 164 164 164 164 164 165 165 165 165 164 164 165 166 166 165 166 166 167 166 166 167 168 168 167 167 168 167 167 167 167 167 167 168 168 169 169 169 169 170 170 170 171 171 171 172 172 172 173 173 173 173 174 174 174 174 174 175 175 175 175 176 176 176 177 177 177 177 177 177 178 177 178 178 178 179 179 179 178 178 179 179 179 180 179 179 179 179 179 179 179 179 180 180 179 180 180 181 181 180 181 181 180 180 180 180 180 180 180 181 181 181 181 182 182 182 182 182 182 182 183 184 185 185 185 185 186 186 186 186 185 185 185 185 186 186 187 187 186 186 187 187 186 187 188 187 187 188 188 188 189 189 188 188 187 187 186 186 187 188 189 189 189 189 191 191 191 191 191 191 192 192 192 192 193 193 193 194 193 193 193 193 193 193 193 194 194 194 193 193 194 194 194 195 195 195 195 195 195 195 194 194 194 194 194 195 195 195 195 195 195 195 195 195 195 195 195 196 196 196 196 196 197 197 197 197 197 197 197 197 197 197 197 197 200 200 200 201 201 201 201 201 201 201 201 201 201 202 202 202 202 202 202 202 202 203 203 203 203 203 203 203 203 203 203 204 204 204 204 205 205 205 205 205 205 205 205 205 205 205 205 205 206 206 206 206 206 206 206 207 207 207 207 207 207 207 207 208 208 208 207 208 208 208 208 208 208 208 208 208 209 209 209 209 210 210 209 209 209 209 210 210 210 210 210 210 210 210 210 210 210 210 210 210 210 210 210 210 211 211 211 210 210 210 210 210 210 210 210 211 211 210 210 210 211 211 211 211 210 211 211 211 211 211 212 212 212 212 211 211 211 211 212 212 212 212 212 212 212 213 213 213 213 214 0 0 0 0 0 0 0 0 0 0 0 0 0 0 0 0 0 0 0 0 0 0 0 0 0 0 0 0 0 0 0 0 0 0 0 0 0 0 0 0 0 0 0 0 0 0 0 0 0 0 0 0 0 0 0 0 0 0 0 0 0 
0 0 0 0 0 0 0 0 0 0 0 0 0 0 0 0 0 0 0 0 0 0 0 0 0 0 0 0 0 0 0 0 0 0 0 0 0 0 0 0 0 0 0 0 0 0 0 0 0 0 164 164 164 164 164 163 164 165 165 165 165 164 164 164 164 164 164 164 164 164 165 166 166 165 166 167 167 168 167 167 168 169 168 168 168 168 167 168 167 167 167 167 168 168 168 170 171 171 171 171 171 171 171 171 171 172 172 172 173 173 173 173 174 174 175 175 175 175 175 175 176 176 176 177 177 177 177 177 177 177 178 178 178 178 179 179 179 179 179 180 180 180 180 179 179 179 179 179 179 179 179 180 179 180 181 181 181 180 180 180 180 180 180 180 181 181 181 181 181 181 181 182 182 183 183 182 182 182 183 184 185 184 184 184 185 185 186 186 186 186 185 185 185 186 187 186 186 185 186 186 186 186 187 186 186 187 188 188 188 189 189 189 188 187 187 186 187 188 189 189 190 190 191 191 191 190 190 191 192 191 191 192 192 192 193 194 193 193 193 193 193 193 193 193 193 194 194 193 194 194 194 195 195 195 194 195 194 195 195 195 195 195 195 195 195 195 195 195 195 195 195 195 195 195 196 196 196 196 196 196 196 196 196 197 197 197 197 197 197 197 197 198 200 200 200 201 201 201 201 201 201 201 201 201 201 202 202 202 202 202 202 203 203 203 203 203 203 203 203 203 203 204 204 204 204 204 204 204 205 205 205 205 205 205 205 205 205 206 205 205 205 206 206 206 206 206 207 207 207 207 207 207 207 207 207 208 208 207 207 208 208 208 208 208 208 208 208 208 209 209 209 209 209 209 209 209 210 210 210 210 210 210 210 210 210 210 210 210 210 210 210 210 210 210 211 211 211 211 210 210 210 210 210 211 210 210 210 211 211 211 211 210 210 211 211 211 210 210 211 211 211 211 211 211 211 211 211 212 212 212 212 213 213 213 213 213 212 213 213 213 213 214 214 0 0 0 0 0 0 0 0 0 0 0 0 0 0 0 0 0 0 0 0 0 0 0 0 0 0 0 0 0 0 0 0 0 0 0 0 0 0 0 0 0 0 0 0 0 0 0 0 0 0 0 0 0 0 0 0 0 0 0 0 
0 0 0 0 0 0 0 0 0 0 0 0 0 0 0 0 0 0 0 0 0 0 0 0 0 0 0 0 0 0 0 0 0 0 0 0 0 0 0 0 0 0 0 0 0 0 0 0 0 164 163 164 164 165 164 163 163 164 164 164 164 165 164 163 163 163 163 164 164 165 166 166 166 165 166 166 167 168 168 168 169 169 169 169 169 169 169 168 168 168 168 168 168 168 169 170 170 171 171 171 172 171 171 171 171 171 172 172 172 173 173 173 173 174 174 175 175 175 175 175 175 175 176 176 176 176 176 176 176 177 177 177 178 178 179 179 179 179 179 180 180 180 180 180 180 179 179 179 179 179 179 179 179 180 181 180 180 180 180 180 180 180 180 181 181 181 182 181 181 181 182 182 183 183 183 183 183 184 184 184 185 184 185 184 185 185 186 186 186 186 186 186 186 185 185 185 185 186 187 186 186 186 186 186 186 187 188 188 188 188 188 189 188 188 187 187 187 188 189 189 190 190 190 191 190 190 190 191 191 190 191 191 191 192 192 193 193 193 192 193 193 193 193 193 193 193 194 193 194 195 195 195 195 195 194 194 194 195 195 195 195 195 195 195 195 196 195 195 195 195 196 196 196 196 196 196 196 196 196 196 196 196 197 197 197 197 197 197 197 197 198 197 200 200 200 201 201 201 201 201 201 201 201 201 202 202 202 202 202 202 203 203 203 203 203 203 203 203 203 203 203 204 204 204 204 204 204 204 205 205 205 205 205 205 205 205 205 206 206 206 206 206 206 206 206 206 207 207 207 207 207 207 207 207 207 208 208 207 207 208 208 208 208 208 208 208 208 209 209 209 209 209 209 209 209 209 210 210 210 210 210 210 210 210 210 210 210 210 210 210 210 210 210 210 211 211 210 210 210 210 210 210 210 211 211 211 211 211 211 211 211 211 210 210 211 211 211 211 210 210 211 211 212 212 212 211 211 212 212 212 212 212 213 213 213 213 213 213 213 213 213 213 214 0 0 0 0 0 0 0 0 0 0 0 0 0 0 0 0 0 0 0 0 0 0 0 0 0 0 0 0 0 0 0 0 0 0 0 0 0 0 0 0 0 0 0 0 0 0 0 0 0 0 0 0 0 0 0 0 0 0 0 0 
0 0 0 0 0 0 0 0 0 0 0 0 0 0 0 0 0 0 0 0 0 0 0 0 0 0 0 0 0 0 0 0 0 0 0 0 0 0 0 0 0 0 0 0 0 0 0 0 0 163 163 163 164 165 164 164 163 164 164 164 163 164 164 163 163 164 164 165 165 166 166 165 165 165 166 166 166 167 168 168 168 168 168 169 169 170 170 169 169 168 168 168 168 168 168 169 169 170 170 171 172 172 172 172 172 172 172 172 173 173 174 174 174 174 174 174 175 175 175 175 175 176 176 176 176 176 176 177 177 177 177 178 178 178 178 179 179 179 179 179 180 180 180 180 180 180 179 179 179 179 179 179 180 180 181 181 181 181 180 180 180 180 181 181 181 182 182 182 181 181 181 182 183 183 183 184 184 185 184 184 184 184 184 184 185 185 185 185 185 185 185 185 185 185 186 186 186 186 187 187 187 187 186 186 186 187 188 188 188 188 188 187 188 187 187 187 187 188 189 189 189 189 190 190 190 190 190 191 190 190 191 191 191 191 192 192 193 193 193 193 193 193 193 193 193 193 193 193 193 194 194 195 195 194 194 195 194 195 195 195 195 195 195 195 195 195 195 195 195 195 196 196 196 196 196 196 196 196 196 196 196 196 197 197 197 197 197 197 197 197 197 198 200 200 200 201 201 200 200 201 201 201 201 202 202 202 202 202 202 202 202 202 203 203 203 203 203 203 203 203 203 204 204 204 204 204 204 205 205 205 205 205 205 205 205 205 206 206 206 206 206 206 206 206 206 206 207 207 207 207 207 207 207 207 207 207 207 207 207 208 208 208 208 208 208 208 209 209 209 209 209 209 209 210 209 209 209 209 209 210 210 210 210 210 210 210 210 210 210 210 210 210 210 210 210 210 210 210 210 210 210 210 210 211 211 211 211 211 211 211 211 211 211 211 211 211 211 211 211 210 210 211 211 212 212 212 212 212 212 212 212 212 212 212 213 214 213 213 213 213 213 213 214 214 0 0 0 0 0 0 0 0 0 0 0 0 0 0 0 0 0 0 0 0 0 0 0 0 0 0 0 0 0 0 0 0 0 0 0 0 0 0 0 0 0 0 0 0 0 0 0 0 0 0 0 0 0 0 0 0 0 0 0 
0 0 0 0 0 0 0 0 0 0 0 0 0 0 0 0 0 0 0 0 0 0 0 0 0 0 0 0 0 0 0 0 0 0 0 0 0 0 0 0 0 0 0 0 0 0 0 0 0 163 163 163 163 164 164 164 164 163 164 164 164 164 163 164 164 165 166 166 167 167 166 165 165 166 166 166 166 167 168 167 167 168 168 168 169 169 170 170 169 168 168 168 168 169 168 168 168 169 169 170 170 171 172 172 173 173 174 174 174 174 174 174 175 175 175 175 175 175 176 176 175 176 176 177 177 176 176 177 177 177 177 177 178 178 178 179 179 179 179 179 180 180 180 180 180 180 180 180 180 179 180 180 180 180 180 181 181 181 180 180 180 181 182 182 182 181 181 181 181 182 181 182 182 182 183 184 185 185 184 184 184 185 184 184 185 185 185 185 185 185 185 185 185 186 186 186 186 187 188 188 187 186 186 186 186 186 187 187 188 188 188 188 187 187 187 187 187 188 188 188 188 189 189 190 190 190 190 190 190 191 191 191 192 192 192 193 193 194 193 193 193 193 193 193 193 193 193 193 193 193 194 194 194 194 194 195 195 194 195 195 195 195 195 195 195 195 195 196 195 195 195 195 195 196 196 196 196 196 196 196 196 196 196 197 197 197 197 197 197 198 198 198 200 200 200 200 200 200 200 201 201 201 201 201 202 202 202 202 202 202 202 202 202 203 203 203 203 203 203 203 203 203 204 204 204 204 204 204 205 205 205 205 205 205 205 205 206 206 206 206 206 206 206 206 206 206 206 207 207 207 207 207 207 207 207 207 207 207 208 208 208 208 208 208 209 208 208 208 208 209 209 209 209 209 209 209 209 209 209 209 209 210 210 210 210 210 210 210 210 210 210 210 210 210 210 210 210 210 210 210 210 210 210 210 211 211 211 211 211 211 211 211 211 211 211 211 211 211 211 211 210 211 211 212 212 211 212 212 212 212 212 212 212 213 213 213 213 213 212 213 213 213 214 214 215 0 0 0 0 0 0 0 0 0 0 0 0 0 0 0 0 0 0 0 0 0 0 0 0 0 0 0 0 0 0 0 0 0 0 0 0 0 0 0 0 0 0 0 0 0 0 0 0 0 0 0 0 0 0 0 0 0 0 
0 0 0 0 0 0 0 0 0 0 0 0 0 0 0 0 0 0 0 0 0 0 0 0 0 0 0 0 0 0 0 0 0 0 0 0 0 0 0 0 0 0 0 0 0 0 0 0 0 164 163 163 163 163 163 164 164 164 164 164 164 164 164 165 165 166 167 167 167 167 167 166 167 167 167 167 166 166 167 167 168 169 169 169 169 170 170 170 170 169 169 169 169 169 169 169 169 169 169 169 170 171 172 172 173 173 174 174 174 174 174 175 175 175 175 175 176 176 176 176 176 176 176 177 177 177 177 177 176 177 178 178 178 178 178 179 179 179 179 180 180 180 180 180 180 180 180 181 180 180 180 179 180 180 180 181 181 180 181 180 180 181 181 182 182 182 181 181 182 182 182 182 183 183 183 183 184 185 185 185 185 186 186 185 185 185 185 185 185 185 185 185 186 186 186 187 187 187 188 188 187 187 187 186 186 186 186 187 188 188 189 188 188 187 187 187 188 188 188 189 189 189 190 190 190 190 190 190 190 190 191 191 192 192 193 193 193 194 194 194 194 194 193 193 194 194 194 194 194 194 193 193 194 194 194 195 195 195 194 195 195 195 195 195 195 195 195 195 195 195 195 195 195 196 196 196 196 196 196 196 197 197 197 197 197 197 197 197 197 198 198 198 200 200 200 200 200 200 201 201 201 201 201 201 202 202 202 202 202 202 202 202 202 203 203 203 203 203 203 203 203 203 204 204 204 204 204 204 205 205 204 205 205 205 205 205 206 206 206 206 206 206 206 206 206 206 206 206 207 207 207 207 207 207 207 207 207 208 208 208 208 208 208 208 209 208 208 208 208 209 209 209 209 209 209 209 208 209 209 209 209 210 210 210 210 210 210 210 210 210 210 210 210 210 209 209 210 210 210 210 210 210 210 211 211 211 211 211 212 212 212 211 211 211 211 212 212 212 211 211 211 210 211 211 211 211 211 212 212 212 212 212 212 212 213 212 212 212 213 213 213 213 213 214 215 0 0 0 0 0 0 0 0 0 0 0 0 0 0 0 0 0 0 0 0 0 0 0 0 0 0 0 0 0 0 0 0 0 0 0 0 0 0 0 0 0 0 0 0 0 0 0 0 0 0 0 0 0 0 0 0 0 0 
0 0 0 0 0 0 0 0 0 0 0 0 0 0 0 0 0 0 0 0 0 0 0 0 0 0 0 0 0 0 0 0 0 0 0 0 0 0 0 0 0 0 0 0 0 0 0 0 0 165 164 164 163 163 163 163 163 163 163 164 164 164 164 165 165 166 167 166 166 166 166 166 166 167 168 168 168 168 166 167 168 169 169 169 169 170 170 171 171 170 170 170 170 170 170 170 170 170 169 169 170 170 171 172 172 172 172 173 173 173 174 174 175 175 175 175 175 176 176 176 176 176 176 177 177 177 177 177 177 177 177 178 178 178 179 179 179 179 179 179 179 180 180 180 180 180 181 181 181 180 180 179 179 180 180 180 180 180 180 180 180 181 181 182 182 182 182 182 182 182 182 182 183 183 184 183 184 185 185 185 185 185 185 185 185 185 185 185 185 185 185 185 186 186 186 188 188 188 189 189 188 187 187 187 187 187 186 187 188 188 188 188 187 187 187 187 187 188 189 189 190 190 190 190 189 189 190 190 190 191 191 191 192 193 193 194 194 195 195 195 194 193 193 194 194 194 194 193 193 193 193 193 193 194 194 195 195 195 195 195 195 195 195 195 195 195 195 195 195 195 195 195 196 196 196 196 196 196 196 197 197 197 197 197 197 197 197 197 197 198 198 198 200 200 200 200 200 201 201 201 201 201 201 201 201 202 202 202 202 202 202 202 202 202 203 203 203 203 203 203 203 204 204 204 204 204 204 204 205 205 205 205 205 205 205 205 206 206 206 206 206 206 206 206 206 206 206 206 207 207 207 207 207 207 207 207 207 208 208 208 208 208 208 208 208 208 208 208 209 209 209 209 209 208 209 209 208 208 209 209 209 210 210 210 210 210 210 210 210 210 210 210 210 210 210 210 211 211 211 211 210 211 211 211 211 212 212 212 212 212 212 212 212 212 212 212 212 212 211 211 211 211 211 211 211 211 212 212 212 212 212 212 212 212 212 212 212 213 213 213 212 213 213 214 214 215 0 0 0 0 0 0 0 0 0 0 0 0 0 0 0 0 0 0 0 0 0 0 0 0 0 0 0 0 0 0 0 0 0 0 0 0 0 0 0 0 0 0 0 0 0 0 0 0 0 0 0 0 0 0 0 0 0 
0 0 0 0 0 0 0 0 0 0 0 0 0 0 0 0 0 0 0 0 0 0 0 0 0 0 0 0 0 0 0 0 0 0 0 0 0 0 0 0 0 0 0 0 0 0 0 0 0 0 0 165 164 164 163 163 163 163 163 164 164 164 165 165 165 166 167 167 167 167 166 167 167 167 168 168 169 169 168 167 168 168 168 169 169 169 170 170 170 170 171 171 171 170 170 170 170 170 170 169 169 170 170 171 171 171 171 172 172 173 173 173 174 174 175 175 176 176 176 176 176 176 176 177 177 178 178 178 178 177 177 178 178 178 179 179 179 179 180 180 180 180 180 180 180 181 180 181 181 181 180 180 180 179 180 180 180 181 181 180 180 181 181 181 182 182 182 182 182 182 181 182 183 183 184 184 185 185 185 185 185 185 184 185 185 185 185 185 186 186 186 186 186 186 187 188 188 189 189 189 188 188 188 188 187 187 187 187 187 187 188 188 187 187 187 187 187 188 188 188 189 189 189 189 189 189 190 190 191 191 192 192 192 192 193 194 194 195 195 195 194 194 193 194 194 194 194 194 194 193 194 194 194 193 194 194 195 195 195 195 195 195 195 195 195 195 195 195 195 195 195 195 196 196 196 196 196 196 196 196 197 197 197 197 197 197 197 198 198 198 198 198 200 200 200 200 200 201 201 201 201 201 201 201 201 201 202 202 202 202 202 202 202 202 203 203 203 203 203 203 203 203 204 204 204 204 204 204 204 204 205 205 205 205 205 206 206 206 206 206 206 206 206 206 207 207 206 206 206 207 207 207 207 207 207 207 208 208 208 208 208 208 208 208 208 208 208 208 209 209 209 209 208 208 208 208 208 209 209 209 209 210 210 210 210 210 210 210 210 210 210 210 210 209 210 211 211 211 211 211 211 211 211 211 211 211 211 212 212 212 212 212 212 212 212 212 212 212 212 211 211 211 211 211 211 211 211 211 212 211 212 212 212 212 213 213 213 213 213 212 212 213 213 214 214 215 0 0 0 0 0 0 0 0 0 0 0 0 0 0 0 0 0 0 0 0 0 0 0 0 0 0 0 0 0 0 0 0 0 0 0 0 0 0 0 0 0 0 0 0 0 0 0 0 0 0 0 0 0 0 0 0 0 
0 0 0 0 0 0 0 0 0 0 0 0 0 0 0 0 0 0 0 0 0 0 0 0 0 0 0 0 0 0 0 0 0 0 0 0 0 0 0 0 0 0 0 0 0 0 0 0 0 0 0 0 0 165 164 164 164 164 163 164 164 164 164 165 166 166 167 167 167 166 166 167 167 167 167 168 169 169 169 168 168 169 169 169 169 170 170 170 170 169 170 170 171 171 170 170 169 170 170 169 170 170 171 171 171 172 172 172 172 173 173 173 173 173 174 174 175 175 175 176 176 177 176 177 177 177 178 178 177 177 177 177 178 178 179 179 179 180 180 180 180 180 180 180 180 181 180 181 181 181 180 180 179 180 180 181 181 181 181 181 180 180 181 181 182 182 182 182 182 182 182 182 182 183 184 185 185 185 185 185 184 184 185 186 186 185 185 186 186 187 187 187 187 187 187 188 188 189 188 188 188 188 187 187 187 186 187 187 187 187 187 188 187 187 187 187 187 187 187 188 188 188 188 189 189 190 190 191 191 192 192 192 193 193 193 193 194 194 194 194 194 194 194 194 195 195 195 195 194 194 194 194 194 194 194 194 194 194 195 195 195 195 195 195 195 195 195 195 195 195 195 196 196 196 196 196 196 196 196 196 197 197 197 197 197 197 197 198 198 198 197 197 200 200 200 200 200 201 201 201 201 201 201 201 201 201 202 202 202 203 202 202 202 202 202 203 203 203 203 203 204 203 204 204 204 204 204 205 204 204 204 205 205 205 205 205 206 206 206 206 206 206 206 206 207 207 207 207 206 207 207 207 207 207 207 207 207 208 208 208 208 208 208 208 208 208 209 209 209 208 208 208 208 208 208 208 208 209 209 209 210 210 210 210 210 210 210 210 211 211 210 210 210 210 209 210 210 210 210 210 211 211 211 211 211 211 211 211 212 212 212 212 212 212 212 212 212 212 212 211 211 211 211 211 211 211 211 211 211 212 212 212 212 212 212 212 212 212 213 213 213 213 213 213 214 214 215 216 0 216 216 0 0 0 0 0 0 0 0 0 0 0 0 0 0 0 0 0 0 0 0 0 0 0 0 0 0 0 0 0 0 0 0 0 0 0 0 0 0 0 0 0 0 0 0 0 0 0 0 0 0 0 0 
0 0 0 0 0 0 0 0 0 0 0 0 0 0 0 0 0 0 0 0 0 0 0 0 0 0 0 0 0 0 0 0 0 0 0 0 0 0 0 0 0 0 0 0 0 0 0 0 0 0 0 0 0 0 0 165 165 164 164 164 165 164 165 165 166 167 166 166 167 167 167 167 167 168 168 168 169 169 169 169 169 169 169 170 170 170 170 170 169 169 169 169 170 171 171 170 169 169 169 170 171 172 172 172 172 172 173 173 173 173 173 173 174 174 174 174 175 175 176 176 176 176 176 177 177 177 178 177 177 177 178 178 178 178 179 179 179 179 180 180 180 180 180 181 181 181 181 181 181 181 181 180 180 180 181 181 181 181 181 181 180 180 181 182 182 182 182 181 182 182 183 183 183 183 184 185 185 185 184 184 184 184 185 186 185 184 185 186 186 187 187 188 188 188 188 188 188 188 188 188 188 188 187 186 187 187 188 188 187 187 187 187 187 187 187 187 188 188 188 188 188 188 188 188 189 190 190 190 191 191 192 192 192 193 193 193 194 195 195 194 195 195 195 194 194 194 195 195 195 194 194 194 194 194 194 194 194 194 194 195 195 195 195 195 195 195 195 195 195 195 195 196 196 196 196 196 196 196 196 196 196 197 197 197 197 197 197 197 197 197 197 197 200 200 200 200 200 200 201 201 201 201 201 201 201 201 202 202 203 203 202 202 203 203 203 203 203 203 204 204 204 204 204 204 204 204 204 205 204 204 204 205 205 205 205 206 206 206 206 206 206 206 206 206 206 206 207 207 207 207 207 207 207 207 208 208 207 207 208 208 208 208 208 208 208 208 209 208 208 208 208 208 208 208 209 209 209 209 209 209 209 209 210 210 210 210 210 210 210 210 210 210 210 210 209 210 210 210 210 210 211 211 211 211 211 211 211 211 212 212 212 212 212 212 212 212 212 212 212 212 212 212 211 212 211 212 212 211 211 211 211 212 212 212 212 212 212 213 213 213 213 213 214 214 214 214 215 215 215 214 214 215 0 0 0 0 0 0 0 0 0 0 0 0 0 0 0 0 0 0 0 0 0 0 0 0 0 0 0 0 0 0 0 0 0 0 0 0 0 0 0 0 0 0 0 0 0 0 0 0 0 0 0 
0 0 0 0 0 0 0 0 0 0 0 0 0 0 0 0 0 0 0 0 0 0 0 0 0 0 0 0 0 0 0 0 0 0 0 0 0 0 0 0 0 0 0 0 0 0 0 0 0 0 0 0 0 0 0 0 0 166 165 165 166 165 165 166 166 166 166 166 166 166 167 167 167 168 169 169 170 170 170 169 169 169 169 169 170 170 171 170 169 169 169 169 170 171 171 170 170 169 169 170 170 171 171 172 173 174 173 173 174 174 174 174 175 175 174 174 174 175 176 176 177 177 177 177 177 177 178 178 178 178 178 178 178 178 179 179 179 179 180 180 180 180 180 180 181 181 181 182 182 182 182 181 181 181 181 181 181 181 181 181 181 180 181 182 182 182 181 182 182 182 182 183 184 183 184 185 186 185 185 185 185 185 185 186 186 185 185 185 186 186 186 187 188 188 188 188 188 188 189 189 189 188 187 187 188 188 188 187 187 187 187 187 187 188 188 187 188 189 189 189 189 188 188 189 189 189 190 191 191 192 192 192 192 192 192 193 194 194 194 193 194 194 195 195 195 194 195 195 195 195 194 194 194 194 195 195 194 194 194 194 195 195 195 195 195 195 195 195 195 195 195 196 196 196 196 196 196 196 196 196 196 197 197 197 197 197 197 197 197 197 197 197 200 200 200 200 200 201 201 201 201 202 201 202 202 201 202 202 203 204 203 204 204 203 203 203 203 203 203 203 203 204 204 204 204 204 204 204 204 204 204 205 205 205 205 206 206 206 206 206 206 206 206 206 206 206 206 207 207 207 207 207 207 207 208 208 208 207 208 208 208 208 208 208 208 209 208 208 209 209 209 209 209 209 210 210 209 209 209 209 210 209 209 209 209 209 209 209 209 209 210 210 210 210 210 210 210 210 210 210 211 211 211 211 211 211 211 211 212 212 212 212 212 212 212 212 212 212 212 212 212 212 212 212 212 212 212 212 211 211 211 211 212 211 212 212 212 212 213 213 213 213 213 213 213 214 214 214 214 213 213 214 215 0 0 0 0 0 0 0 0 0 0 0 0 0 0 0 0 0 0 0 0 0 0 0 0 0 0 0 0 0 0 0 0 0 0 0 0 0 0 0 0 0 0 0 0 0 0 0 0 0 0 
0 0 0 0 0 0 0 0 0 0 0 0 0 0 0 0 0 0 0 0 0 0 0 0 0 0 0 0 0 0 0 0 0 0 0 0 0 0 0 0 0 0 0 0 0 0 0 0 0 0 0 0 0 0 0 0 0 0 0 0 0 0 166 166 166 166 166 166 167 167 167 167 168 168 169 169 170 170 170 170 170 170 170 170 170 171 171 170 170 170 170 169 169 170 171 170 170 170 170 170 170 171 171 172 172 173 173 173 174 175 174 174 175 175 175 175 175 176 176 176 176 177 177 177 177 177 178 178 178 178 178 178 178 178 178 179 179 179 180 180 180 180 180 180 181 181 182 182 182 182 182 182 182 182 181 181 182 182 182 182 181 180 181 181 182 182 182 182 182 182 183 183 184 184 185 185 185 185 186 186 186 185 185 186 186 185 185 185 185 185 186 187 188 188 188 188 188 188 189 189 189 188 187 188 188 188 187 187 188 188 188 188 188 188 188 188 188 189 189 188 188 188 188 189 189 190 191 191 191 191 191 191 192 191 191 192 193 193 193 193 194 194 194 195 194 194 195 195 195 196 196 195 194 194 194 194 194 194 194 194 194 195 195 195 195 195 195 195 195 195 195 195 196 196 196 196 196 196 196 196 196 197 197 197 197 197 197 197 197 197 197 197 200 200 200 200 200 201 201 201 201 202 202 202 202 201 201 202 202 203 204 204 203 203 203 203 203 203 203 203 204 204 204 204 204 204 204 204 204 204 205 205 205 205 205 206 206 206 206 206 205 205 206 206 206 206 206 206 207 207 207 207 207 207 208 208 208 208 208 208 208 208 208 208 208 208 208 209 209 209 209 209 209 210 210 210 210 210 210 210 210 209 209 209 209 209 209 209 209 210 210 210 210 210 210 210 210 210 210 211 211 211 211 211 211 211 211 211 212 212 212 212 212 212 212 212 212 212 212 212 213 212 212 212 213 212 212 212 212 212 211 211 211 212 212 212 213 212 212 212 213 213 213 213 213 213 214 213 213 213 214 215 215 0 0 0 0 0 0 0 0 0 0 0 0 0 0 0 0 0 0 0 0 0 0 0 0 0 0 0 0 0 0 0 0 0 0 0 0 0 0 0 0 0 0 0 0 0 0 0 0 0 0 
0 0 0 0 0 0 0 0 0 0 0 0 0 0 0 0 0 0 0 0 0 0 0 0 0 0 0 0 0 0 0 0 0 0 0 0 0 0 0 0 0 0 0 0 0 0 0 0 0 0 0 0 0 0 0 0 0 0 0 0 0 0 0 167 167 167 166 166 167 168 168 168 168 169 169 170 170 170 170 170 171 170 171 171 171 171 171 171 171 171 170 169 169 169 170 170 170 170 170 170 171 171 171 171 172 172 173 174 174 174 174 174 175 175 175 175 175 176 176 176 176 177 177 177 177 178 178 178 178 178 178 178 178 178 179 179 179 180 180 180 180 181 180 181 181 181 181 181 182 182 182 182 182 183 182 181 181 182 181 181 181 182 182 182 182 182 182 183 183 182 183 183 184 185 186 186 186 185 186 186 186 186 186 186 186 185 185 185 186 186 186 187 188 188 188 188 188 188 189 189 189 188 188 188 188 188 187 188 188 188 188 188 188 188 188 188 188 188 188 188 188 189 189 189 189 190 191 190 191 191 191 191 191 191 192 193 193 193 193 193 193 194 194 194 195 194 195 196 196 196 196 195 194 194 194 194 194 194 194 194 194 195 195 195 195 195 195 195 195 195 195 195 196 196 196 196 196 196 196 196 197 197 197 197 197 197 197 197 197 197 197 197 200 200 200 200 200 201 201 201 201 201 202 202 202 202 201 202 202 202 203 204 204 203 204 204 204 203 204 204 203 204 204 204 204 204 204 204 204 204 205 205 205 205 205 205 205 205 205 205 205 205 206 206 206 206 206 206 207 207 207 207 207 207 208 208 208 208 208 208 208 208 208 208 208 208 208 208 208 209 209 209 209 209 210 209 210 210 210 210 210 210 209 209 209 209 210 210 210 210 210 210 210 210 210 210 210 210 210 210 210 211 211 211 211 211 211 211 211 211 212 212 212 212 212 212 212 212 213 213 212 212 213 213 213 213 213 212 212 212 211 211 211 212 212 212 212 212 212 212 213 213 214 213 213 213 213 213 213 214 214 214 215 215 215 216 0 0 217 217 0 0 0 0 0 0 0 0 0 0 0 0 0 0 0 0 0 0 0 0 0 0 0 0 0 0 0 0 0 0 0 0 0 0 0 0 0 0 0 0 0 0 0 
0 0 0 0 0 0 0 0 0 0 0 0 0 0 0 0 0 0 0 0 0 0 0 0 0 0 0 0 0 0 0 0 0 0 0 0 0 0 0 0 0 0 0 0 0 0 0 0 0 0 0 0 0 0 0 0 0 0 0 0 0 0 0 0 168 168 168 167 167 168 168 169 169 169 169 170 170 170 171 171 171 171 171 171 171 171 172 171 171 171 171 170 170 170 170 169 170 170 171 171 171 171 171 172 173 173 173 174 174 174 173 174 175 176 176 176 176 176 176 176 176 177 177 177 177 177 178 178 178 178 178 179 179 178 179 179 180 180 180 180 181 181 181 181 181 181 181 181 181 182 182 182 182 183 182 181 181 181 182 181 181 182 183 183 182 182 182 183 183 182 183 183 184 185 186 186 186 186 186 187 186 186 186 186 186 186 185 185 186 186 186 186 187 188 188 188 188 188 188 189 189 189 189 188 188 188 188 188 188 188 188 188 188 188 188 188 189 189 188 188 188 188 189 190 190 190 190 190 191 192 191 191 191 191 192 193 193 192 192 193 193 194 194 194 194 195 195 195 195 195 196 195 194 194 194 195 195 195 195 194 194 194 195 195 196 195 195 195 196 196 195 196 196 196 196 196 196 196 196 196 197 197 197 197 197 197 197 197 197 197 197 197 200 200 201 200 201 201 201 201 201 201 202 202 202 202 202 202 202 202 202 203 204 204 205 205 204 204 203 203 204 204 204 204 204 204 204 204 204 204 205 205 205 205 205 205 205 205 205 205 205 206 206 206 206 206 206 206 206 207 207 207 207 207 207 208 208 208 208 208 208 208 208 208 208 208 209 209 209 209 210 209 209 210 210 210 210 210 210 210 210 210 210 209 209 209 209 210 210 210 210 210 210 210 210 210 210 210 210 211 211 211 211 211 211 211 211 211 211 211 211 212 212 212 212 212 212 212 212 212 212 212 212 213 213 213 213 213 212 211 211 211 211 212 212 212 212 213 213 213 213 214 213 213 213 213 213 213 214 214 214 214 214 214 215 216 216 216 216 216 217 0 0 0 0 0 0 0 0 0 0 0 0 0 0 0 0 0 0 0 0 0 0 0 0 0 0 0 0 0 0 0 0 0 0 0 0 0 0 0 0 0 0 
0 0 0 0 0 0 0 0 0 0 0 0 0 0 0 0 0 0 0 0 0 0 0 0 0 0 0 0 0 0 0 0 0 0 0 0 0 0 0 0 0 0 0 0 0 0 0 0 0 0 0 0 0 0 0 0 0 0 0 0 0 0 0 0 0 168 0 0 168 168 169 169 169 169 170 170 170 170 171 171 171 171 171 171 171 172 172 172 172 171 171 171 171 170 170 170 170 169 170 171 172 172 172 172 172 173 173 174 174 173 173 174 174 175 176 177 177 177 177 177 177 177 177 177 177 177 177 177 178 178 178 179 179 179 179 179 179 180 180 180 181 181 181 181 181 181 181 181 182 182 182 182 183 183 182 182 181 181 182 181 181 182 183 183 183 182 182 183 184 183 183 183 184 185 185 186 186 186 186 186 186 186 185 185 185 185 185 186 185 186 187 188 188 188 188 189 189 189 189 189 189 189 189 188 188 188 188 188 188 188 188 188 188 188 188 189 189 189 189 189 188 188 189 189 189 189 190 190 191 191 191 191 191 192 193 194 193 193 193 193 193 193 194 194 194 195 195 195 195 196 195 195 195 194 194 194 194 194 194 194 194 194 195 196 195 195 195 195 195 196 196 196 196 196 196 196 196 197 197 197 196 196 196 197 197 197 197 197 197 197 198 197 200 200 200 200 201 201 201 201 202 201 201 202 203 202 202 202 202 202 203 204 205 204 204 204 203 203 204 204 204 204 204 204 204 204 204 205 204 205 205 205 205 205 205 205 205 205 205 205 206 206 206 206 206 206 206 206 206 207 207 207 207 207 207 208 208 208 208 208 208 208 208 208 208 209 209 209 209 209 210 210 210 210 210 210 210 210 210 210 210 210 210 210 210 209 209 210 210 210 210 210 210 210 210 210 210 210 210 210 210 211 211 211 211 211 211 211 211 211 212 212 212 212 212 212 212 212 212 212 212 212 212 212 212 213 213 213 212 212 212 211 211 211 211 211 212 212 212 212 213 213 214 213 213 213 213 214 213 214 214 214 214 214 214 214 215 215 215 216 216 217 0 0 0 0 0 0 0 0 0 0 0 0 0 0 0 0 0 0 0 0 0 0 0 0 0 0 0 0 0 0 0 0 0 0 0 0 0 0 0 0 0 
0 0 0 0 0 0 0 0 0 0 0 0 0 0 0 0 0 0 0 0 0 0 0 0 0 0 0 0 0 0 0 0 0 0 0 0 0 0 0 0 0 0 0 0 0 0 0 0 0 0 0 0 0 0 0 0 0 0 0 0 0 0 0 0 0 0 0 0 0 169 169 169 169 169 170 170 170 170 170 171 171 171 171 171 171 171 172 172 171 171 171 171 171 171 171 170 170 170 170 170 171 172 171 172 172 172 173 174 174 173 173 174 174 176 176 177 177 177 177 177 178 178 178 178 178 177 177 177 178 178 178 178 178 179 179 179 179 180 180 180 180 181 180 181 181 181 181 181 181 182 182 182 182 182 182 181 181 182 181 181 181 182 182 183 183 182 182 183 184 183 183 183 184 185 185 185 185 186 186 185 186 185 185 187 187 186 186 186 185 186 186 188 188 188 188 188 188 188 188 189 189 188 188 188 188 188 188 188 188 188 188 188 188 188 188 188 188 188 188 188 188 189 189 189 189 189 189 189 190 190 190 191 192 192 193 193 193 193 193 194 194 194 194 194 194 194 195 195 195 195 195 195 194 194 194 194 194 195 195 195 195 195 195 195 196 196 196 196 195 195 196 195 196 196 196 196 196 196 196 197 196 197 197 197 197 197 197 198 198 198 198 198 200 200 200 200 201 201 201 201 202 202 202 203 203 203 203 203 203 203 203 205 205 204 204 204 204 204 205 204 204 204 204 204 204 204 204 204 204 205 205 205 205 205 205 205 206 206 206 206 206 206 206 206 206 206 206 206 207 207 207 207 207 207 207 207 208 208 208 208 208 208 208 208 208 209 209 209 209 209 210 210 210 210 210 210 210 210 210 211 210 210 210 210 210 210 210 210 210 210 210 210 210 210 210 210 210 210 210 210 210 210 210 211 211 211 211 211 211 212 212 212 212 212 212 212 212 212 212 212 212 213 212 212 212 212 212 212 212 212 212 212 212 212 212 211 211 211 211 212 212 212 213 213 213 213 214 214 214 214 214 214 214 214 214 215 215 215 216 217 217 218 0 0 0 0 0 0 0 0 0 0 0 0 0 0 0 0 0 0 0 0 0 0 0 0 0 0 0 0 0 0 0 0 0 0 0 0 0 0 0 0 0 
0 0 0 0 0 0 0 0 0 0 0 0 0 0 0 0 0 0 0 0 0 0 0 0 0 0 0 0 0 0 0 0 0 0 0 0 0 0 0 0 0 0 0 0 0 0 0 0 0 0 0 0 0 0 0 0 0 0 0 0 0 0 0 0 0 0 0 0 0 0 0 169 169 170 170 170 170 170 170 171 171 171 171 171 171 171 172 172 171 171 171 170 170 171 171 171 170 170 170 170 171 171 171 171 171 172 173 173 173 173 173 174 174 175 176 177 177 177 177 177 178 178 178 178 178 178 178 178 178 178 178 178 179 179 179 179 180 180 181 181 181 181 181 181 181 181 181 181 182 182 182 182 183 183 183 182 182 182 182 181 182 182 183 183 183 182 182 183 184 184 183 183 184 185 185 185 185 186 186 186 185 185 186 187 187 186 187 187 186 186 187 188 188 188 188 188 188 188 188 189 189 189 188 187 187 187 188 188 189 189 189 188 189 188 188 188 188 188 188 188 188 189 189 189 189 190 190 190 191 191 190 190 191 192 192 192 192 192 193 193 194 194 194 194 195 195 195 195 195 196 196 196 195 195 194 195 195 195 194 195 195 195 195 195 196 196 196 196 196 196 196 195 195 195 196 196 196 196 196 196 196 196 197 197 197 197 197 197 198 198 198 198 200 200 201 201 201 201 202 202 202 202 203 203 203 204 204 204 203 203 204 205 205 205 205 205 205 204 205 205 205 204 204 205 205 205 205 204 204 204 204 205 205 205 206 206 206 207 207 206 206 206 206 207 206 207 207 207 207 207 207 207 207 207 207 207 208 208 208 208 208 208 209 209 209 209 209 209 209 209 209 210 210 210 210 210 210 210 210 210 211 210 210 210 210 210 210 210 210 210 210 210 210 210 210 210 210 210 210 210 210 210 210 210 210 211 211 211 211 212 212 212 212 212 212 212 212 212 212 212 212 212 212 212 212 212 212 212 212 212 212 212 211 212 212 212 211 212 211 211 211 212 213 213 213 213 213 213 213 213 214 215 215 214 214 215 215 216 217 217 217 217 218 0 0 0 0 0 0 0 0 0 0 0 0 0 0 0 0 0 0 0 0 0 0 0 0 0 0 0 0 0 0 0 0 0 0 0 0 0 0 0 0 
0 0 0 0 0 0 0 0 0 0 0 0 0 0 0 0 0 0 0 0 0 0 0 0 0 0 0 0 0 0 0 0 0 0 0 0 0 0 0 0 0 0 0 0 0 0 0 0 0 0 0 0 0 0 0 0 0 0 0 0 0 0 0 0 0 0 0 0 0 0 0 0 0 0 0 0 170 170 171 171 171 171 171 171 171 171 172 172 171 170 170 170 170 171 172 172 171 171 170 170 170 170 171 171 172 172 173 173 173 173 174 174 175 176 176 177 176 177 177 177 178 178 178 178 178 178 178 178 178 178 178 178 179 178 179 180 180 180 180 181 181 181 181 181 181 182 182 182 182 182 182 182 183 183 183 182 182 182 181 182 182 183 183 183 183 182 182 183 184 184 184 183 184 185 185 185 185 185 185 186 186 186 187 187 186 186 187 187 187 186 187 188 188 188 188 189 189 188 188 189 189 188 188 188 187 187 187 188 188 189 189 189 189 188 188 188 188 188 188 188 188 189 189 189 190 190 190 191 192 191 190 190 191 191 191 192 192 192 193 193 194 195 195 194 195 195 195 195 195 196 196 196 195 195 194 194 194 194 194 195 195 195 195 195 195 195 195 196 196 196 196 196 195 195 196 196 196 196 196 197 196 196 196 197 197 197 197 198 198 198 198 198 200 201 201 201 202 202 202 202 202 203 202 202 203 203 203 203 203 204 204 204 204 204 205 206 205 205 206 206 205 205 204 205 204 204 204 204 204 204 204 205 205 205 206 206 206 207 207 207 206 206 206 207 207 207 207 207 207 207 207 207 207 207 207 207 208 208 208 208 208 208 208 209 209 209 209 209 209 209 209 209 209 209 210 209 210 210 210 210 210 210 210 210 210 210 210 210 210 210 210 210 210 210 210 210 210 210 210 210 210 210 210 210 210 210 210 211 211 211 212 212 212 212 212 212 212 212 212 212 212 212 213 212 212 213 212 212 212 212 211 211 211 211 212 213 212 212 212 212 212 212 212 213 213 213 214 214 214 214 214 214 215 215 214 215 215 217 217 216 216 216 217 218 218 218 218 217 217 218 218 0 0 0 0 0 0 0 0 0 0 0 0 0 0 0 0 0 0 0 0 0 0 0 0 0 0 0 0 0 0 0 0 
0 0 0 0 0 0 0 0 0 0 0 0 0 0 0 0 0 0 0 0 0 0 0 0 0 0 0 0 0 0 0 0 0 0 0 0 0 0 0 0 0 0 0 0 0 0 0 0 0 0 0 0 0 0 0 0 0 0 0 0 0 0 0 0 0 0 0 0 0 0 0 0 0 0 0 0 171 171 171 171 171 171 171 171 171 171 171 171 171 170 169 169 170 170 171 171 171 170 170 171 171 171 171 171 171 172 172 172 172 173 175 176 176 176 177 177 176 176 177 177 178 178 178 178 178 179 179 179 179 179 179 178 178 179 179 179 180 180 180 181 181 181 181 181 181 182 182 182 182 182 182 182 182 183 183 183 183 182 181 182 182 182 183 183 183 182 183 183 184 184 184 184 184 185 185 185 185 185 185 186 186 186 187 186 186 187 187 187 187 186 187 187 187 188 188 189 189 189 188 188 189 188 188 188 188 187 187 188 188 188 188 189 189 188 188 188 188 188 188 188 189 189 189 189 190 191 191 192 191 191 190 191 191 191 192 192 192 192 193 193 194 195 195 195 195 195 195 195 195 195 196 196 196 195 194 194 195 195 195 195 196 195 195 195 195 195 195 195 196 196 196 196 196 196 196 196 196 197 197 196 196 196 196 197 197 197 197 198 198 199 199 198 201 201 201 202 202 202 202 202 202 202 202 203 203 203 202 203 204 204 204 204 203 204 205 204 205 205 205 205 205 205 204 205 205 205 205 205 204 204 204 205 205 206 206 206 206 206 207 207 206 207 207 207 207 207 207 207 207 207 207 207 207 207 207 208 208 208 208 208 208 208 208 208 208 209 209 209 209 209 209 209 209 209 209 209 210 210 210 210 210 210 210 210 210 210 210 210 210 210 210 210 211 211 210 211 211 211 210 210 210 210 211 210 210 210 210 211 211 211 211 211 211 211 211 212 212 212 212 212 212 212 212 212 213 213 213 212 212 212 212 211 211 211 212 213 212 212 213 213 213 212 212 212 213 213 213 214 214 214 214 214 214 215 215 215 216 216 216 215 215 215 215 216 217 217 217 216 216 217 216 217 217 0 0 0 0 0 0 0 0 0 0 0 0 0 0 0 0 0 0 0 0 0 0 0 0 0 0 0 0 0 0 
0 0 0 0 0 0 0 0 0 0 0 0 0 0 0 0 0 0 0 0 0 0 0 0 0 0 0 0 0 0 0 0 0 0 0 0 0 0 0 0 0 0 0 0 0 0 0 0 0 0 0 0 0 0 0 0 0 0 0 0 0 0 0 0 0 0 0 0 0 0 0 0 0 0 0 0 171 171 171 171 171 171 171 171 171 171 171 171 171 171 170 170 170 170 170 170 170 170 171 171 172 172 172 172 172 172 172 172 173 174 175 175 176 176 176 177 177 176 177 178 178 178 178 178 179 179 179 179 179 179 179 179 179 180 180 179 180 180 180 181 181 181 181 181 181 182 182 182 182 182 182 182 183 183 183 183 183 183 182 181 182 183 183 183 183 183 183 183 183 184 185 185 185 186 186 186 186 185 185 186 186 186 187 186 186 187 187 187 187 187 188 187 188 188 188 188 188 188 188 188 187 187 187 188 188 188 187 187 188 188 188 188 188 188 188 189 189 189 188 188 189 189 189 189 190 190 191 192 191 191 190 191 192 192 193 193 192 193 193 193 193 194 195 195 195 195 195 195 195 196 196 196 196 195 195 194 195 195 195 195 195 195 195 195 196 196 195 195 195 196 196 196 196 196 196 196 196 196 197 197 196 196 196 197 197 197 197 198 198 199 199 199 201 201 201 202 202 202 202 202 202 203 202 202 203 202 203 203 204 204 204 203 203 204 204 204 204 204 205 205 205 205 205 205 206 205 205 205 205 205 204 205 205 206 206 206 206 206 206 207 207 207 207 206 206 207 207 207 207 207 207 207 207 207 207 208 208 208 208 208 208 208 208 208 209 209 209 209 209 209 209 209 209 209 209 209 209 209 210 210 210 210 210 210 210 210 210 210 210 210 210 210 210 211 211 210 211 211 210 210 210 210 210 210 210 210 211 211 211 211 211 211 211 211 211 211 211 211 211 211 211 212 212 212 212 212 212 212 212 213 213 212 212 211 211 212 213 212 213 213 213 213 213 212 212 213 213 213 214 214 214 215 215 215 216 217 216 216 215 214 214 214 215 215 216 216 217 216 215 215 216 216 216 217 0 0 0 0 0 0 0 0 0 0 0 0 0 0 0 0 0 0 0 0 0 0 0 0 0 0 0 0 0 
0 0 0 0 0 0 0 0 0 0 0 0 0 0 0 0 0 0 0 0 0 0 0 0 0 0 0 0 0 0 0 0 0 0 0 0 0 0 0 0 0 0 0 0 0 0 0 0 0 0 0 0 0 0 0 0 0 0 0 0 0 0 0 0 0 0 0 0 0 0 0 0 0 0 0 0 0 171 171 171 171 171 172 172 172 171 171 171 170 170 169 169 170 170 170 170 170 170 170 171 172 172 173 173 173 173 173 173 173 173 174 174 175 175 176 177 177 176 177 178 178 177 178 178 178 179 178 179 178 179 179 179 180 180 180 180 180 180 181 181 181 181 181 181 181 181 181 182 182 182 182 182 182 182 183 183 183 182 182 182 182 182 183 183 183 183 183 183 184 184 185 185 185 186 186 186 186 185 186 186 186 187 186 186 186 187 187 187 187 186 187 188 188 188 188 189 188 188 188 187 187 187 187 187 187 187 187 187 187 188 188 188 188 188 188 188 188 188 189 188 188 189 189 190 190 191 191 192 191 191 191 191 192 193 193 193 193 193 194 193 193 194 195 196 196 195 195 195 195 196 196 196 196 195 195 195 195 195 195 195 195 195 196 195 196 196 196 195 196 195 196 196 196 196 196 196 196 196 196 196 197 197 196 196 197 197 198 198 198 199 199 199 201 201 201 202 202 202 202 202 202 202 203 202 203 202 203 203 203 203 204 203 203 204 204 204 204 204 205 205 204 205 205 205 205 206 206 206 205 205 205 205 205 206 206 206 206 206 206 206 206 206 207 207 206 206 206 206 206 206 207 207 207 207 207 208 208 208 208 208 208 208 208 208 209 209 209 209 209 209 209 209 209 209 209 209 209 209 209 209 209 210 210 210 210 210 210 210 210 210 210 211 211 211 211 211 211 211 211 211 211 211 211 211 211 211 211 211 211 211 211 211 211 211 211 211 211 211 212 211 212 212 212 211 212 212 212 212 213 212 213 212 212 211 211 212 213 213 212 213 213 213 213 213 212 212 213 213 214 214 215 215 216 216 216 216 216 216 215 214 214 214 214 215 216 215 215 216 216 215 215 216 216 217 218 0 0 0 0 0 0 0 0 0 0 0 0 0 0 0 0 0 0 0 0 0 0 0 0 0 0 0 0 
0 0 0 0 0 0 0 0 0 0 0 0 0 0 0 0 0 0 0 0 0 0 0 0 0 0 0 0 0 0 0 0 0 0 0 0 0 0 0 0 0 0 0 0 0 0 0 0 0 0 0 0 0 0 0 0 0 0 0 0 0 0 0 0 0 0 0 0 0 0 0 0 0 0 0 0 0 171 171 171 171 172 172 172 171 171 170 169 169 169 170 170 171 171 171 171 170 170 170 171 171 172 172 172 173 173 173 174 174 174 174 175 175 175 176 176 177 176 177 177 177 177 178 178 178 179 179 179 179 179 179 179 180 180 180 180 180 180 180 181 181 181 181 181 181 182 182 182 182 182 182 182 182 183 183 183 183 183 182 182 183 182 183 183 183 184 184 184 185 185 186 186 185 186 186 186 186 186 186 186 187 187 187 186 186 186 187 187 187 187 187 187 188 188 189 189 188 188 188 187 187 187 187 187 188 189 188 188 188 187 188 188 188 188 188 188 189 189 188 188 189 189 189 189 190 190 191 192 191 192 192 191 193 193 194 194 194 194 194 194 194 194 195 195 196 196 195 195 195 196 196 196 195 195 195 195 195 195 195 195 195 195 196 195 196 196 195 195 196 196 196 196 196 196 196 196 197 197 197 197 197 196 196 196 197 197 198 198 198 198 198 199 201 201 201 202 202 202 202 202 201 202 202 202 202 202 202 203 203 203 203 203 203 204 204 204 204 205 204 205 205 204 205 205 205 205 205 205 205 206 206 205 205 206 206 206 206 206 206 206 206 206 206 206 206 206 206 207 207 207 207 207 207 207 207 208 208 208 208 208 208 208 208 208 209 209 209 209 209 209 209 210 210 209 209 209 209 209 209 209 210 210 210 210 210 210 210 210 210 210 210 210 211 211 211 211 211 211 211 211 212 212 212 212 212 212 212 212 211 211 211 210 211 211 212 212 212 212 213 212 212 212 212 211 211 212 212 212 213 213 212 213 212 212 211 211 212 212 212 212 212 213 213 213 213 212 213 213 213 213 214 215 215 216 216 215 215 215 216 216 215 214 214 215 215 215 215 216 216 215 215 215 216 216 216 217 0 0 0 0 0 0 0 0 0 0 0 0 0 0 0 0 0 0 0 0 0 0 0 0 0 0 0 
0 0 0 0 0 0 0 0 0 0 0 0 0 0 0 0 0 0 0 0 0 0 0 0 0 0 0 0 0 0 0 0 0 0 0 0 0 0 0 0 0 0 0 0 0 0 0 0 0 0 0 0 0 0 0 0 0 0 0 0 0 0 0 0 0 0 0 0 0 0 0 0 0 0 0 0 0 0 171 171 171 172 172 172 171 171 170 169 170 170 170 171 171 171 172 171 170 170 170 171 171 171 172 172 172 172 173 174 174 175 175 176 176 175 175 176 176 176 176 176 177 177 177 178 178 179 179 179 179 179 180 180 180 180 180 180 180 180 180 180 181 181 181 181 181 181 182 182 182 183 182 183 183 183 183 183 183 183 182 182 183 183 184 183 183 184 184 184 185 186 186 186 186 186 187 186 186 186 186 186 187 187 186 186 187 187 187 187 187 187 187 188 189 188 189 189 188 188 188 187 187 187 187 187 188 189 188 188 188 187 187 188 188 188 189 189 189 189 189 188 188 189 189 189 189 190 190 191 192 192 192 192 193 193 194 194 195 195 195 195 194 194 195 195 196 196 196 196 195 196 196 195 194 194 194 195 195 195 195 195 195 195 196 196 196 195 196 196 196 196 196 196 196 196 196 196 196 196 196 196 196 196 196 196 197 197 197 198 198 198 198 199 201 201 201 201 201 202 202 202 202 202 202 202 202 202 202 203 203 203 203 203 204 204 204 204 204 204 204 204 204 204 204 205 205 205 205 205 205 205 205 205 205 206 206 206 206 206 206 206 206 206 206 206 206 206 207 207 207 207 207 207 207 207 207 208 208 208 208 208 208 208 208 209 209 209 209 209 209 209 209 209 209 209 209 209 209 210 210 210 210 210 210 210 210 210 210 210 210 210 210 210 209 210 210 210 210 210 211 211 211 211 210 210 211 211 212 212 212 212 211 211 211 212 212 213 213 213 213 212 212 212 212 212 211 211 212 212 212 213 213 213 213 212 211 211 211 212 212 212 212 213 213 213 213 213 213 213 213 213 214 215 215 215 215 215 214 215 216 215 215 215 214 214 214 215 215 215 215 215 215 215 215 215 216 217 217 0 0 0 0 0 0 0 0 0 0 0 0 0 0 0 0 0 0 0 0 0 0 0 0 0 0 
0 0 0 0 0 0 0 0 0 0 0 0 0 0 0 0 0 0 0 0 0 0 0 0 0 0 0 0 0 0 0 0 0 0 0 0 0 0 0 0 0 0 0 0 0 0 0 0 0 0 0 0 0 0 0 0 0 0 0 0 0 0 0 0 0 0 0 0 0 0 0 0 0 0 0 0 0 0 0 171 171 172 172 172 172 171 170 170 170 170 171 172 172 172 172 171 170 171 171 171 171 171 172 172 173 172 173 173 173 174 174 175 176 176 175 175 176 177 177 177 177 177 178 178 178 178 178 179 179 179 180 180 180 180 180 180 180 181 181 181 181 181 181 181 182 182 182 182 182 182 182 183 183 183 183 184 184 183 183 182 183 183 184 183 183 184 184 185 185 186 186 186 186 186 187 187 187 187 186 187 186 186 186 187 187 187 187 187 187 187 187 187 189 189 189 188 188 187 187 187 187 188 188 188 189 189 189 188 188 188 188 188 188 189 189 188 188 188 188 188 189 189 190 189 190 190 191 192 192 192 193 193 193 194 194 195 195 195 195 196 195 195 195 196 196 196 196 195 195 195 195 194 194 194 194 194 195 195 195 195 195 196 196 196 196 196 196 196 196 196 196 196 196 196 196 196 196 196 196 197 196 196 196 196 197 197 197 197 198 198 198 198 201 201 201 201 201 202 202 202 202 201 202 202 202 202 202 203 203 203 203 203 203 203 204 203 204 204 204 204 204 204 204 204 205 205 205 205 205 205 205 205 205 206 206 206 206 206 206 206 206 206 206 206 207 207 207 207 207 207 207 207 207 207 207 208 208 208 208 208 208 208 209 209 209 209 209 209 209 209 209 209 209 209 209 209 209 210 210 209 210 210 210 210 210 210 210 210 210 210 210 209 209 209 209 209 208 208 209 209 210 210 209 209 210 210 211 212 212 212 212 212 213 213 212 213 213 213 213 213 213 213 212 212 211 211 212 212 212 212 212 213 213 212 211 212 211 212 212 212 213 213 213 213 214 213 213 213 213 214 214 215 214 214 215 215 214 215 215 214 214 214 214 214 214 214 214 214 215 215 215 216 216 216 216 216 217 218 218 0 0 0 0 0 0 0 0 0 0 0 0 0 0 0 0 0 0 0 0 0 0 0 0 
0 0 0 0 0 0 0 0 0 0 0 0 0 0 0 0 0 0 0 0 0 0 0 0 0 0 0 0 0 0 0 0 0 0 0 0 0 0 0 0 0 0 0 0 0 0 0 0 0 0 0 0 0 0 0 0 0 0 0 0 0 0 0 0 0 0 0 0 0 0 0 0 0 0 0 0 0 0 0 0 172 172 172 172 173 172 171 171 171 171 172 172 172 172 172 171 171 171 171 171 171 171 171 172 173 174 174 174 174 174 174 175 176 176 177 177 176 177 178 178 178 178 178 178 178 179 179 179 179 179 180 180 180 180 180 180 180 180 181 181 181 181 181 181 182 182 182 182 182 183 183 183 183 183 184 184 184 184 183 183 183 184 184 184 184 184 185 185 185 186 186 185 186 186 186 187 187 187 187 187 187 187 187 188 188 187 187 188 188 188 188 188 188 188 188 188 188 187 187 187 187 187 188 188 188 188 188 188 188 188 188 188 188 188 188 188 188 188 188 188 188 189 189 190 190 190 190 191 191 192 193 194 194 194 195 195 195 195 195 196 195 195 195 196 196 196 195 195 194 194 195 195 194 194 195 195 194 195 195 195 195 196 196 196 195 195 195 195 195 195 195 196 196 196 196 196 196 196 196 196 196 196 196 196 197 197 197 197 197 197 198 198 198 199 199 199 199 199 199 200 200 199 200 200 200 200 200 201 201 201 201 201 201 201 201 201 202 202 202 202 202 202 202 202 203 203 203 203 203 203 203 203 203 204 204 204 204 204 204 204 204 204 206 207 207 207 207 207 207 207 207 208 208 208 207 207 208 208 208 208 208 209 209 209 209 209 209 209 209 209 209 209 209 209 209 209 209 209 209 209 210 210 210 210 210 210 210 210 210 209 209 209 210 209 209 208 209 209 210 209 209 209 209 209 210 210 210 211 211 211 212 213 213 213 213 213 213 213 213 213 213 213 213 213 212 211 212 212 212 212 212 213 213 213 212 212 212 212 212 212 213 213 213 213 214 213 213 213 213 214 214 215 214 214 214 214 214 215 215 215 214 214 215 215 216 215 215 215 215 216 217 217 217 217 217 218 218 218 218 218 218 0 0 0 0 0 0 0 0 0 0 0 0 0 0 0 0 0 0 0 0 0 0 
0 0 0 0 0 0 0 0 0 0 0 0 0 0 0 0 0 0 0 0 0 0 0 0 0 0 0 0 0 0 0 0 0 0 0 0 0 0 0 0 0 0 0 0 0 0 0 0 0 0 0 0 0 0 0 0 0 0 0 0 0 0 0 0 0 0 0 0 0 0 0 0 0 0 0 0 0 0 0 0 0 0 0 173 173 173 172 172 171 171 172 172 172 172 171 171 172 172 171 171 172 172 172 171 172 173 174 174 175 175 175 175 175 176 177 177 176 176 177 178 178 178 179 179 179 179 179 179 179 180 180 180 180 180 180 180 180 181 181 181 181 181 181 181 182 182 182 182 182 182 182 183 183 183 183 183 184 184 184 184 183 184 185 185 185 185 185 185 185 185 185 185 185 185 185 186 187 187 187 187 187 187 188 188 188 188 188 188 189 189 189 188 188 188 188 188 188 188 187 187 187 187 188 188 188 188 188 188 188 188 188 188 188 187 187 187 188 188 188 188 189 189 189 190 190 190 191 191 191 191 193 194 194 194 194 195 195 195 195 196 196 196 196 195 195 195 195 195 195 195 195 194 194 195 196 195 195 195 195 195 195 195 195 194 195 194 195 195 195 195 195 196 196 196 196 196 196 196 196 196 196 196 197 197 198 197 197 197 197 197 198 198 198 199 199 199 199 199 200 200 200 200 200 200 200 201 200 201 201 201 201 201 201 201 201 202 202 202 202 202 202 202 202 202 203 203 203 203 203 203 204 204 204 204 204 204 204 204 204 204 204 204 206 206 207 207 207 207 207 207 207 207 208 208 208 207 208 208 208 208 208 209 209 209 209 209 209 209 209 209 209 209 209 209 209 209 209 209 209 209 209 209 209 209 210 210 210 210 209 210 210 211 210 210 210 209 209 209 210 211 210 209 209 210 210 209 210 210 211 211 211 211 212 212 212 213 212 212 213 213 213 213 212 212 212 212 212 212 213 212 212 212 212 213 213 212 212 212 212 212 212 212 213 213 213 213 213 213 213 213 214 214 214 214 214 214 214 214 214 214 214 214 215 215 216 216 216 216 216 217 217 218 218 218 218 218 218 217 217 217 218 0 0 0 0 0 0 0 0 0 0 0 0 0 0 0 0 0 0 0 0 0 0 
0 0 0 0 0 0 0 0 0 0 0 0 0 0 0 0 0 0 0 0 0 0 0 0 0 0 0 0 0 0 0 0 0 0 0 0 0 0 0 0 0 0 0 0 0 0 0 0 0 0 0 0 0 0 0 0 0 0 0 0 0 0 0 0 0 0 0 0 0 0 0 0 0 0 0 0 0 0 0 0 0 0 0 0 0 0 173 172 172 172 172 172 172 172 172 171 172 172 172 172 173 173 172 171 171 172 172 173 174 174 175 175 176 177 177 177 177 177 176 177 177 178 178 179 179 179 179 179 179 180 180 180 180 180 180 180 180 181 181 181 181 182 181 181 182 182 182 182 182 182 182 183 183 183 183 184 184 184 184 184 184 184 184 184 185 185 185 185 185 185 185 184 185 185 185 185 186 187 187 188 187 187 188 189 188 188 188 189 189 189 188 188 187 187 187 188 188 188 188 187 187 187 187 187 187 187 187 188 188 188 188 188 188 188 188 187 188 188 188 188 189 189 189 190 190 190 190 190 190 191 192 193 194 194 195 195 195 195 195 196 196 196 196 195 194 195 195 195 195 195 195 194 194 195 196 196 195 195 196 195 195 195 195 195 195 195 195 195 195 195 195 195 196 196 197 196 196 196 196 196 196 197 197 197 197 197 197 197 197 198 198 198 198 199 199 199 199 199 200 200 200 200 200 200 200 201 200 201 201 201 201 201 201 201 201 202 202 202 202 202 202 202 202 202 202 203 203 203 203 203 204 204 204 204 204 204 204 204 204 204 204 204 206 206 207 207 207 207 207 207 207 207 208 208 208 208 208 208 208 208 208 209 209 209 209 209 209 209 209 209 209 209 209 209 209 209 209 209 209 209 209 209 209 209 209 209 209 209 209 210 210 210 210 210 210 209 209 209 210 210 210 210 209 209 209 209 209 210 210 211 210 211 211 212 211 211 211 211 212 212 212 212 212 212 212 212 212 212 212 212 212 212 212 212 213 212 212 212 212 212 212 212 212 213 213 213 213 213 213 214 214 213 214 214 214 214 214 214 213 214 214 215 215 215 216 216 217 217 217 217 217 217 217 217 218 217 217 216 217 218 219 219 0 0 0 0 0 0 0 0 0 0 0 0 0 0 0 0 0 0 0 0 0 
0 0 0 0 0 0 0 0 0 0 0 0 0 0 0 0 0 0 0 0 0 0 0 0 0 0 0 0 0 0 0 0 0 0 0 0 0 0 0 0 0 0 0 0 0 0 0 0 0 0 0 0 0 0 0 0 0 0 0 0 0 0 0 0 0 0 0 0 0 0 0 0 0 0 0 0 0 0 0 0 0 0 0 0 0 0 0 173 172 172 172 172 172 172 171 171 172 172 172 173 173 173 172 172 172 172 172 172 173 174 174 175 177 177 177 178 178 178 177 177 177 178 178 179 179 179 179 179 180 180 180 180 180 180 181 181 181 181 181 181 181 181 181 181 182 182 182 182 182 182 183 183 183 183 183 184 184 184 184 184 184 184 184 184 185 185 185 185 185 185 184 184 185 185 185 186 186 186 187 187 187 188 188 189 188 188 188 189 189 189 188 188 187 186 187 188 188 188 188 188 188 187 187 187 187 187 187 187 188 188 188 188 188 188 188 188 188 189 189 189 189 189 190 190 190 190 190 190 190 191 192 193 194 194 195 195 195 195 195 196 196 196 195 195 194 194 194 194 194 194 195 194 195 196 196 196 195 196 196 196 195 195 195 195 195 196 195 195 195 195 196 195 195 196 197 196 196 196 196 196 196 197 197 197 197 197 197 197 197 197 198 198 198 199 199 199 199 199 199 200 200 200 200 200 200 201 201 201 201 201 201 201 201 201 201 202 202 202 202 202 202 202 202 202 202 203 203 203 203 203 203 204 204 204 204 204 204 204 204 204 204 204 206 206 207 207 207 207 207 207 207 207 207 208 208 208 208 208 208 208 208 209 209 209 209 209 209 209 209 209 209 209 209 209 209 209 209 209 209 209 209 209 209 209 209 209 209 209 209 209 209 210 210 210 210 210 210 210 210 210 210 210 210 209 209 209 209 209 210 210 211 211 212 211 211 211 212 212 212 212 212 212 213 213 212 212 212 212 212 212 212 212 212 212 212 212 212 212 213 213 212 212 211 212 213 213 212 213 213 214 213 213 213 213 213 213 213 213 214 214 215 214 215 216 216 216 216 216 216 217 217 217 217 216 217 216 216 217 218 219 219 219 218 0 0 0 0 0 0 0 0 0 0 0 0 0 0 0 0 0 0 0 0 
0 0 0 0 0 0 0 0 0 0 0 0 0 0 0 0 0 0 0 0 0 0 0 0 0 0 0 0 0 0 0 0 0 0 0 0 0 0 0 0 0 0 0 0 0 0 0 0 0 0 0 0 0 0 0 0 0 0 0 0 0 0 0 0 0 0 0 0 0 0 0 0 0 0 0 0 0 0 0 0 0 0 0 0 0 0 173 173 173 172 172 172 172 171 172 172 172 172 173 173 173 173 173 173 173 173 172 172 173 173 174 175 176 177 178 178 178 178 178 178 178 178 178 179 179 179 179 179 179 179 180 180 180 180 180 181 181 181 181 181 181 181 181 182 182 182 182 182 182 182 183 183 183 183 183 183 184 184 183 184 184 184 184 184 185 185 185 185 185 185 184 184 184 185 185 185 186 186 187 187 187 188 188 189 189 188 188 189 189 189 189 188 187 186 187 188 188 188 188 187 187 187 187 187 187 187 187 187 187 188 188 188 188 188 188 188 188 189 189 189 190 189 189 189 190 190 190 190 191 191 192 193 193 194 194 194 195 195 195 196 196 197 196 196 195 195 195 194 195 195 195 195 195 195 196 196 195 195 195 195 196 196 196 196 196 196 196 195 195 195 196 196 195 196 196 197 196 196 196 196 196 197 197 197 197 197 197 197 198 198 198 198 199 199 199 199 199 199 199 200 200 200 200 200 200 200 201 201 201 201 201 201 201 201 201 202 202 202 202 202 202 202 202 202 202 202 203 203 203 203 204 204 204 204 204 204 204 204 204 204 204 204 206 206 206 207 207 207 207 207 207 207 207 208 208 208 208 208 208 208 208 208 209 209 209 209 209 209 209 209 209 209 209 209 210 209 209 209 209 209 209 209 209 209 209 209 209 209 209 209 210 209 210 210 210 211 211 210 210 210 211 211 210 210 210 209 209 209 209 210 210 211 211 211 211 212 212 212 212 212 213 213 213 213 212 212 212 211 212 212 212 212 212 212 212 213 213 213 213 213 213 212 212 212 212 213 212 213 213 213 213 213 213 213 213 213 214 214 215 215 215 215 215 216 216 215 215 216 216 216 217 217 216 216 216 216 217 217 218 218 218 217 217 0 0 0 0 0 0 0 0 0 0 0 0 0 0 0 0 0 0 0 0 
0 0 0 0 0 0 0 0 0 0 0 0 0 0 0 0 0 0 0 0 0 0 0 0 0 0 0 0 0 0 0 0 0 0 0 0 0 0 0 0 0 0 0 0 0 0 0 0 0 0 0 0 0 0 0 0 0 0 0 0 0 0 0 0 0 0 0 0 0 0 0 0 0 0 0 0 0 0 0 0 0 0 0 0 0 173 173 173 173 173 172 172 172 172 172 172 173 173 173 173 173 174 174 174 174 174 174 172 173 174 175 175 176 177 178 178 178 178 178 178 179 179 179 179 179 179 179 179 179 179 180 180 180 180 180 180 181 181 181 181 181 182 181 182 182 182 182 182 182 182 183 183 183 183 183 183 183 183 183 183 184 184 184 184 184 185 185 185 185 185 185 184 185 186 186 186 186 186 186 187 187 188 188 188 188 188 189 189 189 188 188 187 186 187 186 187 188 188 188 187 187 187 187 187 187 187 187 187 187 188 188 188 188 188 188 188 188 188 189 189 189 189 189 190 190 190 190 191 191 191 192 193 193 194 194 194 195 195 195 196 196 197 196 195 195 195 195 194 195 195 195 195 195 195 195 195 195 195 195 195 195 195 195 196 196 196 196 195 195 195 195 196 196 196 196 197 197 197 196 197 197 197 198 198 197 197 197 198 198 198 198 198 199 199 199 199 199 199 200 200 200 200 200 200 200 200 201 201 201 201 201 201 201 201 202 202 202 202 202 202 202 202 202 202 202 202 203 203 203 203 203 204 204 204 204 204 204 204 204 204 204 204 206 206 206 206 207 207 207 207 207 207 208 208 208 208 208 208 208 208 208 208 209 209 209 208 209 209 209 209 209 209 209 209 209 210 209 209 209 209 209 209 210 210 209 209 209 209 209 209 210 210 210 210 210 210 210 211 211 210 210 211 211 210 210 210 210 210 210 210 210 210 211 211 211 211 212 211 211 212 212 212 212 212 212 212 212 212 211 211 212 211 212 212 212 212 213 212 212 213 213 213 212 212 212 212 212 212 213 213 212 212 212 213 214 213 213 214 214 214 214 215 215 216 216 214 215 216 216 216 217 217 217 216 216 216 217 217 218 218 217 216 216 0 0 0 0 0 0 0 0 0 0 0 0 0 0 0 0 0 0 0 0 
0 0 0 0 0 0 0 0 0 0 0 0 0 0 0 0 0 0 0 0 0 0 0 0 0 0 0 0 0 0 0 0 0 0 0 0 0 0 0 0 0 0 0 0 0 0 0 0 0 0 0 0 0 0 0 0 0 0 0 0 0 0 0 0 0 0 0 0 0 0 0 0 0 0 0 0 0 0 0 0 0 0 0 0 0 173 173 173 173 173 173 173 172 172 173 173 174 173 173 173 174 174 174 174 174 174 173 173 172 174 175 175 176 177 177 178 178 178 179 179 179 179 180 179 179 179 179 179 179 180 180 180 181 181 180 180 180 181 181 181 181 182 181 182 182 182 182 182 182 182 183 183 183 183 183 183 183 183 184 184 184 184 184 185 185 185 185 185 185 185 184 184 185 185 185 186 186 185 186 186 187 188 188 188 188 188 188 188 188 187 187 187 187 187 186 187 187 188 188 188 188 187 187 187 187 187 188 188 188 188 188 188 188 188 188 188 188 188 188 189 189 190 190 190 190 191 191 191 190 191 192 192 193 193 194 194 195 195 196 196 196 196 196 196 195 194 194 194 195 195 195 195 195 195 195 195 195 195 195 195 195 195 195 195 195 196 196 196 196 196 196 196 196 196 196 197 197 198 197 197 198 198 198 198 197 197 197 198 198 198 198 198 199 199 199 199 199 199 200 200 200 200 200 200 200 200 200 201 201 201 201 201 201 201 201 202 202 202 202 202 202 202 202 202 202 202 203 203 203 203 203 203 204 204 204 204 204 204 204 204 205 205 206 207 207 207 207 207 207 207 207 207 207 208 208 208 208 208 208 208 208 208 209 209 209 208 209 209 209 209 209 209 209 209 209 209 209 209 209 209 209 209 210 210 210 210 210 209 209 209 210 210 210 210 211 210 210 210 211 211 211 211 211 211 211 211 210 210 210 210 210 210 210 210 211 211 211 211 212 211 211 212 212 212 212 212 211 212 212 212 212 212 212 212 212 212 212 212 212 212 213 213 213 213 212 212 213 212 212 212 212 212 213 214 214 213 213 213 213 214 214 214 214 215 215 214 214 215 216 217 217 217 217 216 216 216 217 217 218 217 216 216 216 217 0 0 0 0 0 0 0 0 0 0 0 0 0 0 0 0 0 0 0 
0 0 0 0 0 0 0 0 0 0 0 0 0 0 0 0 0 0 0 0 0 0 0 0 0 0 0 0 0 0 0 0 0 0 0 0 0 0 0 0 0 0 0 0 0 0 0 0 0 0 0 0 0 0 0 0 0 0 0 0 0 0 0 0 0 0 0 0 0 0 0 0 0 0 0 0 0 0 0 0 0 0 0 0 0 0 173 173 174 174 174 173 173 173 173 173 174 173 173 173 174 174 174 174 174 174 172 173 174 174 175 175 176 176 177 177 178 178 179 179 179 180 180 179 179 179 179 179 179 180 180 181 181 181 181 181 181 181 181 181 181 182 181 182 182 182 182 182 182 182 183 183 183 183 183 184 183 183 184 184 184 184 184 184 184 185 185 185 185 185 184 184 185 185 185 186 186 185 186 186 187 187 187 188 188 188 187 187 187 187 187 187 187 187 187 187 187 187 188 188 188 188 187 187 187 187 188 188 188 188 188 188 188 188 188 188 189 189 189 188 189 189 189 190 190 190 190 190 190 191 192 192 192 193 194 194 194 195 195 196 197 197 196 195 194 194 194 194 194 195 194 195 195 195 195 195 194 195 195 195 196 196 196 196 195 195 196 196 196 196 197 197 196 196 196 197 197 198 198 197 197 197 198 197 197 197 198 198 198 198 198 198 199 199 199 199 199 199 200 200 200 200 200 200 200 200 200 200 201 201 201 201 201 201 201 202 202 202 202 202 202 202 202 202 202 202 203 203 203 203 203 203 203 203 204 204 204 204 204 204 204 205 207 207 207 207 207 207 207 207 207 207 207 207 208 208 208 208 208 208 208 208 208 209 209 208 209 209 209 209 209 209 209 209 209 209 209 209 209 209 208 209 209 209 210 210 210 210 209 209 209 209 210 210 210 210 210 211 211 211 211 211 211 211 211 211 211 210 210 210 210 210 210 210 210 211 210 211 211 211 211 211 211 211 212 212 211 211 211 211 212 212 212 212 212 212 212 212 212 212 212 213 213 213 213 212 212 213 212 212 212 213 213 214 214 214 214 213 213 213 214 214 214 214 215 214 214 215 215 216 217 217 216 216 215 216 216 217 217 217 216 216 216 217 216 217 0 0 0 0 0 0 0 0 0 0 0 0 0 0 0 0 0 
0 0 0 0 0 0 0 0 0 0 0 0 0 0 0 0 0 0 0 0 0 0 0 0 0 0 0 0 0 0 0 0 0 0 0 0 0 0 0 0 0 0 0 0 0 0 0 0 0 0 0 0 0 0 0 0 0 0 0 0 0 0 0 0 0 0 0 0 0 0 0 0 0 0 0 0 0 0 0 0 0 0 0 0 0 0 0 174 174 174 174 174 174 173 173 173 173 173 173 174 174 173 174 174 174 174 173 173 175 175 175 175 175 176 176 176 177 178 179 179 179 179 180 179 179 179 179 180 179 180 181 181 181 181 181 181 181 181 182 181 181 181 181 182 182 182 182 183 183 183 183 183 183 183 183 184 183 184 184 184 184 184 184 184 185 185 185 185 186 185 185 184 184 185 185 185 185 185 186 186 186 187 187 188 187 187 187 187 186 186 187 187 187 187 187 187 187 188 188 188 188 188 188 187 187 187 187 187 187 188 188 188 188 188 188 189 189 189 189 189 189 189 189 190 190 190 190 190 191 191 191 192 192 193 193 194 194 194 194 195 196 196 196 195 194 194 194 194 194 194 194 195 195 195 195 195 195 194 195 195 195 196 195 195 196 195 196 196 196 196 197 196 197 197 197 197 198 197 197 197 197 197 197 197 197 197 197 198 198 198 198 198 199 199 199 199 199 199 200 200 200 200 200 200 200 200 200 200 201 201 201 201 201 201 201 202 202 202 202 202 202 202 202 202 202 202 202 203 203 203 203 203 203 203 203 204 204 204 204 204 204 204 207 207 207 207 207 207 207 207 207 207 208 208 208 208 208 208 208 208 208 208 208 209 209 208 208 208 208 209 209 209 209 209 209 209 209 209 209 209 209 208 208 209 209 210 210 211 210 210 210 209 209 210 210 210 211 211 210 210 211 211 211 211 211 211 210 210 210 211 210 210 210 210 210 210 210 210 210 211 211 211 211 211 211 211 211 211 211 211 211 212 212 212 212 211 212 212 212 212 212 212 213 212 212 212 212 212 212 212 212 212 213 213 213 214 214 213 213 213 213 213 214 214 214 214 214 214 215 215 216 216 216 216 215 216 216 217 217 217 216 216 215 216 216 217 0 0 0 0 0 0 0 0 0 0 0 0 0 0 0 0 0 
0 0 0 0 0 0 0 0 0 0 0 0 0 0 0 0 0 0 0 0 0 0 0 0 0 0 0 0 0 0 0 0 0 0 0 0 0 0 0 0 0 0 0 0 0 0 0 0 0 0 0 0 0 0 0 0 0 0 0 0 0 0 0 0 0 0 0 0 0 0 0 0 0 0 0 0 0 0 0 0 0 0 0 0 0 0 0 174 174 174 174 174 174 174 173 174 174 174 174 173 173 173 173 173 174 174 173 173 174 175 175 175 176 176 176 176 177 178 178 178 179 179 179 179 180 180 179 179 180 180 181 181 181 181 181 181 181 181 181 181 181 181 181 182 182 182 182 183 183 183 183 183 183 183 183 183 183 184 184 185 184 184 184 185 185 185 185 185 186 185 185 184 184 184 185 186 186 186 186 186 186 187 187 187 187 186 186 186 186 186 187 187 186 187 187 187 187 188 188 188 187 187 187 187 187 188 188 188 188 187 188 188 188 188 189 189 189 189 189 189 189 189 189 190 190 190 190 190 190 191 191 191 192 192 193 194 194 193 193 194 195 195 195 195 195 194 195 195 194 194 194 194 195 195 194 194 194 195 194 194 195 195 195 195 195 195 195 195 196 196 196 196 197 197 197 198 198 198 198 198 197 197 197 197 198 197 197 198 198 198 198 198 199 199 199 199 199 199 200 200 200 200 200 200 200 200 200 200 201 201 201 201 201 201 201 201 202 202 202 202 202 202 202 202 202 202 202 202 203 203 203 203 203 203 203 203 204 204 204 204 204 204 206 207 207 207 207 207 207 207 207 207 208 208 208 208 208 208 208 208 208 208 208 208 208 208 208 208 208 208 209 208 209 209 209 209 210 210 209 210 209 209 208 209 209 209 210 210 210 210 210 210 209 209 210 210 210 211 210 210 210 210 210 211 211 210 210 211 211 211 211 210 210 210 210 210 210 210 211 211 210 210 211 211 211 211 211 211 211 211 211 212 212 212 212 212 211 212 212 212 212 212 213 212 212 212 212 212 212 213 213 213 213 213 213 214 213 213 213 213 213 213 214 214 214 213 214 214 215 215 215 215 216 216 216 215 216 216 217 217 217 216 216 215 216 216 217 0 0 0 0 0 0 0 0 0 0 0 0 0 0 0 0 
0 0 0 0 0 0 0 0 0 0 0 0 0 0 0 0 0 0 0 0 0 0 0 0 0 0 0 0 0 0 0 0 0 0 0 0 0 0 0 0 0 0 0 0 0 0 0 0 0 0 0 0 0 0 0 0 0 0 0 0 0 0 0 0 0 0 0 0 0 0 0 0 0 0 0 0 0 0 0 0 0 0 0 0 0 0 0 0 174 0 0 175 174 174 174 174 174 174 174 173 173 173 173 173 173 174 174 174 174 175 175 175 175 176 177 176 177 177 178 178 178 179 179 180 180 180 179 179 180 180 180 181 181 181 181 181 182 181 182 182 182 182 181 182 182 182 182 183 183 183 183 183 183 183 183 183 184 184 184 184 184 185 185 185 185 185 185 185 186 185 185 185 185 184 184 185 185 186 186 186 186 187 186 186 186 186 186 186 186 186 186 187 186 187 187 187 187 188 188 188 188 187 187 187 187 188 188 188 188 187 187 188 188 188 189 189 189 189 189 189 189 189 189 190 190 190 190 190 191 191 191 191 192 192 193 192 192 193 193 194 194 194 194 194 195 195 195 195 194 194 194 195 195 196 195 194 195 195 195 195 195 195 195 195 195 196 196 195 195 195 196 196 197 197 197 197 198 198 197 198 197 198 197 197 197 198 197 198 198 198 198 198 199 199 199 199 199 199 199 200 200 200 200 200 200 200 200 200 200 201 201 201 201 201 201 201 202 202 202 202 202 202 202 203 203 202 202 202 203 203 203 203 203 203 203 203 204 204 204 204 204 204 206 207 207 207 207 207 207 207 207 207 207 208 208 208 208 208 208 208 208 208 208 208 208 208 208 208 208 208 209 209 209 209 209 209 210 210 210 209 209 209 208 208 209 209 209 209 210 210 210 211 210 210 210 210 210 210 210 211 211 211 210 210 210 210 211 211 211 211 210 210 210 210 210 210 210 210 210 211 210 210 210 210 211 211 211 211 211 211 211 211 211 211 212 212 211 212 212 212 212 212 212 212 212 212 212 212 212 212 213 213 214 214 214 214 213 213 213 213 213 213 213 214 213 214 214 215 214 214 214 214 215 216 216 215 216 216 217 217 217 216 216 215 216 216 217 217 0 0 0 0 0 0 0 0 0 0 0 0 0 0 0 
0 0 0 0 0 0 0 0 0 0 0 0 0 0 0 0 0 0 0 0 0 0 0 0 0 0 0 0 0 0 0 0 0 0 0 0 0 0 0 0 0 0 0 0 0 0 0 0 0 0 0 0 0 0 0 0 0 0 0 0 0 0 0 0 0 0 0 0 0 0 0 0 0 0 0 0 0 0 0 0 0 0 0 0 0 0 0 0 0 0 0 0 0 174 174 174 175 174 174 173 172 173 173 173 174 174 174 174 174 174 174 175 175 176 176 176 177 177 178 178 178 179 179 180 179 179 179 179 180 180 181 181 181 181 181 181 181 182 182 182 182 182 182 182 182 182 182 183 183 183 183 183 183 183 183 183 184 184 184 184 185 185 185 185 185 185 185 186 186 186 186 186 185 184 184 185 185 185 185 186 186 187 186 187 186 186 186 186 186 186 186 187 186 187 187 187 187 187 187 188 188 187 187 187 187 187 188 188 188 188 188 188 188 189 189 189 189 189 189 189 189 189 189 189 189 190 190 191 191 191 191 191 191 192 192 192 193 193 193 194 193 193 194 194 194 195 195 194 194 194 194 194 195 196 195 195 195 195 196 195 195 196 196 195 196 197 196 196 196 195 196 196 196 196 197 197 197 197 197 197 197 198 197 197 198 197 197 197 198 198 198 198 199 199 199 199 199 199 200 200 200 200 200 200 200 200 200 201 201 201 201 201 201 201 201 201 201 202 202 202 202 202 202 202 202 202 202 202 202 203 203 203 203 203 203 203 204 204 204 204 204 204 206 206 207 207 207 207 207 207 207 207 207 208 208 208 208 208 208 208 208 208 208 208 208 208 208 208 208 209 209 209 209 209 210 209 210 210 210 210 210 209 209 209 209 209 209 209 209 209 210 210 211 210 210 210 210 210 210 210 210 210 210 211 210 210 210 211 211 211 210 210 210 210 210 210 210 210 210 210 210 210 210 210 210 210 210 211 211 211 211 211 211 211 211 211 211 211 211 212 212 212 212 212 212 212 212 212 213 212 212 213 213 213 214 214 213 214 214 214 214 214 213 213 213 214 214 214 213 214 213 214 216 216 216 215 216 216 216 217 217 216 216 215 216 216 216 216 0 0 0 0 0 0 0 0 0 0 0 0 0 0 0 
0 0 0 0 0 0 0 0 0 0 0 0 0 0 0 0 0 0 0 0 0 0 0 0 0 0 0 0 0 0 0 0 0 0 0 0 0 0 0 0 0 0 0 0 0 0 0 0 0 0 0 0 0 0 0 0 0 0 0 0 0 0 0 0 0 0 0 0 0 0 0 0 0 0 0 0 0 0 0 0 0 0 0 0 0 0 0 0 0 0 0 0 0 0 0 0 175 174 173 173 173 174 173 174 174 174 174 174 174 174 175 175 175 175 175 176 176 177 177 177 178 179 179 180 180 179 179 179 180 180 181 181 181 181 181 181 181 181 182 182 182 182 182 182 182 182 182 182 183 183 183 183 183 183 183 184 184 184 184 184 185 185 185 185 185 185 185 186 186 186 186 185 185 185 185 185 185 185 185 186 186 186 187 187 186 186 186 187 186 186 186 186 187 187 187 187 187 187 187 188 188 188 187 187 187 187 187 187 188 188 188 188 188 188 189 189 189 189 189 189 189 189 189 189 189 189 190 190 190 190 191 191 191 192 192 192 192 193 193 193 193 193 193 193 194 194 195 195 195 195 194 194 194 195 195 195 195 195 196 195 195 196 196 196 197 196 196 196 196 196 196 195 195 196 197 196 196 196 197 197 197 197 198 198 198 197 197 197 198 198 198 198 199 199 199 199 199 199 199 199 200 199 200 200 200 200 200 200 201 201 201 201 201 201 201 201 201 201 202 202 202 202 202 202 202 202 202 202 202 202 202 202 203 203 203 203 203 204 204 204 204 204 206 207 207 207 207 207 207 207 207 207 207 207 208 208 208 208 208 208 208 208 208 208 208 208 208 209 209 209 209 210 209 209 210 210 210 210 210 210 210 209 209 209 209 209 209 209 210 210 210 210 211 210 210 210 210 210 210 210 210 210 210 210 210 210 210 210 211 212 211 210 210 210 209 210 210 210 210 210 210 210 210 210 210 210 210 210 210 211 211 211 211 211 211 211 211 211 211 211 211 212 212 212 212 212 212 212 212 212 212 213 213 213 214 214 214 214 214 214 214 214 213 213 213 213 213 213 213 214 214 215 216 216 216 215 215 215 216 216 217 216 216 215 216 216 216 216 217 218 0 0 0 0 0 0 0 0 0 0 0 0 0 
0 0 0 0 0 0 0 0 0 0 0 0 0 0 0 0 0 0 0 0 0 0 0 0 0 0 0 0 0 0 0 0 0 0 0 0 0 0 0 0 0 0 0 0 0 0 0 0 0 0 0 0 0 0 0 0 0 0 0 0 0 0 0 0 0 0 0 0 0 0 0 0 0 0 0 0 0 0 0 0 0 0 0 0 0 0 0 0 0 0 0 0 0 0 0 0 0 175 174 173 174 174 174 174 174 175 175 174 174 174 174 174 174 175 175 176 176 177 177 178 179 178 179 179 179 179 179 180 180 180 181 181 181 181 181 181 181 182 182 182 182 182 182 182 182 182 182 182 182 183 183 183 183 183 184 184 184 184 184 184 185 185 185 185 185 185 186 186 186 186 186 186 185 185 185 185 185 185 185 186 186 186 186 187 187 187 187 187 187 186 186 186 186 186 187 187 187 187 187 187 188 188 188 188 188 187 187 187 187 187 188 187 188 188 188 189 189 189 189 190 190 190 189 190 189 189 190 190 191 191 191 192 191 192 192 193 193 193 193 193 193 193 193 193 194 194 194 195 195 195 195 194 194 194 195 195 195 196 196 196 196 196 196 196 196 196 196 196 196 196 197 196 195 195 196 196 196 197 197 197 197 197 197 198 197 197 198 198 198 198 198 198 199 199 199 199 199 199 199 199 200 200 199 199 200 200 200 200 200 200 200 201 201 201 201 201 201 201 201 201 202 202 202 202 202 202 202 202 202 202 202 203 203 203 203 203 203 203 203 204 204 204 206 207 207 207 207 207 207 207 207 207 207 208 208 208 208 208 208 208 208 208 208 208 208 209 208 209 209 209 209 210 210 210 210 210 209 209 210 209 209 209 209 209 209 209 209 209 209 210 210 210 210 211 211 210 210 210 210 210 210 210 210 210 210 210 210 210 211 211 212 211 210 210 210 210 210 210 210 210 210 210 210 210 210 210 210 211 211 211 211 211 211 211 211 211 211 211 211 211 211 211 212 212 212 212 212 212 212 212 212 213 213 213 213 213 213 213 214 214 214 215 215 214 214 213 213 213 213 214 214 214 215 215 216 216 215 215 215 216 216 216 215 215 216 216 216 217 217 217 217 217 0 0 0 0 0 0 0 0 0 0 0 
0 0 0 0 0 0 0 0 0 0 0 0 0 0 0 0 0 0 0 0 0 0 0 0 0 0 0 0 0 0 0 0 0 0 0 0 0 0 0 0 0 0 0 0 0 0 0 0 0 0 0 0 0 0 0 0 0 0 0 0 0 0 0 0 0 0 0 0 0 0 0 0 0 0 0 0 0 0 0 0 0 0 0 0 0 0 0 0 0 0 0 0 0 0 0 0 0 0 174 174 174 174 174 174 174 174 174 174 175 175 176 176 176 175 175 176 176 177 178 179 178 178 178 179 179 180 180 180 180 181 181 181 181 181 181 182 182 182 182 182 182 182 182 182 182 182 182 182 182 183 183 183 183 183 184 184 184 184 184 184 185 185 185 185 185 185 185 186 186 186 186 186 186 185 185 185 185 185 185 186 186 186 187 187 187 188 187 187 187 187 187 186 186 186 187 187 187 187 187 187 187 188 188 188 188 188 187 187 187 188 188 188 188 188 189 189 189 190 190 190 190 190 190 189 189 189 190 190 191 191 192 191 192 192 193 193 193 193 193 193 193 192 193 194 194 194 194 195 195 194 194 194 194 194 195 195 195 196 196 196 196 196 196 196 196 197 196 196 196 197 197 196 196 195 195 196 195 196 196 197 197 196 197 197 197 198 198 198 198 198 199 199 199 199 199 199 199 199 199 199 200 200 200 200 200 200 200 200 200 200 200 201 201 201 201 201 201 201 201 202 202 202 202 202 202 202 203 202 202 202 202 203 203 203 203 203 203 203 203 203 204 204 206 206 206 207 207 207 207 207 207 207 207 207 208 208 208 208 208 208 208 208 208 208 208 208 209 209 209 209 209 209 209 210 210 209 209 209 209 209 209 209 209 209 209 209 210 209 209 209 210 210 210 210 211 212 212 211 211 210 210 210 210 210 210 210 210 210 210 211 212 212 211 211 210 210 210 210 210 211 210 210 210 210 210 211 211 211 211 211 211 211 211 212 212 212 212 212 212 212 211 211 211 211 211 212 212 212 212 212 212 213 213 213 213 213 213 213 213 213 213 214 215 215 215 215 214 213 213 213 213 213 214 214 215 216 216 215 215 216 216 216 215 216 216 217 217 217 217 217 217 217 217 0 0 0 0 0 0 0 0 0 0 
0 0 0 0 0 0 0 0 0 0 0 0 0 0 0 0 0 0 0 0 0 0 0 0 0 0 0 0 0 0 0 0 0 0 0 0 0 0 0 0 0 0 0 0 0 0 0 0 0 0 0 0 0 0 0 0 0 0 0 0 0 0 0 0 0 0 0 0 0 0 0 0 0 0 0 0 0 0 0 0 0 0 0 0 0 0 0 0 0 0 0 0 0 0 0 0 0 0 175 175 174 174 174 173 174 174 174 174 175 176 177 175 175 175 176 176 177 178 178 179 178 178 178 178 179 180 180 180 181 181 181 181 181 181 182 182 182 182 182 182 182 182 182 182 182 182 182 183 183 183 183 183 183 183 183 184 184 184 184 185 185 185 185 185 185 185 185 185 185 186 186 186 186 185 185 185 185 185 185 185 186 186 187 187 187 188 188 187 187 187 187 187 187 187 187 187 187 187 187 187 187 188 188 188 188 188 188 187 188 188 189 188 188 188 189 189 190 190 190 190 190 190 190 190 190 189 189 190 190 191 191 191 192 192 192 192 192 192 193 193 193 193 193 193 193 194 194 194 195 195 195 194 194 194 195 195 195 196 196 196 196 196 196 196 195 196 196 196 196 197 197 197 196 196 196 197 196 196 196 196 196 196 197 197 197 198 198 198 198 198 198 198 199 199 199 199 199 199 200 200 200 200 200 200 200 200 200 200 200 200 201 201 201 201 201 201 201 201 202 202 202 202 202 202 203 202 203 203 202 202 203 203 203 203 203 203 203 203 203 203 203 204 206 206 206 206 207 207 207 207 207 207 207 207 207 208 208 208 208 208 208 208 208 208 208 208 208 208 208 209 208 209 209 209 209 209 209 209 209 209 209 210 210 209 209 209 210 210 210 210 210 210 210 210 210 211 212 212 212 211 210 210 210 210 210 210 210 210 210 211 212 212 211 211 210 210 210 210 210 211 211 210 210 210 211 211 211 211 211 211 211 211 212 212 212 213 213 213 212 212 212 212 211 211 211 212 212 212 212 212 212 213 213 213 213 213 214 214 213 213 213 214 214 214 214 215 215 215 214 214 213 213 213 213 215 216 216 216 215 215 216 215 215 216 217 217 216 216 216 217 217 217 217 217 217 217 217 217 217 0 0 0 0 
0 0 0 0 0 0 0 0 0 0 0 0 0 0 0 0 0 0 0 0 0 0 0 0 0 0 0 0 0 0 0 0 0 0 0 0 0 0 0 0 0 0 0 0 0 0 0 0 0 0 0 0 0 0 0 0 0 0 0 0 0 0 0 0 0 0 0 0 0 0 0 0 0 0 0 0 0 0 0 0 0 0 0 0 0 0 0 0 0 0 0 0 0 0 0 0 0 0 175 175 174 175 174 174 174 174 174 174 175 175 175 175 175 174 175 177 177 177 177 177 177 177 178 178 178 179 179 180 181 181 181 181 181 182 182 182 182 182 182 182 182 182 182 182 182 183 183 183 183 183 183 183 183 183 184 184 184 184 185 185 185 185 185 185 185 185 185 185 186 186 186 186 186 186 186 186 185 185 185 185 185 186 187 187 187 187 187 187 187 188 188 187 187 187 187 187 187 188 188 187 187 188 188 188 188 188 188 187 188 188 188 189 188 189 189 189 190 190 190 189 189 189 189 190 190 189 189 189 190 191 190 191 191 192 193 192 192 192 192 192 192 193 193 194 194 194 195 195 195 195 195 194 194 194 195 195 196 196 197 197 197 197 197 196 196 196 195 196 197 197 197 196 196 196 196 197 197 197 196 197 196 196 197 197 197 198 198 198 198 198 198 198 199 199 199 199 199 200 200 200 200 200 200 200 199 199 200 201 201 201 201 201 201 201 201 201 201 201 202 202 202 202 202 202 202 203 203 202 203 203 203 203 203 203 203 203 204 203 203 203 204 204 206 206 206 206 206 207 207 207 207 207 207 207 207 208 208 208 208 208 208 208 208 208 208 208 208 208 208 208 208 209 209 209 209 209 209 209 209 209 210 210 210 210 209 210 210 210 210 210 210 210 210 210 210 210 210 211 211 212 211 211 211 210 210 210 210 210 210 211 211 212 212 211 210 210 210 210 210 210 211 211 211 211 211 211 211 211 211 212 212 212 212 212 212 213 213 213 213 213 213 213 213 212 212 212 212 212 212 212 213 213 213 213 213 213 214 214 214 213 214 214 214 213 214 214 214 215 215 215 215 214 214 214 215 215 215 216 215 215 216 216 215 216 216 217 216 216 216 217 217 217 217 217 217 217 217 217 217 218 218 0 0 
0 0 0 0 0 0 0 0 0 0 0 0 0 0 0 0 0 0 0 0 0 0 0 0 0 0 0 0 0 0 0 0 0 0 0 0 0 0 0 0 0 0 0 0 0 0 0 0 0 0 0 0 0 0 0 0 0 0 0 0 0 0 0 0 0 0 0 0 0 0 0 0 0 0 0 0 0 0 0 0 0 0 0 0 0 0 0 0 0 0 0 0 0 0 0 0 0 0 0 0 175 175 175 175 175 174 175 175 174 174 174 174 174 174 175 176 176 176 177 177 177 177 178 178 179 179 179 179 180 180 181 182 182 182 182 182 182 182 182 182 183 183 182 182 183 183 183 183 184 184 183 183 183 183 184 184 184 184 185 185 185 185 185 186 185 185 185 186 186 186 186 186 186 186 186 187 186 186 185 185 185 185 185 186 187 187 186 186 187 187 187 187 187 187 187 187 187 188 187 188 187 188 188 188 188 188 188 188 188 188 188 188 189 189 189 190 190 190 190 190 190 190 190 190 189 189 189 189 190 190 190 190 191 191 192 192 192 192 192 192 193 193 194 194 195 194 194 195 195 195 195 195 194 195 195 196 196 196 197 196 196 196 197 197 196 196 196 196 197 197 197 197 197 196 196 197 197 197 197 197 196 197 197 196 197 197 198 198 198 198 198 198 199 199 199 199 200 200 200 199 199 200 200 200 199 199 200 200 201 201 201 201 201 201 201 201 201 201 201 202 202 202 202 203 203 203 203 203 203 203 202 203 203 203 203 203 203 203 204 204 204 204 206 206 206 206 206 207 207 207 207 207 207 207 207 207 208 208 208 208 208 208 208 208 208 208 208 208 208 208 209 209 209 209 209 209 209 209 209 209 210 210 210 209 209 209 210 210 210 210 210 210 210 210 210 210 210 211 211 211 212 213 212 212 211 210 210 210 210 211 211 213 212 212 210 210 210 210 210 210 211 211 211 211 211 211 211 211 211 211 212 212 213 213 213 213 213 213 213 213 213 213 213 213 213 213 213 213 212 212 212 213 213 213 213 213 213 214 214 214 215 214 214 214 214 214 214 214 214 214 214 214 214 214 214 215 215 216 216 216 215 215 215 216 216 217 216 216 216 217 216 216 216 216 216 217 217 217 218 218 218 218 218 
0 0 0 0 0 0 0 0 0 0 0 0 0 0 0 0 0 0 0 0 0 0 0 0 0 0 0 0 0 0 0 0 0 0 0 0 0 0 0 0 0 0 0 0 0 0 0 0 0 0 0 0 0 0 0 0 0 0 0 0 0 0 0 0 0 0 0 0 0 0 0 0 0 0 0 0 0 0 0 0 0 0 0 0 0 0 0 0 0 0 0 0 0 0 0 0 0 0 0 0 0 0 0 0 176 175 175 175 175 175 175 175 175 175 175 177 177 177 178 178 178 179 179 179 179 179 179 180 180 181 181 182 182 182 182 182 182 182 182 183 183 183 183 183 183 183 183 184 184 184 183 183 183 183 184 184 184 184 185 185 185 185 185 185 185 185 186 186 186 186 186 186 186 186 186 186 186 187 186 186 186 185 185 185 186 186 187 186 186 186 186 187 187 187 187 187 188 188 187 187 187 187 188 188 188 188 187 188 188 188 189 189 189 189 190 190 190 189 189 189 189 189 189 189 189 190 190 190 190 190 190 191 191 191 192 192 192 192 193 193 193 194 194 193 194 193 194 194 194 195 195 195 195 195 195 196 196 196 196 196 196 196 197 197 197 196 196 196 197 197 197 196 196 196 196 197 197 198 197 197 197 197 196 197 197 197 197 197 198 198 198 198 199 199 199 199 199 199 199 199 199 199 199 199 199 199 200 200 200 201 201 201 201 201 202 202 201 201 201 202 202 202 202 203 203 203 203 203 202 202 203 203 203 203 203 203 204 204 204 204 204 204 206 206 206 206 206 206 207 207 207 207 207 207 207 208 208 208 208 208 208 208 208 208 208 209 209 208 208 209 209 209 209 209 209 209 209 209 209 209 209 210 210 210 209 209 209 209 209 209 210 210 210 210 210 210 210 211 211 210 211 213 214 214 213 212 211 211 210 211 212 213 213 212 211 210 210 210 210 210 211 211 212 212 212 212 212 212 212 212 212 212 212 212 213 213 213 213 213 213 212 212 212 213 213 213 213 213 213 213 212 212 213 213 213 213 213 213 214 214 215 214 214 214 214 214 214 214 214 214 214 214 214 214 214 214 215 215 216 216 215 215 215 216 216 216 216 216 216 217 217 216 216 215 216 216 216 217 217 217 218 218 0 
0 0 0 0 0 0 0 0 0 0 0 0 0 0 0 0 0 0 0 0 0 0 0 0 0 0 0 0 0 0 0 0 0 0 0 0 0 0 0 0 0 0 0 0 0 0 0 0 0 0 0 0 0 0 0 0 0 0 0 0 0 0 0 0 0 0 0 0 0 0 0 0 0 0 0 0 0 0 0 0 0 0 0 0 0 0 0 0 0 0 0 0 0 0 0 0 0 0 0 0 0 0 0 0 176 176 176 0 0 176 175 175 176 176 175 176 176 177 177 178 177 178 178 178 178 179 179 179 180 180 181 182 182 182 182 182 182 182 182 183 183 183 183 183 183 183 183 183 184 184 184 184 183 184 184 184 184 184 185 185 185 185 185 185 185 185 185 186 186 186 186 186 186 186 187 187 187 187 187 187 187 186 185 185 185 185 186 186 186 185 186 186 187 187 187 187 187 188 188 188 188 188 188 188 188 188 188 188 188 189 189 189 189 189 190 190 190 190 189 189 189 189 190 189 190 190 190 190 190 190 190 190 191 191 192 192 191 192 193 193 193 193 193 193 193 194 194 195 195 195 195 195 195 195 195 195 195 196 196 196 196 196 196 196 197 196 196 196 196 197 198 197 196 196 196 196 197 198 197 197 197 197 197 198 197 197 197 197 197 197 198 198 199 199 199 199 199 199 199 200 200 199 199 199 199 200 200 200 200 201 201 201 201 201 202 202 201 201 201 201 202 202 202 203 203 203 203 203 203 203 203 203 203 203 203 204 204 204 205 204 204 204 205 206 206 206 206 206 207 207 207 207 207 207 207 207 207 208 208 208 208 208 208 208 208 209 209 209 209 209 209 209 209 209 209 209 209 209 209 209 209 210 210 210 210 210 209 209 209 209 209 210 210 210 210 210 210 210 211 210 210 211 213 214 214 214 213 213 212 211 212 213 213 213 212 212 211 210 210 210 211 211 211 212 212 212 212 212 212 212 213 213 213 212 212 212 212 212 212 212 212 212 212 212 213 212 213 213 213 213 213 213 213 213 213 213 213 213 213 213 214 214 214 214 215 215 215 215 215 214 214 213 213 214 214 214 214 214 215 215 215 215 216 216 216 215 215 216 216 216 217 217 216 215 215 216 216 216 216 217 217 0 0 
0 0 0 0 0 0 0 0 0 0 0 0 0 0 0 0 0 0 0 0 0 0 0 0 0 0 0 0 0 0 0 0 0 0 0 0 0 0 0 0 0 0 0 0 0 0 0 0 0 0 0 0 0 0 0 0 0 0 0 0 0 0 0 0 0 0 0 0 0 0 0 0 0 0 0 0 0 0 0 0 0 0 0 0 0 0 0 0 0 0 0 0 0 0 0 0 0 0 0 0 0 0 0 0 0 0 0 0 0 0 0 176 177 0 0 176 176 176 176 177 177 178 178 178 179 179 180 180 180 180 181 181 182 182 182 182 182 182 183 183 183 183 183 183 183 183 183 184 184 184 184 184 183 183 184 184 184 184 185 185 185 185 185 185 185 185 186 186 186 186 186 186 186 186 187 187 187 187 187 187 187 187 186 186 186 185 185 185 185 185 185 185 186 186 187 186 187 187 188 188 188 188 188 188 188 188 188 188 188 188 189 189 189 189 189 189 190 190 190 189 189 190 190 190 190 191 191 190 190 190 190 190 191 191 192 191 192 193 193 193 192 192 193 194 194 194 194 195 195 195 195 195 195 195 196 195 195 195 196 196 197 196 196 196 196 196 196 196 197 197 198 197 197 196 196 196 197 198 198 197 197 197 197 198 198 197 197 197 197 197 197 198 198 199 199 199 199 199 199 199 199 199 199 199 199 200 200 200 200 201 201 201 202 201 201 201 201 201 201 202 202 202 203 203 202 203 203 203 203 203 203 203 203 203 203 204 205 205 204 204 204 204 206 206 206 206 206 207 207 207 207 207 207 207 207 207 207 208 208 208 208 208 208 208 208 209 209 209 209 209 209 209 209 209 209 209 209 209 210 209 210 209 210 210 210 210 209 209 210 210 209 210 210 209 210 210 210 210 210 210 210 210 211 212 213 214 214 214 214 213 214 214 213 213 213 213 212 211 210 210 210 211 211 212 213 213 213 213 213 213 213 213 213 213 212 212 212 212 212 212 212 212 213 213 212 212 212 213 213 213 213 213 213 213 213 213 213 213 213 213 213 214 214 214 214 214 215 215 215 215 214 214 213 214 214 214 214 214 214 214 214 215 215 216 215 215 216 216 216 216 216 216 216 215 216 216 216 216 217 217 217 0 0 
0 0 0 0 0 0 0 0 0 0 0 0 0 0 0 0 0 0 0 0 0 0 0 0 0 0 0 0 0 0 0 0 0 0 0 0 0 0 0 0 0 0 0 0 0 0 0 0 0 0 0 0 0 0 0 0 0 0 0 0 0 0 0 0 0 0 0 0 0 0 0 0 0 0 0 0 0 0 0 0 0 0 0 0 0 0 0 0 0 0 0 0 0 0 0 0 0 0 0 0 0 0 0 0 0 0 0 0 0 0 0 0 0 0 0 0 176 177 177 177 178 178 178 179 179 180 180 180 180 180 181 182 182 182 182 182 182 183 183 183 183 183 183 183 183 183 184 184 184 184 184 184 184 184 184 184 184 185 185 185 185 185 185 185 185 185 185 185 186 186 186 186 186 186 186 186 186 187 187 187 187 187 187 187 187 186 186 186 187 187 186 186 185 186 186 186 187 187 188 188 188 188 188 188 188 188 188 188 188 188 188 189 189 189 190 190 190 190 190 190 190 190 190 190 190 190 190 190 190 190 190 190 190 191 191 191 192 193 193 192 192 193 193 194 194 194 194 194 195 195 196 196 196 196 195 195 196 195 196 196 197 196 196 196 197 197 196 196 196 197 197 197 197 197 196 196 197 198 198 198 198 198 197 198 198 197 197 197 198 197 197 197 198 198 199 199 199 199 199 199 199 199 199 199 199 200 200 201 200 200 201 201 201 201 201 201 201 201 202 202 202 202 202 202 202 203 203 204 204 203 204 203 203 203 203 204 205 205 204 204 205 205 206 206 206 206 206 207 207 207 207 207 207 207 207 207 208 208 208 208 208 208 208 208 208 208 209 209 209 209 209 209 209 209 209 209 209 209 209 210 210 210 210 210 210 210 210 210 210 210 210 210 210 210 210 210 210 210 210 210 210 210 210 211 212 214 214 214 214 214 214 214 214 214 214 214 213 212 211 210 210 210 211 211 211 212 213 213 213 213 213 213 213 213 213 212 212 212 212 212 212 212 213 213 213 213 213 213 213 213 213 213 213 213 213 213 213 213 213 213 213 213 213 213 214 214 214 215 215 215 215 215 214 214 214 214 214 214 214 214 214 214 214 215 215 215 215 216 216 216 216 216 215 215 216 216 216 216 216 216 217 217 0 
0 0 0 0 0 0 0 0 0 0 0 0 0 0 0 0 0 0 0 0 0 0 0 0 0 0 0 0 0 0 0 0 0 0 0 0 0 0 0 0 0 0 0 0 0 0 0 0 0 0 0 0 0 0 0 0 0 0 0 0 0 0 0 0 0 0 0 0 0 0 0 0 0 0 0 0 0 0 0 0 0 0 0 0 0 0 0 0 0 0 0 0 0 0 0 0 0 0 0 0 0 0 0 0 0 0 0 0 0 0 0 0 0 0 0 0 176 177 178 178 178 178 178 179 180 180 181 181 180 180 181 182 181 182 182 182 183 183 183 183 183 183 183 183 183 183 183 184 184 184 184 184 184 184 184 184 184 185 185 185 185 185 185 185 185 185 185 185 186 186 186 186 186 186 186 186 186 187 187 187 187 187 188 188 188 187 187 187 187 187 187 187 186 186 186 186 187 187 187 187 188 188 188 188 188 188 188 188 188 189 189 189 189 189 190 190 190 190 190 190 190 190 190 190 191 191 190 190 190 190 191 191 190 191 191 192 192 193 192 192 192 193 193 194 193 194 194 194 194 195 196 196 196 197 196 196 196 196 196 196 196 197 196 197 197 197 196 196 196 196 197 197 198 198 197 197 198 199 198 198 197 197 197 197 198 198 198 198 198 197 197 197 198 198 198 198 199 198 198 199 199 199 199 199 199 200 200 200 201 201 201 201 201 201 201 201 201 201 202 202 202 202 202 202 202 202 203 203 204 204 204 204 203 204 203 204 205 205 204 205 205 204 206 206 206 206 206 207 207 207 207 207 207 207 207 207 208 208 208 208 208 208 208 208 208 208 208 208 209 209 209 209 209 209 209 209 209 209 209 210 210 210 210 210 211 211 210 210 210 210 210 210 210 210 210 210 210 210 210 210 210 210 210 210 211 213 214 214 214 214 214 214 214 214 214 213 213 212 212 211 210 210 211 211 211 212 212 212 213 213 213 213 212 212 213 212 212 212 212 212 212 212 212 213 213 213 213 213 213 213 213 213 213 213 213 213 213 213 213 213 213 213 213 213 214 214 214 214 214 215 215 215 215 215 215 215 215 215 215 215 214 214 214 214 214 215 215 215 215 215 215 216 215 215 215 215 216 216 216 216 217 0 0 
0 0 0 0 0 0 0 0 0 0 0 0 0 0 0 0 0 0 0 0 0 0 0 0 0 0 0 0 0 0 0 0 0 0 0 0 0 0 0 0 0 0 0 0 0 0 0 0 0 0 0 0 0 0 0 0 0 0 0 0 0 0 0 0 0 0 0 0 0 0 0 0 0 0 0 0 0 0 0 0 0 0 0 0 0 0 0 0 0 0 0 0 0 0 0 0 0 0 0 0 0 0 0 0 0 0 0 0 0 0 0 0 0 0 0 175 176 177 178 178 179 179 179 179 180 180 181 180 180 180 181 181 181 182 182 182 183 183 183 183 183 183 183 183 183 183 183 184 184 184 184 184 185 185 185 185 185 185 185 185 185 186 185 185 185 185 185 185 185 186 186 186 186 186 186 187 187 187 187 187 187 187 187 188 188 188 188 187 187 187 186 186 187 186 186 186 186 187 187 187 187 187 188 188 188 188 189 189 188 189 189 189 189 189 190 190 190 191 191 191 191 191 191 190 191 191 191 191 190 190 191 190 190 191 191 191 192 192 192 192 192 192 193 193 193 193 194 194 195 195 195 195 196 197 197 197 196 197 197 197 197 197 197 198 198 197 197 196 196 196 197 197 198 198 198 197 197 198 199 199 198 197 198 197 197 198 198 198 198 198 198 197 198 198 198 198 198 198 199 199 199 199 199 199 199 200 200 200 200 201 201 201 201 202 202 202 201 201 202 201 202 202 202 202 202 202 202 203 204 204 203 204 204 204 204 204 205 205 205 204 204 204 206 206 206 206 206 207 207 207 207 207 207 207 207 208 208 208 208 208 208 208 208 208 208 208 208 208 208 209 209 209 209 209 209 209 209 209 209 209 209 210 210 210 210 210 211 211 210 210 210 210 210 210 210 210 210 210 210 210 210 210 210 210 211 212 213 214 214 214 214 214 214 214 213 213 213 212 212 212 211 211 211 211 211 211 212 212 213 213 213 212 213 213 213 213 213 212 212 212 212 212 212 212 213 213 213 213 213 213 213 213 213 213 213 213 213 213 213 213 213 213 213 213 213 214 215 215 214 214 214 215 215 215 215 215 215 215 215 216 216 215 214 214 214 215 215 215 215 215 215 216 215 216 216 216 216 216 216 217 217 0 0 
0 0 0 0 0 0 0 0 0 0 0 0 0 0 0 0 0 0 0 0 0 0 0 0 0 0 0 0 0 0 0 0 0 0 0 0 0 0 0 0 0 0 0 0 0 0 0 0 0 0 0 0 0 0 0 0 0 0 0 0 0 0 0 0 0 0 0 0 0 0 0 0 0 0 0 0 0 0 0 0 0 0 0 0 0 0 0 0 0 0 0 0 0 0 0 0 0 0 0 0 0 0 0 0 0 0 0 0 0 0 0 0 0 0 0 0 177 177 178 178 178 179 179 180 180 180 181 180 180 180 181 181 182 182 182 182 182 183 183 183 183 183 183 183 183 183 184 184 184 184 184 184 184 184 184 185 185 185 185 185 185 186 185 185 185 185 185 185 185 185 186 186 186 186 186 187 187 187 187 187 187 187 187 188 188 188 187 187 186 186 186 186 186 186 186 187 187 187 187 187 187 188 188 188 188 188 188 189 189 189 189 189 190 190 190 190 190 191 191 191 191 191 191 191 191 191 191 191 191 191 191 191 190 190 191 191 191 192 192 192 192 193 193 193 193 193 194 194 195 194 195 195 196 197 197 197 197 197 198 197 197 197 197 198 198 198 197 196 197 197 197 198 198 198 198 198 198 198 198 198 198 198 198 197 197 197 198 197 198 197 198 198 198 198 198 198 198 198 199 199 199 199 200 200 199 199 200 200 200 201 201 201 201 202 201 201 201 201 201 202 202 202 202 203 203 203 203 203 204 203 203 203 203 203 204 204 204 204 204 204 204 204 206 206 206 206 206 206 207 207 207 207 207 207 207 208 208 208 208 208 208 208 208 208 208 208 208 208 208 208 209 209 209 209 209 209 209 209 209 209 209 209 210 209 210 210 211 211 211 211 211 210 210 210 210 210 210 210 210 210 210 210 210 210 211 211 212 213 213 213 213 214 214 214 214 214 213 212 212 211 211 211 211 211 212 212 212 212 212 213 212 212 212 213 213 213 213 213 212 212 213 213 212 212 212 212 213 213 213 213 213 213 213 213 213 213 213 214 213 213 213 213 213 213 213 213 214 214 214 214 214 214 215 215 215 215 215 214 214 215 215 216 216 215 214 214 215 215 215 215 215 216 215 216 216 216 216 216 216 216 216 0 0 
0 0 0 0 0 0 0 0 0 0 0 0 0 0 0 0 0 0 0 0 0 0 0 0 0 0 0 0 0 0 0 0 0 0 0 0 0 0 0 0 0 0 0 0 0 0 0 0 0 0 0 0 0 0 0 0 0 0 0 0 0 0 0 0 0 0 0 0 0 0 0 0 0 0 0 0 0 0 0 0 0 0 0 0 0 0 0 0 0 0 0 0 0 0 0 0 0 0 0 0 0 0 0 0 0 0 0 0 0 0 0 0 0 0 0 0 0 0 177 177 178 178 179 180 180 180 181 181 181 180 181 181 182 182 182 182 183 183 183 183 183 183 183 183 183 183 184 184 184 184 184 184 184 184 184 185 185 185 185 185 185 186 186 185 185 185 185 185 185 186 186 186 186 186 186 187 187 187 187 187 187 187 187 187 187 187 187 186 186 186 186 186 186 187 187 187 187 187 187 187 187 187 188 188 188 188 188 188 189 189 189 189 189 189 190 190 191 191 191 191 191 192 191 191 191 192 192 192 192 192 192 191 191 191 191 191 191 192 192 192 193 193 193 193 193 193 194 194 194 194 195 195 197 197 197 196 197 197 198 197 197 197 197 197 197 197 198 197 197 198 198 198 198 198 199 198 198 198 199 198 198 197 197 197 197 197 197 197 197 197 197 197 198 198 199 199 198 198 199 199 199 199 200 200 200 200 200 200 200 200 201 201 201 201 201 201 201 202 202 201 202 202 202 202 203 203 203 203 203 203 203 203 203 203 203 204 204 204 204 204 204 204 206 206 206 206 206 206 207 207 207 207 207 207 208 208 208 208 208 208 208 208 208 208 208 208 208 208 208 208 209 209 209 209 209 209 209 209 209 209 209 209 209 209 210 210 210 210 211 211 211 211 210 210 210 210 210 210 210 210 210 210 210 210 210 211 211 211 211 212 213 214 214 214 214 214 213 213 212 212 211 211 211 211 212 212 212 212 212 212 212 212 212 213 213 213 213 213 213 212 213 213 213 213 213 212 213 213 213 213 213 213 213 213 213 213 213 213 214 214 214 213 213 213 213 213 214 214 214 214 214 214 214 214 214 214 214 214 214 214 215 215 215 216 215 214 214 215 215 215 215 216 215 215 215 215 215 216 216 216 0 0 0 
0 0 0 0 0 0 0 0 0 0 0 0 0 0 0 0 0 0 0 0 0 0 0 0 0 0 0 0 0 0 0 0 0 0 0 0 0 0 0 0 0 0 0 0 0 0 0 0 0 0 0 0 0 0 0 0 0 0 0 0 0 0 0 0 0 0 0 0 0 0 0 0 0 0 0 0 0 0 0 0 0 0 0 0 0 0 0 0 0 0 0 0 0 0 0 0 0 0 0 0 0 0 0 0 0 0 0 0 0 0 0 0 0 0 0 0 0 0 0 0 0 0 179 179 180 180 180 180 180 180 181 181 181 181 182 182 182 183 183 183 183 183 183 183 183 183 184 184 184 184 184 184 184 184 185 185 185 185 185 185 186 186 186 186 186 186 186 185 185 186 186 186 186 186 186 187 187 187 187 187 187 188 188 188 188 188 187 186 186 186 187 187 186 187 188 187 187 187 188 187 187 188 188 188 188 189 188 188 188 189 189 189 189 190 190 190 190 191 191 191 191 191 192 192 191 192 192 192 192 193 192 192 191 191 191 191 191 191 192 192 193 193 193 193 194 194 194 194 194 195 195 195 196 196 196 196 197 198 198 198 198 198 198 197 197 197 198 198 198 199 199 198 198 198 198 199 199 199 199 199 198 198 198 198 197 198 198 198 198 198 198 198 198 198 199 199 199 198 198 199 200 200 200 200 200 200 200 200 200 200 201 201 201 202 201 201 202 202 202 202 202 202 202 202 203 203 203 203 203 203 203 203 203 203 203 204 204 204 204 204 204 204 206 206 206 206 206 207 207 207 207 207 207 207 207 208 208 208 208 208 208 208 208 208 208 208 208 208 208 208 208 209 209 209 209 209 209 209 209 209 209 209 209 209 210 210 210 210 210 211 211 211 211 211 210 210 210 210 210 210 210 210 210 210 210 210 210 211 210 211 212 213 214 214 214 214 214 213 213 212 212 211 211 211 211 212 212 212 212 212 212 212 212 213 213 213 213 213 213 212 213 213 213 213 213 212 212 213 213 213 213 213 213 213 213 213 213 213 213 214 214 214 213 213 213 213 213 214 214 214 214 214 214 214 214 214 214 214 214 214 214 215 215 215 216 215 215 215 215 215 215 215 215 215 215 215 215 215 215 216 0 0 0 
0 0 0 0 0 0 0 0 0 0 0 0 0 0 0 0 0 0 0 0 0 0 0 0 0 0 0 0 0 0 0 0 0 0 0 0 0 0 0 0 0 0 0 0 0 0 0 0 0 0 0 0 0 0 0 0 0 0 0 0 0 0 0 0 0 0 0 0 0 0 0 0 0 0 0 0 0 0 0 0 0 0 0 0 0 0 0 0 0 0 0 0 0 0 0 0 0 0 0 0 0 0 0 0 0 0 0 0 0 0 0 0 0 0 0 0 0 0 0 0 0 0 178 179 180 0 0 181 181 181 181 181 181 182 182 182 183 0 0 183 183 183 183 183 183 184 184 184 184 184 184 184 185 185 185 185 185 185 185 185 186 186 186 186 186 186 186 186 186 186 186 186 186 186 187 187 187 187 187 187 187 188 188 188 188 188 187 187 186 187 187 187 187 187 188 188 187 187 187 187 188 188 188 188 188 189 189 189 188 189 189 189 189 190 190 190 190 190 191 191 191 191 191 191 191 191 191 191 192 192 192 193 192 192 191 191 191 191 192 192 193 193 193 193 193 194 194 194 194 195 196 195 196 196 195 196 197 198 198 198 198 198 198 198 197 197 197 198 198 198 198 198 198 198 198 199 198 198 199 199 199 198 198 198 198 198 198 198 198 198 198 198 198 198 199 199 199 199 198 199 200 200 200 201 201 200 200 200 200 200 200 201 201 201 201 201 202 202 202 202 202 202 202 202 203 203 203 203 203 203 203 203 203 203 204 204 204 204 204 204 204 204 206 206 206 206 206 207 207 207 207 207 207 207 207 207 207 207 207 207 207 207 207 207 208 208 208 208 208 208 208 208 209 209 209 209 209 209 209 209 209 209 209 209 210 210 210 210 210 210 210 211 211 211 211 210 210 210 210 210 210 210 211 211 211 210 210 210 211 211 211 211 212 212 213 214 214 213 213 212 212 211 211 211 211 212 212 212 212 212 212 212 212 212 212 213 213 213 213 213 213 213 213 213 213 212 212 213 213 213 213 213 213 213 213 213 213 213 213 213 214 214 213 213 213 213 213 213 214 214 214 214 214 215 214 214 214 214 214 214 214 214 214 214 215 215 216 216 216 215 215 215 215 215 215 215 215 215 0 0 0 0 0 
0 0 0 0 0 0 0 0 0 0 0 0 0 0 0 0 0 0 0 0 0 0 0 0 0 0 0 0 0 0 0 0 0 0 0 0 0 0 0 0 0 0 0 0 0 0 0 0 0 0 0 0 0 0 0 0 0 0 0 0 0 0 0 0 0 0 0 0 0 0 0 0 0 0 0 0 0 0 0 0 0 0 0 0 0 0 0 0 0 0 0 0 0 0 0 0 0 0 0 0 0 0 0 0 0 0 0 0 0 0 0 0 0 0 0 0 0 0 0 0 0 0 179 0 0 0 0 0 0 0 180 181 181 182 182 0 0 0 0 183 183 183 183 183 183 184 184 184 184 184 184 185 185 185 185 185 185 185 185 186 186 186 186 186 186 186 186 186 186 186 186 186 186 186 186 187 187 187 187 187 187 187 188 188 188 188 188 187 187 187 187 188 187 187 188 187 187 187 187 187 188 188 188 188 188 189 189 189 189 189 189 189 189 190 190 190 191 190 191 191 192 191 192 191 191 192 191 191 191 191 192 193 192 192 192 192 191 191 192 192 192 192 193 193 193 194 194 195 195 195 195 195 195 195 196 196 197 197 197 198 198 198 198 197 197 197 197 198 198 198 198 198 198 198 198 198 198 198 199 199 199 198 198 198 197 198 199 198 198 198 198 198 198 198 199 199 199 199 199 199 200 200 200 200 200 200 201 200 200 200 200 200 201 201 201 201 202 202 202 202 202 202 202 202 203 203 203 203 203 203 203 203 203 203 203 203 204 204 204 204 204 204 206 206 206 207 207 207 207 207 207 207 207 207 207 207 207 207 207 207 207 207 208 208 208 208 208 208 208 209 208 208 209 209 209 209 209 209 209 209 209 209 209 209 209 209 210 210 210 210 210 210 210 211 211 211 211 211 210 210 210 211 211 211 210 210 210 211 211 211 211 211 211 212 212 213 213 213 213 212 212 212 212 212 211 212 212 212 212 212 212 212 212 212 212 213 213 213 213 213 213 213 213 213 213 213 213 213 213 213 213 213 213 213 213 213 213 213 213 213 213 213 213 213 213 213 213 214 214 214 214 214 214 214 215 215 215 214 214 214 214 214 214 214 214 214 215 216 216 216 215 215 215 215 215 215 215 0 0 0 0 0 0 
0 0 0 0 0 0 0 0 0 0 0 0 0 0 0 0 0 0 0 0 0 0 0 0 0 0 0 0 0 0 0 0 0 0 0 0 0 0 0 0 0 0 0 0 0 0 0 0 0 0 0 0 0 0 0 0 0 0 0 0 0 0 0 0 0 0 0 0 0 0 0 0 0 0 0 0 0 0 0 0 0 0 0 0 0 0 0 0 0 0 0 0 0 0 0 0 0 0 0 0 0 0 0 0 0 0 0 0 0 0 0 0 0 0 0 0 0 0 0 0 0 0 0 0 0 0 0 0 0 0 0 0 0 0 0 0 0 0 0 183 183 183 183 183 183 183 184 184 184 184 184 185 185 185 185 185 185 185 185 185 186 186 186 186 186 186 186 186 187 186 186 186 186 186 186 186 187 187 187 187 187 187 187 188 188 187 187 187 187 187 188 187 187 187 187 187 187 187 187 187 188 188 188 188 188 189 189 189 189 189 190 190 189 190 190 190 191 191 191 191 191 191 191 191 192 192 192 192 191 191 191 192 192 192 192 192 192 192 192 192 192 193 193 193 193 193 194 194 195 194 194 195 195 196 197 197 197 197 197 198 197 198 198 198 197 197 197 198 198 198 198 198 199 199 198 198 198 198 199 199 199 198 198 198 198 198 199 198 199 199 198 198 198 198 199 200 199 199 199 199 199 199 200 200 200 200 201 201 201 201 200 200 201 201 201 201 201 202 202 202 202 202 202 202 202 202 202 203 203 203 203 203 203 203 203 203 203 204 204 204 204 204 206 206 207 207 207 207 207 207 207 207 207 207 207 207 207 207 207 207 208 208 208 208 208 208 208 208 208 208 208 209 209 209 209 209 209 209 209 209 209 209 209 209 209 209 209 210 210 210 210 210 210 210 211 211 211 211 211 211 211 211 211 211 211 210 211 211 211 211 211 211 211 211 211 211 212 212 212 212 212 212 212 212 211 211 211 212 212 212 212 212 212 212 212 212 213 213 213 213 213 213 213 212 212 212 213 213 213 213 213 213 213 213 213 213 213 213 213 213 213 213 213 213 213 214 213 214 214 214 214 215 215 215 215 214 214 214 214 214 214 214 214 214 214 214 214 214 215 215 216 215 215 215 0 0 0 0 0 0 0 0 0 
0 0 0 0 0 0 0 0 0 0 0 0 0 0 0 0 0 0 0 0 0 0 0 0 0 0 0 0 0 0 0 0 0 0 0 0 0 0 0 0 0 0 0 0 0 0 0 0 0 0 0 0 0 0 0 0 0 0 0 0 0 0 0 0 0 0 0 0 0 0 0 0 0 0 0 0 0 0 0 0 0 0 0 0 0 0 0 0 0 0 0 0 0 0 0 0 0 0 0 0 0 0 0 0 0 0 0 0 0 0 0 0 0 0 0 0 0 0 0 0 0 0 0 0 0 0 0 0 0 0 0 0 0 0 0 0 0 0 0 0 183 183 183 183 183 184 184 184 184 184 184 185 185 185 185 185 185 185 185 186 186 186 186 186 186 186 186 186 186 187 186 186 186 186 187 187 187 187 187 187 187 187 187 187 187 187 188 187 188 188 187 187 187 188 188 188 188 188 187 187 188 189 189 189 188 188 189 189 189 189 189 190 190 190 190 191 191 192 192 192 192 192 191 192 192 192 192 192 192 192 192 191 191 192 191 192 192 192 192 192 193 193 193 193 193 193 193 194 194 195 195 196 196 196 197 197 197 197 197 197 198 198 198 198 197 197 197 197 197 197 198 198 198 199 199 199 198 198 199 199 198 198 198 198 197 198 198 198 198 199 198 198 199 199 199 200 199 199 199 199 199 200 200 200 200 201 201 201 201 201 201 201 201 201 201 201 201 201 201 202 202 202 202 202 202 202 202 203 203 203 203 203 203 203 203 203 203 204 204 204 204 204 206 206 206 207 207 207 207 207 207 207 207 207 207 207 207 207 207 207 208 208 208 208 209 208 208 208 208 208 208 209 209 209 209 209 209 209 209 209 209 209 209 209 209 209 210 210 210 210 210 210 210 210 210 211 211 211 211 211 211 210 211 211 211 211 211 211 211 211 211 211 211 211 211 211 212 212 212 212 212 212 212 212 211 211 212 212 212 212 212 212 212 212 212 212 213 213 213 213 213 213 213 213 213 212 213 213 213 213 213 213 213 213 213 213 213 213 213 213 213 213 213 213 213 213 214 214 214 214 214 214 214 215 215 215 214 214 214 214 214 214 214 214 214 214 214 214 214 214 215 216 0 0 0 0 0 0 0 0 0 0 0 
0 0 0 0 0 0 0 0 0 0 0 0 0 0 0 0 0 0 0 0 0 0 0 0 0 0 0 0 0 0 0 0 0 0 0 0 0 0 0 0 0 0 0 0 0 0 0 0 0 0 0 0 0 0 0 0 0 0 0 0 0 0 0 0 0 0 0 0 0 0 0 0 0 0 0 0 0 0 0 0 0 0 0 0 0 0 0 0 0 0 0 0 0 0 0 0 0 0 0 0 0 0 0 0 0 0 0 0 0 0 0 0 0 0 0 0 0 0 0 0 0 0 0 0 0 0 0 0 0 0 0 0 0 0 0 0 0 0 0 0 183 183 183 183 184 184 184 184 184 184 184 184 185 185 185 185 185 185 186 186 186 186 186 186 186 186 186 186 186 187 187 187 187 187 187 187 187 188 188 187 188 188 187 187 187 187 188 188 188 187 187 187 187 188 188 188 188 188 188 187 188 189 189 189 189 189 189 189 189 190 190 190 190 190 190 191 192 192 192 192 193 192 192 192 192 192 192 192 192 192 192 192 192 192 192 192 192 192 192 192 193 193 193 193 193 194 194 194 195 196 196 196 196 196 197 197 197 197 197 197 198 198 198 198 198 197 197 198 198 197 197 197 198 198 198 198 198 198 199 199 199 198 198 198 198 198 198 198 198 198 199 198 199 199 199 200 199 199 199 199 199 200 200 200 201 201 201 201 201 202 201 201 201 201 201 201 201 201 201 201 202 202 202 202 202 202 202 203 203 203 203 203 203 203 203 203 204 204 204 204 204 204 206 206 206 207 207 207 207 207 207 207 207 207 207 207 207 207 207 207 208 208 208 208 208 208 208 208 208 208 208 209 209 209 209 209 209 209 209 209 209 209 209 209 209 209 210 210 210 210 210 210 210 210 210 211 211 211 211 211 211 211 210 211 210 210 210 211 211 211 211 211 211 211 211 212 211 211 211 212 212 212 213 213 212 211 212 212 212 212 212 212 212 212 212 212 213 213 213 213 213 213 213 213 213 213 213 213 212 212 213 213 213 213 213 213 213 213 213 213 213 213 213 213 213 213 214 214 214 214 214 214 214 214 214 215 215 214 214 214 214 214 214 214 214 214 214 214 214 214 214 215 0 0 0 0 0 0 0 0 0 0 0 
0 0 0 0 0 0 0 0 0 0 0 0 0 0 0 0 0 0 0 0 0 0 0 0 0 0 0 0 0 0 0 0 0 0 0 0 0 0 0 0 0 0 0 0 0 0 0 0 0 0 0 0 0 0 0 0 0 0 0 0 0 0 0 0 0 0 0 0 0 0 0 0 0 0 0 0 0 0 0 0 0 0 0 0 0 0 0 0 0 0 0 0 0 0 0 0 0 0 0 0 0 0 0 0 0 0 0 0 0 0 0 0 0 0 0 0 0 0 0 0 0 0 0 0 0 0 0 0 0 0 0 0 0 0 0 0 0 0 0 0 0 184 184 183 184 184 184 184 184 184 184 184 184 185 185 185 185 185 186 186 186 186 186 186 187 186 186 186 186 186 187 187 187 187 187 187 187 187 188 188 188 188 188 188 188 188 187 188 187 187 187 187 187 188 188 188 187 188 188 188 188 188 188 189 189 189 190 190 190 191 191 190 191 191 191 191 192 192 192 192 192 192 192 192 192 192 192 193 192 192 191 191 192 192 192 192 193 192 192 192 192 192 193 193 193 194 195 195 195 195 195 196 196 196 197 197 197 197 197 197 198 198 198 198 198 197 197 198 198 198 198 198 198 198 198 199 198 198 199 199 199 198 198 198 198 198 198 198 198 198 198 198 199 199 200 199 199 199 200 199 199 200 200 200 201 201 201 201 201 202 202 202 202 202 202 202 202 202 202 202 202 202 202 202 202 202 202 202 203 203 203 203 204 203 203 203 204 204 204 204 204 204 206 206 206 206 207 207 207 207 207 207 207 207 207 207 207 207 207 207 208 208 208 208 208 208 208 208 208 209 208 208 208 208 209 209 209 209 209 209 209 209 209 209 210 210 210 210 210 210 210 210 210 210 210 210 211 211 211 211 211 210 210 211 211 210 210 210 211 210 211 211 211 212 212 211 211 211 211 211 211 212 212 212 212 212 212 212 212 211 212 212 212 212 212 212 212 213 213 213 214 214 213 213 213 213 213 213 212 212 212 213 214 213 213 213 213 213 213 213 213 213 213 213 213 213 213 214 213 213 214 214 214 214 214 215 214 215 215 214 214 214 214 214 214 214 214 214 214 214 214 0 0 0 0 0 0 0 0 0 0 0 0 
0 0 0 0 0 0 0 0 0 0 0 0 0 0 0 0 0 0 0 0 0 0 0 0 0 0 0 0 0 0 0 0 0 0 0 0 0 0 0 0 0 0 0 0 0 0 0 0 0 0 0 0 0 0 0 0 0 0 0 0 0 0 0 0 0 0 0 0 0 0 0 0 0 0 0 0 0 0 0 0 0 0 0 0 0 0 0 0 0 0 0 0 0 0 0 0 0 0 0 0 0 0 0 0 0 0 0 0 0 0 0 0 0 0 0 0 0 0 0 0 0 0 0 0 0 0 0 0 0 0 0 0 0 0 0 0 0 0 0 0 0 184 184 184 184 184 184 184 184 184 184 184 185 185 185 185 185 185 186 186 186 186 186 186 186 186 186 186 186 186 186 186 187 187 187 187 187 187 188 188 188 188 188 188 188 188 187 187 187 187 188 188 188 188 188 187 187 187 188 188 188 189 189 189 189 189 190 190 190 190 191 191 191 191 191 191 191 192 192 192 192 193 192 192 192 192 192 192 192 192 192 192 192 192 192 192 192 192 192 192 192 192 193 193 193 194 195 195 194 195 196 196 196 196 197 197 197 197 197 197 197 197 197 198 198 198 198 197 197 197 198 198 198 198 198 198 198 199 199 199 199 199 198 198 198 199 199 199 198 198 198 198 199 199 200 200 199 200 200 200 199 200 200 200 200 200 201 201 201 201 201 202 202 202 202 202 203 203 202 202 202 202 202 202 203 202 202 202 203 203 203 203 203 203 203 203 203 203 204 204 204 204 206 206 206 206 206 207 207 207 207 207 207 207 207 207 207 207 207 207 208 208 208 208 208 208 208 208 209 208 208 208 208 208 209 209 209 209 209 209 209 209 209 209 209 209 210 210 210 210 210 210 210 210 210 210 211 211 211 211 211 211 210 210 210 210 210 210 210 211 211 211 211 211 211 211 211 211 211 211 211 211 211 212 212 212 212 212 212 211 212 212 212 212 212 212 212 212 213 213 213 213 214 214 214 213 214 213 213 212 212 213 214 214 213 213 213 213 213 213 213 213 213 213 213 213 213 213 213 213 213 214 214 214 214 214 214 214 214 214 214 214 214 214 214 214 214 214 214 214 214 0 0 0 0 0 0 0 0 0 0 0 0 
0 0 0 0 0 0 0 0 0 0 0 0 0 0 0 0 0 0 0 0 0 0 0 0 0 0 0 0 0 0 0 0 0 0 0 0 0 0 0 0 0 0 0 0 0 0 0 0 0 0 0 0 0 0 0 0 0 0 0 0 0 0 0 0 0 0 0 0 0 0 0 0 0 0 0 0 0 0 0 0 0 0 0 0 0 0 0 0 0 0 0 0 0 0 0 0 0 0 0 0 0 0 0 0 0 0 0 0 0 0 0 0 0 0 0 0 0 0 0 0 0 0 0 0 0 0 0 0 0 0 0 0 0 0 0 0 0 0 0 0 0 0 0 184 184 184 184 184 184 184 185 185 185 185 185 185 185 185 185 186 186 186 186 186 187 187 187 187 186 186 186 186 186 186 186 187 187 187 187 188 188 188 188 188 188 187 187 187 187 187 188 188 188 188 188 187 187 187 188 188 188 189 190 190 189 189 190 190 190 190 190 191 191 191 191 191 191 192 192 192 192 192 192 193 193 192 192 192 192 192 192 192 192 192 192 192 192 192 192 192 192 193 193 193 194 194 194 194 194 195 195 196 196 196 196 197 197 197 197 197 197 198 198 198 198 198 198 197 197 197 198 198 198 198 198 198 198 198 199 199 199 199 198 198 198 198 199 199 199 199 198 198 199 199 200 200 200 200 200 199 199 200 200 200 200 200 200 200 200 201 201 201 201 202 202 202 203 203 203 202 202 202 202 202 203 202 202 202 203 202 202 202 203 203 203 203 203 203 204 204 204 204 206 206 206 206 206 206 206 207 207 207 207 207 207 207 207 207 207 207 207 208 208 208 208 208 208 209 208 208 208 208 208 209 209 209 209 209 209 209 209 209 209 209 209 209 209 210 210 210 210 210 210 210 210 210 211 211 211 211 211 211 211 211 211 210 210 210 210 211 211 211 211 211 211 211 211 211 211 211 211 211 211 211 211 212 212 212 212 212 212 212 212 212 212 212 212 212 212 213 213 213 213 214 214 214 214 214 213 213 213 213 213 214 214 213 213 213 213 213 213 213 213 213 213 213 213 213 213 214 214 213 214 214 214 214 214 214 214 214 214 214 214 214 215 215 215 215 214 215 0 0 0 0 0 0 0 0 0 0 0 0 0 
0 0 0 0 0 0 0 0 0 0 0 0 0 0 0 0 0 0 0 0 0 0 0 0 0 0 0 0 0 0 0 0 0 0 0 0 0 0 0 0 0 0 0 0 0 0 0 0 0 0 0 0 0 0 0 0 0 0 0 0 0 0 0 0 0 0 0 0 0 0 0 0 0 0 0 0 0 0 0 0 0 0 0 0 0 0 0 0 0 0 0 0 0 0 0 0 0 0 0 0 0 0 0 0 0 0 0 0 0 0 0 0 0 0 0 0 0 0 0 0 0 0 0 0 0 0 0 0 0 0 0 0 0 0 0 0 0 0 0 0 0 0 0 0 184 184 184 184 184 185 185 185 185 185 185 185 185 185 186 186 186 186 186 186 187 187 186 186 186 186 186 187 187 186 187 187 187 187 187 187 188 188 188 188 188 188 188 188 187 187 187 188 188 188 188 188 188 188 188 188 188 188 189 189 189 189 189 189 190 190 190 190 190 191 191 191 192 192 192 192 192 192 191 192 192 192 192 193 192 192 192 192 192 192 192 192 192 192 192 192 192 193 192 193 193 193 194 194 194 194 195 195 196 196 196 196 196 197 197 197 197 198 198 198 198 198 198 197 197 198 198 198 198 198 198 198 198 198 198 198 199 199 199 199 199 199 199 199 200 199 199 198 199 199 200 200 200 200 200 199 199 200 200 200 200 200 200 200 201 201 201 201 201 201 202 202 202 202 203 203 203 202 202 202 202 202 202 202 202 202 202 203 203 203 203 203 203 203 203 203 204 204 206 206 206 206 206 206 206 206 207 207 207 207 207 207 207 207 207 207 208 208 208 208 208 208 208 208 208 208 208 208 208 209 209 209 209 209 209 209 209 209 209 209 209 209 209 210 210 210 210 210 210 210 210 211 211 211 211 211 211 211 211 211 211 210 210 210 210 211 211 211 211 211 211 211 211 211 211 211 211 211 211 211 211 211 212 212 212 212 212 212 212 212 212 212 212 212 212 212 213 213 213 214 214 213 213 213 213 214 213 213 213 213 214 214 213 213 213 213 213 213 213 214 213 213 213 213 213 213 214 214 214 214 214 214 214 214 214 214 214 214 214 214 214 214 214 215 215 215 0 0 0 0 0 0 0 0 0 0 0 0 0 
0 0 0 0 0 0 0 0 0 0 0 0 0 0 0 0 0 0 0 0 0 0 0 0 0 0 0 0 0 0 0 0 0 0 0 0 0 0 0 0 0 0 0 0 0 0 0 0 0 0 0 0 0 0 0 0 0 0 0 0 0 0 0 0 0 0 0 0 0 0 0 0 0 0 0 0 0 0 0 0 0 0 0 0 0 0 0 0 0 0 0 0 0 0 0 0 0 0 0 0 0 0 0 0 0 0 0 0 0 0 0 0 0 0 0 0 0 0 0 0 0 0 0 0 0 0 0 0 0 0 0 0 0 0 0 0 0 0 0 0 0 0 0 0 0 0 0 184 185 185 185 185 185 185 185 185 185 185 186 186 186 186 186 186 187 187 187 186 186 186 186 187 187 187 187 187 187 188 188 187 187 188 188 188 188 188 188 188 188 188 188 188 188 188 188 188 188 188 188 188 189 188 189 189 189 189 190 190 190 190 190 191 191 191 191 191 192 192 192 192 192 191 191 191 192 192 192 193 193 193 192 192 192 192 192 192 192 192 192 192 192 192 192 193 193 194 194 194 194 194 194 195 196 196 196 197 197 197 197 197 197 197 198 198 199 198 198 198 198 198 198 198 198 198 198 198 198 198 198 198 199 199 199 199 199 199 199 200 200 200 199 199 200 199 199 199 199 199 199 199 199 200 201 200 200 201 201 201 201 201 201 202 201 201 202 202 202 202 203 203 203 202 202 202 203 203 202 202 203 203 203 203 203 203 203 203 203 203 203 203 204 204 205 206 206 206 206 206 206 206 206 207 207 207 207 207 207 207 207 207 208 208 208 208 208 208 208 208 208 208 208 208 208 209 209 209 209 209 209 209 209 209 209 209 209 209 209 209 210 210 210 210 210 210 211 211 211 211 211 211 211 211 212 211 211 211 210 210 210 210 210 210 210 210 211 211 211 211 211 211 211 211 211 211 211 211 211 211 211 212 212 212 212 212 212 212 212 212 212 212 213 214 213 214 214 214 213 213 213 214 214 213 213 213 213 213 214 213 213 213 213 213 213 213 213 213 213 213 213 213 214 214 214 213 213 213 213 213 213 214 214 214 214 214 214 214 214 214 0 0 0 0 0 0 0 0 0 0 0 0 0 0 0 
0 0 0 0 0 0 0 0 0 0 0 0 0 0 0 0 0 0 0 0 0 0 0 0 0 0 0 0 0 0 0 0 0 0 0 0 0 0 0 0 0 0 0 0 0 0 0 0 0 0 0 0 0 0 0 0 0 0 0 0 0 0 0 0 0 0 0 0 0 0 0 0 0 0 0 0 0 0 0 0 0 0 0 0 0 0 0 0 0 0 0 0 0 0 0 0 0 0 0 0 0 0 0 0 0 0 0 0 0 0 0 0 0 0 0 0 0 0 0 0 0 0 0 0 0 0 0 0 0 0 0 0 0 0 0 0 0 0 0 0 0 0 0 0 0 0 0 0 185 185 185 185 185 185 185 185 185 186 186 186 186 186 186 186 186 186 187 187 186 186 187 187 187 187 187 187 187 187 187 187 187 188 188 188 188 188 188 188 188 188 188 189 189 189 188 188 188 188 188 189 189 189 189 190 190 190 190 190 190 190 191 191 191 191 192 192 192 192 192 192 192 191 191 192 191 191 191 192 192 192 193 193 193 193 192 192 192 192 192 192 192 192 193 193 194 194 194 194 194 195 194 195 196 195 196 197 196 197 197 197 198 198 198 199 199 198 198 198 199 198 198 197 197 197 198 198 198 198 198 198 199 199 199 199 199 199 199 200 200 200 200 200 200 200 199 199 199 199 199 199 199 200 200 200 200 201 201 201 201 202 201 202 202 202 202 202 203 203 203 203 203 203 203 203 203 203 203 203 203 203 203 203 203 203 203 203 203 203 204 204 204 204 206 206 206 206 206 206 206 206 206 207 207 207 207 207 207 207 207 208 208 208 208 208 208 208 208 208 208 208 208 208 209 209 209 209 209 209 209 209 209 209 209 209 209 209 209 209 209 209 210 210 210 210 210 210 211 210 210 210 210 211 211 211 211 210 210 210 210 211 211 210 210 210 210 210 211 211 211 211 211 211 210 210 210 211 211 211 211 212 212 212 212 212 212 212 212 212 212 212 213 213 213 214 214 214 214 214 213 214 214 214 213 213 213 213 213 213 213 213 213 213 214 214 213 213 213 213 213 213 213 213 213 213 213 213 213 212 213 213 213 214 213 214 214 0 0 0 0 0 0 0 0 0 0 0 0 0 0 0 0 0 0 
0 0 0 0 0 0 0 0 0 0 0 0 0 0 0 0 0 0 0 0 0 0 0 0 0 0 0 0 0 0 0 0 0 0 0 0 0 0 0 0 0 0 0 0 0 0 0 0 0 0 0 0 0 0 0 0 0 0 0 0 0 0 0 0 0 0 0 0 0 0 0 0 0 0 0 0 0 0 0 0 0 0 0 0 0 0 0 0 0 0 0 0 0 0 0 0 0 0 0 0 0 0 0 0 0 0 0 0 0 0 0 0 0 0 0 0 0 0 0 0 0 0 0 0 0 0 0 0 0 0 0 0 0 0 0 0 0 0 0 0 0 0 0 0 0 0 0 0 185 185 185 186 186 186 186 185 186 186 186 186 186 186 186 187 186 187 187 187 187 187 187 187 187 187 187 187 187 187 187 187 187 187 188 187 188 188 188 188 188 188 188 188 188 189 188 188 189 188 189 189 189 190 190 190 191 190 190 190 190 191 192 192 191 191 191 192 192 192 192 191 192 192 192 192 192 192 192 192 191 192 192 193 193 193 193 192 192 192 192 192 192 193 193 194 194 194 193 194 195 195 195 195 195 196 196 196 196 196 197 197 197 197 198 199 199 198 198 198 199 199 198 198 198 197 197 198 198 198 198 198 199 199 199 199 199 199 199 199 200 200 200 200 200 200 199 200 200 199 199 199 199 200 200 200 201 201 201 201 202 202 202 202 202 202 202 202 202 202 203 203 203 203 204 204 204 203 203 203 203 203 203 203 203 203 203 203 204 204 204 204 204 204 206 206 206 206 206 206 206 206 206 207 207 207 207 207 207 207 207 208 208 208 208 208 208 208 208 208 208 208 208 208 209 209 209 209 209 209 209 209 209 209 209 209 209 209 209 209 209 209 209 210 210 210 210 210 210 210 210 210 211 211 211 211 211 211 211 211 210 211 211 211 210 210 210 210 210 210 211 211 210 210 210 211 211 211 211 211 211 211 211 212 212 212 212 212 212 212 212 213 213 213 213 214 214 214 214 214 214 214 214 214 213 213 212 212 213 213 213 213 212 213 213 213 214 213 213 213 213 213 213 212 212 213 213 213 213 212 212 212 213 213 213 213 214 0 0 0 0 0 0 0 0 0 0 0 0 0 0 0 0 0 0 
0 0 0 0 0 0 0 0 0 0 0 0 0 0 0 0 0 0 0 0 0 0 0 0 0 0 0 0 0 0 0 0 0 0 0 0 0 0 0 0 0 0 0 0 0 0 0 0 0 0 0 0 0 0 0 0 0 0 0 0 0 0 0 0 0 0 0 0 0 0 0 0 0 0 0 0 0 0 0 0 0 0 0 0 0 0 0 0 0 0 0 0 0 0 0 0 0 0 0 0 0 0 0 0 0 0 0 0 0 0 0 0 0 0 0 0 0 0 0 0 0 0 0 0 0 0 0 0 0 0 0 0 0 0 0 0 0 0 0 0 0 0 0 0 0 0 0 0 0 185 185 186 186 186 186 186 186 186 186 185 185 186 187 187 186 186 186 187 187 186 186 186 187 187 187 187 187 187 187 187 187 187 187 187 188 188 189 189 189 189 188 188 188 188 188 188 189 189 189 189 189 189 189 190 190 190 190 190 190 191 191 191 191 190 191 192 192 191 191 191 191 191 192 192 192 192 193 192 192 191 191 192 193 193 193 193 193 192 192 193 193 193 193 193 193 193 194 194 194 195 195 196 195 195 195 196 196 196 196 197 197 198 197 198 199 199 199 198 198 199 198 198 198 197 197 198 198 198 198 198 199 199 199 199 199 199 199 200 200 200 200 200 200 200 200 200 200 200 200 199 199 200 200 200 201 201 201 201 201 201 201 202 202 202 202 202 202 202 203 203 204 204 204 204 204 203 203 203 203 203 203 203 203 203 203 203 204 204 204 204 204 204 206 206 206 206 206 206 206 206 206 206 207 207 207 207 207 207 208 208 208 208 208 208 208 208 208 208 208 208 208 209 209 209 209 209 209 209 209 209 209 209 209 209 209 209 209 209 210 210 210 210 210 210 210 210 210 210 210 210 210 210 210 211 210 211 211 211 210 210 211 211 211 211 210 210 210 210 211 210 211 211 211 211 211 212 211 212 212 212 212 211 212 212 212 213 213 213 213 212 212 213 213 214 214 214 214 214 214 214 214 214 214 213 212 212 212 212 212 212 212 213 213 214 213 213 213 213 213 213 213 213 213 212 213 213 213 213 212 212 212 212 213 213 0 0 0 0 0 0 0 0 0 0 0 0 0 0 0 0 0 0 0 
0 0 0 0 0 0 0 0 0 0 0 0 0 0 0 0 0 0 0 0 0 0 0 0 0 0 0 0 0 0 0 0 0 0 0 0 0 0 0 0 0 0 0 0 0 0 0 0 0 0 0 0 0 0 0 0 0 0 0 0 0 0 0 0 0 0 0 0 0 0 0 0 0 0 0 0 0 0 0 0 0 0 0 0 0 0 0 0 0 0 0 0 0 0 0 0 0 0 0 0 0 0 0 0 0 0 0 0 0 0 0 0 0 0 0 0 0 0 0 0 0 0 0 0 0 0 0 0 0 0 0 0 0 0 0 0 0 0 0 0 0 0 0 0 0 0 0 0 0 185 186 186 186 186 186 186 186 185 185 186 186 187 187 186 187 186 186 187 187 187 186 187 187 187 187 187 187 187 187 187 187 187 188 188 188 188 188 189 189 189 189 189 189 188 188 188 189 189 189 189 189 189 190 190 190 189 190 190 190 191 191 191 190 190 191 191 191 191 191 191 191 191 192 193 192 193 193 193 193 192 192 191 192 193 192 192 193 192 192 192 193 193 193 193 193 194 194 194 194 194 195 196 196 196 196 196 196 196 196 197 197 197 198 198 198 199 199 198 198 199 199 198 198 197 197 198 198 198 198 198 199 199 199 199 199 199 199 199 200 200 200 200 201 200 200 200 200 200 200 199 199 200 200 200 200 200 200 201 201 201 201 202 201 202 202 203 203 203 203 203 204 204 204 204 204 204 203 203 203 203 203 203 203 203 203 204 204 204 204 204 204 204 206 206 206 206 206 206 206 206 207 207 207 207 207 207 207 207 208 208 208 208 208 208 208 208 208 208 208 208 208 209 209 209 209 209 209 209 209 209 209 209 209 209 209 209 209 209 209 210 210 210 210 210 210 210 210 210 210 210 210 210 210 210 210 210 210 211 210 210 211 211 211 211 210 210 210 210 210 210 211 211 211 212 212 212 211 211 212 212 212 212 212 212 212 212 212 213 213 213 213 213 213 214 214 214 213 213 214 213 213 214 214 214 213 212 212 212 212 213 213 213 213 214 214 213 213 213 213 213 213 213 213 212 212 213 213 213 213 213 213 213 0 0 0 0 0 0 0 0 0 0 0 0 0 0 0 0 0 0 0 0 0 
0 0 0 0 0 0 0 0 0 0 0 0 0 0 0 0 0 0 0 0 0 0 0 0 0 0 0 0 0 0 0 0 0 0 0 0 0 0 0 0 0 0 0 0 0 0 0 0 0 0 0 0 0 0 0 0 0 0 0 0 0 0 0 0 0 0 0 0 0 0 0 0 0 0 0 0 0 0 0 0 0 0 0 0 0 0 0 0 0 0 0 0 0 0 0 0 0 0 0 0 0 0 0 0 0 0 0 0 0 0 0 0 0 0 0 0 0 0 0 0 0 0 0 0 0 0 0 0 0 0 0 0 0 0 0 0 0 0 0 0 0 0 0 0 0 0 0 0 0 0 0 0 186 186 186 186 186 185 186 187 0 186 185 186 186 186 186 186 187 187 187 187 187 187 187 187 187 187 187 187 187 188 188 188 188 188 188 189 189 189 189 189 189 188 187 188 189 189 189 189 189 189 189 190 189 190 190 191 191 191 191 190 190 190 191 191 191 191 192 191 191 191 192 192 192 193 193 193 193 193 192 192 191 192 192 192 192 193 193 193 192 193 193 193 194 194 195 194 195 194 195 195 196 196 196 196 196 196 197 198 197 198 198 199 198 198 198 198 198 198 199 199 198 198 198 198 198 198 198 198 199 199 199 199 199 199 199 199 200 200 200 200 200 200 200 200 200 199 199 200 200 200 200 200 200 200 200 201 201 201 201 201 202 202 203 203 204 203 203 202 203 203 204 204 204 204 203 203 203 203 203 203 203 203 203 204 204 204 204 204 204 204 206 206 206 206 206 206 206 206 207 207 207 207 207 207 207 207 208 208 208 208 208 208 208 208 208 208 208 208 208 208 208 209 209 209 209 209 209 209 209 209 209 209 209 209 209 209 209 209 209 209 210 210 210 210 210 210 210 210 210 210 210 210 210 210 210 210 210 210 210 210 211 210 210 211 211 211 211 212 211 211 211 212 212 212 212 212 212 213 212 212 212 212 212 212 212 212 212 212 212 212 212 213 214 214 214 213 213 213 213 214 215 214 213 213 212 212 212 213 213 214 213 213 214 214 213 213 213 213 213 214 213 213 213 212 213 213 0 0 0 0 0 0 0 0 0 0 0 0 0 0 0 0 0 0 0 0 0 0 0 0 0 
0 0 0 0 0 0 0 0 0 0 0 0 0 0 0 0 0 0 0 0 0 0 0 0 0 0 0 0 0 0 0 0 0 0 0 0 0 0 0 0 0 0 0 0 0 0 0 0 0 0 0 0 0 0 0 0 0 0 0 0 0 0 0 0 0 0 0 0 0 0 0 0 0 0 0 0 0 0 0 0 0 0 0 0 0 0 0 0 0 0 0 0 0 0 0 0 0 0 0 0 0 0 0 0 0 0 0 0 0 0 0 0 0 0 0 0 0 0 0 0 0 0 0 0 0 0 0 0 0 0 0 0 0 0 0 0 0 0 0 0 0 0 0 0 0 0 0 0 0 0 0 0 0 186 186 186 186 186 0 0 0 186 186 186 186 186 186 186 186 186 187 187 187 187 187 187 187 188 188 188 188 188 188 188 188 188 188 188 189 189 189 190 189 188 188 188 188 189 189 188 188 189 189 189 189 190 190 190 191 191 191 190 190 190 191 191 191 191 192 192 191 191 191 192 192 192 193 193 193 193 193 192 192 192 192 192 192 192 193 193 192 193 193 194 194 194 195 195 195 195 195 195 196 196 196 196 197 196 197 197 198 198 198 199 199 198 198 198 198 198 198 199 198 198 198 198 198 198 199 199 199 199 199 199 199 199 199 199 199 200 200 200 200 200 200 200 200 199 200 200 200 200 200 200 200 200 200 200 201 201 201 202 202 202 203 203 203 203 203 202 202 202 203 203 203 204 203 203 203 203 203 203 203 203 204 204 204 204 204 204 204 204 206 206 206 206 206 206 206 206 207 207 207 207 207 207 207 207 207 208 208 208 208 208 208 208 208 208 208 208 208 208 208 209 209 209 209 209 209 209 209 209 209 209 210 210 210 210 209 209 209 209 210 210 210 210 210 210 210 210 210 210 210 210 210 210 210 210 210 210 210 210 210 210 210 211 211 211 211 211 211 211 212 212 212 212 212 212 213 213 212 212 212 212 212 212 212 212 212 213 213 213 213 212 213 213 214 214 213 213 213 213 214 215 214 214 213 212 212 212 212 213 213 213 214 214 214 214 214 213 213 214 214 214 213 213 0 0 0 0 0 0 0 0 0 0 0 0 0 0 0 0 0 0 0 0 0 0 0 0 0 0 0 
0 0 0 0 0 0 0 0 0 0 0 0 0 0 0 0 0 0 0 0 0 0 0 0 0 0 0 0 0 0 0 0 0 0 0 0 0 0 0 0 0 0 0 0 0 0 0 0 0 0 0 0 0 0 0 0 0 0 0 0 0 0 0 0 0 0 0 0 0 0 0 0 0 0 0 0 0 0 0 0 0 0 0 0 0 0 0 0 0 0 0 0 0 0 0 0 0 0 0 0 0 0 0 0 0 0 0 0 0 0 0 0 0 0 0 0 0 0 0 0 0 0 0 0 0 0 0 0 0 0 0 0 0 0 0 0 0 0 0 0 0 0 0 0 0 0 0 0 0 0 0 0 0 0 0 187 187 187 0 0 0 0 0 186 186 186 186 186 186 186 186 187 187 187 187 187 187 187 188 188 188 188 188 188 188 188 188 188 189 190 190 190 189 189 188 188 188 188 188 188 189 189 189 189 189 189 189 190 191 190 190 190 190 191 191 191 191 191 192 192 191 191 192 192 192 192 192 193 193 192 192 193 192 192 192 192 192 192 192 192 193 193 193 193 194 194 194 195 195 195 195 195 195 196 196 197 197 197 197 197 197 197 198 198 199 198 199 198 199 198 198 199 198 198 198 198 198 198 199 199 199 199 199 199 199 199 199 199 200 200 200 200 200 200 200 200 200 200 200 200 200 200 200 200 201 201 200 200 201 201 201 202 202 202 202 203 203 203 203 202 202 202 202 202 202 203 203 204 203 203 203 203 203 203 204 204 204 204 204 204 204 204 206 206 206 206 206 206 206 206 207 207 207 207 207 207 207 207 207 207 208 208 208 208 208 208 208 208 208 208 208 208 209 209 209 209 209 209 209 209 209 209 209 209 209 210 210 210 210 210 210 210 210 210 210 210 210 210 210 210 210 210 210 210 210 211 211 210 210 210 210 211 210 210 210 210 210 211 211 211 211 211 211 212 212 212 212 212 212 213 213 213 212 212 213 212 212 212 212 212 212 212 212 212 213 213 213 214 214 213 213 213 214 214 214 213 212 213 212 212 213 212 212 213 213 214 214 214 214 214 214 214 214 214 214 213 0 0 0 0 0 0 0 0 0 0 0 0 0 0 0 0 0 0 0 0 0 0 0 0 0 0 0 
0 0 0 0 0 0 0 0 0 0 0 0 0 0 0 0 0 0 0 0 0 0 0 0 0 0 0 0 0 0 0 0 0 0 0 0 0 0 0 0 0 0 0 0 0 0 0 0 0 0 0 0 0 0 0 0 0 0 0 0 0 0 0 0 0 0 0 0 0 0 0 0 0 0 0 0 0 0 0 0 0 0 0 0 0 0 0 0 0 0 0 0 0 0 0 0 0 0 0 0 0 0 0 0 0 0 0 0 0 0 0 0 0 0 0 0 0 0 0 0 0 0 0 0 0 0 0 0 0 0 0 0 0 0 0 0 0 0 0 0 0 0 0 0 0 0 0 0 0 0 0 0 0 0 0 0 0 0 0 0 0 0 0 0 187 186 186 187 187 187 187 187 187 187 187 187 187 187 187 188 188 188 188 188 188 188 188 189 189 189 190 189 188 188 187 188 188 188 188 189 189 190 190 190 189 190 190 190 190 190 190 190 190 191 190 191 191 191 191 192 191 191 192 191 191 192 193 193 193 193 192 192 193 193 193 192 192 192 192 193 193 193 193 193 194 194 194 194 195 195 195 195 196 196 196 197 197 197 197 197 197 197 197 198 198 198 198 198 199 198 198 199 198 198 198 198 198 198 199 199 199 199 199 199 199 199 199 199 200 200 200 200 200 200 200 200 200 200 200 201 200 200 200 200 201 201 201 201 201 202 202 202 202 202 202 203 203 203 203 203 203 203 202 203 202 203 203 203 204 203 203 203 203 203 203 204 204 204 204 204 204 204 206 206 206 206 206 206 206 207 207 207 207 207 207 207 207 207 207 208 208 208 208 208 208 208 208 208 208 208 208 208 208 208 209 209 209 209 209 209 209 209 209 209 209 209 209 209 209 210 210 210 210 210 210 210 210 210 210 210 210 210 210 210 210 210 211 210 210 210 211 211 211 211 210 210 211 210 211 211 212 212 211 212 212 211 212 211 212 212 213 213 213 213 213 212 213 212 212 212 212 212 212 212 212 213 213 214 214 214 213 213 213 213 213 212 212 214 213 212 213 212 212 213 213 214 214 214 214 214 214 214 213 214 214 213 0 0 0 0 0 0 0 0 0 0 0 0 0 0 0 0 0 0 0 0 0 0 0 0 0 0 0 
0 0 0 0 0 0 0 0 0 0 0 0 0 0 0 0 0 0 0 0 0 0 0 0 0 0 0 0 0 0 0 0 0 0 0 0 0 0 0 0 0 0 0 0 0 0 0 0 0 0 0 0 0 0 0 0 0 0 0 0 0 0 0 0 0 0 0 0 0 0 0 0 0 0 0 0 0 0 0 0 0 0 0 0 0 0 0 0 0 0 0 0 0 0 0 0 0 0 0 0 0 0 0 0 0 0 0 0 0 0 0 0 0 0 0 0 0 0 0 0 0 0 0 0 0 0 0 0 0 0 0 0 0 0 0 0 0 0 0 0 0 0 0 0 0 0 0 0 0 0 0 0 0 0 0 0 0 0 0 0 0 0 0 0 0 0 0 0 187 187 187 187 187 187 187 187 187 187 187 188 188 188 188 188 188 188 189 189 189 189 189 189 188 189 189 190 190 188 188 189 189 190 190 189 190 190 190 190 190 190 190 190 190 190 190 191 191 191 191 191 191 191 192 192 192 192 193 192 193 192 193 192 192 193 193 193 193 192 192 193 193 193 193 193 193 193 194 194 195 196 196 195 196 196 196 196 197 197 197 197 197 197 198 198 198 198 198 198 198 198 198 199 198 198 198 198 198 198 198 199 199 199 199 199 199 199 199 200 200 200 200 200 200 200 201 200 200 200 200 200 201 201 201 201 201 202 201 201 201 202 202 202 202 203 203 203 202 203 203 203 203 202 203 203 203 203 203 203 204 204 203 203 203 204 204 204 204 204 204 204 204 204 206 206 206 206 206 206 207 207 207 207 207 207 207 207 207 207 207 208 208 208 208 208 208 208 208 208 208 208 208 208 208 208 209 209 209 209 209 209 209 209 209 209 209 209 209 209 209 209 210 210 210 210 210 210 210 210 210 210 210 210 210 211 211 210 210 211 210 211 210 211 211 211 211 211 211 210 211 211 211 211 212 212 211 211 211 211 212 212 212 213 213 214 213 213 213 212 212 212 213 213 213 213 213 213 213 213 213 214 214 214 213 213 213 212 212 214 214 213 212 213 213 212 213 213 214 214 214 214 214 214 214 213 213 213 0 0 0 0 0 0 0 0 0 0 0 0 0 0 0 0 0 0 0 0 0 0 0 0 0 0 0 
0 0 0 0 0 0 0 0 0 0 0 0 0 0 0 0 0 0 0 0 0 0 0 0 0 0 0 0 0 0 0 0 0 0 0 0 0 0 0 0 0 0 0 0 0 0 0 0 0 0 0 0 0 0 0 0 0 0 0 0 0 0 0 0 0 0 0 0 0 0 0 0 0 0 0 0 0 0 0 0 0 0 0 0 0 0 0 0 0 0 0 0 0 0 0 0 0 0 0 0 0 0 0 0 0 0 0 0 0 0 0 0 0 0 0 0 0 0 0 0 0 0 0 0 0 0 0 0 0 0 0 0 0 0 0 0 0 0 0 0 0 0 0 0 0 0 0 0 0 0 0 0 0 0 0 0 0 0 0 0 0 0 0 0 0 0 0 0 0 187 187 187 187 187 187 187 187 187 187 188 188 188 188 188 188 188 189 189 189 189 189 189 188 189 190 190 190 190 189 190 190 190 190 189 190 190 190 190 191 191 191 190 190 190 190 190 190 191 191 191 191 191 191 192 192 192 192 192 192 192 192 193 192 192 193 193 193 193 193 193 193 193 193 193 193 193 194 195 195 195 195 195 195 196 196 196 196 197 197 197 198 198 197 197 198 198 198 198 198 198 198 199 198 198 198 198 198 198 198 199 199 199 199 199 199 199 200 200 200 200 200 200 200 200 200 200 200 200 201 201 201 201 201 201 201 201 201 201 201 201 202 202 202 202 203 202 203 203 203 203 202 202 202 203 203 203 203 203 203 203 203 203 203 204 204 204 204 204 204 204 204 204 206 206 206 206 206 206 207 207 207 207 207 207 207 207 207 207 207 208 208 208 208 208 208 208 208 208 208 208 208 208 209 209 208 208 209 208 209 209 209 209 209 209 209 209 209 209 209 209 209 209 210 210 210 210 210 210 210 211 210 210 210 211 211 211 210 211 211 211 211 211 211 211 211 211 210 210 210 211 211 211 211 212 211 211 211 212 211 212 213 212 213 213 213 214 213 213 212 212 213 214 213 213 213 213 213 213 213 213 214 214 214 213 212 212 212 213 214 214 213 213 213 213 213 213 214 214 214 214 214 213 213 213 0 0 0 0 0 0 0 0 0 0 0 0 0 0 0 0 0 0 0 0 0 0 0 0 0 0 0 0 0 
0 0 0 0 0 0 0 0 0 0 0 0 0 0 0 0 0 0 0 0 0 0 0 0 0 0 0 0 0 0 0 0 0 0 0 0 0 0 0 0 0 0 0 0 0 0 0 0 0 0 0 0 0 0 0 0 0 0 0 0 0 0 0 0 0 0 0 0 0 0 0 0 0 0 0 0 0 0 0 0 0 0 0 0 0 0 0 0 0 0 0 0 0 0 0 0 0 0 0 0 0 0 0 0 0 0 0 0 0 0 0 0 0 0 0 0 0 0 0 0 0 0 0 0 0 0 0 0 0 0 0 0 0 0 0 0 0 0 0 0 0 0 0 0 0 0 0 0 0 0 0 0 0 0 0 0 0 0 0 0 0 0 0 0 0 0 0 0 0 0 0 0 0 188 188 188 188 188 188 188 188 188 188 188 188 188 189 189 189 188 189 189 188 189 190 190 190 191 190 190 190 190 190 189 190 190 190 190 190 191 191 191 191 190 190 190 190 190 191 191 191 191 191 191 191 192 192 192 192 192 192 192 193 193 192 192 192 193 193 193 193 193 193 193 194 194 194 194 194 194 195 195 195 196 196 196 196 197 197 197 197 198 198 197 198 198 198 198 198 198 198 198 198 198 198 198 198 198 198 199 199 199 199 199 199 200 200 200 200 200 200 200 200 201 201 200 200 200 201 201 201 201 202 202 201 202 201 201 201 201 202 202 202 202 202 202 202 203 203 203 202 202 202 202 203 203 203 203 204 203 203 203 203 203 204 204 204 204 204 204 204 204 206 206 206 206 206 207 207 207 207 207 207 207 207 207 207 207 207 207 208 208 208 208 208 208 208 208 208 208 208 208 208 208 208 208 208 209 209 209 209 209 209 209 209 209 209 209 209 209 209 209 210 210 210 210 210 210 210 211 211 211 211 211 211 210 210 211 211 211 211 211 212 211 211 211 211 211 210 211 211 211 211 211 211 211 211 211 211 212 212 212 213 213 213 213 214 214 213 213 214 214 213 213 213 213 213 213 213 213 213 214 214 214 213 212 212 212 213 213 214 213 213 213 213 214 214 214 214 214 214 214 214 214 213 0 0 0 0 0 0 0 0 0 0 0 0 0 0 0 0 0 0 0 0 0 0 0 0 0 0 0 0 
0 0 0 0 0 0 0 0 0 0 0 0 0 0 0 0 0 0 0 0 0 0 0 0 0 0 0 0 0 0 0 0 0 0 0 0 0 0 0 0 0 0 0 0 0 0 0 0 0 0 0 0 0 0 0 0 0 0 0 0 0 0 0 0 0 0 0 0 0 0 0 0 0 0 0 0 0 0 0 0 0 0 0 0 0 0 0 0 0 0 0 0 0 0 0 0 0 0 0 0 0 0 0 0 0 0 0 0 0 0 0 0 0 0 0 0 0 0 0 0 0 0 0 0 0 0 0 0 0 0 0 0 0 0 0 0 0 0 0 0 0 0 0 0 0 0 0 0 0 0 0 0 0 0 0 0 0 0 0 0 0 0 0 0 0 0 0 0 0 0 0 0 0 0 0 188 188 188 188 188 188 188 188 188 188 188 188 188 189 188 189 189 188 189 190 190 190 191 191 191 190 190 191 191 190 190 190 190 190 190 191 191 191 191 191 191 191 191 191 191 192 191 191 191 191 192 192 192 192 192 192 192 192 192 193 193 193 192 192 192 193 193 193 194 194 194 194 194 194 194 194 195 196 196 196 196 196 196 197 197 197 197 197 197 197 198 198 198 198 198 198 198 198 198 198 198 198 198 199 199 199 199 199 199 199 200 200 200 200 200 200 200 201 201 200 200 200 200 200 201 201 202 202 202 201 202 202 202 201 201 202 202 202 202 202 202 203 203 203 202 202 202 202 202 203 203 203 203 203 204 203 203 203 203 203 204 204 204 204 204 204 204 206 206 206 206 206 206 207 207 207 207 207 207 207 207 207 207 207 207 207 207 208 208 208 208 208 208 208 208 208 208 208 208 208 208 208 209 209 209 209 209 209 209 209 209 209 209 209 210 210 210 210 210 210 210 210 210 210 210 210 211 211 211 211 210 211 211 212 212 211 211 212 212 211 212 211 211 210 210 210 212 212 212 212 212 211 211 211 212 212 212 212 213 212 213 214 214 214 214 214 214 214 214 214 213 213 213 213 214 213 213 213 213 213 213 212 212 212 213 214 214 214 213 213 214 214 214 214 214 214 214 213 213 213 0 0 0 0 0 0 0 0 0 0 0 0 0 0 0 0 0 0 0 0 0 0 0 0 0 0 0 0 
0 0 0 0 0 0 0 0 0 0 0 0 0 0 0 0 0 0 0 0 0 0 0 0 0 0 0 0 0 0 0 0 0 0 0 0 0 0 0 0 0 0 0 0 0 0 0 0 0 0 0 0 0 0 0 0 0 0 0 0 0 0 0 0 0 0 0 0 0 0 0 0 0 0 0 0 0 0 0 0 0 0 0 0 0 0 0 0 0 0 0 0 0 0 0 0 0 0 0 0 0 0 0 0 0 0 0 0 0 0 0 0 0 0 0 0 0 0 0 0 0 0 0 0 0 0 0 0 0 0 0 0 0 0 0 0 0 0 0 0 0 0 0 0 0 0 0 0 0 0 0 0 0 0 0 0 0 0 0 0 0 0 0 0 0 0 0 0 0 0 0 0 0 0 0 0 0 0 188 188 188 188 188 188 188 188 189 189 189 189 190 190 189 189 190 190 190 190 190 191 191 191 191 191 191 191 191 190 191 191 191 191 191 191 191 191 192 191 191 191 192 192 191 191 191 191 191 192 192 193 193 192 192 192 193 193 193 193 193 193 193 193 193 194 194 194 194 194 194 194 194 195 196 195 196 196 196 196 196 196 196 197 197 196 197 198 197 198 198 198 197 197 198 198 198 198 198 198 199 199 199 199 199 199 199 200 200 200 200 200 200 200 201 201 200 200 200 200 200 201 201 202 202 202 202 202 202 201 201 201 201 202 202 202 202 203 203 203 202 202 202 202 203 202 203 203 203 203 203 204 204 203 203 204 204 204 204 204 204 204 204 204 206 206 206 206 206 206 206 207 206 207 207 207 207 207 207 207 207 207 207 208 208 208 208 208 208 208 208 208 208 208 208 208 208 208 208 209 209 209 209 209 209 209 209 209 209 209 209 210 210 209 210 210 211 210 210 210 210 210 210 210 211 211 211 211 211 212 212 212 212 212 213 212 212 212 211 211 212 211 210 211 212 212 212 212 211 212 212 212 211 212 212 212 212 212 213 213 214 213 214 215 214 214 213 214 214 214 214 214 213 213 213 213 214 214 213 213 212 212 213 214 214 214 214 214 214 214 214 214 214 213 214 214 214 0 0 0 0 0 0 0 0 0 0 0 0 0 0 0 0 0 0 0 0 0 0 0 0 0 0 0 0 
0 0 0 0 0 0 0 0 0 0 0 0 0 0 0 0 0 0 0 0 0 0 0 0 0 0 0 0 0 0 0 0 0 0 0 0 0 0 0 0 0 0 0 0 0 0 0 0 0 0 0 0 0 0 0 0 0 0 0 0 0 0 0 0 0 0 0 0 0 0 0 0 0 0 0 0 0 0 0 0 0 0 0 0 0 0 0 0 0 0 0 0 0 0 0 0 0 0 0 0 0 0 0 0 0 0 0 0 0 0 0 0 0 0 0 0 0 0 0 0 0 0 0 0 0 0 0 0 0 0 0 0 0 0 0 0 0 0 0 0 0 0 0 0 0 0 0 0 0 0 0 0 0 0 0 0 0 0 0 0 0 0 0 0 0 0 0 0 0 0 0 0 0 0 0 0 0 0 0 0 0 0 188 187 188 189 189 189 190 189 189 190 189 189 190 190 190 191 191 191 191 191 192 192 191 191 192 192 191 191 191 191 191 191 190 191 191 191 191 191 192 192 192 191 191 191 191 191 191 192 192 192 192 192 192 192 193 193 193 193 193 193 193 193 193 194 194 194 194 195 194 195 195 195 196 196 196 196 196 196 196 196 196 197 197 197 198 197 198 198 198 197 198 199 198 198 198 198 199 199 199 199 199 199 200 200 200 200 200 200 200 200 200 200 200 200 201 201 201 201 201 201 202 202 202 202 202 201 201 201 201 201 202 202 202 202 202 202 202 202 202 202 202 202 202 202 203 203 203 203 203 203 203 204 204 204 204 204 204 204 204 204 205 205 205 205 205 205 205 205 205 205 205 206 206 206 206 206 206 206 206 206 206 206 206 206 207 207 207 207 207 207 207 207 207 207 207 207 208 208 208 208 208 208 208 208 208 208 208 208 208 208 208 209 209 209 209 209 209 209 208 209 209 209 210 210 210 211 211 211 210 211 212 212 212 211 210 211 211 210 209 209 210 210 210 211 211 211 212 211 211 210 210 211 211 210 211 211 211 212 212 213 214 214 214 213 213 213 213 213 214 214 214 213 213 214 214 213 212 212 212 213 214 214 214 214 214 214 214 214 213 213 214 0 0 0 0 0 0 0 0 0 0 0 0 0 0 0 0 0 0 0 0 0 0 0 0 0 0 0 0 0 0 
0 0 0 0 0 0 0 0 0 0 0 0 0 0 0 0 0 0 0 0 0 0 0 0 0 0 0 0 0 0 0 0 0 0 0 0 0 0 0 0 0 0 0 0 0 0 0 0 0 0 0 0 0 0 0 0 0 0 0 0 0 0 0 0 0 0 0 0 0 0 0 0 0 0 0 0 0 0 0 0 0 0 0 0 0 0 0 0 0 0 0 0 0 0 0 0 0 0 0 0 0 0 0 0 0 0 0 0 0 0 0 0 0 0 0 0 0 0 0 0 0 0 0 0 0 0 0 0 0 0 0 0 0 0 0 0 0 0 0 0 0 0 0 0 0 0 0 0 0 0 0 0 0 0 0 0 0 0 0 0 0 0 0 0 0 0 0 0 0 0 0 0 0 0 0 0 0 0 0 0 0 0 0 0 188 189 189 189 190 189 190 190 189 189 190 190 190 191 191 191 191 191 192 192 192 191 192 193 193 193 193 192 191 191 191 191 191 191 192 192 192 192 192 191 191 191 191 191 191 191 192 192 192 192 192 192 193 194 193 193 193 193 193 194 194 194 194 194 194 194 194 195 195 195 195 196 196 196 196 196 196 197 196 196 196 197 197 197 198 198 197 198 198 198 198 198 198 198 199 199 199 199 199 199 200 200 200 200 200 200 200 200 200 200 201 201 201 202 202 202 202 202 202 202 202 202 201 201 201 201 201 201 201 202 202 202 203 202 202 202 202 202 203 203 203 202 202 203 203 202 203 203 203 203 204 203 203 203 203 203 203 203 204 204 204 204 204 204 205 205 205 205 205 205 206 206 206 206 206 206 206 206 206 206 207 207 207 207 207 207 207 207 207 207 207 207 207 207 207 208 208 208 208 208 208 208 208 208 208 208 208 208 208 208 208 209 209 209 209 210 209 208 209 209 210 210 210 211 211 211 211 211 212 212 212 212 212 212 211 211 211 210 210 210 210 211 211 211 212 212 212 211 211 211 211 211 211 211 211 212 212 213 214 214 213 214 214 213 214 213 214 214 213 213 213 214 214 213 213 213 212 213 214 214 214 214 214 214 214 213 214 213 214 0 0 0 0 0 0 0 0 0 0 0 0 0 0 0 0 0 0 0 0 0 0 0 0 0 0 0 0 0 0 
0 0 0 0 0 0 0 0 0 0 0 0 0 0 0 0 0 0 0 0 0 0 0 0 0 0 0 0 0 0 0 0 0 0 0 0 0 0 0 0 0 0 0 0 0 0 0 0 0 0 0 0 0 0 0 0 0 0 0 0 0 0 0 0 0 0 0 0 0 0 0 0 0 0 0 0 0 0 0 0 0 0 0 0 0 0 0 0 0 0 0 0 0 0 0 0 0 0 0 0 0 0 0 0 0 0 0 0 0 0 0 0 0 0 0 0 0 0 0 0 0 0 0 0 0 0 0 0 0 0 0 0 0 0 0 0 0 0 0 0 0 0 0 0 0 0 0 0 0 0 0 0 0 0 0 0 0 0 0 0 0 0 0 0 0 0 0 0 0 0 0 0 0 0 0 0 0 0 0 0 0 0 0 0 188 189 189 190 190 190 190 190 190 190 190 191 191 191 192 192 191 192 192 192 193 192 192 193 193 193 193 193 192 192 192 192 192 192 192 192 192 192 192 192 192 192 192 192 192 192 192 192 192 192 192 192 193 193 194 193 194 194 194 194 194 194 194 194 194 194 195 195 195 195 195 195 196 196 196 196 196 196 196 196 197 197 197 197 197 198 198 197 198 198 199 198 198 198 198 199 199 199 199 199 199 200 200 200 200 200 200 200 200 201 201 201 201 201 201 201 201 202 202 202 202 201 201 201 201 201 202 201 201 202 202 202 202 202 202 202 202 202 202 203 203 203 202 202 202 202 203 203 203 203 203 203 203 203 203 203 203 203 204 204 204 205 204 204 205 205 205 205 205 205 206 206 206 206 206 206 206 206 206 206 207 206 206 206 207 207 207 207 207 207 207 207 207 207 207 207 208 208 208 208 208 208 208 208 208 208 208 208 208 208 209 209 209 209 209 210 209 209 209 209 210 209 210 210 211 211 211 211 212 212 212 211 211 211 210 210 210 209 210 210 210 210 210 210 211 211 212 212 212 212 212 212 212 211 211 211 211 212 214 214 214 214 214 214 214 213 214 214 214 214 214 214 214 214 213 213 213 212 213 214 214 214 214 214 214 214 214 214 0 0 0 0 0 0 0 0 0 0 0 0 0 0 0 0 0 0 0 0 0 0 0 0 0 0 0 0 0 0 0 
0 0 0 0 0 0 0 0 0 0 0 0 0 0 0 0 0 0 0 0 0 0 0 0 0 0 0 0 0 0 0 0 0 0 0 0 0 0 0 0 0 0 0 0 0 0 0 0 0 0 0 0 0 0 0 0 0 0 0 0 0 0 0 0 0 0 0 0 0 0 0 0 0 0 0 0 0 0 0 0 0 0 0 0 0 0 0 0 0 0 0 0 0 0 0 0 0 0 0 0 0 0 0 0 0 0 0 0 0 0 0 0 0 0 0 0 0 0 0 0 0 0 0 0 0 0 0 0 0 0 0 0 0 0 0 0 0 0 0 0 0 0 0 0 0 0 0 0 0 0 0 0 0 0 0 0 0 0 0 0 0 0 0 0 0 0 0 0 0 0 0 0 0 0 0 0 0 0 0 0 0 0 0 0 189 189 189 190 190 190 190 190 190 190 191 191 191 191 191 192 192 192 192 192 193 193 193 193 193 193 194 194 194 193 193 192 192 192 192 192 192 192 192 193 193 193 192 193 193 193 193 193 192 192 192 192 192 193 193 194 193 194 194 194 194 194 194 194 194 194 195 195 196 195 195 195 195 196 196 196 196 196 196 196 197 197 197 197 197 197 198 198 198 198 199 198 198 198 198 199 199 199 199 199 200 200 200 200 200 200 200 200 200 201 201 201 201 201 201 202 202 201 202 202 202 201 201 201 201 201 202 202 202 202 202 202 202 202 202 202 202 202 202 202 203 203 203 203 202 202 202 203 203 203 203 203 203 203 203 203 203 204 205 204 204 205 205 205 205 205 205 205 205 205 206 206 206 206 206 206 206 206 206 206 206 206 206 206 207 207 207 207 207 207 207 207 207 207 207 207 207 208 208 208 208 208 208 208 208 207 207 207 208 208 209 209 209 209 209 209 209 209 209 209 209 209 210 210 211 211 212 212 212 211 211 210 210 210 210 210 210 210 211 210 211 210 211 211 210 211 211 212 213 213 212 212 212 212 212 212 212 212 214 214 214 214 215 214 214 214 214 215 0 0 0 0 0 214 214 213 213 213 213 214 214 214 214 215 214 0 215 214 0 0 0 0 0 0 0 0 0 0 0 0 0 0 0 0 0 0 0 0 0 0 0 0 0 0 0 0 0 0 0 
0 0 0 0 0 0 0 0 0 0 0 0 0 0 0 0 0 0 0 0 0 0 0 0 0 0 0 0 0 0 0 0 0 0 0 0 0 0 0 0 0 0 0 0 0 0 0 0 0 0 0 0 0 0 0 0 0 0 0 0 0 0 0 0 0 0 0 0 0 0 0 0 0 0 0 0 0 0 0 0 0 0 0 0 0 0 0 0 0 0 0 0 0 0 0 0 0 0 0 0 0 0 0 0 0 0 0 0 0 0 0 0 0 0 0 0 0 0 0 0 0 0 0 0 0 0 0 0 0 0 0 0 0 0 0 0 0 0 0 0 0 0 0 0 0 0 0 0 0 0 0 0 0 0 0 0 0 0 0 0 0 0 0 0 0 0 0 0 0 0 0 0 0 0 0 0 0 0 0 0 0 0 0 0 189 189 189 190 190 190 190 191 191 191 191 191 191 191 191 192 192 192 192 193 193 194 194 193 193 193 193 193 193 193 193 193 193 192 192 192 192 192 192 193 193 193 193 192 193 193 193 193 192 193 193 192 192 193 193 194 193 193 194 194 194 194 194 194 194 195 195 195 196 195 195 195 195 196 196 196 196 196 196 196 197 197 197 197 197 197 198 198 197 198 198 199 198 198 198 199 199 199 199 199 200 200 200 200 200 200 200 200 200 201 201 201 201 201 201 202 202 201 201 201 202 202 202 202 202 202 202 202 202 202 202 202 202 202 202 202 202 202 202 202 202 202 203 203 203 203 202 202 203 203 203 203 203 203 203 204 203 203 204 205 205 205 205 205 205 205 205 205 205 205 206 206 206 206 206 206 206 206 206 206 206 206 206 207 207 207 207 207 207 207 207 207 207 207 207 207 207 207 207 207 207 208 208 208 207 207 207 207 207 208 208 208 209 209 208 208 209 210 209 209 209 209 210 210 211 212 212 212 212 211 211 210 210 209 210 211 211 211 210 211 211 211 211 212 211 210 211 212 212 212 212 212 212 212 212 212 213 212 214 214 214 215 0 215 214 214 215 0 0 0 0 0 0 0 0 0 0 0 213 213 214 0 0 0 0 0 0 0 0 0 0 0 0 0 0 0 0 0 0 0 0 0 0 0 0 0 0 0 0 0 0 0 0 0 0 0 0 0 0 
0 0 0 0 0 0 0 0 0 0 0 0 0 0 0 0 0 0 0 0 0 0 0 0 0 0 0 0 0 0 0 0 0 0 0 0 0 0 0 0 0 0 0 0 0 0 0 0 0 0 0 0 0 0 0 0 0 0 0 0 0 0 0 0 0 0 0 0 0 0 0 0 0 0 0 0 0 0 0 0 0 0 0 0 0 0 0 0 0 0 0 0 0 0 0 0 0 0 0 0 0 0 0 0 0 0 0 0 0 0 0 0 0 0 0 0 0 0 0 0 0 0 0 0 0 0 0 0 0 0 0 0 0 0 0 0 0 0 0 0 0 0 0 0 0 0 0 0 0 0 0 0 0 0 0 0 0 0 0 0 0 0 0 0 0 0 0 0 0 0 0 0 0 0 0 0 0 0 0 0 0 0 0 189 189 189 189 190 190 191 191 191 191 192 192 192 192 192 192 192 192 193 193 193 193 193 194 194 193 192 192 192 193 193 193 193 193 192 192 192 192 192 192 193 193 193 193 193 193 193 193 193 193 193 193 193 193 193 193 193 193 193 194 194 194 194 195 195 194 195 195 195 195 195 195 195 196 196 196 196 196 196 196 197 197 198 197 197 197 197 198 198 198 198 199 199 199 199 199 199 199 199 199 199 200 200 200 200 200 200 200 200 200 201 201 201 201 201 201 202 201 201 201 202 202 202 202 202 203 203 203 203 203 203 203 202 202 202 202 202 202 202 202 202 202 202 202 202 203 203 203 203 203 203 203 203 203 204 204 204 203 204 205 205 205 205 205 205 205 206 205 205 205 205 206 206 206 206 206 206 206 206 206 206 206 206 206 206 206 206 206 206 206 206 206 207 206 207 207 207 207 207 207 207 207 208 208 208 208 208 207 208 207 208 207 208 208 208 208 209 209 209 209 209 209 210 210 211 211 211 211 211 212 212 211 210 210 210 211 212 212 211 210 211 212 212 212 212 211 211 211 211 212 211 211 211 211 211 212 212 212 212 214 214 0 0 0 0 0 215 215 0 0 0 0 0 0 0 0 0 0 0 0 213 0 0 0 0 0 0 0 0 0 0 0 0 0 0 0 0 0 0 0 0 0 0 0 0 0 0 0 0 0 0 0 0 0 0 0 0 0 0 0 
0 0 0 0 0 0 0 0 0 0 0 0 0 0 0 0 0 0 0 0 0 0 0 0 0 0 0 0 0 0 0 0 0 0 0 0 0 0 0 0 0 0 0 0 0 0 0 0 0 0 0 0 0 0 0 0 0 0 0 0 0 0 0 0 0 0 0 0 0 0 0 0 0 0 0 0 0 0 0 0 0 0 0 0 0 0 0 0 0 0 0 0 0 0 0 0 0 0 0 0 0 0 0 0 0 0 0 0 0 0 0 0 0 0 0 0 0 0 0 0 0 0 0 0 0 0 0 0 0 0 0 0 0 0 0 0 0 0 0 0 0 0 0 0 0 0 0 0 0 0 0 0 0 0 0 0 0 0 0 0 0 0 0 0 0 0 0 0 0 0 0 0 0 0 0 0 0 0 0 0 0 0 0 189 190 190 190 191 191 190 191 191 191 191 192 192 192 192 192 192 192 192 193 193 193 193 193 194 193 192 192 192 193 192 192 192 193 193 192 192 192 192 193 193 193 193 193 193 193 193 193 193 194 193 193 193 193 193 193 194 194 194 194 194 194 194 195 195 195 195 195 195 195 195 195 195 196 196 196 196 196 196 196 197 197 197 197 197 197 197 198 198 198 198 199 199 199 199 199 199 199 199 199 199 200 200 200 200 200 200 200 200 200 201 201 201 201 201 201 202 202 201 201 201 202 202 202 202 203 203 202 202 202 203 203 203 202 202 202 202 203 202 202 203 202 202 202 202 202 203 203 203 203 202 203 203 203 204 204 203 203 204 205 205 205 205 205 205 205 206 205 205 205 205 206 206 206 206 206 206 206 206 206 206 206 206 206 206 206 206 206 206 206 206 207 207 207 207 207 208 208 207 208 208 207 208 208 208 208 208 208 208 208 208 208 207 207 208 208 208 208 208 209 209 209 210 211 211 211 210 210 211 212 212 211 210 210 211 211 212 212 211 211 211 212 212 212 211 211 211 211 211 211 211 212 211 212 212 212 212 212 212 213 214 0 0 0 0 0 0 0 0 0 0 0 0 0 0 0 0 0 0 0 0 0 0 0 0 0 0 0 0 0 0 0 0 0 0 0 0 0 0 0 0 0 0 0 0 0 0 0 0 0 0 0 0 0 0 0 0 0 0 0 
0 0 0 0 0 0 0 0 0 0 0 0 0 0 0 0 0 0 0 0 0 0 0 0 0 0 0 0 0 0 0 0 0 0 0 0 0 0 0 0 0 0 0 0 0 0 0 0 0 0 0 0 0 0 0 0 0 0 0 0 0 0 0 0 0 0 0 0 0 0 0 0 0 0 0 0 0 0 0 0 0 0 0 0 0 0 0 0 0 0 0 0 0 0 0 0 0 0 0 0 0 0 0 0 0 0 0 0 0 0 0 0 0 0 0 0 0 0 0 0 0 0 0 0 0 0 0 0 0 0 0 0 0 0 0 0 0 0 0 0 0 0 0 0 0 0 0 0 0 0 0 0 0 0 0 0 0 0 0 0 0 0 0 0 0 0 0 0 0 0 0 0 0 0 0 0 0 0 0 0 0 0 0 0 190 190 191 191 191 191 192 192 192 192 192 192 193 193 193 193 193 193 193 193 193 193 193 192 192 192 192 193 193 192 192 192 192 193 193 192 192 193 193 193 193 193 194 194 194 193 193 193 194 194 193 193 193 194 194 194 194 194 194 194 194 195 195 195 195 195 195 195 195 195 195 196 196 196 196 196 196 196 196 197 197 197 197 197 197 197 198 198 198 198 198 199 199 199 199 199 199 199 199 199 200 200 200 200 200 200 200 200 200 201 201 201 201 201 201 201 201 201 201 202 201 202 202 202 202 202 202 202 203 203 203 203 202 202 202 203 203 203 203 203 202 202 202 202 202 202 203 203 203 203 203 203 203 204 204 204 204 204 204 205 205 205 205 206 206 205 205 205 205 205 205 206 206 206 206 206 206 206 206 206 206 206 206 206 206 206 206 206 206 207 207 207 207 207 207 208 208 208 208 207 207 208 208 208 208 208 208 208 208 208 208 208 207 207 208 208 208 208 209 209 210 210 210 210 210 210 210 211 211 211 211 210 210 211 212 212 212 212 212 211 212 212 211 211 212 211 211 212 213 213 212 211 211 212 212 212 212 213 214 0 0 0 0 0 0 0 0 0 0 0 0 0 0 0 0 0 0 0 0 0 0 0 0 0 0 0 0 0 0 0 0 0 0 0 0 0 0 0 0 0 0 0 0 0 0 0 0 0 0 0 0 0 0 0 0 0 0 0 0 
0 0 0 0 0 0 0 0 0 0 0 0 0 0 0 0 0 0 0 0 0 0 0 0 0 0 0 0 0 0 0 0 0 0 0 0 0 0 0 0 0 0 0 0 0 0 0 0 0 0 0 0 0 0 0 0 0 0 0 0 0 0 0 0 0 0 0 0 0 0 0 0 0 0 0 0 0 0 0 0 0 0 0 0 0 0 0 0 0 0 0 0 0 0 0 0 0 0 0 0 0 0 0 0 0 0 0 0 0 0 0 0 0 0 0 0 0 0 0 0 0 0 0 0 0 0 0 0 0 0 0 0 0 0 0 0 0 0 0 0 0 0 0 0 0 0 0 0 0 0 0 0 0 0 0 0 0 0 0 0 0 0 0 0 0 0 0 0 0 0 0 0 0 0 0 0 0 0 0 0 0 0 0 0 191 191 192 192 192 192 192 192 192 192 192 192 193 193 193 193 193 193 193 193 193 192 192 191 192 191 192 192 192 191 191 191 192 192 192 192 192 192 193 193 193 193 193 194 194 193 194 193 193 194 194 193 193 194 194 194 194 194 194 194 194 195 195 195 195 195 195 195 195 195 196 196 196 196 196 196 196 196 197 197 197 197 197 197 197 198 198 198 198 198 198 199 198 199 199 199 199 199 199 199 200 200 200 200 200 200 200 200 201 200 201 201 202 201 201 201 201 201 201 201 201 202 202 202 202 202 202 202 203 203 203 203 202 202 202 203 203 203 203 203 203 202 202 202 202 202 202 202 202 203 203 203 203 203 204 204 204 204 205 205 205 205 206 205 206 205 205 205 205 205 205 206 206 206 206 206 205 206 206 206 206 206 206 206 206 206 207 206 206 207 208 208 207 207 208 207 208 208 208 208 207 208 208 208 208 208 208 207 208 208 208 208 208 207 207 208 208 209 209 209 210 210 210 210 210 210 210 211 211 212 211 211 210 211 211 211 212 213 212 212 212 212 211 212 212 211 211 212 212 212 212 212 212 212 213 212 213 0 0 0 0 0 0 0 0 0 0 0 0 0 0 0 0 0 0 0 0 0 0 0 0 0 0 0 0 0 0 0 0 0 0 0 0 0 0 0 0 0 0 0 0 0 0 0 0 0 0 0 0 0 0 0 0 0 0 0 0 0 0 
0 0 0 0 0 0 0 0 0 0 0 0 0 0 0 0 0 0 0 0 0 0 0 0 0 0 0 0 0 0 0 0 0 0 0 0 0 0 0 0 0 0 0 0 0 0 0 0 0 0 0 0 0 0 0 0 0 0 0 0 0 0 0 0 0 0 0 0 0 0 0 0 0 0 0 0 0 0 0 0 0 0 0 0 0 0 0 0 0 0 0 0 0 0 0 0 0 0 0 0 0 0 0 0 0 0 0 0 0 0 0 0 0 0 0 0 0 0 0 0 0 0 0 0 0 0 0 0 0 0 0 0 0 0 0 0 0 0 0 0 0 0 0 0 0 0 0 0 0 0 0 0 0 0 0 0 0 0 0 0 0 0 0 0 0 0 0 0 0 0 0 0 0 0 0 0 0 0 0 0 0 0 0 0 0 192 192 192 192 192 192 193 192 192 192 193 193 193 193 193 193 193 193 193 192 192 191 191 191 191 191 191 191 191 191 191 191 192 192 192 192 193 193 193 193 193 193 194 194 194 194 194 194 194 194 194 193 194 194 194 194 195 194 194 194 195 195 195 195 195 195 195 195 195 196 196 196 196 196 196 196 196 196 197 197 197 197 198 197 197 198 198 198 199 198 198 198 199 199 199 199 199 199 199 200 200 200 200 200 200 200 200 200 200 201 201 201 201 201 202 202 201 201 201 202 202 202 202 202 202 202 202 203 203 203 202 202 202 202 202 203 203 203 203 203 203 203 203 203 203 202 202 202 203 203 203 203 203 203 204 204 204 205 205 205 205 205 205 205 205 205 205 205 205 205 206 206 206 206 206 205 206 206 206 206 206 206 206 206 207 207 207 206 207 207 208 207 207 208 208 208 208 208 207 207 208 209 208 208 208 208 207 208 209 208 208 208 207 207 208 208 209 209 209 210 210 210 210 210 210 211 211 211 212 212 211 211 211 211 211 212 213 213 213 213 213 212 213 213 212 212 212 212 213 212 213 212 212 213 212 0 0 0 0 0 0 0 0 0 0 0 0 0 0 0 0 0 0 0 0 0 0 0 0 0 0 0 0 0 0 0 0 0 0 0 0 0 0 0 0 0 0 0 0 0 0 0 0 0 0 0 0 0 0 0 0 0 0 0 0 0 0 0 
0 0 0 0 0 0 0 0 0 0 0 0 0 0 0 0 0 0 0 0 0 0 0 0 0 0 0 0 0 0 0 0 0 0 0 0 0 0 0 0 0 0 0 0 0 0 0 0 0 0 0 0 0 0 0 0 0 0 0 0 0 0 0 0 0 0 0 0 0 0 0 0 0 0 0 0 0 0 0 0 0 0 0 0 0 0 0 0 0 0 0 0 0 0 0 0 0 0 0 0 0 0 0 0 0 0 0 0 0 0 0 0 0 0 0 0 0 0 0 0 0 0 0 0 0 0 0 0 0 0 0 0 0 0 0 0 0 0 0 0 0 0 0 0 0 0 0 0 0 0 0 0 0 0 0 0 0 0 0 0 0 0 0 0 0 0 0 0 0 0 0 0 0 0 0 190 0 190 191 191 0 192 192 192 193 193 193 192 192 192 192 193 192 192 192 193 192 192 192 193 192 192 193 192 192 191 191 190 192 191 190 191 191 191 191 191 192 192 192 192 192 193 193 193 193 193 193 194 194 194 194 194 194 193 194 194 194 194 194 194 194 194 194 194 194 194 195 195 195 195 195 195 196 195 196 196 196 196 196 196 196 196 197 196 197 197 197 197 197 198 198 198 198 198 199 199 198 199 199 199 199 199 199 199 200 200 200 200 200 200 200 200 200 200 200 201 201 201 201 201 202 202 201 201 201 202 202 202 202 202 202 202 202 202 203 202 202 202 202 202 202 203 203 203 203 203 203 203 203 203 203 202 202 203 203 203 203 203 203 204 204 204 205 205 205 205 205 205 205 205 206 205 205 205 205 206 206 206 206 206 205 206 206 206 206 206 206 206 207 207 208 207 207 207 208 208 207 207 208 208 208 207 207 207 208 208 209 208 208 208 208 207 208 209 208 208 207 207 207 207 208 208 208 209 209 209 210 211 211 210 211 211 211 212 212 212 211 211 212 212 213 213 213 213 214 213 213 213 213 212 212 212 212 213 213 213 213 0 0 0 0 0 0 0 0 0 0 0 0 0 0 0 0 0 0 0 0 0 0 0 0 0 0 0 0 0 0 0 0 0 0 0 0 0 0 0 0 0 0 0 0 0 0 0 0 0 0 0 0 0 0 0 0 0 0 0 0 0 0 0 0 0 0 
0 0 0 0 0 0 0 0 0 0 0 0 0 0 0 0 0 0 0 0 0 0 0 0 0 0 0 0 0 0 0 0 0 0 0 0 0 0 0 0 0 0 0 0 0 0 0 0 0 0 0 0 0 0 0 0 0 0 0 0 0 0 0 0 0 0 0 0 0 0 0 0 0 0 0 0 0 0 0 0 0 0 0 0 0 0 0 0 0 0 0 0 0 0 0 0 0 0 0 0 0 0 0 0 0 0 0 0 0 0 0 0 0 0 0 0 0 0 0 0 0 0 0 0 0 0 0 0 0 0 0 0 0 0 0 0 0 0 0 0 0 0 0 0 0 0 0 0 0 0 0 0 0 0 0 0 0 0 0 0 0 0 0 0 0 0 0 0 0 0 0 0 0 0 0 191 191 191 192 192 192 192 192 192 192 192 192 192 191 192 193 193 192 192 192 192 192 192 192 192 192 191 192 192 191 191 190 190 191 191 190 191 191 191 191 191 192 192 192 192 192 193 193 193 193 193 193 193 194 194 194 194 194 194 194 194 194 194 194 194 194 194 195 195 194 194 195 195 195 195 195 195 196 196 195 196 196 196 196 196 196 196 197 197 197 197 197 197 197 198 198 198 198 198 198 199 198 199 199 199 199 199 199 199 200 200 200 200 200 200 200 200 201 201 201 201 201 201 201 201 201 201 201 201 202 202 202 202 202 202 202 202 202 202 202 202 202 202 202 202 202 202 202 203 203 203 203 203 203 203 203 202 202 203 203 203 203 203 204 204 204 204 205 205 205 205 205 205 205 205 206 205 205 205 205 206 206 206 206 206 206 206 206 206 206 206 206 206 207 207 207 207 207 207 207 208 207 207 208 208 207 208 208 207 207 208 209 209 209 208 208 208 208 209 208 207 207 207 207 208 208 208 208 208 208 209 210 211 211 210 210 211 211 212 212 212 211 211 212 212 213 213 213 213 214 214 214 213 212 212 212 212 213 213 213 0 0 0 0 0 0 0 0 0 0 0 0 0 0 0 0 0 0 0 0 0 0 0 0 0 0 0 0 0 0 0 0 0 0 0 0 0 0 0 0 0 0 0 0 0 0 0 0 0 0 0 0 0 0 0 0 0 0 0 0 0 0 0 0 0 0 0 0 
0 0 0 0 0 0 0 0 0 0 0 0 0 0 0 0 0 0 0 0 0 0 0 0 0 0 0 0 0 0 0 0 0 0 0 0 0 0 0 0 0 0 0 0 0 0 0 0 0 0 0 0 0 0 0 0 0 0 0 0 0 0 0 0 0 0 0 0 0 0 0 0 0 0 0 0 0 0 0 0 0 0 0 0 0 0 0 0 0 0 0 0 0 0 0 0 0 0 0 0 0 0 0 0 0 0 0 0 0 0 0 0 0 0 0 0 0 0 0 0 0 0 0 0 0 0 0 0 0 0 0 0 0 0 0 0 0 0 0 0 0 0 0 0 0 0 0 0 0 0 0 0 0 0 0 0 0 0 0 0 0 0 0 0 0 0 0 0 0 0 0 0 191 191 191 191 191 191 192 192 192 192 192 191 191 192 192 192 191 192 192 192 191 191 191 191 191 191 191 191 191 192 191 191 190 190 191 191 190 191 191 191 191 191 191 192 192 192 192 192 192 192 192 192 193 193 194 194 194 194 194 194 194 194 194 194 194 194 194 194 194 194 195 195 195 195 194 195 195 195 195 195 196 196 196 196 196 196 196 196 196 197 197 197 197 197 197 197 197 198 198 198 198 198 198 199 199 198 198 199 199 199 199 200 200 200 200 200 200 200 200 201 201 201 201 201 202 201 201 201 201 201 201 201 202 202 202 202 202 202 202 202 202 202 202 202 202 202 203 202 203 203 202 202 202 203 203 203 203 203 203 202 203 203 203 203 204 203 204 204 204 204 205 205 205 205 205 205 205 205 206 206 205 205 205 206 206 206 206 205 206 206 206 206 206 206 206 207 207 207 208 207 207 208 208 208 207 208 208 208 208 209 208 207 207 208 209 209 208 208 207 207 207 208 207 207 207 207 208 208 209 209 209 209 209 210 210 211 211 211 211 211 211 212 212 212 212 211 212 212 212 212 213 213 213 213 213 213 213 212 212 212 212 212 212 0 0 0 0 0 0 0 0 0 0 0 0 0 0 0 0 0 0 0 0 0 0 0 0 0 0 0 0 0 0 0 0 0 0 0 0 0 0 0 0 0 0 0 0 0 0 0 0 0 0 0 0 0 0 0 0 0 0 0 0 0 0 0 0 0 0 0 0 
0 0 0 0 0 0 0 0 0 0 0 0 0 0 0 0 0 0 0 0 0 0 0 0 0 0 0 0 0 0 0 0 0 0 0 0 0 0 0 0 0 0 0 0 0 0 0 0 0 0 0 0 0 0 0 0 0 0 0 0 0 0 0 0 0 0 0 0 0 0 0 0 0 0 0 0 0 0 0 0 0 0 0 0 0 0 0 0 0 0 0 0 0 0 0 0 0 0 0 0 0 0 0 0 0 0 0 0 0 0 0 0 0 0 0 0 0 0 0 0 0 0 0 0 0 0 0 0 0 0 0 0 0 0 0 0 0 0 0 0 0 0 0 0 0 0 0 0 0 0 0 0 0 0 0 0 0 0 0 0 0 0 0 0 0 0 0 0 0 0 0 0 0 190 190 191 191 191 191 191 191 191 191 191 191 192 192 192 191 191 191 191 191 190 190 190 191 191 191 191 191 191 191 190 190 190 190 190 190 191 191 191 191 191 192 192 192 192 192 192 192 192 192 192 193 193 193 194 194 194 194 194 194 194 194 194 194 194 194 194 195 195 195 195 195 195 195 195 195 195 195 195 196 196 196 196 196 196 196 196 196 197 197 197 197 197 197 197 197 197 198 198 198 198 198 199 199 199 198 199 199 199 200 200 200 200 200 200 200 200 200 201 201 201 201 201 202 202 202 201 201 201 202 202 202 202 202 202 202 202 203 203 202 202 201 201 201 202 202 202 203 203 203 203 203 203 203 203 203 203 203 202 203 203 203 203 204 204 204 204 204 205 205 205 205 205 205 205 205 205 206 206 205 205 205 206 206 206 205 205 205 206 206 206 206 207 207 207 207 208 208 207 207 208 209 208 208 208 208 208 208 209 208 208 207 208 209 209 208 208 208 207 206 206 206 207 207 208 208 208 209 209 209 210 210 210 211 211 211 211 212 211 211 212 212 212 212 212 212 212 212 212 212 213 213 213 213 213 213 212 212 212 212 212 212 0 0 0 0 0 0 0 0 0 0 0 0 0 0 0 0 0 0 0 0 0 0 0 0 0 0 0 0 0 0 0 0 0 0 0 0 0 0 0 0 0 0 0 0 0 0 0 0 0 0 0 0 0 0 0 0 0 0 0 0 0 0 0 0 0 0 0 0 
0 0 0 0 0 0 0 0 0 0 0 0 0 0 0 0 0 0 0 0 0 0 0 0 0 0 0 0 0 0 0 0 0 0 0 0 0 0 0 0 0 0 0 0 0 0 0 0 0 0 0 0 0 0 0 0 0 0 0 0 0 0 0 0 0 0 0 0 0 0 0 0 0 0 0 0 0 0 0 0 0 0 0 0 0 0 0 0 0 0 0 0 0 0 0 0 0 0 0 0 0 0 0 0 0 0 0 0 0 0 0 0 0 0 0 0 0 0 0 0 0 0 0 0 0 0 0 0 0 0 0 0 0 0 0 0 0 0 0 0 0 0 0 0 0 0 0 0 0 0 0 0 0 0 0 0 0 0 0 0 0 0 0 0 0 0 0 0 0 0 0 0 0 0 190 191 191 191 191 191 190 190 190 190 191 191 191 191 190 190 191 190 190 190 189 190 190 190 190 190 190 190 190 189 190 190 190 190 191 191 191 191 192 192 192 192 192 192 192 192 192 192 192 193 193 193 193 194 194 194 194 194 194 194 194 194 194 194 194 194 195 195 195 195 195 195 195 195 195 195 196 196 195 196 196 196 196 196 196 196 197 197 197 197 197 197 197 197 197 197 198 198 198 198 198 198 199 199 199 199 199 199 199 200 200 200 200 200 200 200 200 200 201 201 201 201 202 202 201 201 201 201 202 202 202 202 202 202 202 202 202 202 202 202 202 202 202 201 202 202 202 202 202 202 202 203 203 203 202 202 203 203 203 204 204 204 204 204 204 204 205 205 205 205 205 205 205 205 205 205 205 206 205 205 205 206 206 206 206 205 205 206 206 207 207 208 208 207 208 208 208 207 208 208 209 209 209 208 208 208 208 208 208 208 208 209 209 209 208 208 207 206 206 206 207 207 208 209 209 209 209 209 210 210 210 210 210 211 211 212 212 211 212 212 213 212 212 212 213 213 213 212 213 213 213 213 214 213 212 212 212 212 212 212 212 212 0 0 0 0 0 0 0 0 0 0 0 0 0 0 0 0 0 0 0 0 0 0 0 0 0 0 0 0 0 0 0 0 0 0 0 0 0 0 0 0 0 0 0 0 0 0 0 0 0 0 0 0 0 0 0 0 0 0 0 0 0 0 0 0 0 0 0 
0 0 0 0 0 0 0 0 0 0 0 0 0 0 0 0 0 0 0 0 0 0 0 0 0 0 0 0 0 0 0 0 0 0 0 0 0 0 0 0 0 0 0 0 0 0 0 0 0 0 0 0 0 0 0 0 0 0 0 0 0 0 0 0 0 0 0 0 0 0 0 0 0 0 0 0 0 0 0 0 0 0 0 0 0 0 0 0 0 0 0 0 0 0 0 0 0 0 0 0 0 0 0 0 0 0 0 0 0 0 0 0 0 0 0 0 0 0 0 0 0 0 0 0 0 0 0 0 0 0 0 0 0 0 0 0 0 0 0 0 0 0 0 0 0 0 0 0 0 0 0 0 0 0 0 0 0 0 0 0 0 0 0 0 0 0 0 0 0 0 0 0 0 0 190 189 190 190 190 189 189 189 189 189 189 190 190 190 189 189 190 189 189 189 189 189 189 189 189 189 189 189 189 190 190 190 190 191 191 191 191 191 192 192 192 192 192 192 192 192 192 192 193 193 193 193 193 194 194 194 194 194 194 194 194 194 194 194 194 195 195 195 195 195 195 195 195 195 195 196 196 196 195 195 196 196 196 196 196 196 197 197 197 197 197 197 197 197 197 198 198 198 198 198 198 198 199 199 199 199 199 199 199 200 200 200 200 200 200 200 200 200 201 201 201 202 202 202 202 202 201 202 202 202 202 202 202 202 202 202 202 203 202 202 202 202 201 202 202 202 202 202 203 203 203 202 202 202 202 203 203 203 203 203 203 203 203 204 204 204 205 205 205 205 205 205 205 205 205 205 205 205 205 205 206 206 206 206 206 205 205 205 206 206 206 207 208 208 208 208 208 208 208 208 209 209 209 209 208 209 208 207 207 208 208 208 208 208 208 207 207 207 206 207 208 208 209 209 209 209 209 210 210 210 210 211 211 211 211 211 212 212 212 213 213 212 212 212 213 213 213 213 213 213 213 214 214 213 213 212 212 212 212 212 212 212 213 0 0 0 0 0 0 0 0 0 0 0 0 0 0 0 0 0 0 0 0 0 0 0 0 0 0 0 0 0 0 0 0 0 0 0 0 0 0 0 0 0 0 0 0 0 0 0 0 0 0 0 0 0 0 0 0 0 0 0 0 0 0 0 0 0 0 
0 0 0 0 0 0 0 0 0 0 0 0 0 0 0 0 0 0 0 0 0 0 0 0 0 0 0 0 0 0 0 0 0 0 0 0 0 0 0 0 0 0 0 0 0 0 0 0 0 0 0 0 0 0 0 0 0 0 0 0 0 0 0 0 0 0 0 0 0 0 0 0 0 0 0 0 0 0 0 0 0 0 0 0 0 0 0 0 0 0 0 0 0 0 0 0 0 0 0 0 0 0 0 0 0 0 0 0 0 0 0 0 0 0 0 0 0 0 0 0 0 0 0 0 0 0 0 0 0 0 0 0 0 0 0 0 0 0 0 0 0 0 0 0 0 0 0 0 0 0 0 0 0 0 0 0 0 0 0 0 0 0 0 0 0 0 0 0 0 0 0 0 0 0 189 189 188 189 188 188 188 188 188 188 188 188 188 188 188 188 188 188 188 188 189 189 189 189 189 189 189 190 190 190 190 191 191 191 191 191 191 192 192 192 192 192 192 192 192 192 192 193 193 193 193 193 193 194 194 194 194 194 194 194 194 194 194 194 194 195 195 195 195 195 195 195 195 195 195 195 195 195 195 195 195 196 196 196 196 196 196 197 197 197 197 197 197 197 198 198 198 198 198 198 198 198 199 199 199 199 199 199 199 200 200 200 200 200 200 200 200 201 201 201 201 202 202 201 201 201 201 201 202 202 202 202 202 202 202 202 202 203 202 202 202 202 202 202 203 203 203 203 203 203 203 202 202 203 203 203 203 203 203 203 203 203 203 204 203 204 204 204 205 206 206 205 205 205 205 205 205 205 205 205 205 206 206 206 206 205 205 206 206 207 207 207 208 208 208 209 209 208 208 208 209 209 209 209 208 208 208 208 207 207 207 208 208 208 207 207 207 207 207 207 208 209 209 208 208 208 209 210 210 210 210 210 211 211 211 211 212 212 212 213 213 213 212 212 213 213 213 213 213 214 214 213 213 213 212 212 212 212 212 212 212 212 213 0 0 0 0 0 0 0 0 0 0 0 0 0 0 0 0 0 0 0 0 0 0 0 0 0 0 0 0 0 0 0 0 0 0 0 0 0 0 0 0 0 0 0 0 0 0 0 0 0 0 0 0 0 0 0 0 0 0 0 0 0 0 0 0 0 0 
0 0 0 0 0 0 0 0 0 0 0 0 0 0 0 0 0 0 0 0 0 0 0 0 0 0 0 0 0 0 0 0 0 0 0 0 0 0 0 0 0 0 0 0 0 0 0 0 0 0 0 0 0 0 0 0 0 0 0 0 0 0 0 0 0 0 0 0 0 0 0 0 0 0 0 0 0 0 0 0 0 0 0 0 0 0 0 0 0 0 0 0 0 0 0 0 0 0 0 0 0 0 0 0 0 0 0 0 0 0 0 0 0 0 0 0 0 0 0 0 0 0 0 0 0 0 0 0 0 0 0 0 0 0 0 0 0 0 0 0 0 0 0 0 0 0 188 188 188 188 188 189 189 189 0 0 0 0 0 0 0 0 0 0 0 0 0 0 0 0 0 0 0 191 189 189 188 187 187 188 187 188 188 188 188 188 188 188 188 188 188 188 188 189 189 189 189 189 190 190 190 190 190 191 191 191 191 191 191 191 192 192 192 192 192 192 192 192 192 192 192 193 193 193 193 193 194 193 194 194 194 194 194 194 194 194 194 194 194 195 195 195 195 195 195 195 195 195 195 196 195 195 195 195 195 196 196 196 196 196 196 197 197 197 197 197 197 197 198 198 198 198 198 198 198 198 198 199 199 199 199 199 200 200 200 200 200 200 200 200 200 201 201 201 201 201 201 201 201 201 202 201 202 202 202 202 202 202 202 202 202 202 202 202 202 202 202 202 202 203 203 202 202 202 202 202 203 203 203 203 203 203 203 203 203 203 203 203 203 204 204 204 205 206 206 205 205 205 205 206 206 206 205 205 205 206 206 206 205 205 205 206 206 207 207 207 208 207 208 208 209 209 208 208 208 209 209 209 209 208 208 208 208 207 207 207 208 207 207 207 208 207 207 207 208 208 208 208 209 209 209 210 210 210 211 210 210 211 211 211 211 212 212 213 213 212 212 213 213 213 213 213 213 213 213 213 213 212 212 212 212 212 212 212 212 212 213 213 0 0 0 0 0 0 0 0 0 0 0 0 0 0 0 0 0 0 0 0 0 0 0 0 0 0 0 0 0 0 0 0 0 0 0 0 0 0 0 0 0 0 0 0 0 0 0 0 0 0 0 0 0 0 0 0 0 0 0 0 0 0 0 0 0 
0 0 0 0 0 0 0 0 0 0 0 0 0 0 0 0 0 0 0 0 0 0 0 0 0 0 0 0 0 0 0 0 0 0 0 0 0 0 0 0 0 0 0 0 0 0 0 0 0 0 0 0 0 0 0 0 0 0 0 0 0 0 0 0 0 0 0 0 0 0 0 0 0 0 0 0 0 0 0 0 0 0 0 0 0 0 0 0 0 0 0 0 0 0 0 0 0 0 0 0 0 0 0 0 0 0 0 0 0 0 0 0 0 0 0 0 0 0 0 0 0 0 0 0 0 0 0 0 0 0 0 0 0 0 0 0 0 0 0 0 0 0 0 0 0 188 188 188 188 188 188 188 189 189 189 190 190 0 0 0 190 189 0 0 0 0 0 0 0 0 0 0 193 192 190 189 188 188 187 187 187 188 188 188 188 188 188 188 188 189 189 189 189 189 189 189 190 190 190 190 190 190 191 191 191 191 191 191 191 191 192 192 192 192 192 192 192 192 192 192 192 193 193 193 193 193 193 194 194 194 194 194 194 194 194 194 194 194 195 195 195 195 195 195 195 195 195 195 195 195 196 196 196 196 195 195 196 196 196 196 196 197 197 197 197 197 197 197 197 198 198 198 198 198 198 198 198 199 199 199 199 199 200 200 200 200 200 200 200 200 200 200 201 201 201 201 202 202 202 202 202 201 202 202 202 202 202 203 203 203 203 202 202 202 202 202 202 202 202 202 202 202 202 203 203 202 203 203 204 203 203 203 204 203 203 203 203 204 204 204 204 204 205 205 205 205 205 206 206 206 206 205 205 206 206 206 206 206 206 206 205 206 206 207 207 207 208 207 207 208 208 209 209 209 209 209 209 209 209 208 207 207 208 208 207 207 208 208 208 207 208 207 207 207 207 207 208 208 209 209 209 210 210 210 210 210 210 211 211 212 212 212 212 213 213 213 212 213 213 213 212 213 213 213 213 213 213 212 212 212 212 212 212 212 212 212 212 213 213 0 0 0 0 0 0 0 0 0 0 0 0 0 0 0 0 0 0 0 0 0 0 0 0 0 0 0 0 0 0 0 0 0 0 0 0 0 0 0 0 0 0 0 0 0 0 0 0 0 0 0 0 0 0 0 0 0 0 0 0 0 0 0 0 
0 0 0 0 0 0 0 0 0 0 0 0 0 0 0 0 0 0 0 0 0 0 0 0 0 0 0 0 0 0 0 0 0 0 0 0 0 0 0 0 0 0 0 0 0 0 0 0 0 0 0 0 0 0 0 0 0 0 0 0 0 0 0 0 0 0 0 0 0 0 0 0 0 0 0 0 0 0 0 0 0 0 0 0 0 0 0 0 0 0 0 0 0 0 0 0 0 0 0 0 0 0 0 0 0 0 0 0 0 0 0 0 0 0 0 0 0 0 0 0 0 0 0 0 0 0 0 0 0 0 0 0 0 0 0 0 0 0 0 0 0 0 0 0 0 188 188 188 187 188 188 188 188 188 188 189 189 190 191 191 190 190 190 191 0 0 0 0 0 0 192 192 192 192 191 190 188 188 187 187 187 188 188 188 188 188 189 189 189 189 189 189 189 189 190 190 190 190 190 190 190 191 191 191 191 191 191 191 191 192 192 192 192 192 192 192 192 192 192 192 193 193 193 193 193 193 194 194 194 194 194 194 194 194 194 194 194 194 195 195 195 195 195 195 195 195 195 195 195 195 196 196 196 196 196 196 196 196 196 196 196 197 197 197 197 197 197 197 198 198 198 198 198 198 198 198 198 198 198 199 199 199 199 200 200 200 200 200 200 200 200 200 201 201 201 202 202 202 202 202 202 201 202 202 202 202 202 203 203 203 202 202 202 202 202 203 202 202 203 202 202 202 202 202 202 202 202 203 203 203 203 204 203 203 203 203 203 203 203 204 204 204 205 205 205 206 205 206 206 206 206 205 206 206 206 206 206 206 206 206 206 206 207 207 207 207 207 207 207 207 208 208 209 209 209 209 209 209 209 208 208 208 207 207 207 207 207 207 208 207 207 207 208 208 208 209 209 209 209 209 209 209 209 209 210 210 211 211 211 211 211 212 212 213 213 213 213 213 213 212 212 212 213 213 213 213 213 212 212 212 212 212 213 212 212 212 212 212 213 213 0 0 0 0 0 0 0 0 0 0 0 0 0 0 0 0 0 0 0 0 0 0 0 0 0 0 0 0 0 0 0 0 0 0 0 0 0 0 0 0 0 0 0 0 0 0 0 0 0 0 0 0 0 0 0 0 0 0 0 0 0 0 0 
0 0 0 0 0 0 0 0 0 0 0 0 0 0 0 0 0 0 0 0 0 0 0 0 0 0 0 0 0 0 0 0 0 0 0 0 0 0 0 0 0 0 0 0 0 0 0 0 0 0 0 0 0 0 0 0 0 0 0 0 0 0 0 0 0 0 0 0 0 0 0 0 0 0 0 0 0 0 0 0 0 0 0 0 0 0 0 0 0 0 0 0 0 0 0 0 0 0 0 0 0 0 0 0 0 0 0 0 0 0 0 0 0 0 0 0 0 0 0 0 0 0 0 0 0 0 0 0 0 0 0 0 0 0 0 0 0 0 0 0 0 0 0 0 188 187 187 187 187 188 188 188 188 188 188 188 189 189 190 190 189 189 189 190 191 191 191 190 191 192 193 193 193 192 191 190 189 187 187 187 187 188 188 189 189 189 189 189 189 189 189 190 189 190 190 190 190 190 190 190 190 191 191 191 191 191 191 191 191 192 192 192 192 192 192 192 192 192 192 193 193 193 193 193 193 193 194 194 194 194 194 194 194 194 194 194 194 194 195 195 195 195 195 195 196 196 196 196 195 195 196 196 196 197 196 196 196 196 196 196 196 197 197 197 197 197 197 197 198 198 198 198 198 198 198 198 198 198 198 199 199 199 199 199 200 200 200 200 201 201 201 201 201 201 202 202 202 202 202 202 202 202 201 202 202 202 202 202 203 203 203 203 203 203 203 203 203 202 203 203 203 203 203 202 202 203 203 203 203 204 204 203 203 203 203 204 204 204 204 204 204 204 205 205 205 206 206 206 206 206 205 206 206 206 206 206 206 206 206 206 206 206 207 207 207 207 207 207 207 207 208 209 209 209 208 208 208 209 209 209 208 208 208 208 208 207 207 207 207 207 208 208 208 208 209 209 209 209 209 210 210 210 210 210 210 210 210 211 211 211 211 211 212 212 213 213 213 213 213 212 212 212 213 213 213 213 213 213 212 212 212 212 213 213 212 212 212 212 213 213 213 213 0 0 0 0 0 0 0 0 0 0 0 0 0 0 0 0 0 0 0 0 0 0 0 0 0 0 0 0 0 0 0 0 0 0 0 0 0 0 0 0 0 0 0 0 0 0 0 0 0 0 0 0 0 0 0 0 0 0 0 0 0 
0 0 0 0 0 0 0 0 0 0 0 0 0 0 0 0 0 0 0 0 0 0 0 0 0 0 0 0 0 0 0 0 0 0 0 0 0 0 0 0 0 0 0 0 0 0 0 0 0 0 0 0 0 0 0 0 0 0 0 0 0 0 0 0 0 0 0 0 0 0 0 0 0 0 0 0 0 0 0 0 0 0 0 0 0 0 0 0 0 0 0 0 0 0 0 0 0 0 0 0 0 0 0 0 0 0 0 0 0 0 0 0 0 0 0 0 0 0 0 0 0 0 0 0 0 0 0 0 0 0 0 0 0 0 0 0 0 0 0 0 0 0 0 0 188 187 187 188 187 188 188 188 188 188 188 188 189 189 189 189 188 188 189 189 190 191 191 190 191 191 192 192 192 191 190 189 189 188 187 187 187 188 188 189 189 189 189 189 189 189 189 190 190 190 190 190 190 190 190 190 191 191 191 191 191 191 191 191 191 192 191 191 191 192 192 192 192 192 193 193 193 193 193 193 193 193 194 194 194 194 194 194 194 194 194 194 194 194 195 195 195 195 195 195 195 196 196 196 196 196 196 196 196 197 197 196 196 196 196 196 196 197 197 197 197 197 197 198 198 198 198 198 198 198 198 198 198 198 199 199 199 199 199 200 200 200 200 200 200 200 201 201 201 202 202 202 202 202 202 202 201 201 201 201 202 202 202 202 203 203 203 203 202 202 202 202 203 203 203 203 203 203 203 203 203 203 203 203 204 204 204 204 204 203 203 204 204 204 204 204 204 204 204 205 205 206 206 206 206 205 206 206 207 207 206 206 206 206 206 206 206 206 206 207 207 207 207 207 207 208 208 208 208 209 208 208 208 208 209 208 209 208 208 208 208 208 207 207 207 208 208 208 208 208 208 208 209 209 209 209 209 209 210 210 210 210 210 210 210 210 211 211 211 212 213 213 213 213 213 213 212 212 212 213 213 213 213 213 212 212 212 212 213 213 212 212 212 213 213 213 213 213 0 0 0 0 0 0 0 0 0 0 0 0 0 0 0 0 0 0 0 0 0 0 0 0 0 0 0 0 0 0 0 0 0 0 0 0 0 0 0 0 0 0 0 0 0 0 0 0 0 0 0 0 0 0 0 0 0 0 0 0 0 
0 0 0 0 0 0 0 0 0 0 0 0 0 0 0 0 0 0 0 0 0 0 0 0 0 0 0 0 0 0 0 0 0 0 0 0 0 0 0 0 0 0 0 0 0 0 0 0 0 0 0 0 0 0 0 0 0 0 0 0 0 0 0 0 0 0 0 0 0 0 0 0 0 0 0 0 0 0 0 0 0 0 0 0 0 0 0 0 0 0 0 0 0 0 0 0 0 0 0 0 0 0 0 0 0 0 0 0 0 0 0 0 0 0 0 0 0 0 0 0 0 0 0 0 0 0 0 0 0 0 0 0 0 0 0 0 0 0 0 0 0 0 0 0 188 187 187 188 188 188 188 188 188 188 188 188 188 189 188 188 188 188 188 189 190 191 191 190 191 191 192 191 191 191 190 189 188 188 187 187 187 188 188 189 189 189 189 189 189 190 190 190 190 190 190 190 190 190 190 190 191 191 191 191 191 191 191 191 191 191 191 191 192 192 192 192 192 193 193 193 193 193 193 193 193 193 194 194 194 194 194 194 195 194 194 194 195 194 195 195 195 195 195 195 196 196 196 196 196 196 196 196 196 196 197 197 196 196 196 196 196 196 197 197 197 197 198 198 198 198 198 198 198 198 198 198 199 199 198 199 199 199 199 200 200 200 200 200 200 201 201 201 201 201 202 202 202 201 201 201 201 202 202 201 202 202 202 202 202 203 203 202 202 202 202 202 202 203 203 203 203 203 203 204 203 203 204 204 204 204 205 205 204 204 204 204 204 204 204 204 204 204 205 205 205 206 206 206 206 206 206 207 206 206 206 206 206 207 207 206 206 206 206 207 207 207 207 207 207 207 207 208 208 208 208 208 208 208 208 208 208 208 208 208 208 208 208 207 207 207 208 208 208 208 208 208 208 208 208 209 209 209 209 210 210 210 211 211 211 210 211 211 211 212 212 213 213 213 213 213 213 212 212 212 213 213 213 213 213 213 212 212 212 213 213 212 212 212 213 213 213 214 0 0 0 0 0 0 0 0 0 0 0 0 0 0 0 0 0 0 0 0 0 0 0 0 0 0 0 0 0 0 0 0 0 0 0 0 0 0 0 0 0 0 0 0 0 0 0 0 0 0 0 0 0 0 0 0 0 0 0 0 0 
0 0 0 0 0 0 0 0 0 0 0 0 0 0 0 0 0 0 0 0 0 0 0 0 0 0 0 0 0 0 0 0 0 0 0 0 0 0 0 0 0 0 0 0 0 0 0 0 0 0 0 0 0 0 0 0 0 0 0 0 0 0 0 0 0 0 0 0 0 0 0 0 0 0 0 0 0 0 0 0 0 0 0 0 0 0 0 0 0 0 0 0 0 0 0 0 0 0 0 0 0 0 0 0 0 0 0 0 0 0 0 0 0 0 0 0 0 0 0 0 0 0 0 0 0 0 0 0 0 0 0 0 0 0 0 0 0 0 0 0 0 0 0 0 0 188 188 188 188 189 188 188 188 188 188 188 188 188 188 188 188 188 189 189 190 191 190 189 190 190 190 191 191 190 189 189 189 188 187 187 188 188 189 189 189 189 189 189 190 190 190 190 190 190 190 190 190 190 190 190 191 191 191 191 191 191 191 191 191 191 192 192 192 192 192 193 193 193 193 193 193 193 193 193 193 193 194 194 194 194 194 194 194 194 194 195 195 195 195 195 195 195 195 195 196 196 196 196 196 196 196 196 196 196 197 197 197 196 196 196 196 197 197 197 197 197 198 198 198 198 198 198 198 198 198 198 199 199 199 199 199 199 199 199 200 200 200 200 200 201 201 201 201 201 202 202 202 201 201 201 202 202 202 202 202 202 202 202 203 203 203 203 203 203 203 203 203 203 203 203 203 203 203 203 204 204 204 205 204 204 205 205 204 205 204 204 205 204 204 204 204 204 204 205 205 206 206 206 206 206 206 206 206 206 207 207 206 207 207 207 206 206 206 206 207 207 207 207 207 207 208 208 208 208 208 208 208 208 208 208 208 208 208 208 208 208 208 208 207 207 208 208 208 208 208 208 208 209 209 209 209 209 209 209 210 210 210 211 211 211 211 212 212 212 213 213 213 213 213 213 213 212 212 213 213 213 213 213 213 213 212 212 212 213 213 212 212 212 213 213 0 0 0 0 0 0 0 0 0 0 0 0 0 0 0 0 0 0 0 0 0 0 0 0 0 0 0 0 0 0 0 0 0 0 0 0 0 0 0 0 0 0 0 0 0 0 0 0 0 0 0 0 0 0 0 0 0 0 0 0 0 0 0 
0 0 0 0 0 0 0 0 0 0 0 0 0 0 0 0 0 0 0 0 0 0 0 0 0 0 0 0 0 0 0 0 0 0 0 0 0 0 0 0 0 0 0 0 0 0 0 0 0 0 0 0 0 0 0 0 0 0 0 0 0 0 0 0 0 0 0 0 0 0 0 0 0 0 0 0 0 0 0 0 0 0 0 0 0 0 0 0 0 0 0 0 0 0 0 0 0 0 0 0 0 0 0 0 0 0 0 0 0 0 0 0 0 0 0 0 0 0 0 0 0 0 0 0 0 0 0 0 0 0 0 0 0 0 0 0 0 0 0 0 0 0 0 0 187 187 187 187 187 188 188 188 188 188 188 188 188 188 188 187 188 189 189 189 189 190 190 190 189 189 189 191 191 189 189 188 188 188 187 187 188 189 189 189 189 189 189 189 189 190 190 190 190 190 190 190 190 190 190 191 191 191 191 191 191 191 191 191 192 192 192 192 192 192 192 192 193 193 193 193 193 193 193 193 193 194 194 194 194 194 194 194 194 194 194 195 195 195 195 195 195 195 195 195 196 196 196 196 196 196 196 196 196 196 196 197 197 197 196 196 196 196 197 197 197 197 197 198 198 198 198 198 198 198 198 198 198 199 199 199 199 199 199 200 200 200 200 200 200 200 201 201 201 201 201 201 202 201 201 201 202 202 202 202 202 202 203 203 203 203 203 203 203 203 203 203 202 203 203 203 203 203 203 203 204 204 204 204 204 204 204 204 205 205 204 204 204 204 204 204 204 204 204 205 205 206 205 206 206 206 206 206 207 207 207 206 207 207 207 207 207 206 206 206 206 207 207 207 207 207 207 208 208 208 208 207 207 208 207 208 208 208 208 208 208 208 208 208 208 207 208 208 208 208 208 208 209 209 209 209 209 209 209 209 209 210 210 210 210 211 211 211 211 211 212 212 212 212 213 213 213 212 212 213 213 213 213 213 213 213 213 213 212 213 213 213 213 213 213 0 0 0 0 0 0 0 0 0 0 0 0 0 0 0 0 0 0 0 0 0 0 0 0 0 0 0 0 0 0 0 0 0 0 0 0 0 0 0 0 0 0 0 0 0 0 0 0 0 0 0 0 0 0 0 0 0 0 0 0 0 0 0 0 
0 0 0 0 0 0 0 0 0 0 0 0 0 0 0 0 0 0 0 0 0 0 0 0 0 0 0 0 0 0 0 0 0 0 0 0 0 0 0 0 0 0 0 0 0 0 0 0 0 0 0 0 0 0 0 0 0 0 0 0 0 0 0 0 0 0 0 0 0 0 0 0 0 0 0 0 0 0 0 0 0 0 0 0 0 0 0 0 0 0 0 0 0 0 0 0 0 0 0 0 0 0 0 0 0 0 0 0 0 0 0 0 0 0 0 0 0 0 0 0 0 0 0 0 0 0 0 0 0 0 0 0 0 0 0 0 0 0 0 0 0 0 0 0 0 0 188 187 187 187 187 188 189 189 188 188 187 187 187 187 188 188 188 189 189 189 190 190 189 188 188 190 190 189 188 188 187 187 187 188 188 189 189 189 189 189 189 189 190 190 190 190 190 190 190 190 190 190 190 191 191 191 191 191 191 191 191 192 192 192 192 192 192 192 192 192 193 193 193 193 193 193 193 193 193 194 194 194 194 194 194 194 194 195 194 195 195 195 195 195 195 195 195 195 196 196 196 196 196 196 196 196 196 196 196 197 197 197 197 196 196 196 197 197 197 197 197 198 198 198 198 198 198 198 198 198 199 199 199 199 199 199 199 199 199 199 200 200 200 200 200 200 200 201 201 201 201 202 201 202 202 202 202 202 202 202 203 202 202 203 203 203 202 202 203 203 202 202 203 203 203 204 203 203 204 204 204 204 204 204 204 204 205 205 205 205 204 204 204 205 204 204 205 205 206 206 205 206 206 206 206 207 207 207 207 207 207 207 207 207 206 206 206 207 207 207 207 207 207 207 207 208 208 208 208 208 208 207 208 207 208 208 208 208 208 208 208 208 208 208 208 208 208 208 208 208 208 208 209 209 209 209 209 209 209 210 210 210 210 210 211 210 210 211 212 212 211 212 212 213 213 213 213 213 213 213 213 213 213 213 213 213 213 214 214 214 214 214 213 0 0 0 0 0 0 0 0 0 0 0 0 0 0 0 0 0 0 0 0 0 0 0 0 0 0 0 0 0 0 0 0 0 0 0 0 0 0 0 0 0 0 0 0 0 0 0 0 0 0 0 0 0 0 0 0 0 0 0 0 0 0 0 0 
0 0 0 0 0 0 0 0 0 0 0 0 0 0 0 0 0 0 0 0 0 0 0 0 0 0 0 0 0 0 0 0 0 0 0 0 0 0 0 0 0 0 0 0 0 0 0 0 0 0 0 0 0 0 0 0 0 0 0 0 0 0 0 0 0 0 0 0 0 0 0 0 0 0 0 0 0 0 0 0 0 0 0 0 0 0 0 0 0 0 0 0 0 0 0 0 0 0 0 0 0 0 0 0 0 0 0 0 0 0 0 0 0 0 0 0 0 0 0 0 0 0 0 0 0 0 0 0 0 0 0 0 0 0 0 0 0 0 0 0 0 0 0 0 0 0 0 188 189 188 187 187 187 187 187 187 187 187 187 187 187 187 187 188 188 189 190 190 190 191 190 188 188 188 188 187 187 188 188 188 188 189 189 189 189 189 190 190 190 190 190 190 190 190 190 190 190 191 191 191 191 191 191 191 191 191 191 192 192 192 192 192 192 192 192 193 193 193 193 193 193 193 193 193 194 194 194 194 194 194 194 194 194 195 195 195 195 195 195 195 195 195 195 195 196 196 196 196 196 196 196 196 196 196 196 197 197 197 197 197 196 197 197 197 197 197 197 198 198 198 198 198 198 198 198 198 199 199 199 199 199 199 199 199 199 200 200 200 200 200 200 200 200 200 201 201 201 201 201 202 202 202 202 202 202 202 202 202 202 202 202 202 202 202 202 203 202 202 203 203 203 203 204 203 204 204 204 204 204 204 204 204 204 204 205 205 205 205 205 205 204 204 205 205 206 206 206 206 206 207 206 206 207 207 207 207 207 207 207 207 206 206 207 207 207 207 207 207 207 207 208 208 208 208 208 208 208 207 208 208 208 208 208 208 208 208 208 208 208 208 208 208 208 208 208 208 209 209 209 209 209 209 209 209 209 209 209 209 209 210 210 210 211 211 212 212 211 212 212 213 213 213 213 213 213 213 213 213 214 214 214 214 214 214 214 214 214 214 214 0 0 0 0 0 0 0 0 0 0 0 0 0 0 0 0 0 0 0 0 0 0 0 0 0 0 0 0 0 0 0 0 0 0 0 0 0 0 0 0 0 0 0 0 0 0 0 0 0 0 0 0 0 0 0 0 0 0 0 0 0 0 0 0 
0 0 0 0 0 0 0 0 0 0 0 0 0 0 0 0 0 0 0 0 0 0 0 0 0 0 0 0 0 0 0 0 0 0 0 0 0 0 0 0 0 0 0 0 0 0 0 0 0 0 0 0 0 0 0 0 0 0 0 0 0 0 0 0 0 0 0 0 0 0 0 0 0 0 0 0 0 0 0 0 0 0 0 0 0 0 0 0 0 0 0 0 0 0 0 0 0 0 0 0 0 0 0 0 0 0 0 0 0 0 0 0 0 0 0 0 0 0 0 0 0 0 0 0 0 0 0 0 0 0 0 0 0 0 0 0 0 0 0 0 0 0 0 0 0 0 0 0 188 187 187 187 187 187 187 188 188 188 188 189 188 187 187 186 187 188 189 190 191 191 189 189 189 189 188 188 188 188 188 188 188 189 189 189 189 189 190 190 190 190 190 190 190 190 190 190 190 191 191 191 191 191 191 191 191 191 191 192 192 192 192 192 192 192 193 193 193 193 193 193 193 193 193 194 194 194 194 194 194 194 194 194 194 195 195 195 195 195 195 195 195 195 195 195 196 196 196 196 196 196 196 196 196 196 196 197 197 196 197 197 197 197 197 197 197 197 197 197 198 198 198 198 198 198 198 199 199 199 199 199 199 199 199 199 199 199 200 200 200 200 200 201 201 201 200 201 201 201 201 202 202 202 203 203 202 202 202 202 202 201 202 202 202 202 202 202 202 202 203 203 203 203 204 204 203 204 204 204 204 204 205 205 204 204 204 205 205 205 205 205 204 205 206 206 206 206 206 206 207 207 207 206 206 206 206 206 206 206 206 206 206 207 207 207 207 207 207 207 207 207 208 208 208 208 208 208 208 208 208 208 207 208 208 208 208 208 208 208 208 208 208 208 209 209 209 209 209 209 209 209 209 209 209 209 209 209 209 209 210 210 210 210 210 210 211 212 211 212 212 213 213 213 213 213 213 213 214 214 214 214 214 214 214 214 214 214 215 0 0 0 0 0 0 0 0 0 0 0 0 0 0 0 0 0 0 0 0 0 0 0 0 0 0 0 0 0 0 0 0 0 0 0 0 0 0 0 0 0 0 0 0 0 0 0 0 0 0 0 0 0 0 0 0 0 0 0 0 0 0 0 0 0 0 
0 0 0 0 0 0 0 0 0 0 0 0 0 0 0 0 0 0 0 0 0 0 0 0 0 0 0 0 0 0 0 0 0 0 0 0 0 0 0 0 0 0 0 0 0 0 0 0 0 0 0 0 0 0 0 0 0 0 0 0 0 0 0 0 0 0 0 0 0 0 0 0 0 0 0 0 0 0 0 0 0 0 0 0 0 0 0 0 0 0 0 0 0 0 0 0 0 0 0 0 0 0 0 0 0 0 0 0 0 0 0 0 0 0 0 0 0 0 0 0 0 0 0 0 0 0 0 0 0 0 0 0 0 0 0 0 0 0 0 0 0 0 0 0 0 0 0 0 0 0 0 0 188 188 188 188 190 189 190 190 189 189 189 187 187 189 188 189 190 189 190 189 189 188 188 188 188 188 188 188 189 189 189 189 189 190 190 190 190 190 190 190 190 190 190 190 190 191 191 191 191 191 191 191 191 191 192 192 192 192 192 192 192 192 192 193 193 193 193 193 193 193 193 193 194 194 194 194 194 194 194 194 194 194 195 195 195 195 195 195 195 195 195 195 196 196 196 196 196 196 196 196 196 196 196 196 197 196 196 197 197 197 197 197 198 198 197 197 198 198 198 198 198 198 198 199 199 199 199 199 199 199 199 199 199 199 199 200 200 201 201 201 201 201 201 201 201 201 201 201 201 202 202 202 202 202 201 201 201 201 201 202 202 203 203 203 202 202 202 203 203 203 203 204 203 204 204 204 204 204 205 204 204 204 204 205 205 205 205 205 205 205 206 206 206 206 206 206 206 206 206 207 206 206 206 207 207 206 207 207 207 207 207 206 206 207 207 207 207 207 207 208 208 208 208 208 208 208 208 208 208 207 207 208 208 208 208 208 208 208 208 208 208 209 209 209 209 209 209 209 209 209 209 209 209 209 209 210 210 210 211 211 211 210 210 211 211 212 213 213 213 213 213 213 213 213 214 214 214 214 214 214 214 214 214 215 215 215 215 0 0 0 0 0 0 0 0 0 0 0 0 0 0 0 0 0 0 0 0 0 0 0 0 0 0 0 0 0 0 0 0 0 0 0 0 0 0 0 0 0 0 0 0 0 0 0 0 0 0 0 0 0 0 0 0 0 0 0 0 0 0 0 0 
0 0 0 0 0 0 0 0 0 0 0 0 0 0 0 0 0 0 0 0 0 0 0 0 0 0 0 0 0 0 0 0 0 0 0 0 0 0 0 0 0 0 0 0 0 0 0 0 0 0 0 0 0 0 0 0 0 0 0 0 0 0 0 0 0 0 0 0 0 0 0 0 0 0 0 0 0 0 0 0 0 0 0 0 0 0 0 0 0 0 0 0 0 0 0 0 0 0 0 0 0 0 0 0 0 0 0 0 0 0 0 0 0 0 0 0 0 0 0 0 0 0 0 0 0 0 0 0 0 0 0 0 0 0 0 0 0 0 0 0 0 0 0 0 0 0 0 0 0 0 0 0 189 189 189 190 191 191 192 191 190 190 191 191 186 186 187 188 188 188 188 188 187 187 187 188 188 188 188 188 189 189 189 189 190 190 190 190 190 190 190 190 190 190 190 190 190 191 191 191 191 191 191 191 191 191 191 192 192 192 192 192 192 192 192 193 193 193 193 193 193 193 193 194 193 194 194 194 194 194 194 195 195 195 195 195 195 195 195 195 195 195 195 196 196 196 196 196 196 196 196 196 196 196 196 196 196 197 196 196 197 197 197 197 197 198 197 198 198 198 198 198 198 198 198 199 199 199 199 199 199 199 199 199 199 199 199 200 200 200 201 201 201 201 201 201 201 201 201 201 201 202 202 202 202 202 202 202 202 202 202 202 202 203 203 203 202 202 202 203 203 203 203 203 203 204 204 203 203 204 205 204 204 204 204 204 205 205 205 205 205 206 206 206 206 206 206 206 206 206 206 206 206 206 206 207 207 207 207 207 206 206 206 207 206 207 207 207 207 207 207 207 208 208 208 208 208 208 208 208 208 208 208 208 208 208 208 208 208 208 208 209 209 209 209 209 209 209 209 209 209 209 209 209 209 209 210 210 211 211 211 212 212 211 211 211 211 212 213 213 213 213 213 213 213 213 214 214 214 214 214 214 214 214 215 215 215 214 215 0 0 0 0 0 0 0 0 0 0 0 0 0 0 0 0 0 0 0 0 0 0 0 0 0 0 0 0 0 0 0 0 0 0 0 0 0 0 0 0 0 0 0 0 0 0 0 0 0 0 0 0 0 0 0 0 0 0 0 0 0 0 0 0 
0 0 0 0 0 0 0 0 0 0 0 0 0 0 0 0 0 0 0 0 0 0 0 0 0 0 0 0 0 0 0 0 0 0 0 0 0 0 0 0 0 0 0 0 0 0 0 0 0 0 0 0 0 0 0 0 0 0 0 0 0 0 0 0 0 0 0 0 0 0 0 0 0 0 0 0 0 0 0 0 0 0 0 0 0 0 0 0 0 0 0 0 0 0 0 0 0 0 0 0 0 0 0 0 0 0 0 0 0 0 0 0 0 0 0 0 0 0 0 0 0 0 0 0 0 0 0 0 0 0 0 0 0 0 0 0 0 0 0 0 0 0 0 0 0 0 0 0 0 0 0 0 0 0 191 192 192 192 192 192 191 191 192 191 190 189 187 187 187 186 186 187 186 187 187 187 188 188 188 189 189 189 189 190 190 190 190 190 190 190 190 190 190 190 190 191 191 191 191 191 191 191 191 191 191 191 191 192 192 192 192 192 192 192 193 193 193 193 193 193 193 193 193 193 193 194 194 194 194 194 194 195 195 195 195 195 195 195 195 195 195 195 195 196 196 196 196 196 196 196 196 196 196 196 196 196 197 197 197 197 196 197 197 197 197 198 197 197 198 198 198 198 198 198 199 199 199 199 199 199 199 199 199 199 199 200 200 200 200 201 201 201 201 200 201 201 201 201 201 201 201 202 202 202 202 202 203 203 203 202 202 203 202 203 203 203 202 202 202 202 202 203 204 204 203 204 204 204 203 204 204 204 205 205 204 204 204 204 204 205 205 206 206 206 206 206 205 206 206 206 206 206 206 206 207 207 207 207 207 207 207 207 208 207 207 207 207 207 207 208 207 208 208 208 207 207 207 207 208 208 208 208 208 208 208 208 208 208 208 208 208 208 209 209 209 209 209 209 209 209 209 209 209 210 210 211 210 210 210 211 211 212 212 211 212 212 212 211 212 212 213 213 213 213 213 214 214 214 214 214 214 214 214 215 215 214 214 215 0 0 0 0 0 0 0 0 0 0 0 0 0 0 0 0 0 0 0 0 0 0 0 0 0 0 0 0 0 0 0 0 0 0 0 0 0 0 0 0 0 0 0 0 0 0 0 0 0 0 0 0 0 0 0 0 0 0 0 0 0 0 0 0 0 
0 0 0 0 0 0 0 0 0 0 0 0 0 0 0 0 0 0 0 0 0 0 0 0 0 0 0 0 0 0 0 0 0 0 0 0 0 0 0 0 0 0 0 0 0 0 0 0 0 0 0 0 0 0 0 0 0 0 0 0 0 0 0 0 0 0 0 0 0 0 0 0 0 0 0 0 0 0 0 0 0 0 0 0 0 0 0 0 0 0 0 0 0 0 0 0 0 0 0 0 0 0 0 0 0 0 0 0 0 0 0 0 0 0 0 0 0 0 0 0 0 0 0 0 0 0 0 0 0 0 0 0 0 0 0 0 0 0 0 0 0 0 0 0 0 0 0 0 0 0 0 0 0 0 0 192 192 192 192 192 191 191 191 191 190 190 189 188 188 188 189 188 187 188 188 188 188 188 189 189 189 189 189 190 190 190 190 190 190 190 190 190 190 190 191 191 191 191 191 191 191 191 191 191 191 191 192 192 192 192 192 192 192 192 193 193 193 193 193 193 193 193 193 193 193 194 194 194 194 194 194 194 195 195 195 195 195 195 195 195 195 195 195 196 196 196 196 196 196 196 196 196 196 196 196 196 197 197 197 197 197 197 197 197 197 197 197 197 198 198 198 198 198 199 199 199 199 199 199 199 199 199 199 199 200 200 200 200 200 200 201 201 201 200 200 201 201 201 201 201 201 202 202 202 202 202 202 203 202 203 203 203 202 202 202 202 202 203 203 202 202 202 203 204 203 203 203 203 203 204 204 204 204 205 205 205 205 205 204 204 205 205 206 206 206 206 206 206 206 206 206 206 206 207 207 207 208 208 208 207 207 207 207 208 208 208 207 207 207 208 208 208 208 207 207 207 207 207 207 207 207 208 208 208 208 208 208 208 208 208 208 208 209 209 209 209 209 209 209 209 209 209 209 209 210 211 211 211 211 211 211 212 212 213 213 212 212 211 212 212 213 213 213 213 214 214 214 214 214 214 214 214 214 215 214 214 215 0 0 0 0 0 0 0 0 0 0 0 0 0 0 0 0 0 0 0 0 0 0 0 0 0 0 0 0 0 0 0 0 0 0 0 0 0 0 0 0 0 0 0 0 0 0 0 0 0 0 0 0 0 0 0 0 0 0 0 0 0 0 0 0 0 0 
0 0 0 0 0 0 0 0 0 0 0 0 0 0 0 0 0 0 0 0 0 0 0 0 0 0 0 0 0 0 0 0 0 0 0 0 0 0 0 0 0 0 0 0 0 0 0 0 0 0 0 0 0 0 0 0 0 0 0 0 0 0 0 0 0 0 0 0 0 0 0 0 0 0 0 0 0 0 0 0 0 0 0 0 0 0 0 0 0 0 0 0 0 0 0 0 0 0 0 0 0 0 0 0 0 0 0 0 0 0 0 0 0 0 0 0 0 0 0 0 0 0 0 0 0 0 0 0 0 0 0 0 0 0 0 0 0 0 0 0 0 0 0 0 0 0 0 0 0 0 0 0 0 0 191 191 190 191 191 191 191 191 191 190 189 189 189 189 190 191 190 189 188 188 188 188 188 188 189 189 189 189 190 190 190 190 190 190 190 190 190 190 190 190 191 191 191 191 191 191 191 191 192 191 191 191 192 192 192 192 192 192 193 193 193 193 193 193 193 193 193 193 193 193 194 194 194 194 194 194 194 195 195 195 195 195 195 195 196 196 195 195 195 195 196 196 196 196 196 196 196 196 197 197 197 197 197 197 197 197 197 197 197 197 197 197 198 198 198 198 198 198 198 199 199 199 199 199 199 199 199 199 199 199 199 200 200 200 200 200 200 200 201 201 200 201 201 201 201 201 201 202 202 202 202 202 202 202 202 202 203 202 202 202 202 202 202 203 203 202 202 202 203 203 203 203 203 203 203 204 204 204 204 204 204 205 205 205 204 204 205 205 206 206 205 206 206 206 206 206 206 206 206 207 207 208 208 208 208 208 208 208 207 207 207 207 207 207 207 207 208 208 209 207 207 207 207 207 207 207 207 207 207 208 208 208 207 208 208 208 208 208 208 208 208 209 209 209 209 210 210 211 210 209 210 210 211 211 212 212 212 212 212 213 213 213 212 211 212 213 213 214 214 214 214 213 213 213 214 214 214 214 214 214 214 214 215 0 0 0 0 0 0 0 0 0 0 0 0 0 0 0 0 0 0 0 0 0 0 0 0 0 0 0 0 0 0 0 0 0 0 0 0 0 0 0 0 0 0 0 0 0 0 0 0 0 0 0 0 0 0 0 0 0 0 0 0 0 0 0 0 0 0 
0 0 0 0 0 0 0 0 0 0 0 0 0 0 0 0 0 0 0 0 0 0 0 0 0 0 0 0 0 0 0 0 0 0 0 0 0 0 0 0 0 0 0 0 0 0 0 0 0 0 0 0 0 0 0 0 0 0 0 0 0 0 0 0 0 0 0 0 0 0 0 0 0 0 0 0 0 0 0 0 0 0 0 0 0 0 0 0 0 0 0 0 0 0 0 0 0 0 0 0 0 0 0 0 0 0 0 0 0 0 0 0 0 0 0 0 0 0 0 0 0 0 0 0 0 0 0 0 0 0 0 0 0 0 0 0 0 0 0 0 0 0 0 0 0 0 0 0 0 0 0 0 0 191 190 190 190 190 190 191 190 190 190 191 191 191 191 192 192 191 190 189 189 188 188 188 188 188 189 189 189 189 190 190 190 190 190 190 190 190 190 190 190 190 190 191 191 191 191 191 191 191 192 192 192 192 191 192 192 192 192 192 192 193 193 193 193 193 193 193 193 193 193 193 194 194 194 194 194 194 194 195 195 195 195 195 195 195 196 196 196 195 195 195 196 196 196 196 196 196 196 197 197 197 197 197 197 197 197 197 197 197 197 197 197 198 198 198 198 198 198 198 199 199 199 199 199 199 199 199 199 199 200 200 200 200 200 200 200 200 200 200 200 201 201 201 201 201 201 202 202 202 202 202 202 202 202 202 202 202 202 202 202 202 202 202 202 203 203 203 202 202 203 203 203 203 203 203 203 203 204 204 204 204 204 204 205 204 204 204 204 205 205 205 206 206 206 206 206 206 206 206 207 207 207 208 208 208 208 208 208 208 208 208 207 207 207 207 207 208 208 208 209 208 208 208 208 208 208 208 208 207 208 208 208 208 208 208 208 208 208 208 208 208 208 208 209 209 210 211 211 211 211 210 210 210 211 212 212 213 213 212 213 213 213 213 212 212 212 212 213 214 214 214 214 213 213 213 213 213 213 214 214 214 214 214 215 215 0 0 0 0 0 0 0 0 0 0 0 0 0 0 0 0 0 0 0 0 0 0 0 0 0 0 0 0 0 0 0 0 0 0 0 0 0 0 0 0 0 0 0 0 0 0 0 0 0 0 0 0 0 0 0 0 0 0 0 0 0 0 0 0 0 
0 0 0 0 0 0 0 0 0 0 0 0 0 0 0 0 0 0 0 0 0 0 0 0 0 0 0 0 0 0 0 0 0 0 0 0 0 0 0 0 0 0 0 0 0 0 0 0 0 0 0 0 0 0 0 0 0 0 0 0 0 0 0 0 0 0 0 0 0 0 0 0 0 0 0 0 0 0 0 0 0 0 0 0 0 0 0 0 0 0 0 0 0 0 0 0 0 0 0 0 0 0 0 0 0 0 0 0 0 0 0 0 0 0 0 0 0 0 0 0 0 0 0 0 0 0 0 0 0 0 0 0 0 0 0 0 0 0 0 0 0 0 0 0 0 0 0 0 0 0 0 0 0 191 190 190 190 190 189 190 191 191 192 193 193 192 192 193 192 191 190 189 188 188 188 188 188 188 189 189 189 189 190 190 190 190 190 190 190 190 190 190 190 190 191 191 191 191 191 191 191 191 191 192 192 192 192 192 192 192 192 192 192 192 192 193 193 193 193 193 193 193 193 193 193 194 194 194 194 194 194 194 195 195 195 195 195 195 195 195 195 195 195 195 196 196 196 196 196 196 196 197 197 197 197 197 197 197 197 198 198 197 197 197 197 198 198 198 198 198 198 198 199 199 199 199 199 199 199 199 199 200 200 200 200 200 200 200 200 200 200 200 200 200 200 201 201 202 202 201 201 201 202 202 202 202 202 202 202 202 202 202 202 202 202 202 203 203 203 203 203 203 203 203 203 203 203 202 203 203 204 203 204 204 204 204 204 204 204 204 204 204 205 205 206 206 206 206 206 206 206 206 207 207 207 208 208 208 208 208 208 208 208 207 207 207 207 207 207 208 208 209 209 208 208 208 208 208 208 208 208 208 208 208 208 207 207 208 208 208 208 208 208 208 209 209 209 209 209 210 210 211 212 211 210 210 211 212 212 212 212 213 213 214 214 213 212 212 212 212 213 214 214 214 214 214 214 213 213 213 213 214 214 214 214 214 215 0 0 0 0 0 0 0 0 0 0 0 0 0 0 0 0 0 0 0 0 0 0 0 0 0 0 0 0 0 0 0 0 0 0 0 0 0 0 0 0 0 0 0 0 0 0 0 0 0 0 0 0 0 0 0 0 0 0 0 0 0 0 0 0 0 0 
0 0 0 0 0 0 0 0 0 0 0 0 0 0 0 0 0 0 0 0 0 0 0 0 0 0 0 0 0 0 0 0 0 0 0 0 0 0 0 0 0 0 0 0 0 0 0 0 0 0 0 0 0 0 0 0 0 0 0 0 0 0 0 0 0 0 0 0 0 0 0 0 0 0 0 0 0 0 0 0 0 0 0 0 0 0 0 0 0 0 0 0 0 0 0 0 0 0 0 0 0 0 0 0 0 0 0 0 0 0 0 0 0 0 0 0 0 0 0 0 0 0 0 0 0 0 0 0 0 0 0 0 0 0 0 0 0 0 0 0 0 0 0 0 0 0 0 0 0 0 0 191 191 191 192 192 191 191 190 189 190 192 192 192 192 192 193 193 192 191 190 191 190 189 188 188 188 188 189 189 189 190 190 190 190 190 190 190 190 190 190 190 190 190 191 191 191 191 191 191 191 191 191 192 192 192 192 192 192 192 192 192 192 192 192 193 193 193 193 193 193 193 193 193 193 193 193 194 194 194 194 194 195 195 195 195 195 195 195 195 196 195 195 195 195 196 196 196 196 197 197 197 197 197 197 197 197 197 198 198 198 197 197 197 197 198 198 198 198 198 198 199 199 199 199 199 199 199 199 199 199 199 200 200 200 200 200 200 200 200 200 200 201 200 201 201 201 201 202 202 201 201 202 202 202 202 202 202 202 203 203 202 203 203 203 204 204 203 203 203 203 203 203 204 203 203 203 202 203 203 203 203 203 204 204 204 204 204 204 204 204 204 205 205 205 206 206 206 206 206 206 206 207 207 207 207 207 207 207 208 207 208 208 208 208 207 207 207 207 208 208 208 208 207 208 208 208 208 208 208 208 208 207 207 207 207 208 208 208 208 208 208 208 208 209 210 210 210 209 209 210 210 211 212 211 211 210 211 212 212 212 212 213 213 213 214 213 212 212 213 213 213 213 213 214 214 214 214 214 213 213 214 214 214 214 214 215 0 0 0 0 0 0 0 0 0 0 0 0 0 0 0 0 0 0 0 0 0 0 0 0 0 0 0 0 0 0 0 0 0 0 0 0 0 0 0 0 0 0 0 0 0 0 0 0 0 0 0 0 0 0 0 0 0 0 0 0 0 0 0 0 0 0 
0 0 0 0 0 0 0 0 0 0 0 0 0 0 0 0 0 0 0 0 0 0 0 0 0 0 0 0 0 0 0 0 0 0 0 0 0 0 0 0 0 0 0 0 0 0 0 0 0 0 0 0 0 0 0 0 0 0 0 0 0 0 0 0 0 0 0 0 0 0 0 0 0 0 0 0 0 0 0 0 0 0 0 0 0 0 0 0 0 0 0 0 0 0 0 0 0 0 0 0 0 0 0 0 0 0 0 0 0 0 0 0 0 0 0 0 0 0 0 0 0 0 0 0 0 0 0 0 0 0 0 0 0 0 0 0 0 0 0 0 0 0 0 0 0 0 0 0 0 0 0 191 191 192 192 191 191 191 191 189 190 191 191 190 190 190 192 193 192 191 192 192 191 190 188 188 188 188 189 189 189 190 190 190 190 190 190 190 190 190 190 191 191 191 191 191 191 191 191 191 191 191 191 192 192 192 192 192 192 192 192 192 192 192 193 193 193 193 193 193 193 193 194 194 193 193 193 194 194 195 194 195 195 195 195 195 195 195 195 196 196 196 196 195 195 196 196 196 196 197 197 197 197 197 197 197 197 198 198 198 198 197 197 197 198 198 198 198 198 198 199 199 199 199 199 199 199 199 199 199 199 199 200 200 200 200 200 200 200 200 200 201 201 201 201 201 201 201 201 201 201 201 202 202 202 202 202 202 202 203 203 203 203 203 203 203 203 203 203 203 203 203 203 204 204 204 203 203 202 203 203 203 203 203 204 204 204 204 204 204 204 204 205 205 206 206 206 206 206 206 207 207 207 207 207 207 207 207 207 207 208 208 208 208 208 207 207 208 208 208 208 208 207 207 207 207 207 207 207 208 208 207 207 207 207 207 208 208 208 208 208 208 209 209 209 210 210 211 210 209 210 211 211 212 212 212 211 211 211 211 212 212 212 213 213 214 213 213 214 214 214 214 214 213 213 214 214 214 214 213 214 214 214 214 214 215 0 0 0 0 0 0 0 0 0 0 0 0 0 0 0 0 0 0 0 0 0 0 0 0 0 0 0 0 0 0 0 0 0 0 0 0 0 0 0 0 0 0 0 0 0 0 0 0 0 0 0 0 0 0 0 0 0 0 0 0 0 0 0 0 0 0 0 
0 0 0 0 0 0 0 0 0 0 0 0 0 0 0 0 0 0 0 0 0 0 0 0 0 0 0 0 0 0 0 0 0 0 0 0 0 0 0 0 0 0 0 0 0 0 0 0 0 0 0 0 0 0 0 0 0 0 0 0 0 0 0 0 0 0 0 0 0 0 0 0 0 0 0 0 0 0 0 0 0 0 0 0 0 0 0 0 0 0 0 0 0 0 0 0 0 0 0 0 0 0 0 0 0 0 0 0 0 0 0 0 0 0 0 0 0 0 0 0 0 0 0 0 0 0 0 0 0 0 0 0 0 0 0 0 0 0 0 0 0 0 0 0 0 0 0 0 0 0 0 192 192 192 191 190 190 191 191 190 189 190 190 190 190 190 191 193 193 193 193 191 191 190 189 188 188 188 189 189 190 190 190 190 190 190 190 190 190 190 191 191 191 191 191 191 191 191 191 191 191 191 191 192 192 192 192 192 192 192 192 192 192 192 193 193 193 193 194 194 194 194 194 194 194 194 194 194 194 195 195 195 195 195 195 195 195 195 195 196 196 196 196 195 195 196 196 196 196 197 197 197 197 197 197 197 197 197 197 198 198 197 197 197 198 198 198 198 198 198 199 199 199 199 199 199 199 199 199 199 199 200 200 200 200 200 200 200 200 200 200 201 201 201 201 201 202 201 202 202 201 201 202 202 203 202 202 202 202 202 203 203 203 203 203 203 203 203 203 203 203 203 203 204 203 203 203 203 202 203 203 203 203 203 204 204 204 204 204 204 204 204 205 205 205 206 206 207 207 207 207 207 207 207 207 207 206 207 207 207 207 208 208 208 208 208 208 208 208 208 208 208 207 207 207 206 207 207 207 208 208 207 207 207 207 207 208 208 208 208 208 208 209 209 210 210 210 211 211 210 210 210 211 211 212 212 212 213 212 212 212 212 212 213 214 214 214 214 214 214 214 214 214 214 213 213 214 214 214 214 214 214 214 214 214 214 0 0 0 0 0 0 0 0 0 0 0 0 0 0 0 0 0 0 0 0 0 0 0 0 0 0 0 0 0 0 0 0 0 0 0 0 0 0 0 0 0 0 0 0 0 0 0 0 0 0 0 0 0 0 0 0 0 0 0 0 0 0 0 0 0 0 0 
0 0 0 0 0 0 0 0 0 0 0 0 0 0 0 0 0 0 0 0 0 0 0 0 0 0 0 0 0 0 0 0 0 0 0 0 0 0 0 0 0 0 0 0 0 0 0 0 0 0 0 0 0 0 0 0 0 0 0 0 0 0 0 0 0 0 0 0 0 0 0 0 0 0 0 0 0 0 0 0 0 0 0 0 0 0 0 0 0 0 0 0 0 0 0 0 0 0 0 0 0 0 0 0 0 0 0 0 0 0 0 0 0 0 0 0 0 0 0 0 0 0 0 0 0 0 0 0 0 0 0 0 0 0 0 0 0 0 0 0 0 0 0 0 0 0 0 0 0 0 0 0 192 191 190 191 190 190 189 189 190 190 189 189 190 190 191 192 192 193 193 191 190 190 189 189 188 188 189 189 190 190 190 190 190 190 190 190 190 191 191 191 191 191 191 191 191 191 191 191 191 192 192 192 192 192 192 192 192 192 192 192 192 192 193 193 193 193 194 194 194 194 194 194 194 194 194 194 195 195 195 195 195 195 195 195 195 195 195 195 196 196 196 196 195 196 196 196 196 197 197 197 197 197 197 197 197 197 197 197 197 197 197 197 198 198 198 198 198 198 199 199 199 199 199 199 199 199 199 199 200 200 200 200 200 200 200 200 200 200 200 201 201 201 201 201 201 202 202 202 202 201 202 202 202 202 202 202 202 202 203 203 203 203 203 203 203 203 203 203 203 204 204 203 203 203 203 203 203 203 203 203 203 204 204 204 204 204 204 204 204 204 205 205 206 206 206 206 207 206 207 206 207 207 206 207 207 207 207 208 208 208 208 209 208 208 208 207 208 208 208 208 208 207 207 207 207 207 207 207 207 207 207 207 207 208 208 208 208 208 208 209 209 209 209 210 211 211 211 211 211 210 211 211 212 212 212 212 212 212 212 212 213 213 214 213 213 214 214 214 214 214 214 214 214 214 214 214 214 214 213 213 214 214 214 214 0 0 0 0 0 0 0 0 0 0 0 0 0 0 0 0 0 0 0 0 0 0 0 0 0 0 0 0 0 0 0 0 0 0 0 0 0 0 0 0 0 0 0 0 0 0 0 0 0 0 0 0 0 0 0 0 0 0 0 0 0 0 0 0 0 0 0 
0 0 0 0 0 0 0 0 0 0 0 0 0 0 0 0 0 0 0 0 0 0 0 0 0 0 0 0 0 0 0 0 0 0 0 0 0 0 0 0 0 0 0 0 0 0 0 0 0 0 0 0 0 0 0 0 0 0 0 0 0 0 0 0 0 0 0 0 0 0 0 0 0 0 0 0 0 0 0 0 0 0 0 0 0 0 0 0 0 0 0 0 0 0 0 0 0 0 0 0 0 0 0 0 0 0 0 0 0 0 0 0 0 0 0 0 0 0 0 0 0 0 0 0 0 0 0 0 0 0 0 0 0 0 0 0 0 0 0 0 0 0 0 0 0 0 0 0 0 0 0 0 192 191 191 192 191 191 190 190 191 190 189 189 189 189 190 190 191 192 191 190 190 189 189 189 188 188 189 189 190 190 190 190 190 190 190 191 191 191 191 191 191 191 191 191 191 191 191 191 192 192 192 192 192 192 192 192 192 192 192 192 192 193 193 193 193 194 194 194 194 194 194 194 194 195 195 195 195 195 195 195 195 195 195 195 195 196 196 196 195 196 196 196 196 196 196 196 196 197 197 197 197 197 197 197 197 197 197 197 197 197 197 197 198 198 198 198 198 199 199 199 199 199 199 199 199 199 199 199 200 200 200 200 200 200 200 200 200 200 201 201 201 202 201 202 202 202 202 202 202 202 201 202 202 202 202 202 202 202 203 203 203 203 203 203 203 203 203 203 203 204 204 204 203 203 203 203 203 203 203 203 204 204 204 204 204 204 204 204 204 204 205 205 206 206 205 206 206 206 206 206 206 206 206 207 207 207 208 208 208 208 208 208 208 208 208 208 207 208 208 208 208 207 207 207 207 207 207 207 207 207 207 207 207 208 208 208 208 208 209 209 209 210 210 210 211 211 211 211 211 211 211 211 211 211 212 212 212 213 212 213 213 214 214 213 213 213 213 213 213 213 213 213 213 213 214 214 214 214 214 213 213 214 214 0 0 0 0 0 0 0 0 0 0 0 0 0 0 0 0 0 0 0 0 0 0 0 0 0 0 0 0 0 0 0 0 0 0 0 0 0 0 0 0 0 0 0 0 0 0 0 0 0 0 0 0 0 0 0 0 0 0 0 0 0 0 0 0 0 0 0 0 
0 0 0 0 0 0 0 0 0 0 0 0 0 0 0 0 0 0 0 0 0 0 0 0 0 0 0 0 0 0 0 0 0 0 0 0 0 0 0 0 0 0 0 0 0 0 0 0 0 0 0 0 0 0 0 0 0 0 0 0 0 0 0 0 0 0 0 0 0 0 0 0 0 0 0 0 0 0 0 0 0 0 0 0 0 0 0 0 0 0 0 0 0 0 0 0 0 0 0 0 0 0 0 0 0 0 0 0 0 0 0 0 0 0 0 0 0 0 0 0 0 0 0 0 0 0 0 0 0 0 0 0 0 0 0 0 0 0 0 0 0 0 0 0 0 0 0 0 0 0 0 0 0 192 193 193 192 191 190 189 189 190 190 190 189 189 189 190 190 191 192 190 189 188 188 188 188 189 189 189 190 190 190 190 190 190 191 191 191 191 191 191 191 191 191 191 191 191 191 192 192 192 192 192 192 192 192 192 192 192 192 192 192 193 193 193 193 193 194 194 194 194 194 194 195 195 195 195 195 195 195 195 195 195 195 195 196 196 196 195 195 196 196 196 196 196 196 196 196 197 197 197 197 197 197 197 197 197 197 198 198 197 197 197 198 198 198 198 198 199 199 199 199 199 199 199 199 199 199 199 200 200 200 200 200 200 200 200 200 200 201 201 201 201 202 202 202 202 202 202 202 202 202 202 202 202 202 202 202 202 203 203 203 203 203 203 203 203 203 203 203 203 204 203 203 203 203 203 203 203 203 203 203 204 204 204 204 204 204 204 204 204 205 205 205 205 205 206 206 205 206 206 206 206 207 207 207 208 208 208 208 208 207 208 208 207 207 208 207 208 208 207 207 207 207 207 207 207 207 207 207 207 207 208 208 208 208 208 208 208 208 208 209 209 209 210 211 211 211 212 212 211 211 211 211 212 212 212 212 212 213 213 214 214 213 213 213 213 213 213 213 213 212 212 212 213 214 214 214 213 213 213 213 214 214 0 0 0 0 0 0 0 0 0 0 0 0 0 0 0 0 0 0 0 0 0 0 0 0 0 0 0 0 0 0 0 0 0 0 0 0 0 0 0 0 0 0 0 0 0 0 0 0 0 0 0 0 0 0 0 0 0 0 0 0 0 0 0 0 0 0 0 0 
0 0 0 0 0 0 0 0 0 0 0 0 0 0 0 0 0 0 0 0 0 0 0 0 0 0 0 0 0 0 0 0 0 0 0 0 0 0 0 0 0 0 0 0 0 0 0 0 0 0 0 0 0 0 0 0 0 0 0 0 0 0 0 0 0 0 0 0 0 0 0 0 0 0 0 0 0 0 0 0 0 0 0 0 0 0 0 0 0 0 0 0 0 0 0 0 0 0 0 0 0 0 0 0 0 0 0 0 0 0 0 0 0 0 0 0 0 0 0 0 0 0 0 0 0 0 0 0 0 0 0 0 0 0 0 0 0 0 0 0 0 0 0 0 0 0 0 0 0 0 0 0 192 192 192 193 191 190 190 191 191 192 191 190 190 189 188 189 190 191 192 191 190 189 189 189 189 189 189 190 190 190 190 190 190 190 191 191 191 191 191 191 191 191 191 191 191 191 191 191 192 192 192 192 192 192 192 192 192 192 192 192 192 193 193 193 194 194 194 194 194 194 194 194 194 195 195 195 195 195 195 195 195 195 195 195 196 196 196 196 195 195 195 195 196 196 196 196 196 197 197 197 197 197 197 197 197 198 198 198 198 198 197 197 198 198 198 198 199 199 199 199 199 199 199 199 199 199 199 200 200 200 200 200 200 200 200 200 200 200 201 200 201 202 201 201 202 202 201 202 202 202 202 202 202 202 203 203 203 202 203 203 203 203 203 203 203 203 203 203 203 203 204 204 204 203 203 203 203 203 203 203 203 203 204 204 204 204 204 204 204 204 205 205 205 205 205 205 205 205 206 206 206 206 206 207 207 208 208 208 207 207 207 207 207 207 206 207 207 206 207 206 206 206 207 207 207 207 207 207 207 207 207 208 207 208 208 208 209 209 209 208 208 208 209 210 210 210 210 211 211 212 212 212 211 211 212 212 212 213 213 213 213 213 213 213 213 213 213 214 213 213 213 213 212 212 213 213 213 212 213 213 214 214 215 0 0 0 0 0 0 0 0 0 0 0 0 0 0 0 0 0 0 0 0 0 0 0 0 0 0 0 0 0 0 0 0 0 0 0 0 0 0 0 0 0 0 0 0 0 0 0 0 0 0 0 0 0 0 0 0 0 0 0 0 0 0 0 0 0 0 0 0 
0 0 0 0 0 0 0 0 0 0 0 0 0 0 0 0 0 0 0 0 0 0 0 0 0 0 0 0 0 0 0 0 0 0 0 0 0 0 0 0 0 0 0 0 0 0 0 0 0 0 0 0 0 0 0 0 0 0 0 0 0 0 0 0 0 0 0 0 0 0 0 0 0 0 0 0 0 0 0 0 0 0 0 0 0 0 0 0 0 0 0 0 0 0 0 0 0 0 0 0 0 0 0 0 0 0 0 0 0 0 0 0 0 0 0 0 0 0 0 0 0 0 0 0 0 0 0 0 0 0 0 0 0 0 0 0 0 0 0 0 0 0 0 0 0 0 0 0 0 0 0 0 192 192 191 191 190 191 192 193 193 193 192 191 190 190 189 189 189 189 190 190 189 189 189 189 189 189 189 190 190 190 190 190 190 191 191 191 191 191 191 191 191 191 191 191 191 191 191 192 192 192 192 192 192 192 192 192 192 192 192 192 193 193 193 193 194 194 194 194 194 194 194 194 194 195 195 195 195 195 195 195 195 195 195 195 196 196 196 196 196 196 196 196 196 196 196 196 196 196 197 197 197 197 197 197 197 197 198 198 198 198 197 197 198 198 198 199 199 199 199 199 199 199 199 199 199 199 199 200 200 200 200 200 200 200 200 200 200 200 200 201 201 201 201 201 201 201 202 202 202 202 202 202 202 202 202 203 203 203 203 203 203 203 203 203 203 203 203 203 203 203 203 204 204 204 203 203 203 203 203 203 203 203 204 204 204 204 204 204 204 204 205 205 205 205 205 205 205 205 206 206 206 206 206 207 207 207 208 207 207 207 206 206 206 207 207 206 206 206 206 207 207 207 207 207 207 207 207 207 207 207 208 208 208 208 208 208 209 209 209 209 209 208 209 209 209 210 210 210 211 211 212 212 212 212 212 212 212 213 213 214 214 214 213 213 213 213 213 214 213 214 213 212 212 212 213 213 212 213 214 214 214 214 215 215 214 214 0 0 0 0 0 0 0 0 0 0 0 0 0 0 0 0 0 0 0 0 0 0 0 0 0 0 0 0 0 0 0 0 0 0 0 0 0 0 0 0 0 0 0 0 0 0 0 0 0 0 0 0 0 0 0 0 0 0 0 0 0 0 0 0 0 
0 0 0 0 0 0 0 0 0 0 0 0 0 0 0 0 0 0 0 0 0 0 0 0 0 0 0 0 0 0 0 0 0 0 0 0 0 0 0 0 0 0 0 0 0 0 0 0 0 0 0 0 0 0 0 0 0 0 0 0 0 0 0 0 0 0 0 0 0 0 0 0 0 0 0 0 0 0 0 0 0 0 0 0 0 0 0 0 0 0 0 0 0 0 0 0 0 0 0 0 0 0 0 0 0 0 0 0 0 0 0 0 0 0 0 0 0 0 0 0 0 0 0 0 0 0 0 0 0 0 0 0 0 0 0 0 0 0 0 0 0 0 0 0 0 0 0 0 0 0 0 0 193 192 192 191 191 192 192 192 192 191 192 191 190 190 190 190 189 189 188 188 189 189 189 189 189 189 190 190 190 190 190 190 191 191 191 191 191 191 191 191 191 191 191 191 191 192 192 192 192 192 192 192 192 192 192 192 192 192 192 193 193 193 193 193 193 194 194 194 194 194 194 194 194 194 195 195 195 195 195 195 195 195 195 195 195 196 196 196 196 196 196 196 196 196 196 196 196 196 197 197 197 197 197 197 197 197 197 198 198 197 197 197 198 198 198 199 199 199 199 199 199 199 199 199 199 199 200 200 200 200 200 200 200 200 200 200 200 200 201 201 201 201 201 201 202 202 202 202 202 202 202 202 202 202 202 202 203 203 203 203 203 203 203 203 203 204 203 203 203 203 203 203 204 204 204 204 203 203 203 203 203 203 204 204 204 204 204 204 204 204 205 205 205 205 205 205 205 205 206 206 206 206 207 206 207 207 207 207 207 206 206 206 206 206 206 206 206 206 207 207 207 207 207 207 207 207 207 207 207 207 207 208 208 208 209 209 209 209 209 210 209 209 209 209 210 209 210 211 212 212 212 212 212 212 212 212 212 213 213 213 213 214 214 213 214 214 214 214 214 214 213 213 212 212 212 212 212 213 213 214 214 214 214 214 214 214 213 0 0 0 0 0 0 0 0 0 0 0 0 0 0 0 0 0 0 0 0 0 0 0 0 0 0 0 0 0 0 0 0 0 0 0 0 0 0 0 0 0 0 0 0 0 0 0 0 0 0 0 0 0 0 0 0 0 0 0 0 0 0 0 0 
0 0 0 0 0 0 0 0 0 0 0 0 0 0 0 0 0 0 0 0 0 0 0 0 0 0 0 0 0 0 0 0 0 0 0 0 0 0 0 0 0 0 0 0 0 0 0 0 0 0 0 0 0 0 0 0 0 0 0 0 0 0 0 0 0 0 0 0 0 0 0 0 0 0 0 0 0 0 0 0 0 0 0 0 0 0 0 0 0 0 0 0 0 0 0 0 0 0 0 0 0 0 0 0 0 0 0 0 0 0 0 0 0 0 0 0 0 0 0 0 0 0 0 0 0 0 0 0 0 0 0 0 0 0 0 0 0 0 0 0 0 0 0 0 0 0 0 0 0 0 0 0 0 193 192 191 192 192 193 192 192 191 191 190 190 190 190 190 189 190 190 189 189 189 189 189 189 190 190 190 190 190 190 191 191 191 191 191 191 191 191 191 191 191 191 191 191 192 192 192 192 192 192 192 192 192 192 192 192 192 192 193 193 193 193 193 193 194 194 194 194 194 194 194 194 194 195 195 195 195 195 195 195 195 195 195 195 195 196 196 196 196 196 197 197 196 196 196 196 196 196 197 197 197 197 197 197 197 198 198 198 197 197 198 198 198 198 199 199 199 199 199 199 199 199 199 199 200 200 200 200 200 200 200 200 200 200 200 200 200 201 201 201 201 201 202 202 202 202 202 202 202 202 202 202 202 202 203 203 203 203 203 203 204 203 203 203 204 204 204 203 204 204 203 204 204 204 203 203 203 204 204 203 203 203 204 204 204 204 204 205 205 205 205 205 205 205 205 205 206 206 206 206 206 206 206 206 207 207 206 206 206 206 206 206 206 207 207 207 207 207 207 207 207 207 207 207 207 208 208 207 207 207 207 208 208 208 208 209 209 210 210 209 209 210 210 211 210 210 211 211 212 212 212 212 212 212 213 213 213 213 213 213 213 213 213 213 214 215 215 215 214 213 213 212 212 213 213 212 212 212 213 213 213 214 213 214 214 213 213 213 0 0 0 0 0 0 0 0 0 0 0 0 0 0 0 0 0 0 0 0 0 0 0 0 0 0 0 0 0 0 0 0 0 0 0 0 0 0 0 0 0 0 0 0 0 0 0 0 0 0 0 0 0 0 0 0 0 0 0 0 0 0 
0 0 0 0 0 0 0 0 0 0 0 0 0 0 0 0 0 0 0 0 0 0 0 0 0 0 0 0 0 0 0 0 0 0 0 0 0 0 0 0 0 0 0 0 0 0 0 0 0 0 0 0 0 0 0 0 0 0 0 0 0 0 0 0 0 0 0 0 0 0 0 0 0 0 0 0 0 0 0 0 0 0 0 0 0 0 0 0 0 0 0 0 0 0 0 0 0 0 0 0 0 0 0 0 0 0 0 0 0 0 0 0 0 0 0 0 0 0 0 0 0 0 0 0 0 0 0 0 0 0 0 0 0 0 0 0 0 0 0 0 0 0 0 0 0 0 0 0 0 0 0 0 0 0 193 192 193 193 194 194 193 192 191 191 191 190 191 191 191 190 189 189 189 189 189 189 190 190 190 190 190 190 191 191 191 191 191 191 191 191 191 191 191 191 192 192 192 192 192 192 192 192 192 192 192 192 192 193 193 192 193 193 193 193 193 193 193 193 194 194 194 194 194 194 194 195 195 195 195 195 195 195 195 195 195 195 195 196 196 196 196 196 196 197 197 196 197 197 196 196 196 196 197 197 197 197 198 198 198 198 198 197 197 198 198 198 198 199 199 199 199 199 199 199 199 199 199 200 200 200 200 200 200 200 200 200 200 201 201 201 201 201 201 201 201 202 201 201 202 201 202 202 202 202 202 202 202 203 203 203 203 203 203 203 203 203 203 203 204 204 204 204 204 203 204 204 204 204 203 203 203 204 204 204 204 204 204 204 204 204 205 205 205 205 205 205 205 206 206 206 206 206 207 207 206 206 206 207 207 206 206 206 206 206 206 207 207 207 207 207 207 207 207 207 207 207 207 207 207 208 208 208 208 208 208 208 208 209 209 209 210 210 210 210 210 211 211 211 210 210 211 211 211 212 212 213 212 212 213 214 214 213 213 213 212 213 213 214 214 214 214 214 213 213 213 213 214 213 213 213 212 212 212 212 213 213 213 213 213 213 213 213 0 0 0 0 0 0 0 0 0 0 0 0 0 0 0 0 0 0 0 0 0 0 0 0 0 0 0 0 0 0 0 0 0 0 0 0 0 0 0 0 0 0 0 0 0 0 0 0 0 0 0 0 0 0 0 0 0 0 0 0 0 
0 0 0 0 0 0 0 0 0 0 0 0 0 0 0 0 0 0 0 0 0 0 0 0 0 0 0 0 0 0 0 0 0 0 0 0 0 0 0 0 0 0 0 0 0 0 0 0 0 0 0 0 0 0 0 0 0 0 0 0 0 0 0 0 0 0 0 0 0 0 0 0 0 0 0 0 0 0 0 0 0 0 0 0 0 0 0 0 0 0 0 0 0 0 0 0 0 0 0 0 0 0 0 0 0 0 0 0 0 0 0 0 0 0 0 0 0 0 0 0 0 0 0 0 0 0 0 0 0 0 0 0 0 0 0 0 0 0 0 0 0 0 0 0 0 0 0 0 0 0 0 0 0 0 0 194 194 194 194 194 193 192 192 192 191 191 191 191 191 190 190 189 189 189 189 189 190 190 190 190 190 190 191 191 191 191 191 191 191 191 191 191 191 191 192 191 191 192 192 192 192 192 192 192 192 192 192 192 193 192 193 193 193 193 193 193 193 193 194 194 194 194 194 194 194 194 195 195 195 195 195 195 195 195 195 196 196 196 196 196 196 196 196 197 197 197 197 197 197 196 196 196 197 197 197 197 198 198 198 198 198 198 198 198 198 198 198 198 199 199 199 199 199 199 199 199 200 200 200 200 200 200 200 200 200 200 200 200 201 201 201 201 201 201 201 201 201 201 201 202 202 203 202 202 202 202 202 202 202 203 203 203 203 203 203 203 203 203 204 204 204 204 203 203 204 204 204 204 203 203 204 203 204 204 204 204 204 204 204 204 204 204 205 205 205 205 206 206 206 206 206 206 207 207 206 206 206 206 206 206 206 206 206 206 207 207 207 207 207 207 207 207 207 207 207 207 207 207 207 208 208 208 208 209 209 208 208 208 209 209 209 210 209 209 210 210 211 212 211 211 211 211 212 212 213 213 213 213 214 214 214 213 213 213 212 213 213 214 213 213 213 213 214 213 213 213 214 214 214 214 213 213 212 212 212 212 213 213 213 213 213 213 215 0 0 0 0 0 0 0 0 0 0 0 0 0 0 0 0 0 0 0 0 0 0 0 0 0 0 0 0 0 0 0 0 0 0 0 0 0 0 0 0 0 0 0 0 0 0 0 0 0 0 0 0 0 0 0 0 0 0 0 0 
0 0 0 0 0 0 0 0 0 0 0 0 0 0 0 0 0 0 0 0 0 0 0 0 0 0 0 0 0 0 0 0 0 0 0 0 0 0 0 0 0 0 0 0 0 0 0 0 0 0 0 0 0 0 0 0 0 0 0 0 0 0 0 0 0 0 0 0 0 0 0 0 0 0 0 0 0 0 0 0 0 0 0 0 0 0 0 0 0 0 0 0 0 0 0 0 0 0 0 0 0 0 0 0 0 0 0 0 0 0 0 0 0 0 0 0 0 0 0 0 0 0 0 0 0 0 0 0 0 0 0 0 0 0 0 0 0 0 0 0 0 0 0 0 0 0 0 0 0 0 0 0 0 0 0 0 0 194 193 193 192 192 192 191 191 191 190 190 190 191 190 189 189 189 189 189 190 190 190 190 190 190 191 191 191 191 191 191 191 191 191 191 191 192 192 192 192 192 192 192 192 192 192 192 192 192 192 192 192 192 192 193 193 193 193 193 193 194 194 194 194 194 194 194 194 194 195 195 195 195 195 195 195 195 195 196 196 196 196 196 196 196 196 196 197 197 197 197 197 197 196 196 196 197 197 197 198 198 198 198 198 198 198 198 198 198 198 198 199 199 199 199 199 199 199 199 200 200 200 200 200 200 200 200 200 200 201 201 201 201 201 201 201 201 201 201 201 201 201 201 202 202 202 202 202 202 202 202 202 203 203 203 203 203 203 203 203 203 203 203 203 204 203 203 203 204 204 204 203 203 203 203 204 204 204 204 204 204 204 204 204 204 205 205 206 206 206 206 206 206 206 206 207 207 207 206 206 206 206 206 206 206 206 206 207 207 207 207 207 207 207 207 207 207 207 207 207 208 208 208 208 208 208 208 208 209 208 208 208 208 209 209 209 209 210 211 211 211 211 211 212 212 212 212 212 213 213 214 213 213 213 212 213 213 213 213 213 214 214 213 212 212 213 213 213 213 214 214 214 214 214 214 213 213 213 212 213 213 213 213 213 213 215 215 215 0 0 0 0 0 0 0 0 0 0 0 0 0 0 0 0 0 0 0 0 0 0 0 0 0 0 0 0 0 0 0 0 0 0 0 0 0 0 0 0 0 0 0 0 0 0 0 0 0 0 0 0 0 0 0 0 0 0 
0 0 0 0 0 0 0 0 0 0 0 0 0 0 0 0 0 0 0 0 0 0 0 0 0 0 0 0 0 0 0 0 0 0 0 0 0 0 0 0 0 0 0 0 0 0 0 0 0 0 0 0 0 0 0 0 0 0 0 0 0 0 0 0 0 0 0 0 0 0 0 0 0 0 0 0 0 0 0 0 0 0 0 0 0 0 0 0 0 0 0 0 0 0 0 0 0 0 0 0 0 0 0 0 0 0 0 0 0 0 0 0 0 0 0 0 0 0 0 0 0 0 0 0 0 0 0 0 0 0 0 0 0 0 0 0 0 0 0 0 0 0 0 0 0 0 0 0 0 0 0 0 0 0 0 0 0 0 0 0 193 193 193 193 192 191 191 190 189 190 190 190 189 189 189 189 190 190 190 190 190 190 191 191 191 191 191 191 191 191 191 191 192 192 192 192 192 192 192 192 192 192 192 192 192 192 192 192 192 192 193 193 193 193 193 193 193 193 194 194 194 194 194 194 194 194 195 195 195 195 195 195 195 195 195 196 196 196 196 196 196 196 196 196 197 197 197 197 197 197 197 196 196 197 197 197 198 198 198 198 198 198 198 198 198 198 198 198 199 199 199 199 199 199 199 199 200 200 200 200 200 200 200 200 200 200 200 201 201 201 201 201 201 201 201 201 202 202 202 201 202 202 202 203 203 202 202 202 202 203 203 203 203 203 203 203 203 203 203 203 203 203 203 203 203 204 204 204 203 203 203 203 204 204 204 204 204 204 204 204 205 205 206 205 206 206 206 206 206 206 206 206 206 206 206 206 206 206 206 206 206 206 206 206 207 207 207 207 207 207 207 207 207 207 207 207 208 208 207 207 208 208 208 209 209 209 209 209 208 208 208 209 209 210 210 210 210 211 210 210 211 212 212 212 211 212 212 213 213 213 213 213 212 212 213 213 213 213 213 213 213 212 213 213 212 213 214 214 213 213 213 213 213 213 213 213 212 213 213 213 213 213 214 215 215 215 216 0 0 0 0 0 0 0 0 0 0 0 0 0 0 0 0 0 0 0 0 0 0 0 0 0 0 0 0 0 0 0 0 0 0 0 0 0 0 0 0 0 0 0 0 0 0 0 0 0 0 0 0 0 0 0 0 
0 0 0 0 0 0 0 0 0 0 0 0 0 0 0 0 0 0 0 0 0 0 0 0 0 0 0 0 0 0 0 0 0 0 0 0 0 0 0 0 0 0 0 0 0 0 0 0 0 0 0 0 0 0 0 0 0 0 0 0 0 0 0 0 0 0 0 0 0 0 0 0 0 0 0 0 0 0 0 0 0 0 0 0 0 0 0 0 0 0 0 0 0 0 0 0 0 0 0 0 0 0 0 0 0 0 0 0 0 0 0 0 0 0 0 0 0 0 0 0 0 0 0 0 0 0 0 0 0 0 0 0 0 0 0 0 0 0 0 0 0 0 0 0 0 0 0 0 0 0 0 0 0 0 0 0 0 0 0 0 0 0 193 194 193 192 191 190 190 189 189 189 189 189 189 189 190 190 190 190 190 190 191 191 191 191 191 191 191 191 191 191 191 192 192 192 192 192 192 192 192 192 192 192 192 192 192 192 192 192 193 193 193 193 193 193 193 193 193 194 194 194 194 194 194 194 195 195 195 195 195 195 195 195 195 196 196 196 196 196 196 196 196 196 197 197 197 197 197 197 197 196 196 196 197 197 197 198 198 198 198 198 198 198 198 198 198 198 199 199 199 199 199 199 199 200 200 200 200 200 200 200 200 200 200 200 201 201 201 201 201 201 201 201 202 202 202 202 203 202 202 203 202 203 202 202 202 202 202 203 203 203 203 203 203 203 203 203 203 203 203 203 203 203 203 204 204 204 204 203 203 203 203 203 203 203 204 204 204 204 204 204 205 205 205 206 206 206 206 206 206 206 206 205 205 205 206 206 206 206 206 207 207 206 207 207 207 207 207 207 207 207 207 207 207 207 207 207 208 208 208 209 209 208 208 209 209 209 209 209 209 209 209 209 209 209 210 210 210 211 211 211 212 211 212 212 213 213 214 214 214 214 213 213 213 213 213 213 212 212 212 212 212 212 213 214 214 214 213 212 213 213 212 212 212 213 212 213 213 213 213 213 214 215 215 215 215 216 0 0 0 0 0 0 0 0 0 0 0 0 0 0 0 0 0 0 0 0 0 0 0 0 0 0 0 0 0 0 0 0 0 0 0 0 0 0 0 0 0 0 0 0 0 0 0 0 0 0 0 0 0 0 0 
0 0 0 0 0 0 0 0 0 0 0 0 0 0 0 0 0 0 0 0 0 0 0 0 0 0 0 0 0 0 0 0 0 0 0 0 0 0 0 0 0 0 0 0 0 0 0 0 0 0 0 0 0 0 0 0 0 0 0 0 0 0 0 0 0 0 0 0 0 0 0 0 0 0 0 0 0 0 0 0 0 0 0 0 0 0 0 0 0 0 0 0 0 0 0 0 0 0 0 0 0 0 0 0 0 0 0 0 0 0 0 0 0 0 0 0 0 0 0 0 0 0 0 0 0 0 0 0 0 0 0 0 0 0 0 0 0 0 0 0 0 0 0 0 0 0 0 0 0 0 0 0 0 0 0 0 0 0 0 0 0 0 193 193 193 192 192 191 190 189 189 188 188 189 189 189 190 190 190 190 190 190 190 191 191 191 191 191 191 191 191 191 191 191 192 191 192 192 192 192 192 192 191 191 192 192 192 192 193 193 192 193 193 193 193 193 193 193 193 193 194 194 194 194 194 194 195 195 195 195 195 195 195 195 195 196 196 196 196 196 196 196 196 197 197 197 197 197 196 197 197 197 196 196 196 197 197 198 198 198 198 198 198 198 198 198 198 198 198 199 199 199 199 199 199 199 200 200 200 200 200 200 200 200 200 200 200 201 201 201 201 201 201 201 202 202 202 202 203 203 203 203 203 203 202 202 202 202 202 203 203 203 203 203 203 203 203 203 203 203 203 204 204 204 204 204 204 204 204 204 203 203 204 204 204 204 204 204 204 204 204 204 204 205 205 205 205 206 205 205 206 205 205 205 205 205 206 206 206 206 206 206 206 206 206 206 207 207 207 207 207 207 207 207 207 207 207 207 207 208 208 208 209 209 209 209 209 209 209 209 210 209 209 209 210 209 209 209 210 210 211 210 211 211 211 211 212 213 213 213 213 212 212 212 212 212 212 213 213 213 213 213 212 212 212 213 213 213 213 212 212 212 212 212 212 212 212 212 212 212 212 212 213 213 213 213 213 214 0 0 0 0 0 0 0 0 0 0 0 0 0 0 0 0 0 0 0 0 0 0 0 0 0 0 0 0 0 0 0 0 0 0 0 0 0 0 0 0 0 0 0 0 0 0 0 0 0 0 0 0 0 0 0 
0 0 0 0 0 0 0 0 0 0 0 0 0 0 0 0 0 0 0 0 0 0 0 0 0 0 0 0 0 0 0 0 0 0 0 0 0 0 0 0 0 0 0 0 0 0 0 0 0 0 0 0 0 0 0 0 0 0 0 0 0 0 0 0 0 0 0 0 0 0 0 0 0 0 0 0 0 0 0 0 0 0 0 0 0 0 0 0 0 0 0 0 0 0 0 0 0 0 0 0 0 0 0 0 0 0 0 0 0 0 0 0 0 0 0 0 0 0 0 0 0 0 0 0 0 0 0 0 0 0 0 0 0 0 0 0 0 0 0 0 0 0 0 0 0 0 0 0 0 0 0 0 0 0 0 0 0 0 0 0 0 0 0 192 192 192 191 191 190 190 189 189 189 188 189 189 190 190 190 190 190 190 190 191 191 191 191 191 191 191 191 191 191 191 191 191 192 192 192 191 191 191 191 191 192 192 192 192 192 193 193 193 193 194 193 193 193 193 193 193 194 194 194 194 194 194 195 195 195 195 195 195 195 195 196 196 196 196 196 196 196 196 196 196 197 197 197 197 197 197 197 197 197 196 196 197 197 197 198 198 198 199 198 198 198 198 198 198 198 199 199 199 199 199 199 200 200 200 200 200 200 200 200 200 200 200 201 201 201 201 201 201 201 201 201 202 202 202 203 203 202 203 203 202 202 203 202 202 203 203 203 203 203 203 203 203 203 203 203 203 204 204 204 204 204 204 204 204 204 204 204 203 203 204 204 204 204 205 205 205 205 204 204 204 204 205 205 206 205 205 205 205 205 205 206 206 206 206 206 206 206 206 206 206 206 207 207 207 207 207 207 207 207 207 207 207 208 207 207 207 207 208 208 208 209 209 209 209 210 210 210 210 209 209 210 210 211 210 210 210 210 211 211 211 211 211 212 213 213 213 212 212 212 213 213 213 213 213 213 214 214 213 213 213 213 213 212 213 213 212 212 212 212 213 213 213 213 213 212 212 212 213 213 213 213 213 213 213 214 0 0 0 0 0 0 0 0 0 0 0 0 0 0 0 0 0 0 0 0 0 0 0 0 0 0 0 0 0 0 0 0 0 0 0 0 0 0 0 0 0 0 0 0 0 0 0 0 0 0 0 0 0 0 
0 0 0 0 0 0 0 0 0 0 0 0 0 0 0 0 0 0 0 0 0 0 0 0 0 0 0 0 0 0 0 0 0 0 0 0 0 0 0 0 0 0 0 0 0 0 0 0 0 0 0 0 0 0 0 0 0 0 0 0 0 0 0 0 0 0 0 0 0 0 0 0 0 0 0 0 0 0 0 0 0 0 0 0 0 0 0 0 0 0 0 0 0 0 0 0 0 0 0 0 0 0 0 0 0 0 0 0 0 0 0 0 0 0 0 0 0 0 0 0 0 0 0 0 0 0 0 0 0 0 0 0 0 0 0 0 0 0 0 0 0 0 0 0 0 0 0 0 0 0 0 0 0 0 0 0 0 0 0 0 0 0 0 0 192 192 192 191 190 190 189 189 189 189 189 189 189 190 190 190 190 190 191 191 191 191 191 191 191 191 191 191 191 191 191 191 191 191 192 191 191 191 191 191 192 192 192 192 192 193 193 193 193 194 194 194 194 194 193 193 194 194 194 194 194 194 194 195 195 195 195 195 195 195 195 196 196 196 196 196 196 196 196 197 197 197 197 197 197 197 197 197 197 197 197 197 197 197 198 198 198 198 198 198 198 198 198 198 199 199 199 199 199 199 199 200 200 200 200 200 200 200 200 200 200 200 200 201 201 201 201 201 201 201 201 201 202 202 202 203 202 203 203 203 202 202 203 203 203 203 203 203 203 203 203 203 203 203 203 204 204 204 204 204 204 204 204 204 204 204 204 203 203 204 204 204 205 205 205 205 204 204 204 204 204 205 205 206 205 205 205 205 205 206 206 206 206 206 206 206 206 206 206 206 207 207 207 207 207 207 207 207 207 207 207 207 207 208 208 208 208 208 208 209 209 209 210 210 211 211 210 210 210 210 210 210 211 210 210 210 211 211 211 211 211 211 212 213 213 213 213 213 213 213 214 213 213 213 214 214 214 213 213 213 213 213 213 212 213 213 214 213 213 213 213 213 213 212 212 212 212 213 213 213 213 213 213 213 214 0 0 0 0 0 0 0 0 0 0 0 0 0 0 0 0 0 0 0 0 0 0 0 0 0 0 0 0 0 0 0 0 0 0 0 0 0 0 0 0 0 0 0 0 0 0 0 0 0 0 0 0 0 0 
0 0 0 0 0 0 0 0 0 0 0 0 0 0 0 0 0 0 0 0 0 0 0 0 0 0 0 0 0 0 0 0 0 0 0 0 0 0 0 0 0 0 0 0 0 0 0 0 0 0 0 0 0 0 0 0 0 0 0 0 0 0 0 0 0 0 0 0 0 0 0 0 0 0 0 0 0 0 0 0 0 0 0 0 0 0 0 0 0 0 0 0 0 0 0 0 0 0 0 0 0 0 0 0 0 0 0 0 0 0 0 0 0 0 0 0 0 0 0 0 0 0 0 0 0 0 0 0 0 0 0 0 0 0 0 0 0 0 0 0 0 0 0 0 0 0 0 0 0 0 0 0 0 0 0 0 0 0 0 0 0 0 0 0 192 191 191 191 190 190 189 189 189 189 189 189 189 190 190 190 190 190 191 191 191 191 191 191 191 191 191 191 191 191 191 191 191 191 191 192 191 191 191 191 192 192 192 192 192 192 192 192 192 193 193 194 194 194 194 194 194 194 194 194 194 194 194 195 195 195 195 195 195 195 195 196 196 196 196 196 196 196 196 196 196 197 197 197 197 197 197 197 197 197 197 197 197 197 198 198 198 198 198 198 198 198 198 198 199 199 199 199 199 200 200 200 200 200 200 200 200 200 200 200 200 200 200 201 201 201 201 201 201 202 202 202 202 202 202 202 203 203 203 203 203 203 203 203 203 203 203 203 203 203 203 203 203 203 204 204 204 204 204 204 204 204 204 204 204 204 203 203 203 204 204 205 205 205 205 205 205 204 205 205 204 205 205 205 205 205 205 205 206 206 206 206 206 206 206 206 206 206 206 207 207 207 207 207 207 207 207 207 207 207 207 208 208 207 207 208 208 208 208 209 209 210 210 210 210 210 211 211 211 211 211 211 210 211 211 211 211 211 211 211 211 212 212 213 213 214 213 213 213 214 213 213 213 213 214 213 213 213 213 213 213 213 213 213 213 214 214 214 214 213 213 212 212 212 212 212 212 213 213 213 213 213 213 213 0 0 0 0 0 0 0 0 0 0 0 0 0 0 0 0 0 0 0 0 0 0 0 0 0 0 0 0 0 0 0 0 0 0 0 0 0 0 0 0 0 0 0 0 0 0 0 0 0 0 0 0 0 0 0 
0 0 0 0 0 0 0 0 0 0 0 0 0 0 0 0 0 0 0 0 0 0 0 0 0 0 0 0 0 0 0 0 0 0 0 0 0 0 0 0 0 0 0 0 0 0 0 0 0 0 0 0 0 0 0 0 0 0 0 0 0 0 0 0 0 0 0 0 0 0 0 0 0 0 0 0 0 0 0 0 0 0 0 0 0 0 0 0 0 0 0 0 0 0 0 0 0 0 0 0 0 0 0 0 0 0 0 0 0 0 0 0 0 0 0 0 0 0 0 0 0 0 0 0 0 0 0 0 0 0 0 0 0 0 0 0 0 0 0 0 0 0 0 0 0 0 0 0 0 0 0 0 0 0 0 0 0 0 0 0 0 0 0 0 0 0 190 190 190 189 189 189 188 189 189 189 190 190 190 190 190 190 191 191 191 191 191 191 191 191 191 191 191 191 191 191 191 191 191 192 191 191 191 192 192 192 192 192 192 192 192 192 192 193 193 194 194 194 194 194 194 195 195 195 195 194 195 195 195 195 195 196 195 195 195 195 196 196 196 196 196 196 196 196 196 197 197 197 197 198 198 198 198 198 198 198 198 198 198 198 198 198 198 198 198 198 198 199 199 199 199 199 200 200 200 200 200 200 200 200 200 200 200 200 200 200 200 201 201 201 201 201 202 202 202 202 202 202 202 202 203 203 203 203 203 203 203 203 203 203 203 203 203 203 203 203 204 204 204 204 204 204 204 204 204 204 204 204 204 204 204 203 204 204 204 205 205 205 205 205 205 205 205 205 205 205 205 205 205 205 205 206 206 206 206 206 206 206 206 206 206 206 206 207 207 207 207 207 207 207 207 207 207 208 207 207 208 208 207 208 208 208 208 209 209 210 210 210 210 210 211 211 211 211 212 212 211 211 211 211 211 211 211 212 212 212 213 213 213 213 214 214 214 214 213 214 213 214 214 214 214 213 213 213 214 213 213 213 213 213 214 214 214 214 213 213 212 212 212 212 212 212 213 213 213 213 213 0 0 0 0 0 0 0 0 0 0 0 0 0 0 0 0 0 0 0 0 0 0 0 0 0 0 0 0 0 0 0 0 0 0 0 0 0 0 0 0 0 0 0 0 0 0 0 0 0 0 0 0 0 0 0 0 
0 0 0 0 0 0 0 0 0 0 0 0 0 0 0 0 0 0 0 0 0 0 0 0 0 0 0 0 0 0 0 0 0 0 0 0 0 0 0 0 0 0 0 0 0 0 0 0 0 0 0 0 0 0 0 0 0 0 0 0 0 0 0 0 0 0 0 0 0 0 0 0 0 0 0 0 0 0 0 0 0 0 0 0 0 0 0 0 0 0 0 0 0 0 0 0 0 0 0 0 0 0 0 0 0 0 0 0 0 0 0 0 0 0 0 0 0 0 0 0 0 0 0 0 0 0 0 0 0 0 0 0 0 0 0 0 0 0 0 0 0 0 0 0 0 0 0 0 0 0 0 0 0 0 0 0 0 0 0 0 0 0 0 0 0 190 189 189 189 189 189 188 188 189 189 189 190 190 190 190 190 190 191 191 191 191 191 191 191 191 191 191 191 191 191 191 191 191 191 192 192 192 192 192 192 192 192 192 192 192 192 192 192 193 193 193 194 194 194 194 194 194 194 194 195 195 195 195 195 195 195 195 196 196 196 196 196 196 196 196 196 196 196 196 196 196 196 197 197 197 198 198 198 198 198 198 197 197 197 198 198 198 198 198 198 198 198 199 199 199 199 199 200 200 200 200 200 200 200 200 200 200 200 200 200 200 201 201 201 201 201 201 202 202 202 203 203 202 202 202 203 203 203 203 203 203 203 203 203 203 204 204 203 203 203 203 204 204 204 204 204 204 204 204 204 204 205 205 205 204 204 204 204 204 204 205 205 205 205 205 205 205 205 205 205 205 205 205 205 205 205 206 206 206 206 206 206 206 206 206 206 206 206 206 207 207 207 207 207 207 207 207 207 208 207 207 208 208 208 208 208 208 208 209 210 210 210 210 210 211 211 211 211 211 212 212 212 212 212 211 212 212 212 213 213 213 214 213 212 213 213 213 214 214 214 214 214 214 214 214 213 213 213 213 214 214 213 213 214 214 214 214 214 213 213 212 212 212 212 213 213 212 213 213 213 214 214 0 0 0 0 0 0 0 0 0 0 0 0 0 0 0 0 0 0 0 0 0 0 0 0 0 0 0 0 0 0 0 0 0 0 0 0 0 0 0 0 0 0 0 0 0 0 0 0 0 0 0 0 0 0 0 0 
0 0 0 0 0 0 0 0 0 0 0 0 0 0 0 0 0 0 0 0 0 0 0 0 0 0 0 0 0 0 0 0 0 0 0 0 0 0 0 0 0 0 0 0 0 0 0 0 0 0 0 0 0 0 0 0 0 0 0 0 0 0 0 0 0 0 0 0 0 0 0 0 0 0 0 0 0 0 0 0 0 0 0 0 0 0 0 0 0 0 0 0 0 0 0 0 0 0 0 0 0 0 0 0 0 0 0 0 0 0 0 0 0 0 0 0 0 0 0 0 0 0 0 0 0 0 0 0 0 0 0 0 0 0 0 0 0 0 0 0 0 0 0 0 0 0 0 0 0 0 0 0 0 0 0 0 0 0 0 0 0 0 0 0 0 0 0 189 189 189 189 190 189 189 189 189 190 190 190 190 190 190 191 191 191 191 191 191 191 191 191 191 191 191 191 191 191 191 191 192 192 192 192 192 192 192 192 192 192 192 193 193 193 193 193 193 194 194 194 194 194 194 195 194 194 194 194 195 195 195 195 195 195 196 196 196 196 196 196 196 196 196 196 196 196 197 197 197 197 197 197 197 197 197 197 197 197 197 197 198 198 198 198 198 198 198 199 199 199 199 199 199 200 200 200 200 200 200 200 200 200 200 200 200 201 201 201 201 201 201 201 201 202 202 202 202 203 202 203 203 203 203 203 203 203 203 203 203 203 203 203 204 203 203 203 203 204 204 204 204 204 204 204 204 204 204 205 205 205 205 204 204 204 204 205 205 205 205 205 205 205 205 205 205 205 205 205 205 205 205 206 206 206 206 206 206 206 206 206 206 206 206 206 206 206 207 207 207 207 207 207 207 207 208 208 208 208 208 209 208 208 209 209 209 210 211 210 209 210 210 211 211 212 212 212 212 212 212 212 212 213 213 213 213 213 213 213 213 212 213 213 213 213 213 213 214 214 214 214 214 213 213 213 213 214 214 213 213 214 214 214 213 213 213 213 212 212 212 213 213 213 213 212 213 213 213 214 0 0 0 0 0 0 0 0 0 0 0 0 0 0 0 0 0 0 0 0 0 0 0 0 0 0 0 0 0 0 0 0 0 0 0 0 0 0 0 0 0 0 0 0 0 0 0 0 0 0 0 0 0 0 0 0 
0 0 0 0 0 0 0 0 0 0 0 0 0 0 0 0 0 0 0 0 0 0 0 0 0 0 0 0 0 0 0 0 0 0 0 0 0 0 0 0 0 0 0 0 0 0 0 0 0 0 0 0 0 0 0 0 0 0 0 0 0 0 0 0 0 0 0 0 0 0 0 0 0 0 0 0 0 0 0 0 0 0 0 0 0 0 0 0 0 0 0 0 0 0 0 0 0 0 0 0 0 0 0 0 0 0 0 0 0 0 0 0 0 0 0 0 0 0 0 0 0 0 0 0 0 0 0 0 0 0 0 0 0 0 0 0 0 0 0 0 0 0 0 0 0 0 0 0 0 0 0 0 0 0 0 0 0 0 0 0 0 0 0 0 0 0 0 190 190 189 189 189 189 189 189 189 190 190 190 190 190 190 191 191 191 191 191 191 191 191 191 191 191 191 191 191 191 191 191 192 192 192 192 192 192 192 192 192 192 192 193 193 193 193 193 193 193 194 193 193 193 194 194 195 195 195 195 195 195 195 195 195 195 196 196 196 196 196 196 196 196 196 196 197 197 197 197 197 197 198 198 197 197 197 198 198 198 198 198 198 199 198 198 198 198 198 199 199 199 199 199 199 200 200 200 200 200 200 200 200 200 200 200 201 201 201 201 201 201 201 201 201 202 202 202 202 202 202 203 203 203 203 203 203 203 203 203 203 203 203 203 203 204 203 203 203 204 204 204 204 204 204 204 204 204 204 204 204 204 204 204 204 204 204 205 205 205 205 205 205 205 205 205 205 205 205 205 205 205 206 206 206 206 206 206 206 206 206 206 206 206 206 206 207 207 206 207 207 207 207 207 207 208 208 208 208 208 208 209 209 209 209 209 209 210 210 210 209 209 210 210 210 211 212 212 212 212 212 212 212 213 213 213 213 213 212 213 213 212 213 213 213 213 213 214 214 214 214 214 213 213 213 214 214 214 214 214 214 214 214 214 214 214 213 213 213 213 213 213 213 213 213 213 213 213 213 214 0 0 0 0 0 0 0 0 0 0 0 0 0 0 0 0 0 0 0 0 0 0 0 0 0 0 0 0 0 0 0 0 0 0 0 0 0 0 0 0 0 0 0 0 0 0 0 0 0 0 0 0 0 0 0 0 
0 0 0 0 0 0 0 0 0 0 0 0 0 0 0 0 0 0 0 0 0 0 0 0 0 0 0 0 0 0 0 0 0 0 0 0 0 0 0 0 0 0 0 0 0 0 0 0 0 0 0 0 0 0 0 0 0 0 0 0 0 0 0 0 0 0 0 0 0 0 0 0 0 0 0 0 0 0 0 0 0 0 0 0 0 0 0 0 0 0 0 0 0 0 0 0 0 0 0 0 0 0 0 0 0 0 0 0 0 0 0 0 0 0 0 0 0 0 0 0 0 0 0 0 0 0 0 0 0 0 0 0 0 0 0 0 0 0 0 0 0 0 0 0 0 0 0 0 0 0 0 0 0 0 0 0 0 0 0 0 0 0 0 0 0 0 0 0 0 189 189 188 189 189 189 190 190 190 190 190 190 190 190 190 191 191 191 191 191 191 191 191 191 191 191 192 192 192 192 192 192 192 192 192 192 192 192 192 192 193 193 193 193 193 193 193 193 193 193 193 193 194 195 195 195 195 195 195 194 195 195 195 195 195 196 195 195 196 196 196 196 196 196 196 196 196 197 197 197 197 197 197 198 198 198 198 199 198 198 198 198 198 198 198 198 198 199 199 199 199 199 199 200 200 200 200 200 200 200 200 200 200 201 201 201 201 201 201 201 201 201 201 202 202 202 202 202 202 203 203 203 203 203 203 203 203 203 203 203 203 203 203 203 203 203 204 204 204 204 204 204 204 204 204 204 204 204 204 204 204 204 204 204 204 205 204 205 205 205 205 205 205 205 205 205 205 205 205 206 206 206 206 206 206 206 206 206 206 206 206 206 207 207 207 207 206 207 207 207 207 207 207 207 208 208 208 208 208 208 209 209 209 209 209 210 210 210 209 210 210 210 210 210 211 212 212 212 212 212 212 213 213 212 213 213 213 212 213 212 213 213 212 213 213 213 213 214 214 214 214 214 213 214 214 215 215 214 215 215 215 214 214 213 212 213 212 213 213 213 214 213 214 213 213 213 213 0 0 0 0 0 0 0 0 0 0 0 0 0 0 0 0 0 0 0 0 0 0 0 0 0 0 0 0 0 0 0 0 0 0 0 0 0 0 0 0 0 0 0 0 0 0 0 0 0 0 0 0 0 0 0 0 0 
0 0 0 0 0 0 0 0 0 0 0 0 0 0 0 0 0 0 0 0 0 0 0 0 0 0 0 0 0 0 0 0 0 0 0 0 0 0 0 0 0 0 0 0 0 0 0 0 0 0 0 0 0 0 0 0 0 0 0 0 0 0 0 0 0 0 0 0 0 0 0 0 0 0 0 0 0 0 0 0 0 0 0 0 0 0 0 0 0 0 0 0 0 0 0 0 0 0 0 0 0 0 0 0 0 0 0 0 0 0 0 0 0 0 0 0 0 0 0 0 0 0 0 0 0 0 0 0 0 0 0 0 0 0 0 0 0 0 0 0 0 0 0 0 0 0 0 0 0 0 0 0 0 0 0 0 0 0 0 0 0 0 0 0 0 0 0 0 0 189 189 189 189 189 190 190 190 190 190 190 191 191 190 190 191 191 191 191 191 191 191 191 191 191 192 192 192 192 192 192 192 192 192 192 192 192 192 193 193 193 193 193 193 193 193 193 193 193 193 193 194 194 194 195 195 195 195 195 195 195 195 195 195 195 195 195 195 195 196 196 196 196 196 196 196 196 197 197 197 197 198 197 197 197 197 198 198 198 198 198 198 198 198 198 198 198 199 199 199 199 199 199 199 200 200 200 200 200 200 200 200 200 201 201 201 201 201 201 201 201 201 201 202 202 202 202 202 202 202 203 203 203 203 203 203 203 203 203 203 204 203 203 203 203 204 204 204 204 204 204 204 204 204 204 204 204 204 205 204 205 204 204 204 204 205 205 205 205 206 206 205 205 205 205 205 205 205 205 206 206 206 206 206 206 206 206 206 206 206 206 206 206 207 207 207 207 207 207 207 208 208 208 208 208 208 208 208 208 208 208 209 209 209 209 209 209 209 209 210 211 211 211 211 212 212 212 212 212 211 212 212 213 212 213 213 212 212 213 212 213 212 213 213 213 213 213 214 214 214 214 214 214 215 215 215 215 215 215 215 215 214 214 213 213 213 213 213 213 213 213 213 213 213 213 213 213 0 0 0 0 0 0 0 0 0 0 0 0 0 0 0 0 0 0 0 0 0 0 0 0 0 0 0 0 0 0 0 0 0 0 0 0 0 0 0 0 0 0 0 0 0 0 0 0 0 0 0 0 0 0 0 0 0 
0 0 0 0 0 0 0 0 0 0 0 0 0 0 0 0 0 0 0 0 0 0 0 0 0 0 0 0 0 0 0 0 0 0 0 0 0 0 0 0 0 0 0 0 0 0 0 0 0 0 0 0 0 0 0 0 0 0 0 0 0 0 0 0 0 0 0 0 0 0 0 0 0 0 0 0 0 0 0 0 0 0 0 0 0 0 0 0 0 0 0 0 0 0 0 0 0 0 0 0 0 0 0 0 0 0 0 0 0 0 0 0 0 0 0 0 0 0 0 0 0 0 0 0 0 0 0 0 0 0 0 0 0 0 0 0 0 0 0 0 0 0 0 0 0 0 0 0 0 0 0 0 0 0 0 0 0 0 0 0 0 0 0 0 0 0 0 0 0 189 189 189 189 189 190 190 190 190 190 190 190 191 191 191 191 191 191 191 191 191 191 191 191 192 192 192 192 192 192 192 192 192 192 192 192 192 192 192 193 193 193 193 193 193 193 193 193 193 193 193 194 194 194 195 195 195 195 195 195 195 195 195 195 195 195 195 195 195 196 196 196 197 196 196 196 197 197 197 197 197 197 197 197 197 198 198 199 199 199 199 199 198 198 198 198 198 198 199 199 199 199 199 199 200 200 200 200 200 200 200 200 201 201 201 201 201 201 201 201 201 201 201 202 202 202 202 202 202 202 203 203 203 203 203 203 203 203 203 203 203 203 203 203 203 203 204 204 204 204 204 204 204 204 205 204 205 205 205 204 204 205 204 204 204 204 205 205 205 205 206 206 206 205 205 205 205 205 206 206 206 206 206 206 206 206 206 206 206 207 206 206 206 207 207 207 207 207 207 207 208 208 208 208 208 208 208 209 209 208 209 209 209 209 209 209 209 209 210 210 210 210 210 211 212 212 211 212 212 212 211 212 212 212 213 213 213 212 212 212 212 212 213 214 213 213 213 213 213 214 215 214 214 214 215 215 214 215 215 214 214 214 214 214 214 213 213 213 213 213 213 213 213 213 213 213 0 0 0 0 0 0 0 0 0 0 0 0 0 0 0 0 0 0 0 0 0 0 0 0 0 0 0 0 0 0 0 0 0 0 0 0 0 0 0 0 0 0 0 0 0 0 0 0 0 0 0 0 0 0 0 0 0 0 
0 0 0 0 0 0 0 0 0 0 0 0 0 0 0 0 0 0 0 0 0 0 0 0 0 0 0 0 0 0 0 0 0 0 0 0 0 0 0 0 0 0 0 0 0 0 0 0 0 0 0 0 0 0 0 0 0 0 0 0 0 0 0 0 0 0 0 0 0 0 0 0 0 0 0 0 0 0 0 0 0 0 0 0 0 0 0 0 0 0 0 0 0 0 0 0 0 0 0 0 0 0 0 0 0 0 0 0 0 0 0 0 0 0 0 0 0 0 0 0 0 0 0 0 0 0 0 0 0 0 0 0 0 0 0 0 0 0 0 0 0 0 0 0 0 0 0 0 0 0 0 0 0 0 0 0 0 0 0 0 0 0 0 0 0 0 0 189 189 189 189 189 189 189 189 189 190 190 190 190 190 191 191 191 191 191 191 191 191 191 191 191 191 191 192 192 192 192 192 192 192 192 192 192 192 192 192 193 193 193 193 193 193 193 193 194 194 194 193 194 193 193 194 194 194 195 195 195 195 196 195 195 195 195 196 195 195 195 195 196 196 196 196 196 197 197 197 197 197 197 197 197 197 197 198 198 199 199 199 198 198 198 198 198 198 198 198 199 199 199 199 200 200 200 200 200 200 200 200 200 201 201 201 201 201 201 201 201 201 201 201 201 202 202 202 202 202 202 202 203 203 203 203 203 203 203 203 203 203 203 203 203 203 203 204 204 204 204 204 204 204 204 204 204 204 205 205 205 205 204 204 204 204 204 204 205 205 205 205 205 206 205 205 205 205 205 205 206 206 206 206 206 206 206 207 206 206 206 207 206 207 207 207 207 207 207 207 207 207 207 208 208 208 208 208 208 209 209 209 209 209 209 209 209 209 209 209 209 209 210 209 210 211 211 211 210 211 211 212 212 211 211 212 212 212 212 212 213 213 213 212 213 213 214 214 213 213 214 214 215 214 214 214 214 214 214 214 215 214 214 214 214 214 214 213 213 212 212 212 213 213 213 213 213 214 0 0 0 0 0 0 0 0 0 0 0 0 0 0 0 0 0 0 0 0 0 0 0 0 0 0 0 0 0 0 0 0 0 0 0 0 0 0 0 0 0 0 0 0 0 0 0 0 0 0 0 0 0 0 0 0 0 0 
0 0 0 0 0 0 0 0 0 0 0 0 0 0 0 0 0 0 0 0 0 0 0 0 0 0 0 0 0 0 0 0 0 0 0 0 0 0 0 0 0 0 0 0 0 0 0 0 0 0 0 0 0 0 0 0 0 0 0 0 0 0 0 0 0 0 0 0 0 0 0 0 0 0 0 0 0 0 0 0 0 0 0 0 0 0 0 0 0 0 0 0 0 0 0 0 0 0 0 0 0 0 0 0 0 0 0 0 0 0 0 0 0 0 0 0 0 0 0 0 0 0 0 0 0 0 0 0 0 0 0 0 0 0 0 0 0 0 0 0 0 0 0 0 0 0 0 0 0 0 0 0 0 0 0 0 0 0 0 0 0 0 0 0 0 0 0 0 190 189 189 189 189 189 189 189 189 190 190 190 190 191 191 191 191 191 191 191 191 191 192 192 191 191 192 192 192 192 192 192 192 192 192 192 192 192 192 193 193 193 193 193 193 193 193 193 194 194 194 194 194 194 194 194 194 195 195 195 195 195 195 195 195 195 196 196 195 195 195 195 196 196 196 196 197 197 197 197 197 197 197 197 197 197 198 198 198 198 198 198 198 199 199 199 199 199 199 199 199 199 199 199 199 200 200 200 200 200 200 201 201 201 201 201 201 201 201 201 201 201 201 202 202 202 202 202 202 202 202 202 203 203 203 203 203 203 203 203 203 203 203 204 203 203 204 204 204 204 204 204 204 204 204 204 204 204 205 205 205 204 205 204 204 204 205 205 205 206 205 205 205 205 205 205 205 205 206 206 206 206 206 206 207 207 207 206 207 207 207 206 207 207 207 207 207 207 207 207 207 207 208 208 208 208 208 208 209 208 208 208 208 209 209 209 209 209 209 210 209 209 210 210 211 211 210 210 210 210 211 211 211 212 212 213 213 213 213 213 213 213 213 213 213 213 214 214 213 214 214 215 215 214 214 214 214 214 214 214 214 214 213 214 214 214 214 213 212 212 213 214 214 0 0 214 0 0 0 0 0 0 0 0 0 0 0 0 0 0 0 0 0 0 0 0 0 0 0 0 0 0 0 0 0 0 0 0 0 0 0 0 0 0 0 0 0 0 0 0 0 0 0 0 0 0 0 0 0 0 0 0 0 0 0 
0 0 0 0 0 0 0 0 0 0 0 0 0 0 0 0 0 0 0 0 0 0 0 0 0 0 0 0 0 0 0 0 0 0 0 0 0 0 0 0 0 0 0 0 0 0 0 0 0 0 0 0 0 0 0 0 0 0 0 0 0 0 0 0 0 0 0 0 0 0 0 0 0 0 0 0 0 0 0 0 0 0 0 0 0 0 0 0 0 0 0 0 0 0 0 0 0 0 0 0 0 0 0 0 0 0 0 0 0 0 0 0 0 0 0 0 0 0 0 0 0 0 0 0 0 0 0 0 0 0 0 0 0 0 0 0 0 0 0 0 0 0 0 0 0 0 0 0 0 0 0 0 0 0 0 0 0 0 0 0 0 0 0 0 0 0 0 0 0 190 190 190 189 189 190 189 189 189 190 190 190 191 191 191 191 191 191 191 191 191 192 192 192 192 192 192 192 192 192 192 192 192 192 192 192 193 193 193 193 193 193 193 193 193 193 194 194 194 194 194 194 194 194 194 194 194 195 195 195 195 195 195 195 195 196 195 195 195 195 195 196 196 196 196 196 197 197 197 197 197 197 197 197 197 198 198 198 198 199 199 199 199 199 199 198 199 199 199 199 199 199 199 199 200 200 200 200 200 200 201 201 201 201 201 201 201 201 201 201 201 201 202 202 202 202 202 202 202 202 202 203 203 203 203 203 203 203 203 203 203 204 203 203 204 204 204 204 204 204 204 204 204 204 204 204 204 205 205 205 205 205 205 204 204 205 205 206 206 205 205 205 205 205 205 206 206 206 206 206 206 206 206 206 207 207 207 207 207 207 207 207 207 207 207 207 207 207 207 207 207 208 208 208 208 208 208 208 208 208 208 208 208 208 208 209 209 209 209 209 209 209 210 211 210 210 210 210 210 211 212 212 212 212 213 213 213 213 213 213 213 213 214 213 213 213 214 214 214 214 215 215 214 214 215 214 214 214 214 214 214 214 213 214 214 213 213 213 213 213 214 0 0 0 0 0 0 0 0 0 0 0 0 0 0 0 0 0 0 0 0 0 0 0 0 0 0 0 0 0 0 0 0 0 0 0 0 0 0 0 0 0 0 0 0 0 0 0 0 0 0 0 0 0 0 0 0 0 0 0 0 0 0 0 
0 0 0 0 0 0 0 0 0 0 0 0 0 0 0 0 0 0 0 0 0 0 0 0 0 0 0 0 0 0 0 0 0 0 0 0 0 0 0 0 0 0 0 0 0 0 0 0 0 0 0 0 0 0 0 0 0 0 0 0 0 0 0 0 0 0 0 0 0 0 0 0 0 0 0 0 0 0 0 0 0 0 0 0 0 0 0 0 0 0 0 0 0 0 0 0 0 0 0 0 0 0 0 0 0 0 0 0 0 0 0 0 0 0 0 0 0 0 0 0 0 0 0 0 0 0 0 0 0 0 0 0 0 0 0 0 0 0 0 0 0 0 0 0 0 0 0 0 0 0 0 0 0 0 0 0 0 0 0 0 0 0 0 0 0 0 0 0 0 0 0 190 190 190 189 189 189 190 190 190 190 190 191 191 191 191 191 191 191 191 191 192 192 192 192 192 192 192 192 192 192 192 192 192 192 193 193 193 193 193 193 193 193 193 193 193 193 194 194 194 194 194 194 194 194 194 194 194 195 195 195 195 195 196 196 195 196 196 195 196 196 196 196 196 196 197 197 197 197 197 197 197 197 197 198 198 198 198 199 199 200 199 199 199 199 199 199 200 199 200 199 200 199 200 200 200 200 200 200 201 201 201 201 201 201 201 201 201 201 201 202 202 202 202 202 202 202 202 202 202 203 203 203 203 203 203 203 203 203 203 204 203 204 204 204 204 204 204 204 204 204 204 204 204 204 204 205 205 205 205 205 205 204 204 205 205 206 206 205 205 205 205 205 205 206 206 206 206 206 206 206 206 206 206 207 207 207 207 208 208 208 207 207 207 207 207 207 207 207 207 207 208 208 208 208 209 208 208 208 208 208 208 208 209 209 209 209 209 209 209 209 210 210 210 209 210 211 211 212 212 213 212 212 213 214 214 213 214 213 213 213 214 213 213 213 214 214 215 214 215 215 215 215 215 215 214 214 215 214 215 214 214 213 213 213 213 214 214 214 0 0 0 0 0 0 0 0 0 0 0 0 0 0 0 0 0 0 0 0 0 0 0 0 0 0 0 0 0 0 0 0 0 0 0 0 0 0 0 0 0 0 0 0 0 0 0 0 0 0 0 0 0 0 0 0 0 0 0 0 0 0 0 0 
0 0 0 0 0 0 0 0 0 0 0 0 0 0 0 0 0 0 0 0 0 0 0 0 0 0 0 0 0 0 0 0 0 0 0 0 0 0 0 0 0 0 0 0 0 0 0 0 0 0 0 0 0 0 0 0 0 0 0 0 0 0 0 0 0 0 0 0 0 0 0 0 0 0 0 0 0 0 0 0 0 0 0 0 0 0 0 0 0 0 0 0 0 0 0 0 0 0 0 0 0 0 0 0 0 0 0 0 0 0 0 0 0 0 0 0 0 0 0 0 0 0 0 0 0 0 0 0 0 0 0 0 0 0 0 0 0 0 0 0 0 0 0 0 0 0 0 0 0 0 0 0 0 0 0 0 0 0 0 0 0 0 0 0 0 0 0 0 0 0 0 191 191 190 190 189 190 190 190 190 190 190 191 191 191 191 191 191 191 191 191 192 192 192 192 192 192 192 192 192 192 192 192 192 193 193 193 193 193 193 193 193 193 193 193 193 193 194 194 194 194 194 194 194 195 195 194 194 195 195 195 195 195 195 195 195 196 196 196 196 196 196 196 196 196 196 197 196 197 197 197 197 197 198 198 198 199 198 199 199 200 199 200 199 199 199 199 200 200 199 199 199 199 199 200 200 200 200 201 201 201 201 201 201 201 201 201 202 202 202 202 202 202 202 202 202 202 202 203 203 203 203 203 203 203 203 203 203 203 204 204 204 204 204 204 204 204 204 204 204 204 204 205 205 205 205 205 205 206 206 205 205 205 205 205 205 206 205 205 205 205 205 206 206 206 206 206 206 206 206 206 206 206 207 207 207 207 207 208 208 208 207 207 207 207 207 207 207 207 208 208 208 208 208 209 208 208 208 208 208 208 209 209 209 209 209 210 209 210 209 209 209 210 210 210 211 211 211 211 212 212 213 213 213 214 213 213 214 213 213 214 214 213 213 213 214 0 0 215 215 215 214 214 215 215 215 214 214 213 213 214 214 214 213 213 214 214 215 0 0 0 0 0 0 0 0 0 0 0 0 0 0 0 0 0 0 0 0 0 0 0 0 0 0 0 0 0 0 0 0 0 0 0 0 0 0 0 0 0 0 0 0 0 0 0 0 0 0 0 0 0 0 0 0 0 0 0 0 0 0 0 0 0 
0 0 0 0 0 0 0 0 0 0 0 0 0 0 0 0 0 0 0 0 0 0 0 0 0 0 0 0 0 0 0 0 0 0 0 0 0 0 0 0 0 0 0 0 0 0 0 0 0 0 0 0 0 0 0 0 0 0 0 0 0 0 0 0 0 0 0 0 0 0 0 0 0 0 0 0 0 0 0 0 0 0 0 0 0 0 0 0 0 0 0 0 0 0 0 0 0 0 0 0 0 0 0 0 0 0 0 0 0 0 0 0 0 0 0 0 0 0 0 0 0 0 0 0 0 0 0 0 0 0 0 0 0 0 0 0 0 0 0 0 0 0 0 0 0 0 0 0 0 0 0 0 0 0 0 0 0 0 0 0 0 0 0 0 0 0 0 0 0 0 0 191 190 190 191 191 190 190 190 190 190 190 191 191 191 191 191 191 191 191 192 192 192 192 192 192 192 192 192 192 192 192 192 193 193 193 193 193 193 193 193 193 193 193 193 193 194 194 194 194 194 194 194 195 195 195 195 195 195 195 195 195 195 195 195 195 195 196 196 196 196 196 196 196 196 196 196 196 197 197 197 197 197 198 198 198 199 199 199 200 199 199 199 199 199 199 199 199 199 200 200 200 199 199 200 200 200 200 200 201 201 201 201 201 201 201 201 202 202 202 202 202 202 202 202 202 202 203 203 203 203 203 203 203 203 203 203 204 204 204 204 204 204 204 204 204 204 204 204 204 204 204 204 205 205 205 205 206 206 206 206 205 205 205 206 206 206 205 205 206 206 206 206 206 206 206 206 206 206 206 206 206 206 207 207 207 207 208 208 208 208 207 207 207 207 207 207 207 208 208 208 208 209 209 209 208 208 208 208 209 209 209 209 209 209 209 209 210 210 210 209 209 209 210 211 211 211 211 211 211 212 213 213 213 213 213 213 214 214 214 214 214 214 0 213 0 0 0 214 214 215 215 214 214 214 214 214 213 213 213 213 213 213 213 213 214 215 0 0 0 0 0 0 0 0 0 0 0 0 0 0 0 0 0 0 0 0 0 0 0 0 0 0 0 0 0 0 0 0 0 0 0 0 0 0 0 0 0 0 0 0 0 0 0 0 0 0 0 0 0 0 0 0 0 0 0 0 0 0 0 0 0 0 
0 0 0 0 0 0 0 0 0 0 0 0 0 0 0 0 0 0 0 0 0 0 0 0 0 0 0 0 0 0 0 0 0 0 0 0 0 0 0 0 0 0 0 0 0 0 0 0 0 0 0 0 0 0 0 0 0 0 0 0 0 0 0 0 0 0 0 0 0 0 0 0 0 0 0 0 0 0 0 0 0 0 0 0 0 0 0 0 0 0 0 0 0 0 0 0 0 0 0 0 0 0 0 0 0 0 0 0 0 0 0 0 0 0 0 0 0 0 0 0 0 0 0 0 0 0 0 0 0 0 0 0 0 0 0 0 0 0 0 0 0 0 0 0 0 0 0 0 0 0 0 0 0 0 0 0 0 0 0 0 0 0 0 0 0 0 0 0 0 0 0 191 190 189 190 190 190 190 190 190 190 190 190 191 191 191 191 191 192 192 192 192 192 192 192 192 192 192 192 192 192 192 192 193 193 193 193 193 193 193 193 193 193 193 193 194 194 194 194 194 194 194 194 195 195 195 195 195 195 195 195 195 195 195 195 196 196 196 196 196 196 196 196 196 196 197 197 197 197 197 197 197 198 198 198 198 199 199 200 200 199 199 199 199 199 200 200 200 199 200 200 200 200 200 200 200 200 200 200 201 201 201 201 201 201 201 202 202 202 202 202 202 202 202 202 202 202 203 203 203 203 203 203 203 203 203 204 204 204 204 204 204 204 204 204 204 204 204 204 204 204 204 204 205 205 205 205 206 206 205 206 205 205 205 205 205 205 205 206 206 206 206 206 206 206 206 206 206 206 207 206 206 206 207 207 207 207 208 208 207 207 207 207 207 207 207 208 208 208 208 209 209 208 208 208 208 208 209 209 210 209 210 210 209 210 209 210 210 210 210 210 210 210 210 210 210 211 211 211 212 212 213 213 214 214 213 213 213 214 214 214 214 0 0 0 0 0 214 214 214 214 215 214 214 213 214 214 214 214 213 213 214 213 213 214 214 214 0 0 0 0 0 0 0 0 0 0 0 0 0 0 0 0 0 0 0 0 0 0 0 0 0 0 0 0 0 0 0 0 0 0 0 0 0 0 0 0 0 0 0 0 0 0 0 0 0 0 0 0 0 0 0 0 0 0 0 0 0 0 0 0 0 0 
0 0 0 0 0 0 0 0 0 0 0 0 0 0 0 0 0 0 0 0 0 0 0 0 0 0 0 0 0 0 0 0 0 0 0 0 0 0 0 0 0 0 0 0 0 0 0 0 0 0 0 0 0 0 0 0 0 0 0 0 0 0 0 0 0 0 0 0 0 0 0 0 0 0 0 0 0 0 0 0 0 0 0 0 0 0 0 0 0 0 0 0 0 0 0 0 0 0 0 0 0 0 0 0 0 0 0 0 0 0 0 0 0 0 0 0 0 0 0 0 0 0 0 0 0 0 0 0 0 0 0 0 0 0 0 0 0 0 0 0 0 0 0 0 0 0 0 0 0 0 0 0 0 0 0 0 0 0 0 0 0 0 0 0 0 0 0 0 0 0 0 190 190 190 190 190 190 190 190 190 190 190 190 190 191 191 191 191 191 192 192 192 192 192 192 192 192 192 192 192 192 193 193 193 193 193 193 193 193 193 193 193 193 194 193 194 194 194 194 194 194 194 195 195 195 195 195 195 195 195 195 195 195 195 196 196 196 196 196 196 197 197 197 197 197 197 197 197 197 197 197 197 198 197 197 198 198 198 199 200 199 199 199 199 199 200 201 200 200 200 200 199 199 199 199 200 200 200 200 200 201 201 201 201 201 201 201 202 202 202 202 202 202 202 202 202 203 203 203 203 203 203 203 203 203 204 204 204 204 204 204 204 204 204 204 204 204 204 204 204 204 204 204 204 205 205 206 206 206 205 205 205 205 206 205 205 205 205 205 206 206 206 206 206 206 206 206 206 206 207 207 207 207 207 207 207 207 207 207 207 207 207 207 207 207 208 208 208 208 208 208 208 207 208 208 208 209 209 209 210 210 210 210 210 210 210 210 211 210 210 210 210 210 210 211 211 211 211 211 212 212 213 213 213 214 213 213 213 213 214 214 0 0 0 0 0 0 0 214 214 214 214 214 214 214 213 214 214 214 213 214 214 214 214 214 214 214 0 0 0 0 0 0 0 0 0 0 0 0 0 0 0 0 0 0 0 0 0 0 0 0 0 0 0 0 0 0 0 0 0 0 0 0 0 0 0 0 0 0 0 0 0 0 0 0 0 0 0 0 0 0 0 0 0 0 0 0 0 0 0 0 0 0 
0 0 0 0 0 0 0 0 0 0 0 0 0 0 0 0 0 0 0 0 0 0 0 0 0 0 0 0 0 0 0 0 0 0 0 0 0 0 0 0 0 0 0 0 0 0 0 0 0 0 0 0 0 0 0 0 0 0 0 0 0 0 0 0 0 0 0 0 0 0 0 0 0 0 0 0 0 0 0 0 0 0 0 0 0 0 0 0 0 0 0 0 0 0 0 0 0 0 0 0 0 0 0 0 0 0 0 0 0 0 0 0 0 0 0 0 0 0 0 0 0 0 0 0 0 0 0 0 0 0 0 0 0 0 0 0 0 0 0 0 0 0 0 0 0 0 0 0 0 0 0 0 0 0 0 0 0 0 0 0 0 0 0 0 0 0 0 0 0 0 0 190 190 190 190 190 190 190 190 190 191 191 191 190 190 191 191 191 192 192 192 192 192 192 192 192 192 192 192 192 192 193 193 193 193 193 193 193 193 193 193 193 194 194 194 194 194 194 194 194 194 194 195 195 195 195 195 195 195 195 195 195 196 196 196 196 196 196 196 196 196 197 197 197 197 197 197 197 197 197 197 197 197 198 198 198 199 199 200 200 200 199 199 199 199 200 200 199 200 200 200 200 200 199 199 200 200 200 200 200 200 201 201 201 201 201 201 202 202 202 202 202 202 202 202 203 203 203 203 203 203 203 203 203 204 204 204 204 204 204 204 204 204 204 204 204 204 204 204 205 205 204 204 204 204 205 205 206 206 205 205 206 206 206 206 206 205 205 205 206 206 206 206 206 206 206 206 207 207 207 207 207 207 207 207 207 207 208 208 207 207 207 207 207 208 208 208 208 208 208 207 207 208 208 0 0 0 208 209 210 210 211 211 211 211 211 211 211 211 211 211 211 210 210 210 211 212 211 211 211 212 213 213 213 214 0 0 213 0 213 0 0 0 0 0 0 0 0 0 214 214 214 214 214 213 214 214 214 214 214 214 214 214 214 214 214 215 0 0 0 0 0 0 0 0 0 0 0 0 0 0 0 0 0 0 0 0 0 0 0 0 0 0 0 0 0 0 0 0 0 0 0 0 0 0 0 0 0 0 0 0 0 0 0 0 0 0 0 0 0 0 0 0 0 0 0 0 0 0 0 0 0 0 
0 0 0 0 0 0 0 0 0 0 0 0 0 0 0 0 0 0 0 0 0 0 0 0 0 0 0 0 0 0 0 0 0 0 0 0 0 0 0 0 0 0 0 0 0 0 0 0 0 0 0 0 0 0 0 0 0 0 0 0 0 0 0 0 0 0 0 0 0 0 0 0 0 0 0 0 0 0 0 0 0 0 0 0 0 0 0 0 0 0 0 0 0 0 0 0 0 0 0 0 0 0 0 0 0 0 0 0 0 0 0 0 0 0 0 0 0 0 0 0 0 0 0 0 0 0 0 0 0 0 0 0 0 0 0 0 0 0 0 0 0 0 0 0 0 0 0 0 0 0 0 0 0 0 0 0 0 0 0 0 0 0 0 0 0 0 0 0 0 0 0 191 191 191 190 190 191 191 190 190 191 192 191 191 191 191 191 191 191 192 192 192 192 192 192 192 192 192 192 192 193 193 193 193 193 193 193 193 193 193 193 193 194 194 194 194 194 194 194 194 194 195 195 195 195 195 195 195 195 195 195 195 196 196 196 196 196 196 196 196 197 197 197 197 197 197 197 197 197 197 197 197 197 198 198 198 199 200 201 201 200 199 199 199 199 200 200 199 200 201 201 200 200 200 200 200 200 200 200 200 200 201 201 201 201 201 201 202 202 202 202 202 202 202 202 203 203 203 203 203 203 203 203 203 204 204 204 204 204 204 204 204 204 204 204 204 204 205 205 205 205 204 204 204 204 205 205 205 205 205 206 206 206 206 206 206 206 205 205 205 205 205 206 206 206 206 206 207 207 207 207 207 207 207 207 207 207 208 207 207 207 207 207 207 208 208 208 208 208 207 207 208 208 209 0 0 0 0 0 209 209 210 210 210 211 211 211 211 210 211 211 210 210 210 210 211 211 211 211 211 212 212 212 213 0 0 0 0 0 0 0 0 0 0 0 0 0 0 0 0 0 214 214 214 214 214 214 215 215 214 0 0 0 214 214 0 0 0 0 0 0 0 0 0 0 0 0 0 0 0 0 0 0 0 0 0 0 0 0 0 0 0 0 0 0 0 0 0 0 0 0 0 0 0 0 0 0 0 0 0 0 0 0 0 0 0 0 0 0 0 0 0 0 0 0 0 0 0 0 0 0 0 0 
0 0 0 0 0 0 0 0 0 0 0 0 0 0 0 0 0 0 0 0 0 0 0 0 0 0 0 0 0 0 0 0 0 0 0 0 0 0 0 0 0 0 0 0 0 0 0 0 0 0 0 0 0 0 0 0 0 0 0 0 0 0 0 0 0 0 0 0 0 0 0 0 0 0 0 0 0 0 0 0 0 0 0 0 0 0 0 0 0 0 0 0 0 0 0 0 0 0 0 0 0 0 0 0 0 0 0 0 0 0 0 0 0 0 0 0 0 0 0 0 0 0 0 0 0 0 0 0 0 0 0 0 0 0 0 0 0 0 0 0 0 0 0 0 0 0 0 0 0 0 0 0 0 0 0 0 0 0 0 0 0 0 0 0 0 0 0 0 0 0 0 0 0 191 191 0 0 191 191 192 0 0 0 0 192 191 191 191 191 191 192 192 192 192 192 192 192 192 192 192 192 193 193 193 193 193 193 193 193 193 193 193 194 194 194 194 194 194 194 194 194 195 195 195 195 195 195 195 195 195 195 196 196 196 196 196 196 196 197 197 197 197 197 197 197 197 197 197 197 197 197 197 197 198 198 198 199 199 200 201 200 200 200 201 200 200 200 200 200 201 201 201 200 200 200 200 200 200 200 200 200 200 201 201 201 201 201 202 202 202 202 202 202 202 202 202 203 203 203 203 203 203 203 203 203 204 204 204 204 204 204 204 204 204 204 204 204 204 205 205 205 205 205 204 204 204 205 205 205 206 206 206 206 206 206 206 206 205 206 206 205 205 206 206 206 206 207 207 207 207 207 207 207 207 207 207 208 208 207 207 207 207 0 0 0 208 208 208 207 207 208 208 208 209 0 0 0 0 0 0 0 0 210 210 211 211 212 211 211 211 211 211 211 210 210 210 211 212 212 0 212 212 213 0 0 0 0 0 0 0 0 0 0 0 0 0 0 0 0 0 0 0 214 214 214 214 0 0 0 0 0 0 0 0 0 0 0 0 0 0 0 0 0 0 0 0 0 0 0 0 0 0 0 0 0 0 0 0 0 0 0 0 0 0 0 0 0 0 0 0 0 0 0 0 0 0 0 0 0 0 0 0 0 0 0 0 0 0 0 0 0 0 0 0 0 0 0 0 0 0 0 0 0 
0 0 0 0 0 0 0 0 0 0 0 0 0 0 0 0 0 0 0 0 0 0 0 0 0 0 0 0 0 0 0 0 0 0 0 0 0 0 0 0 0 0 0 0 0 0 0 0 0 0 0 0 0 0 0 0 0 0 0 0 0 0 0 0 0 0 0 0 0 0 0 0 0 0 0 0 0 0 0 0 0 0 0 0 0 0 0 0 0 0 0 0 0 0 0 0 0 0 0 0 0 0 0 0 0 0 0 0 0 0 0 0 0 0 0 0 0 0 0 0 0 0 0 0 0 0 0 0 0 0 0 0 0 0 0 0 0 0 0 0 0 0 0 0 0 0 0 0 0 0 0 0 0 0 0 0 0 0 0 0 0 0 0 0 0 0 0 0 0 0 0 0 0 0 0 0 0 0 0 0 0 0 0 0 0 192 191 192 191 191 192 192 192 192 192 192 192 192 192 192 192 193 193 193 193 193 193 193 194 194 194 194 194 194 194 194 194 194 194 194 194 194 194 195 195 195 195 195 195 195 196 196 196 196 196 196 196 196 197 197 197 197 197 197 197 197 197 197 197 197 197 197 198 198 199 199 199 200 200 201 201 201 201 201 201 201 200 200 201 201 202 202 201 201 200 201 200 200 200 200 200 201 201 201 201 201 201 201 202 202 202 202 202 202 202 202 202 203 203 203 203 203 203 203 203 203 203 203 204 204 204 204 204 204 204 204 204 204 205 205 205 205 205 205 204 204 205 205 206 206 206 206 206 206 206 206 206 205 205 205 205 206 206 206 206 207 207 207 207 207 207 207 207 207 207 207 208 208 208 208 207 207 0 0 0 0 207 207 207 207 208 209 209 210 0 0 0 0 0 0 0 0 0 210 210 211 211 211 211 211 211 211 211 211 211 211 0 211 212 0 0 0 0 0 0 0 0 0 0 0 0 0 0 0 0 0 0 0 0 0 0 0 0 0 0 0 0 0 0 0 0 0 0 0 0 0 0 0 0 0 0 0 0 0 0 0 0 0 0 0 0 0 0 0 0 0 0 0 0 0 0 0 0 0 0 0 0 0 0 0 0 0 0 0 0 0 0 0 0 0 0 0 0 0 0 0 0 0 0 0 0 0 0 0 0 0 0 0 0 0 0 0 0 
0 0 0 0 0 0 0 0 0 0 0 0 0 0 0 0 0 0 0 0 0 0 0 0 0 0 0 0 0 0 0 0 0 0 0 0 0 0 0 0 0 0 0 0 0 0 0 0 0 0 0 0 0 0 0 0 0 0 0 0 0 0 0 0 0 0 0 0 0 0 0 0 0 0 0 0 0 0 0 0 0 0 0 0 0 0 0 0 0 0 0 0 0 0 0 0 0 0 0 0 0 0 0 0 0 0 0 0 0 0 0 0 0 0 0 0 0 0 0 0 0 0 0 0 0 0 0 0 0 0 0 0 0 0 0 0 0 0 0 0 0 0 0 0 0 0 0 0 0 0 0 0 0 0 0 0 0 0 0 0 0 0 0 0 0 0 0 0 0 0 0 0 0 0 0 0 0 0 0 0 0 0 0 0 0 0 0 192 192 192 192 192 192 192 192 193 193 193 192 192 192 192 192 193 193 193 193 193 193 193 194 194 194 193 193 193 194 194 194 194 194 194 195 195 195 195 195 195 195 195 195 196 196 196 196 196 196 196 196 197 197 197 197 197 197 197 197 197 197 197 197 197 198 198 198 199 200 200 200 201 201 201 200 201 202 202 201 201 201 201 201 201 201 201 200 200 200 200 200 200 200 201 201 201 201 201 201 201 202 202 202 202 202 202 202 202 202 203 203 203 203 203 203 203 203 203 203 204 204 204 204 204 204 204 205 204 204 204 205 205 205 205 205 205 204 204 204 205 205 206 206 206 206 206 206 206 206 205 205 205 205 206 206 206 206 207 207 207 207 207 207 207 207 207 207 207 208 208 208 207 207 0 0 0 0 0 0 0 0 208 209 0 0 0 0 0 0 0 0 0 0 0 0 0 210 210 211 0 0 211 211 211 211 0 0 0 0 0 0 0 0 0 0 0 0 0 0 0 0 0 0 0 0 0 0 0 0 0 0 0 0 0 0 0 0 0 0 0 0 0 0 0 0 0 0 0 0 0 0 0 0 0 0 0 0 0 0 0 0 0 0 0 0 0 0 0 0 0 0 0 0 0 0 0 0 0 0 0 0 0 0 0 0 0 0 0 0 0 0 0 0 0 0 0 0 0 0 0 0 0 0 0 0 0 0 0 0 0 0 0 0 0 0 
0 0 0 0 0 0 0 0 0 0 0 0 0 0 0 0 0 0 0 0 0 0 0 0 0 0 0 0 0 0 0 0 0 0 0 0 0 0 0 0 0 0 0 0 0 0 0 0 0 0 0 0 0 0 0 0 0 0 0 0 0 0 0 0 0 0 0 0 0 0 0 0 0 0 0 0 0 0 0 0 0 0 0 0 0 0 0 0 0 0 0 0 0 0 0 0 0 0 0 0 0 0 0 0 0 0 0 0 0 0 0 0 0 0 0 0 0 0 0 0 0 0 0 0 0 0 0 0 0 0 0 0 0 0 0 0 0 0 0 0 0 0 0 0 0 0 0 0 0 0 0 0 0 0 0 0 0 0 0 0 0 0 0 0 0 0 0 0 0 0 0 0 0 0 0 0 0 0 0 0 0 0 0 0 0 0 0 0 0 0 192 192 192 192 192 192 193 193 193 192 192 192 192 192 193 193 193 193 193 193 193 193 193 193 193 193 193 193 194 194 194 194 195 195 195 195 195 195 195 196 196 196 196 196 196 196 196 196 196 196 196 196 196 196 197 197 197 197 197 197 197 198 198 199 198 198 198 199 200 201 201 200 200 200 201 201 202 202 201 200 200 200 201 200 200 200 200 200 200 200 201 201 201 201 201 201 201 202 202 202 202 202 202 202 202 203 203 203 203 203 203 203 203 203 203 203 204 204 204 204 204 204 204 204 204 204 204 204 204 205 205 205 205 205 204 204 204 204 205 206 206 206 206 206 206 206 206 206 205 205 205 206 206 206 206 207 207 207 207 207 207 207 207 207 207 207 207 0 207 207 0 0 0 0 0 0 0 0 0 0 0 0 0 0 0 0 0 0 0 0 0 0 0 0 0 0 0 0 0 0 0 0 0 0 0 0 0 0 0 0 0 0 0 0 0 0 0 0 0 0 0 0 0 0 0 0 0 0 0 0 0 0 0 0 0 0 0 0 0 0 0 0 0 0 0 0 0 0 0 0 0 0 0 0 0 0 0 0 0 0 0 0 0 0 0 0 0 0 0 0 0 0 0 0 0 0 0 0 0 0 0 0 0 0 0 0 0 0 0 0 0 0 0 0 0 0 0 0 0 0 0 0 0 0 0 0 0 0 0 0 0 0 0 
0 0 0 0 0 0 0 0 0 0 0 0 0 0 0 0 0 0 0 0 0 0 0 0 0 0 0 0 0 0 0 0 0 0 0 0 0 0 0 0 0 0 0 0 0 0 0 0 0 0 0 0 0 0 0 0 0 0 0 0 0 0 0 0 0 0 0 0 0 0 0 0 0 0 0 0 0 0 0 0 0 0 0 0 0 0 0 0 0 0 0 0 0 0 0 0 0 0 0 0 0 0 0 0 0 0 0 0 0 0 0 0 0 0 0 0 0 0 0 0 0 0 0 0 0 0 0 0 0 0 0 0 0 0 0 0 0 0 0 0 0 0 0 0 0 0 0 0 0 0 0 0 0 0 0 0 0 0 0 0 0 0 0 0 0 0 0 0 0 0 0 0 0 0 0 0 0 0 0 0 0 0 0 0 0 0 0 0 0 0 193 193 192 192 192 192 193 193 193 192 192 192 192 192 192 193 193 193 193 193 193 194 193 193 194 194 194 194 194 194 194 194 194 195 195 195 195 195 195 196 196 196 196 196 196 196 196 196 196 196 196 196 196 196 196 196 197 197 197 197 198 198 198 199 199 200 199 199 200 201 201 200 200 199 200 201 201 202 202 201 200 200 201 200 200 201 201 201 201 201 201 201 201 201 201 201 201 202 202 202 202 202 202 203 203 203 203 203 203 203 203 203 203 203 203 203 204 204 204 204 204 204 204 204 204 204 204 204 205 205 205 205 205 205 205 204 204 205 205 205 206 206 206 206 206 206 206 206 206 205 206 206 206 206 207 207 207 207 207 207 207 207 207 207 207 207 207 0 0 0 0 0 0 0 0 0 0 0 0 0 0 0 0 0 0 0 0 0 0 0 0 0 0 0 0 0 0 0 0 0 0 0 0 0 0 0 0 0 0 0 0 0 0 0 0 0 0 0 0 0 0 0 0 0 0 0 0 0 0 0 0 0 0 0 0 0 0 0 0 0 0 0 0 0 0 0 0 0 0 0 0 0 0 0 0 0 0 0 0 0 0 0 0 0 0 0 0 0 0 0 0 0 0 0 0 0 0 0 0 0 0 0 0 0 0 0 0 0 0 0 0 0 0 0 0 0 0 0 0 0 0 0 0 0 0 0 0 0 0 0 0 0 0 
0 0 0 0 0 0 0 0 0 0 0 0 0 0 0 0 0 0 0 0 0 0 0 0 0 0 0 0 0 0 0 0 0 0 0 0 0 0 0 0 0 0 0 0 0 0 0 0 0 0 0 0 0 0 0 0 0 0 0 0 0 0 0 0 0 0 0 0 0 0 0 0 0 0 0 0 0 0 0 0 0 0 0 0 0 0 0 0 0 0 0 0 0 0 0 0 0 0 0 0 0 0 0 0 0 0 0 0 0 0 0 0 0 0 0 0 0 0 0 0 0 0 0 0 0 0 0 0 0 0 0 0 0 0 0 0 0 0 0 0 0 0 0 0 0 0 0 0 0 0 0 0 0 0 0 0 0 0 0 0 0 0 0 0 0 0 0 0 0 0 0 0 0 0 0 0 0 0 0 0 0 0 0 0 0 0 0 0 0 0 0 0 0 192 193 193 193 193 193 193 193 192 192 192 192 192 193 193 193 193 193 194 194 194 194 194 194 195 194 194 194 194 194 195 195 195 195 195 195 196 196 196 196 196 196 196 196 196 196 196 196 196 196 197 197 197 197 197 198 198 198 198 198 198 199 200 200 200 201 202 202 201 201 200 200 200 200 201 202 201 200 201 201 201 200 200 201 201 201 201 201 201 201 201 201 201 201 202 202 202 202 202 202 203 203 203 203 203 203 203 203 203 204 203 203 203 204 204 204 204 204 204 205 205 204 0 204 204 0 205 205 205 205 206 205 205 205 205 205 205 206 206 206 206 205 205 205 205 206 205 206 206 206 206 207 207 207 207 207 207 207 207 207 207 208 208 0 0 0 0 0 0 0 0 0 0 0 0 0 0 0 0 0 0 0 0 0 0 0 0 0 0 0 0 0 0 0 0 0 0 0 0 0 0 0 0 0 0 0 0 0 0 0 0 0 0 0 0 0 0 0 0 0 0 0 0 0 0 0 0 0 0 0 0 0 0 0 0 0 0 0 0 0 0 0 0 0 0 0 0 0 0 0 0 0 0 0 0 0 0 0 0 0 0 0 0 0 0 0 0 0 0 0 0 0 0 0 0 0 0 0 0 0 0 0 0 0 0 0 0 0 0 0 0 0 0 0 0 0 0 0 0 0 0 0 0 0 0 0 0 0 0 0 
0 0 0 0 0 0 0 0 0 0 0 0 0 0 0 0 0 0 0 0 0 0 0 0 0 0 0 0 0 0 0 0 0 0 0 0 0 0 0 0 0 0 0 0 0 0 0 0 0 0 0 0 0 0 0 0 0 0 0 0 0 0 0 0 0 0 0 0 0 0 0 0 0 0 0 0 0 0 0 0 0 0 0 0 0 0 0 0 0 0 0 0 0 0 0 0 0 0 0 0 0 0 0 0 0 0 0 0 0 0 0 0 0 0 0 0 0 0 0 0 0 0 0 0 0 0 0 0 0 0 0 0 0 0 0 0 0 0 0 0 0 0 0 0 0 0 0 0 0 0 0 0 0 0 0 0 0 0 0 0 0 0 0 0 0 0 0 0 0 0 0 0 0 0 0 0 0 0 0 0 0 0 0 0 0 0 0 0 0 0 0 0 0 0 0 0 0 194 194 194 193 193 193 193 193 192 192 192 193 193 193 193 193 194 194 194 194 195 194 194 194 194 195 195 195 195 195 196 196 196 196 196 196 196 196 196 196 196 196 197 197 197 197 198 198 198 198 199 199 198 199 199 199 199 200 201 201 201 201 201 201 200 201 201 201 200 200 201 201 201 201 200 201 201 201 200 200 200 200 201 200 201 201 201 201 201 201 202 202 202 202 202 202 202 203 203 203 203 203 203 204 204 203 203 203 204 204 204 204 204 204 205 205 205 205 0 0 0 0 0 0 0 206 206 206 205 205 205 205 206 205 206 206 206 205 206 206 206 206 206 206 206 206 206 207 207 207 207 207 207 207 207 207 207 208 0 0 0 0 0 0 0 0 0 0 0 0 0 0 0 0 0 0 0 0 0 0 0 0 0 0 0 0 0 0 0 0 0 0 0 0 0 0 0 0 0 0 0 0 0 0 0 0 0 0 0 0 0 0 0 0 0 0 0 0 0 0 0 0 0 0 0 0 0 0 0 0 0 0 0 0 0 0 0 0 0 0 0 0 0 0 0 0 0 0 0 0 0 0 0 0 0 0 0 0 0 0 0 0 0 0 0 0 0 0 0 0 0 0 0 0 0 0 0 0 0 0 0 0 0 0 0 0 0 0 0 0 0 0 0 0 0 0 0 0 0 0 0 0 0 0 0 0 
0 0 0 0 0 0 0 0 0 0 0 0 0 0 0 0 0 0 0 0 0 0 0 0 0 0 0 0 0 0 0 0 0 0 0 0 0 0 0 0 0 0 0 0 0 0 0 0 0 0 0 0 0 0 0 0 0 0 0 0 0 0 0 0 0 0 0 0 0 0 0 0 0 0 0 0 0 0 0 0 0 0 0 0 0 0 0 0 0 0 0 0 0 0 0 0 0 0 0 0 0 0 0 0 0 0 0 0 0 0 0 0 0 0 0 0 0 0 0 0 0 0 0 0 0 0 0 0 0 0 0 0 0 0 0 0 0 0 0 0 0 0 0 0 0 0 0 0 0 0 0 0 0 0 0 0 0 0 0 0 0 0 0 0 0 0 0 0 0 0 0 0 0 0 0 0 0 0 0 0 0 0 0 0 0 0 0 0 0 0 0 0 0 0 0 0 0 0 195 194 194 194 193 193 193 192 192 192 194 193 193 193 193 194 194 194 194 194 194 194 194 194 195 195 195 195 196 196 196 196 196 196 196 196 196 196 196 196 196 197 197 198 198 199 200 200 199 200 199 199 200 200 200 200 200 201 201 201 201 202 201 200 200 200 200 200 200 201 201 201 200 200 200 200 200 200 200 200 200 201 201 200 201 201 201 201 201 201 201 202 202 202 202 202 203 203 203 203 203 204 204 204 203 203 204 204 204 204 204 205 204 204 205 205 205 0 0 0 0 0 0 0 0 0 206 205 205 205 205 206 206 206 206 206 206 206 206 206 206 206 206 206 206 206 206 207 207 207 207 0 207 208 208 208 0 0 0 0 0 0 0 0 0 0 0 0 0 0 0 0 0 0 0 0 0 0 0 0 0 0 0 0 0 0 0 0 0 0 0 0 0 0 0 0 0 0 0 0 0 0 0 0 0 0 0 0 0 0 0 0 0 0 0 0 0 0 0 0 0 0 0 0 0 0 0 0 0 0 0 0 0 0 0 0 0 0 0 0 0 0 0 0 0 0 0 0 0 0 0 0 0 0 0 0 0 0 0 0 0 0 0 0 0 0 0 0 0 0 0 0 0 0 0 0 0 0 0 0 0 0 0 0 0 0 0 0 0 0 0 0 0 0 0 0 0 0 0 0 0 0 0 0 0 
0 0 0 0 0 0 0 0 0 0 0 0 0 0 0 0 0 0 0 0 0 0 0 0 0 0 0 0 0 0 0 0 0 0 0 0 0 0 0 0 0 0 0 0 0 0 0 0 0 0 0 0 0 0 0 0 0 0 0 0 0 0 0 0 0 0 0 0 0 0 0 0 0 0 0 0 0 0 0 0 0 0 0 0 0 0 0 0 0 0 0 0 0 0 0 0 0 0 0 0 0 0 0 0 0 0 0 0 0 0 0 0 0 0 0 0 0 0 0 0 0 0 0 0 0 0 0 0 0 0 0 0 0 0 0 0 0 0 0 0 0 0 0 0 0 0 0 0 0 0 0 0 0 0 0 0 0 0 0 0 0 0 0 0 0 0 0 0 0 0 0 0 0 0 0 0 0 0 0 0 0 0 0 0 0 0 0 0 0 0 0 0 0 0 0 0 0 0 0 195 195 195 194 194 193 193 192 193 194 193 192 193 194 195 195 194 194 194 194 194 194 195 195 195 195 196 196 196 196 196 196 196 196 196 196 196 196 196 196 197 197 198 199 199 200 200 201 201 200 200 200 201 201 200 200 200 200 200 201 201 201 201 201 200 200 200 200 200 200 200 200 200 200 200 200 200 201 200 201 201 201 201 201 201 201 201 201 201 201 201 202 202 202 202 203 203 203 203 204 204 203 203 203 203 204 204 204 204 204 204 205 205 205 205 0 0 0 0 0 0 0 0 0 0 206 205 205 205 206 206 206 0 0 0 0 0 0 206 206 206 206 206 206 206 206 207 207 207 207 0 0 0 0 0 0 0 0 0 0 0 0 0 0 0 0 0 0 0 0 0 0 0 0 0 0 0 0 0 0 0 0 0 0 0 0 0 0 0 0 0 0 0 0 0 0 0 0 0 0 0 0 0 0 0 0 0 0 0 0 0 0 0 0 0 0 0 0 0 0 0 0 0 0 0 0 0 0 0 0 0 0 0 0 0 0 0 0 0 0 0 0 0 0 0 0 0 0 0 0 0 0 0 0 0 0 0 0 0 0 0 0 0 0 0 0 0 0 0 0 0 0 0 0 0 0 0 0 0 0 0 0 0 0 0 0 0 0 0 0 0 0 0 0 0 0 0 0 0 0 0 0 0 0 
0 0 0 0 0 0 0 0 0 0 0 0 0 0 0 0 0 0 0 0 0 0 0 0 0 0 0 0 0 0 0 0 0 0 0 0 0 0 0 0 0 0 0 0 0 0 0 0 0 0 0 0 0 0 0 0 0 0 0 0 0 0 0 0 0 0 0 0 0 0 0 0 0 0 0 0 0 0 0 0 0 0 0 0 0 0 0 0 0 0 0 0 0 0 0 0 0 0 0 0 0 0 0 0 0 0 0 0 0 0 0 0 0 0 0 0 0 0 0 0 0 0 0 0 0 0 0 0 0 0 0 0 0 0 0 0 0 0 0 0 0 0 0 0 0 0 0 0 0 0 0 0 0 0 0 0 0 0 0 0 0 0 0 0 0 0 0 0 0 0 0 0 0 0 0 0 0 0 0 0 0 0 0 0 0 0 0 0 0 0 0 0 0 0 0 0 0 0 0 0 0 195 194 194 194 194 194 194 194 193 193 194 195 195 195 194 194 195 195 194 195 195 195 195 195 196 196 196 196 196 196 196 196 196 196 196 196 197 197 197 197 197 198 198 199 200 201 202 201 201 202 202 201 201 200 200 200 200 200 201 201 201 201 201 200 200 200 200 201 201 201 201 201 201 201 201 202 202 201 202 202 201 201 201 201 201 201 201 201 201 201 202 202 202 202 203 203 203 204 204 204 203 203 204 204 204 204 204 0 0 0 205 206 205 206 0 0 0 0 0 0 0 0 0 206 206 0 0 0 0 0 0 0 0 0 0 0 0 0 0 0 0 206 206 207 207 207 207 0 0 0 0 0 0 0 0 0 0 0 0 0 0 0 0 0 0 0 0 0 0 0 0 0 0 0 0 0 0 0 0 0 0 0 0 0 0 0 0 0 0 0 0 0 0 0 0 0 0 0 0 0 0 0 0 0 0 0 0 0 0 0 0 0 0 0 0 0 0 0 0 0 0 0 0 0 0 0 0 0 0 0 0 0 0 0 0 0 0 0 0 0 0 0 0 0 0 0 0 0 0 0 0 0 0 0 0 0 0 0 0 0 0 0 0 0 0 0 0 0 0 0 0 0 0 0 0 0 0 0 0 0 0 0 0 0 0 0 0 0 0 0 0 0 0 0 0 0 0 0 0 0 0 0 
0 0 0 0 0 0 0 0 0 0 0 0 0 0 0 0 0 0 0 0 0 0 0 0 0 0 0 0 0 0 0 0 0 0 0 0 0 0 0 0 0 0 0 0 0 0 0 0 0 0 0 0 0 0 0 0 0 0 0 0 0 0 0 0 0 0 0 0 0 0 0 0 0 0 0 0 0 0 0 0 0 0 0 0 0 0 0 0 0 0 0 0 0 0 0 0 0 0 0 0 0 0 0 0 0 0 0 0 0 0 0 0 0 0 0 0 0 0 0 0 0 0 0 0 0 0 0 0 0 0 0 0 0 0 0 0 0 0 0 0 0 0 0 0 0 0 0 0 0 0 0 0 0 0 0 0 0 0 0 0 0 0 0 0 0 0 0 0 0 0 0 0 0 0 0 0 0 0 0 0 0 0 0 0 0 0 0 0 0 0 0 0 0 0 0 0 0 0 0 0 0 0 195 195 195 195 194 194 194 194 194 195 194 194 194 194 194 195 195 194 195 195 195 195 196 196 196 196 196 196 196 196 196 196 196 196 196 197 197 198 198 199 198 198 199 200 201 202 202 202 202 202 202 201 201 200 200 200 200 200 201 201 201 200 200 201 201 201 201 201 201 201 202 202 201 201 202 203 203 202 202 201 201 201 201 201 201 201 201 201 201 201 202 202 202 203 203 203 204 204 204 204 203 204 204 204 204 204 0 0 0 0 0 206 207 0 0 0 0 0 0 0 0 0 0 0 0 0 0 0 0 0 0 0 0 0 0 0 0 0 0 0 0 0 0 207 207 0 0 0 0 0 0 0 0 0 0 0 0 0 0 0 0 0 0 0 0 0 0 0 0 0 0 0 0 0 0 0 0 0 0 0 0 0 0 0 0 0 0 0 0 0 0 0 0 0 0 0 0 0 0 0 0 0 0 0 0 0 0 0 0 0 0 0 0 0 0 0 0 0 0 0 0 0 0 0 0 0 0 0 0 0 0 0 0 0 0 0 0 0 0 0 0 0 0 0 0 0 0 0 0 0 0 0 0 0 0 0 0 0 0 0 0 0 0 0 0 0 0 0 0 0 0 0 0 0 0 0 0 0 0 0 0 0 0 0 0 0 0 0 0 0 0 0 0 0 0 0 0 0 0 0 0 
0 0 0 0 0 0 0 0 0 0 0 0 0 0 0 0 0 0 0 0 0 0 0 0 0 0 0 0 0 0 0 0 0 0 0 0 0 0 0 0 0 0 0 0 0 0 0 0 0 0 0 0 0 0 0 0 0 0 0 0 0 0 0 0 0 0 0 0 0 0 0 0 0 0 0 0 0 0 0 0 0 0 0 0 0 0 0 0 0 0 0 0 0 0 0 0 0 0 0 0 0 0 0 0 0 0 0 0 0 0 0 0 0 0 0 0 0 0 0 0 0 0 0 0 0 0 0 0 0 0 0 0 0 0 0 0 0 0 0 0 0 0 0 0 0 0 0 0 0 0 0 0 0 0 0 0 0 0 0 0 0 0 0 0 0 0 0 0 0 0 0 0 0 0 0 0 0 0 0 0 0 0 0 0 0 0 0 0 0 0 0 0 0 0 0 0 0 0 0 0 0 0 196 197 197 196 196 195 194 194 194 194 194 194 194 194 194 194 194 195 195 195 195 195 196 196 196 196 196 196 196 196 196 196 196 196 196 196 197 197 198 199 199 199 199 200 201 201 201 201 201 201 201 200 201 201 201 201 201 201 200 201 201 201 201 201 201 201 201 202 202 202 202 202 202 202 203 203 203 202 202 202 202 201 202 202 202 201 202 201 201 201 201 202 202 203 203 203 203 204 204 204 203 204 204 204 205 0 0 0 0 0 0 0 0 0 0 0 0 0 0 0 0 0 0 0 0 0 0 0 0 0 0 0 0 0 0 0 0 0 0 0 0 0 0 0 0 0 0 0 0 0 0 0 0 0 0 0 0 0 0 0 0 0 0 0 0 0 0 0 0 0 0 0 0 0 0 0 0 0 0 0 0 0 0 0 0 0 0 0 0 0 0 0 0 0 0 0 0 0 0 0 0 0 0 0 0 0 0 0 0 0 0 0 0 0 0 0 0 0 0 0 0 0 0 0 0 0 0 0 0 0 0 0 0 0 0 0 0 0 0 0 0 0 0 0 0 0 0 0 0 0 0 0 0 0 0 0 0 0 0 0 0 0 0 0 0 0 0 0 0 0 0 0 0 0 0 0 0 0 0 0 0 0 0 0 0 0 0 0 0 0 0 0 0 0 0 0 0 0 0 0 0 
0 0 0 0 0 0 0 0 0 0 0 0 0 0 0 0 0 0 0 0 0 0 0 0 0 0 0 0 0 0 0 0 0 0 0 0 0 0 0 0 0 0 0 0 0 0 0 0 0 0 0 0 0 0 0 0 0 0 0 0 0 0 0 0 0 0 0 0 0 0 0 0 0 0 0 0 0 0 0 0 0 0 0 0 0 0 0 0 0 0 0 0 0 0 0 0 0 0 0 0 0 0 0 0 0 0 0 0 0 0 0 0 0 0 0 0 0 0 0 0 0 0 0 0 0 0 0 0 0 0 0 0 0 0 0 0 0 0 0 0 0 0 0 0 0 0 0 0 0 0 0 0 0 0 0 0 0 0 0 0 0 0 0 0 0 0 0 0 0 0 0 0 0 0 0 0 0 0 0 0 0 0 0 0 0 0 0 0 0 0 0 0 0 0 0 0 0 0 0 0 0 0 0 0 197 197 197 196 195 195 194 194 194 194 194 194 194 194 194 195 195 195 195 195 196 196 196 196 196 196 196 196 196 196 196 197 197 198 197 198 198 199 200 200 200 201 202 202 201 200 200 200 200 200 200 201 201 201 201 201 200 201 201 201 201 201 201 201 201 201 202 202 203 204 204 203 204 204 204 204 203 203 202 202 202 202 202 202 202 202 202 201 202 202 202 203 203 203 203 204 204 204 203 204 204 0 0 0 0 0 0 0 0 0 0 0 0 0 0 0 0 0 0 0 0 0 0 0 0 0 0 0 0 0 0 0 0 0 0 0 0 0 0 0 0 0 0 0 0 0 0 0 0 0 0 0 0 0 0 0 0 0 0 0 0 0 0 0 0 0 0 0 0 0 0 0 0 0 0 0 0 0 0 0 0 0 0 0 0 0 0 0 0 0 0 0 0 0 0 0 0 0 0 0 0 0 0 0 0 0 0 0 0 0 0 0 0 0 0 0 0 0 0 0 0 0 0 0 0 0 0 0 0 0 0 0 0 0 0 0 0 0 0 0 0 0 0 0 0 0 0 0 0 0 0 0 0 0 0 0 0 0 0 0 0 0 0 0 0 0 0 0 0 0 0 0 0 0 0 0 0 0 0 0 0 0 0 0 0 0 0 0 0 0 0 0 0 0 0 0 0 0 0 
0 0 0 0 0 0 0 0 0 0 0 0 0 0 0 0 0 0 0 0 0 0 0 0 0 0 0 0 0 0 0 0 0 0 0 0 0 0 0 0 0 0 0 0 0 0 0 0 0 0 0 0 0 0 0 0 0 0 0 0 0 0 0 0 0 0 0 0 0 0 0 0 0 0 0 0 0 0 0 0 0 0 0 0 0 0 0 0 0 0 0 0 0 0 0 0 0 0 0 0 0 0 0 0 0 0 0 0 0 0 0 0 0 0 0 0 0 0 0 0 0 0 0 0 0 0 0 0 0 0 0 0 0 0 0 0 0 0 0 0 0 0 0 0 0 0 0 0 0 0 0 0 0 0 0 0 0 0 0 0 0 0 0 0 0 0 0 0 0 0 0 0 0 0 0 0 0 0 0 0 0 0 0 0 0 0 0 0 0 0 0 0 0 0 0 0 0 0 0 0 0 0 0 0 0 198 197 196 195 194 194 194 194 194 194 194 194 194 195 195 195 195 195 196 196 196 196 196 196 196 196 196 196 196 197 197 198 198 198 199 199 199 200 201 201 202 202 201 201 200 200 200 200 200 200 200 200 200 200 200 200 201 201 201 201 201 201 202 202 203 202 202 203 204 205 205 206 205 204 203 203 203 202 202 202 203 202 202 202 202 202 201 201 202 202 203 203 203 203 204 204 204 204 204 0 0 0 0 0 0 0 0 0 0 0 0 0 0 0 0 0 0 0 0 0 0 0 0 0 0 0 0 0 0 0 0 0 0 0 0 0 0 0 0 0 0 0 0 0 0 0 0 0 0 0 0 0 0 0 0 0 0 0 0 0 0 0 0 0 0 0 0 0 0 0 0 0 0 0 0 0 0 0 0 0 0 0 0 0 0 0 0 0 0 0 0 0 0 0 0 0 0 0 0 0 0 0 0 0 0 0 0 0 0 0 0 0 0 0 0 0 0 0 0 0 0 0 0 0 0 0 0 0 0 0 0 0 0 0 0 0 0 0 0 0 0 0 0 0 0 0 0 0 0 0 0 0 0 0 0 0 0 0 0 0 0 0 0 0 0 0 0 0 0 0 0 0 0 0 0 0 0 0 0 0 0 0 0 0 0 0 0 0 0 0 0 0 0 0 0 0 0 0 
0 0 0 0 0 0 0 0 0 0 0 0 0 0 0 0 0 0 0 0 0 0 0 0 0 0 0 0 0 0 0 0 0 0 0 0 0 0 0 0 0 0 0 0 0 0 0 0 0 0 0 0 0 0 0 0 0 0 0 0 0 0 0 0 0 0 0 0 0 0 0 0 0 0 0 0 0 0 0 0 0 0 0 0 0 0 0 0 0 0 0 0 0 0 0 0 0 0 0 0 0 0 0 0 0 0 0 0 0 0 0 0 0 0 0 0 0 0 0 0 0 0 0 0 0 0 0 0 0 0 0 0 0 0 0 0 0 0 0 0 0 0 0 0 0 0 0 0 0 0 0 0 0 0 0 0 0 0 0 0 0 0 0 0 0 0 0 0 0 0 0 0 0 0 0 0 0 0 0 0 0 0 0 0 0 0 0 0 0 0 0 0 0 0 0 0 0 0 0 0 0 0 0 0 0 197 196 195 194 194 194 194 194 194 194 194 194 194 195 195 195 195 195 195 196 196 196 196 196 196 196 196 195 196 197 198 197 198 198 199 199 200 200 200 200 201 202 202 202 201 201 201 201 201 201 200 200 200 201 201 201 201 201 201 202 202 202 202 203 204 204 203 204 206 0 0 0 0 204 203 202 202 202 202 201 202 203 202 202 202 202 201 201 202 203 202 203 203 203 203 204 204 0 0 0 0 0 0 0 0 0 0 0 0 0 0 0 0 0 0 0 0 0 0 0 0 0 0 0 0 0 0 0 0 0 0 0 0 0 0 0 0 0 0 0 0 0 0 0 0 0 0 0 0 0 0 0 0 0 0 0 0 0 0 0 0 0 0 0 0 0 0 0 0 0 0 0 0 0 0 0 0 0 0 0 0 0 0 0 0 0 0 0 0 0 0 0 0 0 0 0 0 0 0 0 0 0 0 0 0 0 0 0 0 0 0 0 0 0 0 0 0 0 0 0 0 0 0 0 0 0 0 0 0 0 0 0 0 0 0 0 0 0 0 0 0 0 0 0 0 0 0 0 0 0 0 0 0 0 0 0 0 0 0 0 0 0 0 0 0 0 0 0 0 0 0 0 0 0 0 0 0 0 0 0 0 0 0 0 0 0 0 0 0 0 0 0 0 0 0 0 0 0 
0 0 0 0 0 0 0 0 0 0 0 0 0 0 0 0 0 0 0 0 0 0 0 0 0 0 0 0 0 0 0 0 0 0 0 0 0 0 0 0 0 0 0 0 0 0 0 0 0 0 0 0 0 0 0 0 0 0 0 0 0 0 0 0 0 0 0 0 0 0 0 0 0 0 0 0 0 0 0 0 0 0 0 0 0 0 0 0 0 0 0 0 0 0 0 0 0 0 0 0 0 0 0 0 0 0 0 0 0 0 0 0 0 0 0 0 0 0 0 0 0 0 0 0 0 0 0 0 0 0 0 0 0 0 0 0 0 0 0 0 0 0 0 0 0 0 0 0 0 0 0 0 0 0 0 0 0 0 0 0 0 0 0 0 0 0 0 0 0 0 0 0 0 0 0 0 0 0 0 0 0 0 0 0 0 0 0 0 0 0 0 0 0 0 0 0 0 0 0 0 0 0 0 0 0 195 195 194 194 193 193 194 194 194 194 194 194 195 195 195 195 195 195 195 195 195 195 195 195 196 196 196 196 196 196 197 197 198 199 200 200 200 199 199 200 201 202 202 203 203 203 203 202 202 202 202 202 201 201 201 201 201 201 201 201 202 203 203 203 205 205 205 206 0 0 0 0 0 0 0 0 0 202 202 201 202 202 203 203 202 202 202 201 201 203 202 203 203 204 203 204 204 0 0 0 0 0 0 0 0 0 0 0 0 0 0 0 0 0 0 0 0 0 0 0 0 0 0 0 0 0 0 0 0 0 0 0 0 0 0 0 0 0 0 0 0 0 0 0 0 0 0 0 0 0 0 0 0 0 0 0 0 0 0 0 0 0 0 0 0 0 0 0 0 0 0 0 0 0 0 0 0 0 0 0 0 0 0 0 0 0 0 0 0 0 0 0 0 0 0 0 0 0 0 0 0 0 0 0 0 0 0 0 0 0 0 0 0 0 0 0 0 0 0 0 0 0 0 0 0 0 0 0 0 0 0 0 0 0 0 0 0 0 0 0 0 0 0 0 0 0 0 0 0 0 0 0 0 0 0 0 0 0 0 0 0 0 0 0 0 0 0 0 0 0 0 0 0 0 0 0 0 0 0 0 0 0 0 0 0 0 0 0 0 0 0 0 0 0 0 0 0 0 
0 0 0 0 0 0 0 0 0 0 0 0 0 0 0 0 0 0 0 0 0 0 0 0 0 0 0 0 0 0 0 0 0 0 0 0 0 0 0 0 0 0 0 0 0 0 0 0 0 0 0 0 0 0 0 0 0 0 0 0 0 0 0 0 0 0 0 0 0 0 0 0 0 0 0 0 0 0 0 0 0 0 0 0 0 0 0 0 0 0 0 0 0 0 0 0 0 0 0 0 0 0 0 0 0 0 0 0 0 0 0 0 0 0 0 0 0 0 0 0 0 0 0 0 0 0 0 0 0 0 0 0 0 0 0 0 0 0 0 0 0 0 0 0 0 0 0 0 0 0 0 0 0 0 0 0 0 0 0 0 0 0 0 0 0 0 0 0 0 0 0 0 0 0 0 0 0 0 0 0 0 0 0 0 0 0 0 0 0 0 0 0 0 0 0 0 0 0 0 0 0 0 0 0 0 0 193 193 194 194 194 193 193 194 194 195 195 195 195 195 195 195 195 195 195 195 195 195 196 196 196 196 196 197 197 197 196 197 198 198 198 199 198 198 199 199 200 200 201 201 201 201 201 202 202 202 203 203 202 201 202 202 202 202 202 203 204 204 205 206 0 0 0 0 0 0 0 0 0 0 0 0 202 202 201 202 202 202 203 202 202 202 202 201 202 202 203 203 203 203 204 203 0 0 0 0 0 0 0 0 0 0 0 0 0 0 0 0 0 0 0 0 0 0 0 0 0 0 0 0 0 0 0 0 0 0 0 0 0 0 0 0 0 0 0 0 0 0 0 0 0 0 0 0 0 0 0 0 0 0 0 0 0 0 0 0 0 0 0 0 0 0 0 0 0 0 0 0 0 0 0 0 0 0 0 0 0 0 0 0 0 0 0 0 0 0 0 0 0 0 0 0 0 0 0 0 0 0 0 0 0 0 0 0 0 0 0 0 0 0 0 0 0 0 0 0 0 0 0 0 0 0 0 0 0 0 0 0 0 0 0 0 0 0 0 0 0 0 0 0 0 0 0 0 0 0 0 0 0 0 0 0 0 0 0 0 0 0 0 0 0 0 0 0 0 0 0 0 0 0 0 0 0 0 0 0 0 0 0 0 0 0 0 0 0 0 0 0 0 0 0 0 0 
0 0 0 0 0 0 0 0 0 0 0 0 0 0 0 0 0 0 0 0 0 0 0 0 0 0 0 0 0 0 0 0 0 0 0 0 0 0 0 0 0 0 0 0 0 0 0 0 0 0 0 0 0 0 0 0 0 0 0 0 0 0 0 0 0 0 0 0 0 0 0 0 0 0 0 0 0 0 0 0 0 0 0 0 0 0 0 0 0 0 0 0 0 0 0 0 0 0 0 0 0 0 0 0 0 0 0 0 0 0 0 0 0 0 0 0 0 0 0 0 0 0 0 0 0 0 0 0 0 0 0 0 0 0 0 0 0 0 0 0 0 0 0 0 0 0 0 0 0 0 0 0 0 0 0 0 0 0 0 0 0 0 0 0 0 0 0 0 0 0 0 0 0 0 0 0 0 0 0 0 0 0 0 0 0 0 0 0 0 0 0 0 0 0 0 0 0 0 0 0 0 0 0 0 0 0 193 193 194 194 193 193 193 194 195 195 195 195 195 195 195 195 195 195 195 195 195 196 196 196 197 197 197 197 197 197 197 197 197 197 197 198 198 198 198 199 199 199 199 199 199 199 200 200 200 201 202 202 202 202 202 203 202 203 203 203 204 205 206 0 0 0 0 0 0 0 0 0 0 0 0 0 202 202 202 201 202 202 202 202 202 201 201 201 201 202 202 203 203 203 203 0 0 0 0 0 0 0 0 0 0 0 0 0 0 0 0 0 0 0 0 0 0 0 0 0 0 0 0 0 0 0 0 0 0 0 0 0 0 0 0 0 0 0 0 0 0 0 0 0 0 0 0 0 0 0 0 0 0 0 0 0 0 0 0 0 0 0 0 0 0 0 0 0 0 0 0 0 0 0 0 0 0 0 0 0 0 0 0 0 0 0 0 0 0 0 0 0 0 0 0 0 0 0 0 0 0 0 0 0 0 0 0 0 0 0 0 0 0 0 0 0 0 0 0 0 0 0 0 0 0 0 0 0 0 0 0 0 0 0 0 0 0 0 0 0 0 0 0 0 0 0 0 0 0 0 0 0 0 0 0 0 0 0 0 0 0 0 0 0 0 0 0 0 0 0 0 0 0 0 0 0 0 0 0 0 0 0 0 0 0 0 0 0 0 0 0 0 0 0 0 0 0 
0 0 0 0 0 0 0 0 0 0 0 0 0 0 0 0 0 0 0 0 0 0 0 0 0 0 0 0 0 0 0 0 0 0 0 0 0 0 0 0 0 0 0 0 0 0 0 0 0 0 0 0 0 0 0 0 0 0 0 0 0 0 0 0 0 0 0 0 0 0 0 0 0 0 0 0 0 0 0 0 0 0 0 0 0 0 0 0 0 0 0 0 0 0 0 0 0 0 0 0 0 0 0 0 0 0 0 0 0 0 0 0 0 0 0 0 0 0 0 0 0 0 0 0 0 0 0 0 0 0 0 0 0 0 0 0 0 0 0 0 0 0 0 0 0 0 0 0 0 0 0 0 0 0 0 0 0 0 0 0 0 0 0 0 0 0 0 0 0 0 0 0 0 0 0 0 0 0 0 0 0 0 0 0 0 0 0 0 0 0 0 0 0 0 0 0 0 0 0 0 0 0 0 0 0 0 0 193 193 193 193 193 193 194 194 194 194 195 195 195 195 195 195 195 195 195 195 195 196 197 198 198 198 198 198 198 198 198 198 197 197 198 198 198 198 198 198 198 199 199 199 200 200 200 200 201 201 202 202 202 202 203 204 203 204 204 205 206 0 0 0 0 0 0 0 0 0 0 0 0 0 0 0 201 202 202 202 202 201 202 201 201 201 202 201 201 202 202 202 202 0 0 0 0 0 0 0 0 0 0 0 0 0 0 0 0 0 0 0 0 0 0 0 0 0 0 0 0 0 0 0 0 0 0 0 0 0 0 0 0 0 0 0 0 0 0 0 0 0 0 0 0 0 0 0 0 0 0 0 0 0 0 0 0 0 0 0 0 0 0 0 0 0 0 0 0 0 0 0 0 0 0 0 0 0 0 0 0 0 0 0 0 0 0 0 0 0 0 0 0 0 0 0 0 0 0 0 0 0 0 0 0 0 0 0 0 0 0 0 0 0 0 0 0 0 0 0 0 0 0 0 0 0 0 0 0 0 0 0 0 0 0 0 0 0 0 0 0 0 0 0 0 0 0 0 0 0 0 0 0 0 0 0 0 0 0 0 0 0 0 0 0 0 0 0 0 0 0 0 0 0 0 0 0 0 0 0 0 0 0 0 0 0 0 0 0 0 0 0 0 0 0 0 
0 0 0 0 0 0 0 0 0 0 0 0 0 0 0 0 0 0 0 0 0 0 0 0 0 0 0 0 0 0 0 0 0 0 0 0 0 0 0 0 0 0 0 0 0 0 0 0 0 0 0 0 0 0 0 0 0 0 0 0 0 0 0 0 0 0 0 0 0 0 0 0 0 0 0 0 0 0 0 0 0 0 0 0 0 0 0 0 0 0 0 0 0 0 0 0 0 0 0 0 0 0 0 0 0 0 0 0 0 0 0 0 0 0 0 0 0 0 0 0 0 0 0 0 0 0 0 0 0 0 0 0 0 0 0 0 0 0 0 0 0 0 0 0 0 0 0 0 0 0 0 0 0 0 0 0 0 0 0 0 0 0 0 0 0 0 0 0 0 0 0 0 0 0 0 0 0 0 0 0 0 0 0 0 0 0 0 0 0 0 0 0 0 0 0 0 0 0 0 0 0 0 0 0 0 0 0 193 193 193 193 194 194 193 194 194 194 194 195 195 195 195 195 196 195 195 195 196 195 196 197 197 197 198 199 198 198 198 198 198 198 198 199 199 199 199 199 199 200 199 200 201 201 201 201 202 202 203 202 203 204 204 204 205 205 206 0 0 0 0 0 0 0 0 0 0 0 0 0 0 0 0 0 0 202 202 203 203 202 202 202 202 202 202 202 201 201 202 202 202 0 0 0 0 0 0 0 0 0 0 0 0 0 0 0 0 0 0 0 0 0 0 0 0 0 0 0 0 0 0 0 0 0 0 0 0 0 0 0 0 0 0 0 0 0 0 0 0 0 0 0 0 0 0 0 0 0 0 0 0 0 0 0 0 0 0 0 0 0 0 0 0 0 0 0 0 0 0 0 0 0 0 0 0 0 0 0 0 0 0 0 0 0 0 0 0 0 0 0 0 0 0 0 0 0 0 0 0 0 0 0 0 0 0 0 0 0 0 0 0 0 0 0 0 0 0 0 0 0 0 0 0 0 0 0 0 0 0 0 0 0 0 0 0 0 0 0 0 0 0 0 0 0 0 0 0 0 0 0 0 0 0 0 0 0 0 0 0 0 0 0 0 0 0 0 0 0 0 0 0 0 0 0 0 0 0 0 0 0 0 0 0 0 0 0 0 0 0 0 0 0 0 0 
0 0 0 0 0 0 0 0 0 0 0 0 0 0 0 0 0 0 0 0 0 0 0 0 0 0 0 0 0 0 0 0 0 0 0 0 0 0 0 0 0 0 0 0 0 0 0 0 0 0 0 0 0 0 0 0 0 0 0 0 0 0 0 0 0 0 0 0 0 0 0 0 0 0 0 0 0 0 0 0 0 0 0 0 0 0 0 0 0 0 0 0 0 0 0 0 0 0 0 0 0 0 0 0 0 0 0 0 0 0 0 0 0 0 0 0 0 0 0 0 0 0 0 0 0 0 0 0 0 0 0 0 0 0 0 0 0 0 0 0 0 0 0 0 0 0 0 0 0 0 0 0 0 0 0 0 0 0 0 0 0 0 0 0 0 0 0 0 0 0 0 0 0 0 0 0 0 0 0 0 0 0 0 0 0 0 0 0 0 0 0 0 0 0 0 0 0 0 0 0 0 0 0 0 0 0 0 0 193 193 194 195 194 195 195 195 195 195 196 196 196 196 196 197 197 196 196 196 196 196 196 197 198 199 199 199 199 199 198 198 198 198 199 199 200 200 199 200 200 200 200 201 202 202 202 203 203 204 204 204 205 205 206 206 206 0 0 0 0 0 0 0 0 0 0 0 0 0 0 0 0 0 0 0 0 202 202 202 202 202 203 203 203 203 203 202 202 201 202 202 0 0 0 0 0 0 0 0 0 0 0 0 0 0 0 0 0 0 0 0 0 0 0 0 0 0 0 0 0 0 0 0 0 0 0 0 0 0 0 0 0 0 0 0 0 0 0 0 0 0 0 0 0 0 0 0 0 0 0 0 0 0 0 0 0 0 0 0 0 0 0 0 0 0 0 0 0 0 0 0 0 0 0 0 0 0 0 0 0 0 0 0 0 0 0 0 0 0 0 0 0 0 0 0 0 0 0 0 0 0 0 0 0 0 0 0 0 0 0 0 0 0 0 0 0 0 0 0 0 0 0 0 0 0 0 0 0 0 0 0 0 0 0 0 0 0 0 0 0 0 0 0 0 0 0 0 0 0 0 0 0 0 0 0 0 0 0 0 0 0 0 0 0 0 0 0 0 0 0 0 0 0 0 0 0 0 0 0 0 0 0 0 0 0 0 0 0 0 0 0 0 0 0 
0 0 0 0 0 0 0 0 0 0 0 0 0 0 0 0 0 0 0 0 0 0 0 0 0 0 0 0 0 0 0 0 0 0 0 0 0 0 0 0 0 0 0 0 0 0 0 0 0 0 0 0 0 0 0 0 0 0 0 0 0 0 0 0 0 0 0 0 0 0 0 0 0 0 0 0 0 0 0 0 0 0 0 0 0 0 0 0 0 0 0 0 0 0 0 0 0 0 0 0 0 0 0 0 0 0 0 0 0 0 0 0 0 0 0 0 0 0 0 0 0 0 0 0 0 0 0 0 0 0 0 0 0 0 0 0 0 0 0 0 0 0 0 0 0 0 0 0 0 0 0 0 0 0 0 0 0 0 0 0 0 0 0 0 0 0 0 0 0 0 0 0 0 0 0 0 0 0 0 0 0 0 0 0 0 0 0 0 0 0 0 0 0 0 0 0 0 0 0 0 0 0 0 0 0 0 0 0 0 195 195 195 195 196 196 196 196 196 196 197 197 197 197 198 198 198 198 198 198 197 198 197 198 199 200 200 199 198 198 199 199 199 198 198 199 200 200 200 201 201 201 202 203 204 204 205 205 205 205 206 206 206 0 0 0 0 0 0 0 0 0 0 0 0 0 0 0 0 0 0 0 0 0 0 0 0 202 202 202 202 202 202 202 202 202 202 201 201 202 0 0 0 0 0 0 0 0 0 0 0 0 0 0 0 0 0 0 0 0 0 0 0 0 0 0 0 0 0 0 0 0 0 0 0 0 0 0 0 0 0 0 0 0 0 0 0 0 0 0 0 0 0 0 0 0 0 0 0 0 0 0 0 0 0 0 0 0 0 0 0 0 0 0 0 0 0 0 0 0 0 0 0 0 0 0 0 0 0 0 0 0 0 0 0 0 0 0 0 0 0 0 0 0 0 0 0 0 0 0 0 0 0 0 0 0 0 0 0 0 0 0 0 0 0 0 0 0 0 0 0 0 0 0 0 0 0 0 0 0 0 0 0 0 0 0 0 0 0 0 0 0 0 0 0 0 0 0 0 0 0 0 0 0 0 0 0 0 0 0 0 0 0 0 0 0 0 0 0 0 0 0 0 0 0 0 0 0 0 0 0 0 0 0 0 0 0 0 0 0 0 0 0 0 
0 0 0 0 0 0 0 0 0 0 0 0 0 0 0 0 0 0 0 0 0 0 0 0 0 0 0 0 0 0 0 0 0 0 0 0 0 0 0 0 0 0 0 0 0 0 0 0 0 0 0 0 0 0 0 0 0 0 0 0 0 0 0 0 0 0 0 0 0 0 0 0 0 0 0 0 0 0 0 0 0 0 0 0 0 0 0 0 0 0 0 0 0 0 0 0 0 0 0 0 0 0 0 0 0 0 0 0 0 0 0 0 0 0 0 0 0 0 0 0 0 0 0 0 0 0 0 0 0 0 0 0 0 0 0 0 0 0 0 0 0 0 0 0 0 0 0 0 0 0 0 0 0 0 0 0 0 0 0 0 0 0 0 0 0 0 0 0 0 0 0 0 0 0 0 0 0 0 0 0 0 0 0 0 0 0 0 0 0 0 0 0 0 0 0 0 0 0 0 0 0 0 0 0 0 0 0 0 0 195 195 195 196 196 196 197 197 197 197 198 198 198 198 199 199 199 199 199 199 199 199 199 199 199 200 200 200 199 199 200 200 200 200 199 199 199 200 201 202 203 203 204 205 205 205 0 0 206 0 0 0 0 0 0 0 0 0 0 0 0 0 0 0 0 0 0 0 0 0 0 0 0 0 0 0 0 0 201 202 202 202 202 203 202 202 202 202 202 0 0 0 0 0 0 0 0 0 0 0 0 0 0 0 0 0 0 0 0 0 0 0 0 0 0 0 0 0 0 0 0 0 0 0 0 0 0 0 0 0 0 0 0 0 0 0 0 0 0 0 0 0 0 0 0 0 0 0 0 0 0 0 0 0 0 0 0 0 0 0 0 0 0 0 0 0 0 0 0 0 0 0 0 0 0 0 0 0 0 0 0 0 0 0 0 0 0 0 0 0 0 0 0 0 0 0 0 0 0 0 0 0 0 0 0 0 0 0 0 0 0 0 0 0 0 0 0 0 0 0 0 0 0 0 0 0 0 0 0 0 0 0 0 0 0 0 0 0 0 0 0 0 0 0 0 0 0 0 0 0 0 0 0 0 0 0 0 0 0 0 0 0 0 0 0 0 0 0 0 0 0 0 0 0 0 0 0 0 0 0 0 0 0 0 0 0 0 0 0 0 0 0 0 0 
0 0 0 0 0 0 0 0 0 0 0 0 0 0 0 0 0 0 0 0 0 0 0 0 0 0 0 0 0 0 0 0 0 0 0 0 0 0 0 0 0 0 0 0 0 0 0 0 0 0 0 0 0 0 0 0 0 0 0 0 0 0 0 0 0 0 0 0 0 0 0 0 0 0 0 0 0 0 0 0 0 0 0 0 0 0 0 0 0 0 0 0 0 0 0 0 0 0 0 0 0 0 0 0 0 0 0 0 0 0 0 0 0 0 0 0 0 0 0 0 0 0 0 0 0 0 0 0 0 0 0 0 0 0 0 0 0 0 0 0 0 0 0 0 0 0 0 0 0 0 0 0 0 0 0 0 0 0 0 0 0 0 0 0 0 0 0 0 0 0 0 0 0 0 0 0 0 0 0 0 0 0 0 0 0 0 0 0 0 0 0 0 0 0 0 0 0 0 0 0 0 0 0 0 0 0 0 0 0 0 197 196 197 197 197 198 198 197 197 197 198 198 199 199 199 199 199 199 200 199 199 199 199 199 200 200 201 200 199 199 200 201 200 200 199 199 199 200 201 202 203 204 206 205 0 0 0 0 0 0 0 0 0 0 0 0 0 0 0 0 0 0 0 0 0 0 0 0 0 0 0 0 0 0 0 0 0 0 202 202 202 202 203 203 203 203 202 202 202 0 0 0 0 0 0 0 0 0 0 0 0 0 0 0 0 0 0 0 0 0 0 0 0 0 0 0 0 0 0 0 0 0 0 0 0 0 0 0 0 0 0 0 0 0 0 0 0 0 0 0 0 0 0 0 0 0 0 0 0 0 0 0 0 0 0 0 0 0 0 0 0 0 0 0 0 0 0 0 0 0 0 0 0 0 0 0 0 0 0 0 0 0 0 0 0 0 0 0 0 0 0 0 0 0 0 0 0 0 0 0 0 0 0 0 0 0 0 0 0 0 0 0 0 0 0 0 0 0 0 0 0 0 0 0 0 0 0 0 0 0 0 0 0 0 0 0 0 0 0 0 0 0 0 0 0 0 0 0 0 0 0 0 0 0 0 0 0 0 0 0 0 0 0 0 0 0 0 0 0 0 0 0 0 0 0 0 0 0 0 0 0 0 0 0 0 0 0 0 0 0 0 0 0 
0 0 0 0 0 0 0 0 0 0 0 0 0 0 0 0 0 0 0 0 0 0 0 0 0 0 0 0 0 0 0 0 0 0 0 0 0 0 0 0 0 0 0 0 0 0 0 0 0 0 0 0 0 0 0 0 0 0 0 0 0 0 0 0 0 0 0 0 0 0 0 0 0 0 0 0 0 0 0 0 0 0 0 0 0 0 0 0 0 0 0 0 0 0 0 0 0 0 0 0 0 0 0 0 0 0 0 0 0 0 0 0 0 0 0 0 0 0 0 0 0 0 0 0 0 0 0 0 0 0 0 0 0 0 0 0 0 0 0 0 0 0 0 0 0 0 0 0 0 0 0 0 0 0 0 0 0 0 0 0 0 0 0 0 0 0 0 0 0 0 0 0 0 0 0 0 0 0 0 0 0 0 0 0 0 0 0 0 0 0 0 0 0 0 0 0 0 0 0 0 0 0 0 0 0 0 0 0 0 0 198 197 198 199 198 198 198 197 197 198 198 198 199 199 199 199 199 199 199 199 199 199 199 199 200 200 201 200 200 199 200 201 201 200 200 200 200 201 201 202 202 204 0 0 0 0 0 0 0 0 0 0 0 0 0 0 0 0 0 0 0 0 0 0 0 0 0 0 0 0 0 0 0 0 0 0 0 0 202 202 202 202 203 203 203 203 202 203 202 201 0 0 0 0 0 0 0 0 0 0 0 0 0 0 0 0 0 0 0 0 0 0 0 0 0 0 0 0 0 0 0 0 0 0 0 0 0 0 0 0 0 0 0 0 0 0 0 0 0 0 0 0 0 0 0 0 0 0 0 0 0 0 0 0 0 0 0 0 0 0 0 0 0 0 0 0 0 0 0 0 0 0 0 0 0 0 0 0 0 0 0 0 0 0 0 0 0 0 0 0 0 0 0 0 0 0 0 0 0 0 0 0 0 0 0 0 0 0 0 0 0 0 0 0 0 0 0 0 0 0 0 0 0 0 0 0 0 0 0 0 0 0 0 0 0 0 0 0 0 0 0 0 0 0 0 0 0 0 0 0 0 0 0 0 0 0 0 0 0 0 0 0 0 0 0 0 0 0 0 0 0 0 0 0 0 0 0 0 0 0 0 0 0 0 0 0 0 0 0 0 0 0 0 
0 0 0 0 0 0 0 0 0 0 0 0 0 0 0 0 0 0 0 0 0 0 0 0 0 0 0 0 0 0 0 0 0 0 0 0 0 0 0 0 0 0 0 0 0 0 0 0 0 0 0 0 0 0 0 0 0 0 0 0 0 0 0 0 0 0 0 0 0 0 0 0 0 0 0 0 0 0 0 0 0 0 0 0 0 0 0 0 0 0 0 0 0 0 0 0 0 0 0 0 0 0 0 0 0 0 0 0 0 0 0 0 0 0 0 0 0 0 0 0 0 0 0 0 0 0 0 0 0 0 0 0 0 0 0 0 0 0 0 0 0 0 0 0 0 0 0 0 0 0 0 0 0 0 0 0 0 0 0 0 0 0 0 0 0 0 0 0 0 0 0 0 0 0 0 0 0 0 0 0 0 0 0 0 0 0 0 0 0 0 0 0 0 0 0 0 0 0 0 0 0 0 0 0 0 0 0 0 0 0 198 199 199 199 199 198 198 197 197 198 198 199 199 199 199 199 199 199 199 199 199 200 200 200 200 201 201 201 200 200 200 201 201 201 202 202 202 202 202 203 204 0 0 0 0 0 0 0 0 0 0 0 0 0 0 0 0 0 0 0 0 0 0 0 0 0 0 0 0 0 0 0 0 0 0 0 0 0 202 202 202 202 203 203 203 203 203 203 203 202 0 0 0 0 0 0 0 0 0 0 0 0 0 0 0 0 0 0 0 0 0 0 0 0 0 0 0 0 0 0 0 0 0 0 0 0 0 0 0 0 0 0 0 0 0 0 0 0 0 0 0 0 0 0 0 0 0 0 0 0 0 0 0 0 0 0 0 0 0 0 0 0 0 0 0 0 0 0 0 0 0 0 0 0 0 0 0 0 0 0 0 0 0 0 0 0 0 0 0 0 0 0 0 0 0 0 0 0 0 0 0 0 0 0 0 0 0 0 0 0 0 0 0 0 0 0 0 0 0 0 0 0 0 0 0 0 0 0 0 0 0 0 0 0 0 0 0 0 0 0 0 0 0 0 0 0 0 0 0 0 0 0 0 0 0 0 0 0 0 0 0 0 0 0 0 0 0 0 0 0 0 0 0 0 0 0 0 0 0 0 0 0 0 0 0 0 0 0 0 0 0 0 0 
0 0 0 0 0 0 0 0 0 0 0 0 0 0 0 0 0 0 0 0 0 0 0 0 0 0 0 0 0 0 0 0 0 0 0 0 0 0 0 0 0 0 0 0 0 0 0 0 0 0 0 0 0 0 0 0 0 0 0 0 0 0 0 0 0 0 0 0 0 0 0 0 0 0 0 0 0 0 0 0 0 0 0 0 0 0 0 0 0 0 0 0 0 0 0 0 0 0 0 0 0 0 0 0 0 0 0 0 0 0 0 0 0 0 0 0 0 0 0 0 0 0 0 0 0 0 0 0 0 0 0 0 0 0 0 0 0 0 0 0 0 0 0 0 0 0 0 0 0 0 0 0 0 0 0 0 0 0 0 0 0 0 0 0 0 0 0 0 0 0 0 0 0 0 0 0 0 0 0 0 0 0 0 0 0 0 0 0 0 0 0 0 0 0 0 0 0 0 0 0 0 0 0 0 0 0 0 0 0 0 200 200 199 198 198 198 198 198 198 198 198 198 199 199 199 199 199 199 199 199 199 200 200 200 201 201 202 201 201 201 201 202 203 204 204 204 203 203 203 204 0 0 0 0 0 0 0 0 0 0 0 0 0 0 0 0 0 0 0 0 0 0 0 0 0 0 0 0 0 0 0 0 0 0 0 0 0 0 201 202 201 202 203 203 203 203 0 0 0 0 0 0 0 0 0 0 0 0 0 0 0 0 0 0 0 0 0 0 0 0 0 0 0 0 0 0 0 0 0 0 0 0 0 0 0 0 0 0 0 0 0 0 0 0 0 0 0 0 0 0 0 0 0 0 0 0 0 0 0 0 0 0 0 0 0 0 0 0 0 0 0 0 0 0 0 0 0 0 0 0 0 0 0 0 0 0 0 0 0 0 0 0 0 0 0 0 0 0 0 0 0 0 0 0 0 0 0 0 0 0 0 0 0 0 0 0 0 0 0 0 0 0 0 0 0 0 0 0 0 0 0 0 0 0 0 0 0 0 0 0 0 0 0 0 0 0 0 0 0 0 0 0 0 0 0 0 0 0 0 0 0 0 0 0 0 0 0 0 0 0 0 0 0 0 0 0 0 0 0 0 0 0 0 0 0 0 0 0 0 0 0 0 0 0 0 0 0 0 0 0 0 0 0 
0 0 0 0 0 0 0 0 0 0 0 0 0 0 0 0 0 0 0 0 0 0 0 0 0 0 0 0 0 0 0 0 0 0 0 0 0 0 0 0 0 0 0 0 0 0 0 0 0 0 0 0 0 0 0 0 0 0 0 0 0 0 0 0 0 0 0 0 0 0 0 0 0 0 0 0 0 0 0 0 0 0 0 0 0 0 0 0 0 0 0 0 0 0 0 0 0 0 0 0 0 0 0 0 0 0 0 0 0 0 0 0 0 0 0 0 0 0 0 0 0 0 0 0 0 0 0 0 0 0 0 0 0 0 0 0 0 0 0 0 0 0 0 0 0 0 0 0 0 0 0 0 0 0 0 0 0 0 0 0 0 0 0 0 0 0 0 0 0 0 0 0 0 0 0 0 0 0 0 0 0 0 0 0 0 0 0 0 0 0 0 0 0 0 0 0 0 0 0 0 0 0 0 0 0 0 0 0 0 0 200 199 199 198 197 197 198 198 198 198 198 198 199 199 199 199 199 199 199 200 200 200 201 201 202 202 202 203 202 202 201 203 204 0 0 0 0 0 0 0 0 0 0 0 0 0 0 0 0 0 0 0 0 0 0 0 0 0 0 0 0 0 0 0 0 0 0 0 0 0 0 0 0 0 0 0 0 0 0 0 202 202 202 203 0 0 0 0 0 0 0 0 0 0 0 0 0 0 0 0 0 0 0 0 0 0 0 0 0 0 0 0 0 0 0 0 0 0 0 0 0 0 0 0 0 0 0 0 0 0 0 0 0 0 0 0 0 0 0 0 0 0 0 0 0 0 0 0 0 0 0 0 0 0 0 0 0 0 0 0 0 0 0 0 0 0 0 0 0 0 0 0 0 0 0 0 0 0 0 0 0 0 0 0 0 0 0 0 0 0 0 0 0 0 0 0 0 0 0 0 0 0 0 0 0 0 0 0 0 0 0 0 0 0 0 0 0 0 0 0 0 0 0 0 0 0 0 0 0 0 0 0 0 0 0 0 0 0 0 0 0 0 0 0 0 0 0 0 0 0 0 0 0 0 0 0 0 0 0 0 0 0 0 0 0 0 0 0 0 0 0 0 0 0 0 0 0 0 0 0 0 0 0 0 0 0 0 0 0 0 0 0 0 
0 0 0 0 0 0 0 0 0 0 0 0 0 0 0 0 0 0 0 0 0 0 0 0 0 0 0 0 0 0 0 0 0 0 0 0 0 0 0 0 0 0 0 0 0 0 0 0 0 0 0 0 0 0 0 0 0 0 0 0 0 0 0 0 0 0 0 0 0 0 0 0 0 0 0 0 0 0 0 0 0 0 0 0 0 0 0 0 0 0 0 0 0 0 0 0 0 0 0 0 0 0 0 0 0 0 0 0 0 0 0 0 0 0 0 0 0 0 0 0 0 0 0 0 0 0 0 0 0 0 0 0 0 0 0 0 0 0 0 0 0 0 0 0 0 0 0 0 0 0 0 0 0 0 0 0 0 0 0 0 0 0 0 0 0 0 0 0 0 0 0 0 0 0 0 0 0 0 0 0 0 0 0 0 0 0 0 0 0 0 0 0 0 0 0 0 0 0 0 0 0 0 0 0 0 0 0 0 0 201 200 201 199 198 197 197 197 198 198 198 198 198 199 199 199 199 199 200 200 200 201 201 201 202 203 203 203 204 203 202 203 204 0 0 0 0 0 0 0 0 0 0 0 0 0 0 0 0 0 0 0 0 0 0 0 0 0 0 0 0 0 0 0 0 0 0 0 0 0 0 0 0 0 0 0 0 0 0 0 0 0 0 0 0 0 0 0 0 0 0 0 0 0 0 0 0 0 0 0 0 0 0 0 0 0 0 0 0 0 0 0 0 0 0 0 0 0 0 0 0 0 0 0 0 0 0 0 0 0 0 0 0 0 0 0 0 0 0 0 0 0 0 0 0 0 0 0 0 0 0 0 0 0 0 0 0 0 0 0 0 0 0 0 0 0 0 0 0 0 0 0 0 0 0 0 0 0 0 0 0 0 0 0 0 0 0 0 0 0 0 0 0 0 0 0 0 0 0 0 0 0 0 0 0 0 0 0 0 0 0 0 0 0 0 0 0 0 0 0 0 0 0 0 0 0 0 0 0 0 0 0 0 0 0 0 0 0 0 0 0 0 0 0 0 0 0 0 0 0 0 0 0 0 0 0 0 0 0 0 0 0 0 0 0 0 0 0 0 0 0 0 0 0 0 0 0 0 0 0 0 0 0 0 0 0 0 0 0 0 0 0 0 0 
0 0 0 0 0 0 0 0 0 0 0 0 0 0 0 0 0 0 0 0 0 0 0 0 0 0 0 0 0 0 0 0 0 0 0 0 0 0 0 0 0 0 0 0 0 0 0 0 0 0 0 0 0 0 0 0 0 0 0 0 0 0 0 0 0 0 0 0 0 0 0 0 0 0 0 0 0 0 0 0 0 0 0 0 0 0 0 0 0 0 0 0 0 0 0 0 0 0 0 0 0 0 0 0 0 0 0 0 0 0 0 0 0 0 0 0 0 0 0 0 0 0 0 0 0 0 0 0 0 0 0 0 0 0 0 0 0 0 0 0 0 0 0 0 0 0 0 0 0 0 0 0 0 0 0 0 0 0 0 0 0 0 0 0 0 0 0 0 0 0 0 0 0 0 0 0 0 0 0 0 0 0 0 0 0 0 0 0 0 0 0 0 0 0 0 0 0 0 0 0 0 0 0 0 0 0 0 0 0 201 201 200 199 198 198 197 197 198 198 198 198 198 199 199 199 200 199 200 200 201 201 202 202 202 203 204 0 0 0 0 0 0 0 0 0 0 0 0 0 0 0 0 0 0 0 0 0 0 0 0 0 0 0 0 0 0 0 0 0 0 0 0 0 0 0 0 0 0 0 0 0 0 0 0 0 0 0 0 0 0 0 0 0 0 0 0 0 0 0 0 0 0 0 0 0 0 0 0 0 0 0 0 0 0 0 0 0 0 0 0 0 0 0 0 0 0 0 0 0 0 0 0 0 0 0 0 0 0 0 0 0 0 0 0 0 0 0 0 0 0 0 0 0 0 0 0 0 0 0 0 0 0 0 0 0 0 0 0 0 0 0 0 0 0 0 0 0 0 0 0 0 0 0 0 0 0 0 0 0 0 0 0 0 0 0 0 0 0 0 0 0 0 0 0 0 0 0 0 0 0 0 0 0 0 0 0 0 0 0 0 0 0 0 0 0 0 0 0 0 0 0 0 0 0 0 0 0 0 0 0 0 0 0 0 0 0 0 0 0 0 0 0 0 0 0 0 0 0 0 0 0 0 0 0 0 0 0 0 0 0 0 0 0 0 0 0 0 0 0 0 0 0 0 0 0 0 0 0 0 0 0 0 0 0 0 0 0 0 0 0 0 0 0 
0 0 0 0 0 0 0 0 0 0 0 0 0 0 0 0 0 0 0 0 0 0 0 0 0 0 0 0 0 0 0 0 0 0 0 0 0 0 0 0 0 0 0 0 0 0 0 0 0 0 0 0 0 0 0 0 0 0 0 0 0 0 0 0 0 0 0 0 0 0 0 0 0 0 0 0 0 0 0 0 0 0 0 0 0 0 0 0 0 0 0 0 0 0 0 0 0 0 0 0 0 0 0 0 0 0 0 0 0 0 0 0 0 0 0 0 0 0 0 0 0 0 0 0 0 0 0 0 0 0 0 0 0 0 0 0 0 0 0 0 0 0 0 0 0 0 0 0 0 0 0 0 0 0 0 0 0 0 0 0 0 0 0 0 0 0 0 0 0 0 0 0 0 0 0 0 0 0 0 0 0 0 0 0 0 0 0 0 0 0 0 0 0 0 0 0 0 0 0 0 0 0 0 0 0 0 0 0 0 200 199 199 198 197 197 197 198 198 198 199 199 199 199 199 199 200 200 200 201 201 202 203 203 202 203 204 0 0 0 0 0 0 0 0 0 0 0 0 0 0 0 0 0 0 0 0 0 0 0 0 0 0 0 0 0 0 0 0 0 0 0 0 0 0 0 0 0 0 0 0 0 0 0 0 0 0 0 0 0 0 0 0 0 0 0 0 0 0 0 0 0 0 0 0 0 0 0 0 0 0 0 0 0 0 0 0 0 0 0 0 0 0 0 0 0 0 0 0 0 0 0 0 0 0 0 0 0 0 0 0 0 0 0 0 0 0 0 0 0 0 0 0 0 0 0 0 0 0 0 0 0 0 0 0 0 0 0 0 0 0 0 0 0 0 0 0 0 0 0 0 0 0 0 0 0 0 0 0 0 0 0 0 0 0 0 0 0 0 0 0 0 0 0 0 0 0 0 0 0 0 0 0 0 0 0 0 0 0 0 0 0 0 0 0 0 0 0 0 0 0 0 0 0 0 0 0 0 0 0 0 0 0 0 0 0 0 0 0 0 0 0 0 0 0 0 0 0 0 0 0 0 0 0 0 0 0 0 0 0 0 0 0 0 0 0 0 0 0 0 0 0 0 0 0 0 0 0 0 0 0 0 0 0 0 0 0 0 0 0 0 0 0 0 
0 0 0 0 0 0 0 0 0 0 0 0 0 0 0 0 0 0 0 0 0 0 0 0 0 0 0 0 0 0 0 0 0 0 0 0 0 0 0 0 0 0 0 0 0 0 0 0 0 0 0 0 0 0 0 0 0 0 0 0 0 0 0 0 0 0 0 0 0 0 0 0 0 0 0 0 0 0 0 0 0 0 0 0 0 0 0 0 0 0 0 0 0 0 0 0 0 0 0 0 0 0 0 0 0 0 0 0 0 0 0 0 0 0 0 0 0 0 0 0 0 0 0 0 0 0 0 0 0 0 0 0 0 0 0 0 0 0 0 0 0 0 0 0 0 0 0 0 0 0 0 0 0 0 0 0 0 0 0 0 0 0 0 0 0 0 0 0 0 0 0 0 0 0 0 0 0 0 0 0 0 0 0 0 0 0 0 0 0 0 0 0 0 0 0 0 0 0 0 0 0 0 0 0 0 0 0 0 0 0 198 198 197 197 197 197 198 198 199 199 199 199 199 199 200 200 200 201 201 202 202 203 204 203 204 0 0 0 0 0 0 0 0 0 0 0 0 0 0 0 0 0 0 0 0 0 0 0 0 0 0 0 0 0 0 0 0 0 0 0 0 0 0 0 0 0 0 0 0 0 0 0 0 0 0 0 0 0 0 0 0 0 0 0 0 0 0 0 0 0 0 0 0 0 0 0 0 0 0 0 0 0 0 0 0 0 0 0 0 0 0 0 0 0 0 0 0 0 0 0 0 0 0 0 0 0 0 0 0 0 0 0 0 0 0 0 0 0 0 0 0 0 0 0 0 0 0 0 0 0 0 0 0 0 0 0 0 0 0 0 0 0 0 0 0 0 0 0 0 0 0 0 0 0 0 0 0 0 0 0 0 0 0 0 0 0 0 0 0 0 0 0 0 0 0 0 0 0 0 0 0 0 0 0 0 0 0 0 0 0 0 0 0 0 0 0 0 0 0 0 0 0 0 0 0 0 0 0 0 0 0 0 0 0 0 0 0 0 0 0 0 0 0 0 0 0 0 0 0 0 0 0 0 0 0 0 0 0 0 0 0 0 0 0 0 0 0 0 0 0 0 0 0 0 0 0 0 0 0 0 0 0 0 0 0 0 0 0 0 0 0 0 0 
0 0 0 0 0 0 0 0 0 0 0 0 0 0 0 0 0 0 0 0 0 0 0 0 0 0 0 0 0 0 0 0 0 0 0 0 0 0 0 0 0 0 0 0 0 0 0 0 0 0 0 0 0 0 0 0 0 0 0 0 0 0 0 0 0 0 0 0 0 0 0 0 0 0 0 0 0 0 0 0 0 0 0 0 0 0 0 0 0 0 0 0 0 0 0 0 0 0 0 0 0 0 0 0 0 0 0 0 0 0 0 0 0 0 0 0 0 0 0 0 0 0 0 0 0 0 0 0 0 0 0 0 0 0 0 0 0 0 0 0 0 0 0 0 0 0 0 0 0 0 0 0 0 0 0 0 0 0 0 0 0 0 0 0 0 0 0 0 0 0 0 0 0 0 0 0 0 0 0 0 0 0 0 0 0 0 0 0 0 0 0 0 0 0 0 0 0 0 0 0 0 0 0 0 0 0 0 0 0 0 0 0 197 196 197 198 198 199 199 198 198 199 199 199 200 200 200 201 201 202 203 204 204 0 0 0 0 0 0 0 0 0 0 0 0 0 0 0 0 0 0 0 0 0 0 0 0 0 0 0 0 0 0 0 0 0 0 0 0 0 0 0 0 0 0 0 0 0 0 0 0 0 0 0 0 0 0 0 0 0 0 0 0 0 0 0 0 0 0 0 0 0 0 0 0 0 0 0 0 0 0 0 0 0 0 0 0 0 0 0 0 0 0 0 0 0 0 0 0 0 0 0 0 0 0 0 0 0 0 0 0 0 0 0 0 0 0 0 0 0 0 0 0 0 0 0 0 0 0 0 0 0 0 0 0 0 0 0 0 0 0 0 0 0 0 0 0 0 0 0 0 0 0 0 0 0 0 0 0 0 0 0 0 0 0 0 0 0 0 0 0 0 0 0 0 0 0 0 0 0 0 0 0 0 0 0 0 0 0 0 0 0 0 0 0 0 0 0 0 0 0 0 0 0 0 0 0 0 0 0 0 0 0 0 0 0 0 0 0 0 0 0 0 0 0 0 0 0 0 0 0 0 0 0 0 0 0 0 0 0 0 0 0 0 0 0 0 0 0 0 0 0 0 0 0 0 0 0 0 0 0 0 0 0 0 0 0 0 0 0 0 0 0 
0 0 0 0 0 0 0 0 0 0 0 0 0 0 0 0 0 0 0 0 0 0 0 0 0 0 0 0 0 0 0 0 0 0 0 0 0 0 0 0 0 0 0 0 0 0 0 0 0 0 0 0 0 0 0 0 0 0 0 0 0 0 0 0 0 0 0 0 0 0 0 0 0 0 0 0 0 0 0 0 0 0 0 0 0 0 0 0 0 0 0 0 0 0 0 0 0 0 0 0 0 0 0 0 0 0 0 0 0 0 0 0 0 0 0 0 0 0 0 0 0 0 0 0 0 0 0 0 0 0 0 0 0 0 0 0 0 0 0 0 0 0 0 0 0 0 0 0 0 0 0 0 0 0 0 0 0 0 0 0 0 0 0 0 0 0 0 0 0 0 0 0 0 0 0 0 0 0 0 0 0 0 0 0 0 0 0 0 0 0 0 0 0 0 0 0 0 0 0 0 0 0 0 0 0 0 0 0 0 0 0 0 0 196 198 198 198 198 198 198 199 199 199 199 200 200 200 200 201 202 202 203 204 0 0 0 0 0 0 0 0 0 0 0 0 0 0 0 0 0 0 0 0 0 0 0 0 0 0 0 0 0 0 0 0 0 0 0 0 0 0 0 0 0 0 0 0 0 0 0 0 0 0 0 0 0 0 0 0 0 0 0 0 0 0 0 0 0 0 0 0 0 0 0 0 0 0 0 0 0 0 0 0 0 0 0 0 0 0 0 0 0 0 0 0 0 0 0 0 0 0 0 0 0 0 0 0 0 0 0 0 0 0 0 0 0 0 0 0 0 0 0 0 0 0 0 0 0 0 0 0 0 0 0 0 0 0 0 0 0 0 0 0 0 0 0 0 0 0 0 0 0 0 0 0 0 0 0 0 0 0 0 0 0 0 0 0 0 0 0 0 0 0 0 0 0 0 0 0 0 0 0 0 0 0 0 0 0 0 0 0 0 0 0 0 0 0 0 0 0 0 0 0 0 0 0 0 0 0 0 0 0 0 0 0 0 0 0 0 0 0 0 0 0 0 0 0 0 0 0 0 0 0 0 0 0 0 0 0 0 0 0 0 0 0 0 0 0 0 0 0 0 0 0 0 0 0 0 0 0 0 0 0 0 0 0 0 0 0 0 0 0 0 
0 0 0 0 0 0 0 0 0 0 0 0 0 0 0 0 0 0 0 0 0 0 0 0 0 0 0 0 0 0 0 0 0 0 0 0 0 0 0 0 0 0 0 0 0 0 0 0 0 0 0 0 0 0 0 0 0 0 0 0 0 0 0 0 0 0 0 0 0 0 0 0 0 0 0 0 0 0 0 0 0 0 0 0 0 0 0 0 0 0 0 0 0 0 0 0 0 0 0 0 0 0 0 0 0 0 0 0 0 0 0 0 0 0 0 0 0 0 0 0 0 0 0 0 0 0 0 0 0 0 0 0 0 0 0 0 0 0 0 0 0 0 0 0 0 0 0 0 0 0 0 0 0 0 0 0 0 0 0 0 0 0 0 0 0 0 0 0 0 0 0 0 0 0 0 0 0 0 0 0 0 0 0 0 0 0 0 0 0 0 0 0 0 0 0 0 0 0 0 0 0 0 0 0 0 0 0 0 0 0 0 0 0 197 198 198 199 198 198 198 198 199 199 200 200 200 201 201 202 203 203 203 204 0 0 0 0 0 0 0 0 0 0 0 0 0 0 0 0 0 0 0 0 0 0 0 0 0 0 0 0 0 0 0 0 0 0 0 0 0 0 0 0 0 0 0 0 0 0 0 0 0 0 0 0 0 0 0 0 0 0 0 0 0 0 0 0 0 0 0 0 0 0 0 0 0 0 0 0 0 0 0 0 0 0 0 0 0 0 0 0 0 0 0 0 0 0 0 0 0 0 0 0 0 0 0 0 0 0 0 0 0 0 0 0 0 0 0 0 0 0 0 0 0 0 0 0 0 0 0 0 0 0 0 0 0 0 0 0 0 0 0 0 0 0 0 0 0 0 0 0 0 0 0 0 0 0 0 0 0 0 0 0 0 0 0 0 0 0 0 0 0 0 0 0 0 0 0 0 0 0 0 0 0 0 0 0 0 0 0 0 0 0 0 0 0 0 0 0 0 0 0 0 0 0 0 0 0 0 0 0 0 0 0 0 0 0 0 0 0 0 0 0 0 0 0 0 0 0 0 0 0 0 0 0 0 0 0 0 0 0 0 0 0 0 0 0 0 0 0 0 0 0 0 0 0 0 0 0 0 0 0 0 0 0 0 0 0 0 0 0 0 0 
0 0 0 0 0 0 0 0 0 0 0 0 0 0 0 0 0 0 0 0 0 0 0 0 0 0 0 0 0 0 0 0 0 0 0 0 0 0 0 0 0 0 0 0 0 0 0 0 0 0 0 0 0 0 0 0 0 0 0 0 0 0 0 0 0 0 0 0 0 0 0 0 0 0 0 0 0 0 0 0 0 0 0 0 0 0 0 0 0 0 0 0 0 0 0 0 0 0 0 0 0 0 0 0 0 0 0 0 0 0 0 0 0 0 0 0 0 0 0 0 0 0 0 0 0 0 0 0 0 0 0 0 0 0 0 0 0 0 0 0 0 0 0 0 0 0 0 0 0 0 0 0 0 0 0 0 0 0 0 0 0 0 0 0 0 0 0 0 0 0 0 0 0 0 0 0 0 0 0 0 0 0 0 0 0 0 0 0 0 0 0 0 0 0 0 0 0 0 0 0 0 0 0 0 0 0 0 0 0 0 0 0 0 0 199 198 198 198 198 198 199 199 200 200 201 201 201 202 202 203 204 204 204 0 0 0 0 0 0 0 0 0 0 0 0 0 0 0 0 0 0 0 0 0 0 0 0 0 0 0 0 0 0 0 0 0 0 0 0 0 0 0 0 0 0 0 0 0 0 0 0 0 0 0 0 0 0 0 0 0 0 0 0 0 0 0 0 0 0 0 0 0 0 0 0 0 0 0 0 0 0 0 0 0 0 0 0 0 0 0 0 0 0 0 0 0 0 0 0 0 0 0 0 0 0 0 0 0 0 0 0 0 0 0 0 0 0 0 0 0 0 0 0 0 0 0 0 0 0 0 0 0 0 0 0 0 0 0 0 0 0 0 0 0 0 0 0 0 0 0 0 0 0 0 0 0 0 0 0 0 0 0 0 0 0 0 0 0 0 0 0 0 0 0 0 0 0 0 0 0 0 0 0 0 0 0 0 0 0 0 0 0 0 0 0 0 0 0 0 0 0 0 0 0 0 0 0 0 0 0 0 0 0 0 0 0 0 0 0 0 0 0 0 0 0 0 0 0 0 0 0 0 0 0 0 0 0 0 0 0 0 0 0 0 0 0 0 0 0 0 0 0 0 0 0 0 0 0 0 0 0 0 0 0 0 0 0 0 0 0 0 0 0 
0 0 0 0 0 0 0 0 0 0 0 0 0 0 0 0 0 0 0 0 0 0 0 0 0 0 0 0 0 0 0 0 0 0 0 0 0 0 0 0 0 0 0 0 0 0 0 0 0 0 0 0 0 0 0 0 0 0 0 0 0 0 0 0 0 0 0 0 0 0 0 0 0 0 0 0 0 0 0 0 0 0 0 0 0 0 0 0 0 0 0 0 0 0 0 0 0 0 0 0 0 0 0 0 0 0 0 0 0 0 0 0 0 0 0 0 0 0 0 0 0 0 0 0 0 0 0 0 0 0 0 0 0 0 0 0 0 0 0 0 0 0 0 0 0 0 0 0 0 0 0 0 0 0 0 0 0 0 0 0 0 0 0 0 0 0 0 0 0 0 0 0 0 0 0 0 0 0 0 0 0 0 0 0 0 0 0 0 0 0 0 0 0 0 0 0 0 0 0 0 0 0 0 0 0 0 0 0 0 0 0 0 0 0 200 199 199 199 199 198 198 199 200 201 201 202 202 203 203 203 204 204 204 0 0 0 0 0 0 0 0 0 0 0 0 0 0 0 0 0 0 0 0 0 0 0 0 0 0 0 0 0 0 0 0 0 0 0 0 0 0 0 0 0 0 0 0 0 0 0 0 0 0 0 0 0 0 0 0 0 0 0 0 0 0 0 0 0 0 0 0 0 0 0 0 0 0 0 0 0 0 0 0 0 0 0 0 0 0 0 0 0 0 0 0 0 0 0 0 0 0 0 0 0 0 0 0 0 0 0 0 0 0 0 0 0 0 0 0 0 0 0 0 0 0 0 0 0 0 0 0 0 0 0 0 0 0 0 0 0 0 0 0 0 0 0 0 0 0 0 0 0 0 0 0 0 0 0 0 0 0 0 0 0 0 0 0 0 0 0 0 0 0 0 0 0 0 0 0 0 0 0 0 0 0 0 0 0 0 0 0 0 0 0 0 0 0 0 0 0 0 0 0 0 0 0 0 0 0 0 0 0 0 0 0 0 0 0 0 0 0 0 0 0 0 0 0 0 0 0 0 0 0 0 0 0 0 0 0 0 0 0 0 0 0 0 0 0 0 0 0 0 0 0 0 0 0 0 0 0 0 0 0 0 0 0 0 0 0 0 0 0 0 
0 0 0 0 0 0 0 0 0 0 0 0 0 0 0 0 0 0 0 0 0 0 0 0 0 0 0 0 0 0 0 0 0 0 0 0 0 0 0 0 0 0 0 0 0 0 0 0 0 0 0 0 0 0 0 0 0 0 0 0 0 0 0 0 0 0 0 0 0 0 0 0 0 0 0 0 0 0 0 0 0 0 0 0 0 0 0 0 0 0 0 0 0 0 0 0 0 0 0 0 0 0 0 0 0 0 0 0 0 0 0 0 0 0 0 0 0 0 0 0 0 0 0 0 0 0 0 0 0 0 0 0 0 0 0 0 0 0 0 0 0 0 0 0 0 0 0 0 0 0 0 0 0 0 0 0 0 0 0 0 0 0 0 0 0 0 0 0 0 0 0 0 0 0 0 0 0 0 0 0 0 0 0 0 0 0 0 0 0 0 0 0 0 0 0 0 0 0 0 0 0 0 0 0 0 0 0 0 0 0 0 0 0 0 200 200 200 199 199 199 199 199 199 199 201 202 202 203 203 203 203 204 0 0 0 0 0 0 0 0 0 0 0 0 0 0 0 0 0 0 0 0 0 0 0 0 0 0 0 0 0 0 0 0 0 0 0 0 0 0 0 0 0 0 0 0 0 0 0 0 0 0 0 0 0 0 0 0 0 0 0 0 0 0 0 0 0 0 0 0 0 0 0 0 0 0 0 0 0 0 0 0 0 0 0 0 0 0 0 0 0 0 0 0 0 0 0 0 0 0 0 0 0 0 0 0 0 0 0 0 0 0 0 0 0 0 0 0 0 0 0 0 0 0 0 0 0 0 0 0 0 0 0 0 0 0 0 0 0 0 0 0 0 0 0 0 0 0 0 0 0 0 0 0 0 0 0 0 0 0 0 0 0 0 0 0 0 0 0 0 0 0 0 0 0 0 0 0 0 0 0 0 0 0 0 0 0 0 0 0 0 0 0 0 0 0 0 0 0 0 0 0 0 0 0 0 0 0 0 0 0 0 0 0 0 0 0 0 0 0 0 0 0 0 0 0 0 0 0 0 0 0 0 0 0 0 0 0 0 0 0 0 0 0 0 0 0 0 0 0 0 0 0 0 0 0 0 0 0 0 0 0 0 0 0 0 0 0 0 0 0 0 0 
0 0 0 0 0 0 0 0 0 0 0 0 0 0 0 0 0 0 0 0 0 0 0 0 0 0 0 0 0 0 0 0 0 0 0 0 0 0 0 0 0 0 0 0 0 0 0 0 0 0 0 0 0 0 0 0 0 0 0 0 0 0 0 0 0 0 0 0 0 0 0 0 0 0 0 0 0 0 0 0 0 0 0 0 0 0 0 0 0 0 0 0 0 0 0 0 0 0 0 0 0 0 0 0 0 0 0 0 0 0 0 0 0 0 0 0 0 0 0 0 0 0 0 0 0 0 0 0 0 0 0 0 0 0 0 0 0 0 0 0 0 0 0 0 0 0 0 0 0 0 0 0 0 0 0 0 0 0 0 0 0 0 0 0 0 0 0 0 0 0 0 0 0 0 0 0 0 0 0 0 0 0 0 0 0 0 0 0 0 0 0 0 0 0 0 0 0 0 0 0 0 0 0 0 0 0 0 0 0 0 0 0 0 0 0 199 199 200 200 200 200 200 200 200 200 201 202 202 202 202 203 204 0 0 0 0 0 0 0 0 0 0 0 0 0 0 0 0 0 0 0 0 0 0 0 0 0 0 0 0 0 0 0 0 0 0 0 0 0 0 0 0 0 0 0 0 0 0 0 0 0 0 0 0 0 0 0 0 0 0 0 0 0 0 0 0 0 0 0 0 0 0 0 0 0 0 0 0 0 0 0 0 0 0 0 0 0 0 0 0 0 0 0 0 0 0 0 0 0 0 0 0 0 0 0 0 0 0 0 0 0 0 0 0 0 0 0 0 0 0 0 0 0 0 0 0 0 0 0 0 0 0 0 0 0 0 0 0 0 0 0 0 0 0 0 0 0 0 0 0 0 0 0 0 0 0 0 0 0 0 0 0 0 0 0 0 0 0 0 0 0 0 0 0 0 0 0 0 0 0 0 0 0 0 0 0 0 0 0 0 0 0 0 0 0 0 0 0 0 0 0 0 0 0 0 0 0 0 0 0 0 0 0 0 0 0 0 0 0 0 0 0 0 0 0 0 0 0 0 0 0 0 0 0 0 0 0 0 0 0 0 0 0 0 0 0 0 0 0 0 0 0 0 0 0 0 0 0 0 0 0 0 0 0 0 0 0 0 0 0 0 0 0 
0 0 0 0 0 0 0 0 0 0 0 0 0 0 0 0 0 0 0 0 0 0 0 0 0 0 0 0 0 0 0 0 0 0 0 0 0 0 0 0 0 0 0 0 0 0 0 0 0 0 0 0 0 0 0 0 0 0 0 0 0 0 0 0 0 0 0 0 0 0 0 0 0 0 0 0 0 0 0 0 0 0 0 0 0 0 0 0 0 0 0 0 0 0 0 0 0 0 0 0 0 0 0 0 0 0 0 0 0 0 0 0 0 0 0 0 0 0 0 0 0 0 0 0 0 0 0 0 0 0 0 0 0 0 0 0 0 0 0 0 0 0 0 0 0 0 0 0 0 0 0 0 0 0 0 0 0 0 0 0 0 0 0 0 0 0 0 0 0 0 0 0 0 0 0 0 0 0 0 0 0 0 0 0 0 0 0 0 0 0 0 0 0 0 0 0 0 0 0 0 0 0 0 0 0 0 0 0 0 0 0 0 0 0 0 200 199 200 201 200 201 201 201 201 201 201 201 201 201 202 203 205 0 0 0 0 0 0 0 0 0 0 0 0 0 0 0 0 0 0 0 0 0 0 0 0 0 0 0 0 0 0 0 0 0 0 0 0 0 0 0 0 0 0 0 0 0 0 0 0 0 0 0 0 0 0 0 0 0 0 0 0 0 0 0 0 0 0 0 0 0 0 0 0 0 0 0 0 0 0 0 0 0 0 0 0 0 0 0 0 0 0 0 0 0 0 0 0 0 0 0 0 0 0 0 0 0 0 0 0 0 0 0 0 0 0 0 0 0 0 0 0 0 0 0 0 0 0 0 0 0 0 0 0 0 0 0 0 0 0 0 0 0 0 0 0 0 0 0 0 0 0 0 0 0 0 0 0 0 0 0 0 0 0 0 0 0 0 0 0 0 0 0 0 0 0 0 0 0 0 0 0 0 0 0 0 0 0 0 0 0 0 0 0 0 0 0 0 0 0 0 0 0 0 0 0 0 0 0 0 0 0 0 0 0 0 0 0 0 0 0 0 0 0 0 0 0 0 0 0 0 0 0 0 0 0 0 0 0 0 0 0 0 0 0 0 0 0 0 0 0 0 0 0 0 0 0 0 0 0 0 0 0 0 0 0 0 0 0 0 0 0 0 
0 0 0 0 0 0 0 0 0 0 0 0 0 0 0 0 0 0 0 0 0 0 0 0 0 0 0 0 0 0 0 0 0 0 0 0 0 0 0 0 0 0 0 0 0 0 0 0 0 0 0 0 0 0 0 0 0 0 0 0 0 0 0 0 0 0 0 0 0 0 0 0 0 0 0 0 0 0 0 0 0 0 0 0 0 0 0 0 0 0 0 0 0 0 0 0 0 0 0 0 0 0 0 0 0 0 0 0 0 0 0 0 0 0 0 0 0 0 0 0 0 0 0 0 0 0 0 0 0 0 0 0 0 0 0 0 0 0 0 0 0 0 0 0 0 0 0 0 0 0 0 0 0 0 0 0 0 0 0 0 0 0 0 0 0 0 0 0 0 0 0 0 0 0 0 0 0 0 0 0 0 0 0 0 0 0 0 0 0 0 0 0 0 0 0 0 0 0 0 0 0 0 0 0 0 0 0 0 0 0 0 0 0 0 0 201 200 200 200 201 201 201 201 202 202 202 201 201 202 203 204 204 0 0 0 0 0 0 0 0 0 0 0 0 0 0 0 0 0 0 0 0 0 0 0 0 0 0 0 0 0 0 0 0 0 0 0 0 0 0 0 0 0 0 0 0 0 0 0 0 0 0 0 0 0 0 0 0 0 0 0 0 0 0 0 0 0 0 0 0 0 0 0 0 0 0 0 0 0 0 0 0 0 0 0 0 0 0 0 0 0 0 0 0 0 0 0 0 0 0 0 0 0 0 0 0 0 0 0 0 0 0 0 0 0 0 0 0 0 0 0 0 0 0 0 0 0 0 0 0 0 0 0 0 0 0 0 0 0 0 0 0 0 0 0 0 0 0 0 0 0 0 0 0 0 0 0 0 0 0 0 0 0 0 0 0 0 0 0 0 0 0 0 0 0 0 0 0 0 0 0 0 0 0 0 0 0 0 0 0 0 0 0 0 0 0 0 0 0 0 0 0 0 0 0 0 0 0 0 0 0 0 0 0 0 0 0 0 0 0 0 0 0 0 0 0 0 0 0 0 0 0 0 0 0 0 0 0 0 0 0 0 0 0 0 0 0 0 0 0 0 0 0 0 0 0 0 0 0 0 0 0 0 0 0 0 0 0 0 0 0 0 0 
0 0 0 0 0 0 0 0 0 0 0 0 0 0 0 0 0 0 0 0 0 0 0 0 0 0 0 0 0 0 0 0 0 0 0 0 0 0 0 0 0 0 0 0 0 0 0 0 0 0 0 0 0 0 0 0 0 0 0 0 0 0 0 0 0 0 0 0 0 0 0 0 0 0 0 0 0 0 0 0 0 0 0 0 0 0 0 0 0 0 0 0 0 0 0 0 0 0 0 0 0 0 0 0 0 0 0 0 0 0 0 0 0 0 0 0 0 0 0 0 0 0 0 0 0 0 0 0 0 0 0 0 0 0 0 0 0 0 0 0 0 0 0 0 0 0 0 0 0 0 0 0 0 0 0 0 0 0 0 0 0 0 0 0 0 0 0 0 0 0 0 0 0 0 0 0 0 0 0 0 0 0 0 0 0 0 0 0 0 0 0 0 0 0 0 0 0 0 0 0 0 0 0 0 0 0 0 0 0 0 0 0 0 0 0 0 201 200 200 200 200 201 201 202 203 202 201 202 203 204 204 204 205 0 0 0 0 0 0 0 0 0 0 0 0 0 0 0 0 0 0 0 0 0 0 0 0 0 0 0 0 0 0 0 0 0 0 0 0 0 0 0 0 0 0 0 0 0 0 0 0 0 0 0 0 0 0 0 0 0 0 0 0 0 0 0 0 0 0 0 0 0 0 0 0 0 0 0 0 0 0 0 0 0 0 0 0 0 0 0 0 0 0 0 0 0 0 0 0 0 0 0 0 0 0 0 0 0 0 0 0 0 0 0 0 0 0 0 0 0 0 0 0 0 0 0 0 0 0 0 0 0 0 0 0 0 0 0 0 0 0 0 0 0 0 0 0 0 0 0 0 0 0 0 0 0 0 0 0 0 0 0 0 0 0 0 0 0 0 0 0 0 0 0 0 0 0 0 0 0 0 0 0 0 0 0 0 0 0 0 0 0 0 0 0 0 0 0 0 0 0 0 0 0 0 0 0 0 0 0 0 0 0 0 0 0 0 0 0 0 0 0 0 0 0 0 0 0 0 0 0 0 0 0 0 0 0 0 0 0 0 0 0 0 0 0 0 0 0 0 0 0 0 0 0 0 0 0 0 0 0 0 0 0 0 0 0 0 0 0 0 0 0 
0 0 0 0 0 0 0 0 0 0 0 0 0 0 0 0 0 0 0 0 0 0 0 0 0 0 0 0 0 0 0 0 0 0 0 0 0 0 0 0 0 0 0 0 0 0 0 0 0 0 0 0 0 0 0 0 0 0 0 0 0 0 0 0 0 0 0 0 0 0 0 0 0 0 0 0 0 0 0 0 0 0 0 0 0 0 0 0 0 0 0 0 0 0 0 0 0 0 0 0 0 0 0 0 0 0 0 0 0 0 0 0 0 0 0 0 0 0 0 0 0 0 0 0 0 0 0 0 0 0 0 0 0 0 0 0 0 0 0 0 0 0 0 0 0 0 0 0 0 0 0 0 0 0 0 0 0 0 0 0 0 0 0 0 0 0 0 0 0 0 0 0 0 0 0 0 0 0 0 0 0 0 0 0 0 0 0 0 0 0 0 0 0 0 0 0 0 0 0 0 0 0 0 0 0 0 0 0 0 0 0 0 0 0 0 0 0 201 200 200 201 201 201 202 203 203 202 202 202 203 203 203 204 0 0 0 0 0 0 0 0 0 0 0 0 0 0 0 0 0 0 0 0 0 0 0 0 0 0 0 0 0 0 0 0 0 0 0 0 0 0 0 0 0 0 0 0 0 0 0 0 0 0 0 0 0 0 0 0 0 0 0 0 0 0 0 0 0 0 0 0 0 0 0 0 0 0 0 0 0 0 0 0 0 0 0 0 0 0 0 0 0 0 0 0 0 0 0 0 0 0 0 0 0 0 0 0 0 0 0 0 0 0 0 0 0 0 0 0 0 0 0 0 0 0 0 0 0 0 0 0 0 0 0 0 0 0 0 0 0 0 0 0 0 0 0 0 0 0 0 0 0 0 0 0 0 0 0 0 0 0 0 0 0 0 0 0 0 0 0 0 0 0 0 0 0 0 0 0 0 0 0 0 0 0 0 0 0 0 0 0 0 0 0 0 0 0 0 0 0 0 0 0 0 0 0 0 0 0 0 0 0 0 0 0 0 0 0 0 0 0 0 0 0 0 0 0 0 0 0 0 0 0 0 0 0 0 0 0 0 0 0 0 0 0 0 0 0 0 0 0 0 0 0 0 0 0 0 0 0 0 0 0 0 0 0 0 0 0 0 0 0 0 
0 0 0 0 0 0 0 0 0 0 0 0 0 0 0 0 0 0 0 0 0 0 0 0 0 0 0 0 0 0 0 0 0 0 0 0 0 0 0 0 0 0 0 0 0 0 0 0 0 0 0 0 0 0 0 0 0 0 0 0 0 0 0 0 0 0 0 0 0 0 0 0 0 0 0 0 0 0 0 0 0 0 0 0 0 0 0 0 0 0 0 0 0 0 0 0 0 0 0 0 0 0 0 0 0 0 0 0 0 0 0 0 0 0 0 0 0 0 0 0 0 0 0 0 0 0 0 0 0 0 0 0 0 0 0 0 0 0 0 0 0 0 0 0 0 0 0 0 0 0 0 0 0 0 0 0 0 0 0 0 0 0 0 0 0 0 0 0 0 0 0 0 0 0 0 0 0 0 0 0 0 0 0 0 0 0 0 0 0 0 0 0 0 0 0 0 0 0 0 0 0 0 0 0 0 0 0 0 0 0 0 0 0 0 0 0 0 201 201 200 201 202 202 202 203 203 203 202 203 203 203 203 204 205 0 0 0 0 0 0 0 0 0 0 0 0 0 0 0 0 0 0 0 0 0 0 0 0 0 0 0 0 0 0 0 0 0 0 0 0 0 0 0 0 0 0 0 0 0 0 0 0 0 0 0 0 0 0 0 0 0 0 0 0 0 0 0 0 0 0 0 0 0 0 0 0 0 0 0 0 0 0 0 0 0 0 0 0 0 0 0 0 0 0 0 0 0 0 0 0 0 0 0 0 0 0 0 0 0 0 0 0 0 0 0 0 0 0 0 0 0 0 0 0 0 0 0 0 0 0 0 0 0 0 0 0 0 0 0 0 0 0 0 0 0 0 0 0 0 0 0 0 0 0 0 0 0 0 0 0 0 0 0 0 0 0 0 0 0 0 0 0 0 0 0 0 0 0 0 0 0 0 0 0 0 0 0 0 0 0 0 0 0 0 0 0 0 0 0 0 0 0 0 0 0 0 0 0 0 0 0 0 0 0 0 0 0 0 0 0 0 0 0 0 0 0 0 0 0 0 0 0 0 0 0 0 0 0 0 0 0 0 0 0 0 0 0 0 0 0 0 0 0 0 0 0 0 0 0 0 0 0 0 0 0 0 0 0 0 0 0 0 0 
0 0 0 0 0 0 0 0 0 0 0 0 0 0 0 0 0 0 0 0 0 0 0 0 0 0 0 0 0 0 0 0 0 0 0 0 0 0 0 0 0 0 0 0 0 0 0 0 0 0 0 0 0 0 0 0 0 0 0 0 0 0 0 0 0 0 0 0 0 0 0 0 0 0 0 0 0 0 0 0 0 0 0 0 0 0 0 0 0 0 0 0 0 0 0 0 0 0 0 0 0 0 0 0 0 0 0 0 0 0 0 0 0 0 0 0 0 0 0 0 0 0 0 0 0 0 0 0 0 0 0 0 0 0 0 0 0 0 0 0 0 0 0 0 0 0 0 0 0 0 0 0 0 0 0 0 0 0 0 0 0 0 0 0 0 0 0 0 0 0 0 0 0 0 0 0 0 0 0 0 0 0 0 0 0 0 0 0 0 0 0 0 0 0 0 0 0 0 0 0 0 0 0 0 0 0 0 0 0 0 0 0 0 0 0 0 0 201 201 201 201 202 202 203 203 203 203 203 203 204 205 205 205 206 0 0 0 0 0 0 0 0 0 0 0 0 0 0 0 0 0 0 0 0 0 0 0 0 0 0 0 0 0 0 0 0 0 0 0 0 0 0 0 0 0 0 0 0 0 0 0 0 0 0 0 0 0 0 0 0 0 0 0 0 0 0 0 0 0 0 0 0 0 0 0 0 0 0 0 0 0 0 0 0 0 0 0 0 0 0 0 0 0 0 0 0 0 0 0 0 0 0 0 0 0 0 0 0 0 0 0 0 0 0 0 0 0 0 0 0 0 0 0 0 0 0 0 0 0 0 0 0 0 0 0 0 0 0 0 0 0 0 0 0 0 0 0 0 0 0 0 0 0 0 0 0 0 0 0 0 0 0 0 0 0 0 0 0 0 0 0 0 0 0 0 0 0 0 0 0 0 0 0 0 0 0 0 0 0 0 0 0 0 0 0 0 0 0 0 0 0 0 0 0 0 0 0 0 0 0 0 0 0 0 0 0 0 0 0 0 0 0 0 0 0 0 0 0 0 0 0 0 0 0 0 0 0 0 0 0 0 0 0 0 0 0 0 0 0 0 0 0 0 0 0 0 0 0 0 0 0 0 0 0 0 0 0 0 0 0 0 0 0 
0 0 0 0 0 0 0 0 0 0 0 0 0 0 0 0 0 0 0 0 0 0 0 0 0 0 0 0 0 0 0 0 0 0 0 0 0 0 0 0 0 0 0 0 0 0 0 0 0 0 0 0 0 0 0 0 0 0 0 0 0 0 0 0 0 0 0 0 0 0 0 0 0 0 0 0 0 0 0 0 0 0 0 0 0 0 0 0 0 0 0 0 0 0 0 0 0 0 0 0 0 0 0 0 0 0 0 0 0 0 0 0 0 0 0 0 0 0 0 0 0 0 0 0 0 0 0 0 0 0 0 0 0 0 0 0 0 0 0 0 0 0 0 0 0 0 0 0 0 0 0 0 0 0 0 0 0 0 0 0 0 0 0 0 0 0 0 0 0 0 0 0 0 0 0 0 0 0 0 0 0 0 0 0 0 0 0 0 0 0 0 0 0 0 0 0 0 0 0 0 0 0 0 0 0 0 0 0 0 0 0 0 0 0 0 0 0 202 201 201 200 201 201 202 202 203 203 203 203 203 204 205 206 0 0 0 0 0 0 0 0 0 0 0 0 0 0 0 0 0 0 0 0 0 0 0 0 0 0 0 0 0 0 0 0 0 0 0 0 0 0 0 0 0 0 0 0 0 0 0 0 0 0 0 0 0 0 0 0 0 0 0 0 0 0 0 0 0 0 0 0 0 0 0 0 0 0 0 0 0 0 0 0 0 0 0 0 0 0 0 0 0 0 0 0 0 0 0 0 0 0 0 0 0 0 0 0 0 0 0 0 0 0 0 0 0 0 0 0 0 0 0 0 0 0 0 0 0 0 0 0 0 0 0 0 0 0 0 0 0 0 0 0 0 0 0 0 0 0 0 0 0 0 0 0 0 0 0 0 0 0 0 0 0 0 0 0 0 0 0 0 0 0 0 0 0 0 0 0 0 0 0 0 0 0 0 0 0 0 0 0 0 0 0 0 0 0 0 0 0 0 0 0 0 0 0 0 0 0 0 0 0 0 0 0 0 0 0 0 0 0 0 0 0 0 0 0 0 0 0 0 0 0 0 0 0 0 0 0 0 0 0 0 0 0 0 0 0 0 0 0 0 0 0 0 0 0 0 0 0 0 0 0 0 0 0 0 0 0 0 0 0 0 
0 0 0 0 0 0 0 0 0 0 0 0 0 0 0 0 0 0 0 0 0 0 0 0 0 0 0 0 0 0 0 0 0 0 0 0 0 0 0 0 0 0 0 0 0 0 0 0 0 0 0 0 0 0 0 0 0 0 0 0 0 0 0 0 0 0 0 0 0 0 0 0 0 0 0 0 0 0 0 0 0 0 0 0 0 0 0 0 0 0 0 0 0 0 0 0 0 0 0 0 0 0 0 0 0 0 0 0 0 0 0 0 0 0 0 0 0 0 0 0 0 0 0 0 0 0 0 0 0 0 0 0 0 0 0 0 0 0 0 0 0 0 0 0 0 0 0 0 0 0 0 0 0 0 0 0 0 0 0 0 0 0 0 0 0 0 0 0 0 0 0 0 0 0 0 0 0 0 0 0 0 0 0 0 0 0 0 0 0 0 0 0 0 0 0 0 0 0 0 0 0 0 0 0 0 0 0 0 0 0 0 0 0 0 0 0 203 202 201 201 201 201 201 202 202 202 204 204 204 203 205 205 205 0 0 0 0 0 0 0 0 0 0 0 0 0 0 0 0 0 0 0 0 0 0 0 0 0 0 0 0 0 0 0 0 0 0 0 0 0 0 0 0 0 0 0 0 0 0 0 0 0 0 0 0 0 0 0 0 0 0 0 0 0 0 0 0 0 0 0 0 0 0 0 0 0 0 0 0 0 0 0 0 0 0 0 0 0 0 0 0 0 0 0 0 0 0 0 0 0 0 0 0 0 0 0 0 0 0 0 0 0 0 0 0 0 0 0 0 0 0 0 0 0 0 0 0 0 0 0 0 0 0 0 0 0 0 0 0 0 0 0 0 0 0 0 0 0 0 0 0 0 0 0 0 0 0 0 0 0 0 0 0 0 0 0 0 0 0 0 0 0 0 0 0 0 0 0 0 0 0 0 0 0 0 0 0 0 0 0 0 0 0 0 0 0 0 0 0 0 0 0 0 0 0 0 0 0 0 0 0 0 0 0 0 0 0 0 0 0 0 0 0 0 0 0 0 0 0 0 0 0 0 0 0 0 0 0 0 0 0 0 0 0 0 0 0 0 0 0 0 0 0 0 0 0 0 0 0 0 0 0 0 0 0 0 0 0 0 0 0 0 0 
0 0 0 0 0 0 0 0 0 0 0 0 0 0 0 0 0 0 0 0 0 0 0 0 0 0 0 0 0 0 0 0 0 0 0 0 0 0 0 0 0 0 0 0 0 0 0 0 0 0 0 0 0 0 0 0 0 0 0 0 0 0 0 0 0 0 0 0 0 0 0 0 0 0 0 0 0 0 0 0 0 0 0 0 0 0 0 0 0 0 0 0 0 0 0 0 0 0 0 0 0 0 0 0 0 0 0 0 0 0 0 0 0 0 0 0 0 0 0 0 0 0 0 0 0 0 0 0 0 0 0 0 0 0 0 0 0 0 0 0 0 0 0 0 0 0 0 0 0 0 0 0 0 0 0 0 0 0 0 0 0 0 0 0 0 0 0 0 0 0 0 0 0 0 0 0 0 0 0 0 0 0 0 0 0 0 0 0 0 0 0 0 0 0 0 0 0 0 0 0 0 0 0 0 0 0 0 0 0 0 0 0 0 0 0 202 202 202 202 202 202 202 202 203 204 203 203 204 205 204 204 205 205 205 0 0 0 0 0 0 0 0 0 0 0 0 0 0 0 0 0 0 0 0 0 0 0 0 0 0 0 0 0 0 0 0 0 0 0 0 0 0 0 0 0 0 0 0 0 0 0 0 0 0 0 0 0 0 0 0 0 0 0 0 0 0 0 0 0 0 0 0 0 0 0 0 0 0 0 0 0 0 0 0 0 0 0 0 0 0 0 0 0 0 0 0 0 0 0 0 0 0 0 0 0 0 0 0 0 0 0 0 0 0 0 0 0 0 0 0 0 0 0 0 0 0 0 0 0 0 0 0 0 0 0 0 0 0 0 0 0 0 0 0 0 0 0 0 0 0 0 0 0 0 0 0 0 0 0 0 0 0 0 0 0 0 0 0 0 0 0 0 0 0 0 0 0 0 0 0 0 0 0 0 0 0 0 0 0 0 0 0 0 0 0 0 0 0 0 0 0 0 0 0 0 0 0 0 0 0 0 0 0 0 0 0 0 0 0 0 0 0 0 0 0 0 0 0 0 0 0 0 0 0 0 0 0 0 0 0 0 0 0 0 0 0 0 0 0 0 0 0 0 0 0 0 0 0 0 0 0 0 0 0 0 0 0 0 0 0 0 0 0 
0 0 0 0 0 0 0 0 0 0 0 0 0 0 0 0 0 0 0 0 0 0 0 0 0 0 0 0 0 0 0 0 0 0 0 0 0 0 0 0 0 0 0 0 0 0 0 0 0 0 0 0 0 0 0 0 0 0 0 0 0 0 0 0 0 0 0 0 0 0 0 0 0 0 0 0 0 0 0 0 0 0 0 0 0 0 0 0 0 0 0 0 0 0 0 0 0 0 0 0 0 0 0 0 0 0 0 0 0 0 0 0 0 0 0 0 0 0 0 0 0 0 0 0 0 0 0 0 0 0 0 0 0 0 0 0 0 0 0 0 0 0 0 0 0 0 0 0 0 0 0 0 0 0 0 0 0 0 0 0 0 0 0 0 0 0 0 0 0 0 0 0 0 0 0 0 0 0 0 0 0 0 0 0 0 0 0 0 0 0 0 0 0 0 0 0 0 0 0 0 0 0 0 0 0 0 0 0 0 0 0 0 0 202 202 203 203 203 203 203 203 203 203 203 204 204 203 204 205 205 205 205 205 206 206 0 0 0 0 0 0 0 0 0 0 0 0 0 0 0 0 0 0 0 0 0 0 0 0 0 0 0 0 0 0 0 0 0 0 0 0 0 0 0 0 0 0 0 0 0 0 0 0 0 0 0 0 0 0 0 0 0 0 0 0 0 0 0 0 0 0 0 0 0 0 0 0 0 0 0 0 0 0 0 0 0 0 0 0 0 0 0 0 0 0 0 0 0 0 0 0 0 0 0 0 0 0 0 0 0 0 0 0 0 0 0 0 0 0 0 0 0 0 0 0 0 0 0 0 0 0 0 0 0 0 0 0 0 0 0 0 0 0 0 0 0 0 0 0 0 0 0 0 0 0 0 0 0 0 0 0 0 0 0 0 0 0 0 0 0 0 0 0 0 0 0 0 0 0 0 0 0 0 0 0 0 0 0 0 0 0 0 0 0 0 0 0 0 0 0 0 0 0 0 0 0 0 0 0 0 0 0 0 0 0 0 0 0 0 0 0 0 0 0 0 0 0 0 0 0 0 0 0 0 0 0 0 0 0 0 0 0 0 0 0 0 0 0 0 0 0 0 0 0 0 0 0 0 0 0 0 0 0 0 0 0 0 0 0 0 0 0 0 
0 0 0 0 0 0 0 0 0 0 0 0 0 0 0 0 0 0 0 0 0 0 0 0 0 0 0 0 0 0 0 0 0 0 0 0 0 0 0 0 0 0 0 0 0 0 0 0 0 0 0 0 0 0 0 0 0 0 0 0 0 0 0 0 0 0 0 0 0 0 0 0 0 0 0 0 0 0 0 0 0 0 0 0 0 0 0 0 0 0 0 0 0 0 0 0 0 0 0 0 0 0 0 0 0 0 0 0 0 0 0 0 0 0 0 0 0 0 0 0 0 0 0 0 0 0 0 0 0 0 0 0 0 0 0 0 0 0 0 0 0 0 0 0 0 0 0 0 0 0 0 0 0 0 0 0 0 0 0 0 0 0 0 0 0 0 0 0 0 0 0 0 0 0 0 0 0 0 0 0 0 0 0 0 0 0 0 0 0 0 0 0 0 0 0 0 0 0 0 0 0 0 0 0 0 0 0 0 0 0 0 202 202 202 203 203 203 203 203 203 203 203 204 204 204 204 204 204 205 205 205 205 205 206 0 0 0 0 0 0 0 0 0 0 0 0 0 0 0 0 0 0 0 0 0 0 0 0 0 0 0 0 0 0 0 0 0 0 0 0 0 0 0 0 0 0 0 0 0 0 0 0 0 0 0 0 0 0 0 0 0 0 0 0 0 0 0 0 0 0 0 0 0 0 0 0 0 0 0 0 0 0 0 0 0 0 0 0 0 0 0 0 0 0 0 0 0 0 0 0 0 0 0 0 0 0 0 0 0 0 0 0 0 0 0 0 0 0 0 0 0 0 0 0 0 0 0 0 0 0 0 0 0 0 0 0 0 0 0 0 0 0 0 0 0 0 0 0 0 0 0 0 0 0 0 0 0 0 0 0 0 0 0 0 0 0 0 0 0 0 0 0 0 0 0 0 0 0 0 0 0 0 0 0 0 0 0 0 0 0 0 0 0 0 0 0 0 0 0 0 0 0 0 0 0 0 0 0 0 0 0 0 0 0 0 0 0 0 0 0 0 0 0 0 0 0 0 0 0 0 0 0 0 0 0 0 0 0 0 0 0 0 0 0 0 0 0 0 0 0 0 0 0 0 0 0 0 0 0 0 0 0 0 0 0 0 0 0 0 0 0 0 0 
0 0 0 0 0 0 0 0 0 0 0 0 0 0 0 0 0 0 0 0 0 0 0 0 0 0 0 0 0 0 0 0 0 0 0 0 0 0 0 0 0 0 0 0 0 0 0 0 0 0 0 0 0 0 0 0 0 0 0 0 0 0 0 0 0 0 0 0 0 0 0 0 0 0 0 0 0 0 0 0 0 0 0 0 0 0 0 0 0 0 0 0 0 0 0 0 0 0 0 0 0 0 0 0 0 0 0 0 0 0 0 0 0 0 0 0 0 0 0 0 0 0 0 0 0 0 0 0 0 0 0 0 0 0 0 0 0 0 0 0 0 0 0 0 0 0 0 0 0 0 0 0 0 0 0 0 0 0 0 0 0 0 0 0 0 0 0 0 0 0 0 0 0 0 0 0 0 0 0 0 0 0 0 0 0 0 0 0 0 0 0 0 0 0 0 0 0 0 0 0 0 0 0 0 0 0 0 0 0 0 0 0 202 202 203 203 203 203 203 203 203 204 204 204 205 205 204 204 204 205 205 205 205 0 0 0 0 0 0 0 0 0 0 0 0 0 0 0 0 0 0 0 0 0 0 0 0 0 0 0 0 0 0 0 0 0 0 0 0 0 0 0 0 0 0 0 0 0 0 0 0 0 0 0 0 0 0 0 0 0 0 0 0 0 0 0 0 0 0 0 0 0 0 0 0 0 0 0 0 0 0 0 0 0 0 0 0 0 0 0 0 0 0 0 0 0 0 0 0 0 0 0 0 0 0 0 0 0 0 0 0 0 0 0 0 0 0 0 0 0 0 0 0 0 0 0 0 0 0 0 0 0 0 0 0 0 0 0 0 0 0 0 0 0 0 0 0 0 0 0 0 0 0 0 0 0 0 0 0 0 0 0 0 0 0 0 0 0 0 0 0 0 0 0 0 0 0 0 0 0 0 0 0 0 0 0 0 0 0 0 0 0 0 0 0 0 0 0 0 0 0 0 0 0 0 0 0 0 0 0 0 0 0 0 0 0 0 0 0 0 0 0 0 0 0 0 0 0 0 0 0 0 0 0 0 0 0 0 0 0 0 0 0 0 0 0 0 0 0 0 0 0 0 0 0 0 0 0 0 0 0 0 0 0 0 0 0 0 0 0 0 0 0 
0 0 0 0 0 0 0 0 0 0 0 0 0 0 0 0 0 0 0 0 0 0 0 0 0 0 0 0 0 0 0 0 0 0 0 0 0 0 0 0 0 0 0 0 0 0 0 0 0 0 0 0 0 0 0 0 0 0 0 0 0 0 0 0 0 0 0 0 0 0 0 0 0 0 0 0 0 0 0 0 0 0 0 0 0 0 0 0 0 0 0 0 0 0 0 0 0 0 0 0 0 0 0 0 0 0 0 0 0 0 0 0 0 0 0 0 0 0 0 0 0 0 0 0 0 0 0 0 0 0 0 0 0 0 0 0 0 0 0 0 0 0 0 0 0 0 0 0 0 0 0 0 0 0 0 0 0 0 0 0 0 0 0 0 0 0 0 0 0 0 0 0 0 0 0 0 0 0 0 0 0 0 0 0 0 0 0 0 0 0 0 0 0 0 0 0 0 0 0 0 0 0 0 0 0 0 0 0 0 0 0 0 202 202 202 202 202 203 203 203 203 204 204 204 204 205 205 205 205 205 205 206 0 0 0 0 0 0 0 0 0 0 0 0 0 0 0 0 0 0 0 0 0 0 0 0 0 0 0 0 0 0 0 0 0 0 0 0 0 0 0 0 0 0 0 0 0 0 0 0 0 0 0 0 0 0 0 0 0 0 0 0 0 0 0 0 0 0 0 0 0 0 0 0 0 0 0 0 0 0 0 0 0 0 0 0 0 0 0 0 0 0 0 0 0 0 0 0 0 0 0 0 0 0 0 0 0 0 0 0 0 0 0 0 0 0 0 0 0 0 0 0 0 0 0 0 0 0 0 0 0 0 0 0 0 0 0 0 0 0 0 0 0 0 0 0 0 0 0 0 0 0 0 0 0 0 0 0 0 0 0 0 0 0 0 0 0 0 0 0 0 0 0 0 0 0 0 0 0 0 0 0 0 0 0 0 0 0 0 0 0 0 0 0 0 0 0 0 0 0 0 0 0 0 0 0 0 0 0 0 0 0 0 0 0 0 0 0 0 0 0 0 0 0 0 0 0 0 0 0 0 0 0 0 0 0 0 0 0 0 0 0 0 0 0 0 0 0 0 0 0 0 0 0 0 0 0 0 0 0 0 0 0 0 0 0 0 0 0 0 0 0 0 
0 0 0 0 0 0 0 0 0 0 0 0 0 0 0 0 0 0 0 0 0 0 0 0 0 0 0 0 0 0 0 0 0 0 0 0 0 0 0 0 0 0 0 0 0 0 0 0 0 0 0 0 0 0 0 0 0 0 0 0 0 0 0 0 0 0 0 0 0 0 0 0 0 0 0 0 0 0 0 0 0 0 0 0 0 0 0 0 0 0 0 0 0 0 0 0 0 0 0 0 0 0 0 0 0 0 0 0 0 0 0 0 0 0 0 0 0 0 0 0 0 0 0 0 0 0 0 0 0 0 0 0 0 0 0 0 0 0 0 0 0 0 0 0 0 0 0 0 0 0 0 0 0 0 0 0 0 0 0 0 0 0 0 0 0 0 0 0 0 0 0 0 0 0 0 0 0 0 0 0 0 0 0 0 0 0 0 0 0 0 0 0 0 0 0 0 0 0 0 0 0 0 0 0 0 0 0 0 0 0 0 0 0 203 203 203 203 203 204 203 203 203 203 203 203 203 204 204 204 205 206 0 0 0 0 0 0 0 0 0 0 0 0 0 0 0 0 0 0 0 0 0 0 0 0 0 0 0 0 0 0 0 0 0 0 0 0 0 0 0 0 0 0 0 0 0 0 0 0 0 0 0 0 0 0 0 0 0 0 0 0 0 0 0 0 0 0 0 0 0 0 0 0 0 0 0 0 0 0 0 0 0 0 0 0 0 0 0 0 0 0 0 0 0 0 0 0 0 0 0 0 0 0 0 0 0 0 0 0 0 0 0 0 0 0 0 0 0 0 0 0 0 0 0 0 0 0 0 0 0 0 0 0 0 0 0 0 0 0 0 0 0 0 0 0 0 0 0 0 0 0 0 0 0 0 0 0 0 0 0 0 0 0 0 0 0 0 0 0 0 0 0 0 0 0 0 0 0 0 0 0 0 0 0 0 0 0 0 0 0 0 0 0 0 0 0 0 0 0 0 0 0 0 0 0 0 0 0 0 0 0 0 0 0 0 0 0 0 0 0 0 0 0 0 0 0 0 0 0 0 0 0 0 0 0 0 0 0 0 0 0 0 0 0 0 0 0 0 0 0 0 0 0 0 0 0 0 0 0 0 0 0 0 0 0 0 0 0 0 0 0 0 0 
0 0 0 0 0 0 0 0 0 0 0 0 0 0 0 0 0 0 0 0 0 0 0 0 0 0 0 0 0 0 0 0 0 0 0 0 0 0 0 0 0 0 0 0 0 0 0 0 0 0 0 0 0 0 0 0 0 0 0 0 0 0 0 0 0 0 0 0 0 0 0 0 0 0 0 0 0 0 0 0 0 0 0 0 0 0 0 0 0 0 0 0 0 0 0 0 0 0 0 0 0 0 0 0 0 0 0 0 0 0 0 0 0 0 0 0 0 0 0 0 0 0 0 0 0 0 0 0 0 0 0 0 0 0 0 0 0 0 0 0 0 0 0 0 0 0 0 0 0 0 0 0 0 0 0 0 0 0 0 0 0 0 0 0 0 0 0 0 0 0 0 0 0 0 0 0 0 0 0 0 0 0 0 0 0 0 0 0 0 0 0 0 0 0 0 0 0 0 0 0 0 0 0 0 0 0 0 0 0 0 0 0 0 203 203 203 204 204 203 203 203 203 203 203 204 204 204 205 205 206 0 0 0 0 0 0 0 0 0 0 0 0 0 0 0 0 0 0 0 0 0 0 0 0 0 0 0 0 0 0 0 0 0 0 0 0 0 0 0 0 0 0 0 0 0 0 0 0 0 0 0 0 0 0 0 0 0 0 0 0 0 0 0 0 0 0 0 0 0 0 0 0 0 0 0 0 0 0 0 0 0 0 0 0 0 0 0 0 0 0 0 0 0 0 0 0 0 0 0 0 0 0 0 0 0 0 0 0 0 0 0 0 0 0 0 0 0 0 0 0 0 0 0 0 0 0 0 0 0 0 0 0 0 0 0 0 0 0 0 0 0 0 0 0 0 0 0 0 0 0 0 0 0 0 0 0 0 0 0 0 0 0 0 0 0 0 0 0 0 0 0 0 0 0 0 0 0 0 0 0 0 0 0 0 0 0 0 0 0 0 0 0 0 0 0 0 0 0 0 0 0 0 0 0 0 0 0 0 0 0 0 0 0 0 0 0 0 0 0 0 0 0 0 0 0 0 0 0 0 0 0 0 0 0 0 0 0 0 0 0 0 0 0 0 0 0 0 0 0 0 0 0 0 0 0 0 0 0 0 0 0 0 0 0 0 0 0 0 0 0 0 0 0 
0 0 0 0 0 0 0 0 0 0 0 0 0 0 0 0 0 0 0 0 0 0 0 0 0 0 0 0 0 0 0 0 0 0 0 0 0 0 0 0 0 0 0 0 0 0 0 0 0 0 0 0 0 0 0 0 0 0 0 0 0 0 0 0 0 0 0 0 0 0 0 0 0 0 0 0 0 0 0 0 0 0 0 0 0 0 0 0 0 0 0 0 0 0 0 0 0 0 0 0 0 0 0 0 0 0 0 0 0 0 0 0 0 0 0 0 0 0 0 0 0 0 0 0 0 0 0 0 0 0 0 0 0 0 0 0 0 0 0 0 0 0 0 0 0 0 0 0 0 0 0 0 0 0 0 0 0 0 0 0 0 0 0 0 0 0 0 0 0 0 0 0 0 0 0 0 0 0 0 0 0 0 0 0 0 0 0 0 0 0 0 0 0 0 0 0 0 0 0 0 0 0 0 0 0 0 0 0 0 0 0 0 0 0 203 202 203 203 203 0 0 203 204 204 204 204 205 205 0 0 0 0 0 0 0 0 0 0 0 0 0 0 0 0 0 0 0 0 0 0 0 0 0 0 0 0 0 0 0 0 0 0 0 0 0 0 0 0 0 0 0 0 0 0 0 0 0 0 0 0 0 0 0 0 0 0 0 0 0 0 0 0 0 0 0 0 0 0 0 0 0 0 0 0 0 0 0 0 0 0 0 0 0 0 0 0 0 0 0 0 0 0 0 0 0 0 0 0 0 0 0 0 0 0 0 0 0 0 0 0 0 0 0 0 0 0 0 0 0 0 0 0 0 0 0 0 0 0 0 0 0 0 0 0 0 0 0 0 0 0 0 0 0 0 0 0 0 0 0 0 0 0 0 0 0 0 0 0 0 0 0 0 0 0 0 0 0 0 0 0 0 0 0 0 0 0 0 0 0 0 0 0 0 0 0 0 0 0 0 0 0 0 0 0 0 0 0 0 0 0 0 0 0 0 0 0 0 0 0 0 0 0 0 0 0 0 0 0 0 0 0 0 0 0 0 0 0 0 0 0 0 0 0 0 0 0 0 0 0 0 0 0 0 0 0 0 0 0 0 0 0 0 0 0 0 0 0 0 0 0 0 0 0 0 0 0 0 0 0 0 0 0 0 
0 0 0 0 0 0 0 0 0 0 0 0 0 0 0 0 0 0 0 0 0 0 0 0 0 0 0 0 0 0 0 0 0 0 0 0 0 0 0 0 0 0 0 0 0 0 0 0 0 0 0 0 0 0 0 0 0 0 0 0 0 0 0 0 0 0 0 0 0 0 0 0 0 0 0 0 0 0 0 0 0 0 0 0 0 0 0 0 0 0 0 0 0 0 0 0 0 0 0 0 0 0 0 0 0 0 0 0 0 0 0 0 0 0 0 0 0 0 0 0 0 0 0 0 0 0 0 0 0 0 0 0 0 0 0 0 0 0 0 0 0 0 0 0 0 0 0 0 0 0 0 0 0 0 0 0 0 0 0 0 0 0 0 0 0 0 0 0 0 0 0 0 0 0 0 0 0 0 0 0 0 0 0 0 0 0 0 0 0 0 0 0 0 0 0 0 0 0 0 0 0 0 0 0 0 0 0 0 0 0 0 0 0 0 0 202 203 203 0 0 0 0 204 204 204 205 0 0 0 0 0 0 0 0 0 0 0 0 0 0 0 0 0 0 0 0 0 0 0 0 0 0 0 0 0 0 0 0 0 0 0 0 0 0 0 0 0 0 0 0 0 0 0 0 0 0 0 0 0 0 0 0 0 0 0 0 0 0 0 0 0 0 0 0 0 0 0 0 0 0 0 0 0 0 0 0 0 0 0 0 0 0 0 0 0 0 0 0 0 0 0 0 0 0 0 0 0 0 0 0 0 0 0 0 0 0 0 0 0 0 0 0 0 0 0 0 0 0 0 0 0 0 0 0 0 0 0 0 0 0 0 0 0 0 0 0 0 0 0 0 0 0 0 0 0 0 0 0 0 0 0 0 0 0 0 0 0 0 0 0 0 0 0 0 0 0 0 0 0 0 0 0 0 0 0 0 0 0 0 0 0 0 0 0 0 0 0 0 0 0 0 0 0 0 0 0 0 0 0 0 0 0 0 0 0 0 0 0 0 0 0 0 0 0 0 0 0 0 0 0 0 0 0 0 0 0 0 0 0 0 0 0 0 0 0 0 0 0 0 0 0 0 0 0 0 0 0 0 0 0 0 0 0 0 0 0 0 0 0 0 0 0 0 0 0 0 0 0 0 0 0 0 0 
