0 0 0 0 0 0 0 0 0 0 0 0 0 0 0 0 0 0 0 0 0 0 0 0 0 0 0 0 0 0 0 0 0 0 0 0 0 0 0 0 0 0 0 0 0 0 0 0 0 0 0 0 0 0 0 0 0 0 0 0 0 0 0 0 0 0 0 0 0 0 0 0 0 0 0 0 0 0 0 0 0 0 0 0 0 0 0 0 0 0 0 0 0 0 0 0 0 0 0 0 0 173 0 0 0 0 0 0 0 0 0 0 0 0 0 0 0 0 0 0 0 0 0 0 0 0 0 0 0 0 0 0 0 0 0 0 0 0 0 0 0 0 0 0 0 0 0 0 0 0 0 0 0 0 0 0 0 0 0 0 0 0 0 0 0 0 0 0 0 0 0 0 0 0 0 0 0 0 0 0 0 0 0 0 0 0 0 0 0 0 0 0 0 0 0 0 0 0 0 0 0 0 0 0 0 0 0 0 0 0 0 0 0 0 0 0 0 0 0 0 0 0 0 0 0 0 0 0 0 0 0 0 0 0 0 0 0 0 0 0 0 0 0 0 0 0 0 0 0 0 0 0 0 0 0 0 0 0 0 0 0 0 0 0 0 0 0 0 0 0 0 0 0 0 0 0 0 0 0 0 0 0 0 0 0 0 0 0 0 0 0 0 0 0 0 0 0 0 0 0 0 0 0 0 0 0 0 0 0 0 0 0 0 0 0 0 0 0 0 0 0 0 0 0 0 0 0 0 0 0 0 0 0 0 0 0 0 0 0 0 0 0 0 0 0 0 0 0 0 0 0 0 0 0 0 0 0 0 0 0 0 0 0 0 0 0 0 0 0 0 0 0 0 0 0 0 0 0 0 0 0 0 0 0 0 0 0 0 0 0 0 0 0 0 0 0 0 0 0 0 0 0 0 0 0 0 0 0 0 0 0 0 0 0 0 0 0 0 0 0 0 0 0 0 0 0 0 0 0 0 0 0 0 0 0 0 0 0 0 0 0 0 0 0 0 0 0 0 0 0 0 0 0 0 0 0 0 0 0 0 0 0 0 0 0 0 0 0 0 0 0 0 0 0 0 0 0 0 0 0 0 0 0 0 0 0 0 0 0 0 0 0 0 0 0 0 0 0 0 0 0 0 0 
0 0 0 0 0 0 0 0 0 0 0 0 0 0 0 0 0 0 0 0 0 0 0 0 0 0 0 0 0 0 0 0 0 0 0 0 0 0 0 0 0 0 0 0 0 0 0 0 0 0 0 0 0 0 0 0 0 0 0 0 0 0 0 0 0 0 0 0 0 0 0 0 0 0 0 0 0 0 0 0 0 0 0 0 0 0 0 0 0 0 0 0 0 0 0 0 0 0 0 0 173 173 173 173 173 173 173 0 0 0 0 0 0 0 0 0 0 0 0 0 0 0 0 0 0 0 0 0 0 0 0 0 0 0 0 0 0 0 0 0 0 0 0 0 0 0 0 0 0 0 0 0 0 0 0 0 0 0 0 0 0 0 0 0 0 0 0 0 0 0 0 0 0 0 0 0 0 0 0 0 0 0 0 0 0 0 0 0 0 0 0 0 0 0 0 0 0 0 0 0 0 0 0 0 0 0 0 0 0 0 0 0 0 0 0 0 0 0 0 0 0 0 0 0 0 0 0 0 0 0 0 0 0 0 0 0 0 0 0 0 0 0 0 0 0 0 0 0 0 0 0 0 0 0 0 0 0 0 0 0 0 0 0 0 0 0 0 0 0 0 0 0 0 0 0 0 0 0 0 0 0 0 0 0 0 0 0 0 0 0 0 0 0 0 0 0 0 0 0 0 0 0 0 0 0 0 0 0 0 0 0 0 0 0 0 0 0 0 0 0 0 0 0 0 0 0 0 0 0 0 0 0 0 0 0 0 0 0 0 0 0 0 0 0 0 0 0 0 0 0 0 0 0 0 0 0 0 0 0 0 0 0 0 0 0 0 0 0 0 0 0 0 0 0 0 0 0 0 0 0 0 0 0 0 0 0 0 0 0 0 0 0 0 0 0 0 0 0 0 0 0 0 0 0 0 0 0 0 0 0 0 0 0 0 0 0 0 0 0 0 0 0 0 0 0 0 0 0 0 0 0 0 0 0 0 0 0 0 0 0 0 0 0 0 0 0 0 0 0 0 0 0 0 0 0 0 0 0 0 0 0 0 0 0 0 0 0 0 0 0 0 0 0 0 0 0 0 0 0 0 0 0 0 0 0 0 0 0 0 0 0 0 0 0 0 0 0 0 0 0 0 0 0 
0 0 0 0 0 0 0 0 0 0 0 0 0 0 0 0 0 0 0 0 0 0 0 0 0 0 0 0 0 0 0 0 0 0 0 0 0 0 0 0 0 0 0 0 0 0 0 0 0 0 0 0 0 0 0 0 0 0 0 0 0 0 0 0 0 0 0 0 0 0 0 0 0 0 0 0 0 0 0 0 0 0 0 0 0 0 0 0 0 0 173 173 173 173 173 173 173 0 173 173 173 173 173 173 173 173 173 173 0 0 0 0 0 0 0 0 0 0 0 0 0 0 0 0 0 0 0 0 0 0 0 0 0 174 174 174 174 174 174 174 174 174 174 174 174 0 0 0 0 0 0 0 0 174 0 0 0 0 0 0 0 0 0 0 0 0 0 0 0 0 0 0 0 0 0 0 0 0 0 0 0 0 0 0 0 0 0 0 0 0 0 0 0 0 0 0 0 0 0 0 0 0 0 0 0 0 0 0 0 0 0 0 0 0 0 0 0 0 0 0 0 0 0 0 0 0 0 0 0 0 0 0 0 0 0 0 0 0 0 0 0 0 0 0 0 0 0 0 0 0 0 0 0 0 0 0 0 0 0 0 0 0 0 0 0 0 0 0 0 0 0 0 0 0 0 0 0 0 0 0 0 0 0 0 0 0 0 0 0 0 0 0 0 0 0 0 0 0 0 0 0 0 0 0 0 0 0 0 0 0 0 0 0 0 0 0 0 0 0 0 0 0 0 0 0 0 0 0 0 0 0 0 0 0 0 0 0 0 0 0 0 0 0 0 0 0 0 0 0 0 0 0 0 0 0 0 0 0 0 0 0 0 0 0 0 0 0 0 0 0 0 0 0 0 0 0 0 0 0 0 0 0 0 0 0 0 0 0 0 0 0 0 0 0 0 0 0 0 0 0 0 0 0 0 0 0 0 0 0 0 0 0 0 0 0 0 0 0 0 0 0 0 0 0 0 0 0 0 0 0 0 0 0 0 0 0 0 0 0 0 0 0 0 0 0 0 0 0 0 0 0 0 0 0 0 0 0 0 0 0 0 0 0 0 0 0 0 0 0 0 0 0 0 0 0 0 0 0 0 0 0 0 0 0 0 0 0 0 0 0 0 0 0 0 0 0 0 0 0 0 0 0 0 
0 0 0 0 0 0 0 0 0 0 0 0 0 0 0 0 0 0 0 0 0 0 0 0 0 0 0 0 0 0 0 0 0 0 0 0 0 0 0 0 0 0 0 0 0 0 0 0 0 0 0 0 0 0 0 0 0 0 0 0 0 0 0 0 0 0 0 0 0 0 0 0 0 0 0 0 0 0 0 0 0 0 0 0 0 0 0 0 173 173 173 173 173 173 173 173 173 173 173 173 173 173 173 173 173 173 173 173 173 173 173 0 0 0 0 0 0 0 0 0 0 0 0 0 0 0 0 0 0 0 0 174 174 174 174 174 174 174 174 174 174 174 174 174 174 0 0 0 0 0 0 0 174 174 174 0 0 0 0 0 0 0 0 0 0 0 0 0 0 0 0 0 0 0 0 0 0 0 0 0 0 0 0 0 0 0 0 0 0 0 0 0 0 0 0 0 0 0 0 0 0 0 0 0 0 0 0 0 0 0 0 0 0 0 0 0 0 0 0 0 0 0 0 0 0 0 0 0 0 0 0 0 0 0 0 0 0 0 0 0 0 0 0 0 0 0 0 0 0 0 0 0 0 0 0 0 0 0 0 0 0 0 0 0 0 0 0 0 0 0 0 0 0 0 0 0 0 0 0 0 0 0 0 0 0 0 0 0 0 0 0 0 0 0 0 0 0 0 0 0 0 0 0 0 0 0 0 0 0 0 0 0 0 0 0 0 0 0 0 0 0 0 0 0 0 0 0 0 0 0 0 0 0 0 0 0 0 0 0 0 0 0 0 0 0 0 0 0 0 0 0 0 0 0 0 0 0 0 0 0 0 0 0 0 0 0 0 0 0 0 0 0 0 0 0 0 0 0 0 0 0 0 0 0 0 0 0 0 0 0 0 0 0 0 0 0 0 0 0 0 0 0 0 0 0 0 0 0 0 0 0 0 0 0 0 0 0 0 0 0 0 0 0 0 0 0 0 0 0 0 0 0 0 0 0 0 0 0 0 0 0 0 0 0 0 0 0 0 0 0 0 0 0 0 0 0 0 0 0 0 0 0 0 0 0 0 0 0 0 0 0 0 0 0 0 0 0 0 0 0 0 0 0 0 0 0 0 0 0 0 0 0 0 0 0 0 0 0 0 0 0 0 0 
0 0 0 0 0 0 0 0 0 0 0 0 0 0 0 0 0 0 0 0 0 0 0 0 0 0 0 0 0 0 0 0 0 0 0 0 0 0 0 0 0 0 0 0 0 0 0 0 0 0 0 0 0 0 0 0 0 0 0 0 0 0 0 0 0 0 0 0 0 0 0 0 0 0 0 0 0 0 0 0 0 0 0 0 0 0 0 173 173 173 173 173 173 173 173 173 173 173 173 173 173 173 173 173 173 173 173 173 173 173 173 173 0 0 0 0 0 0 0 0 0 0 0 0 0 0 0 0 174 174 174 174 174 174 174 174 174 174 174 174 174 174 174 174 174 0 0 0 0 0 0 174 174 174 174 174 174 0 0 0 0 0 0 174 174 0 0 0 0 0 0 0 0 0 0 0 0 0 0 0 0 0 0 0 0 0 0 0 0 0 0 0 0 0 0 0 0 0 0 0 0 0 0 0 0 0 0 0 0 0 0 0 0 0 0 0 0 0 0 0 0 0 0 0 0 0 0 0 0 0 0 0 0 0 0 0 0 0 0 0 0 0 0 0 0 0 0 0 0 0 0 0 0 0 0 0 0 0 0 0 0 0 0 0 0 0 0 0 0 0 0 0 0 0 0 0 0 0 0 0 0 0 0 0 0 0 0 0 0 0 0 0 0 0 0 0 0 0 0 0 0 0 0 0 0 0 0 0 0 0 0 0 0 0 0 0 0 0 0 0 0 0 0 0 0 0 0 0 0 0 0 0 0 0 0 0 0 0 0 0 0 0 0 0 0 0 0 0 0 0 0 0 0 0 0 0 0 0 0 0 0 0 0 0 0 0 0 0 0 0 0 0 0 0 0 0 0 0 0 0 0 0 0 0 0 0 0 0 0 0 0 0 0 0 0 0 0 0 0 0 0 0 0 0 0 0 0 0 0 0 0 0 0 0 0 0 0 0 0 0 0 0 0 0 0 0 0 0 0 0 0 0 0 0 0 0 0 0 0 0 0 0 0 0 0 0 0 0 0 0 0 0 0 0 0 0 0 0 0 0 0 0 0 0 0 0 0 0 0 0 0 0 0 0 0 0 0 0 0 0 0 0 0 0 0 0 0 0 0 0 0 0 0 0 0 0 0 0 0 0 0 0 0 
0 0 0 0 0 0 0 0 0 0 0 0 0 0 0 0 0 0 0 0 0 0 0 0 0 0 0 0 0 0 0 0 0 0 0 0 0 0 0 0 0 0 0 0 0 0 0 0 0 0 0 0 0 0 0 0 0 0 0 0 0 0 0 0 0 0 0 0 0 0 0 0 0 0 0 0 0 0 0 0 0 0 0 173 173 173 173 173 173 173 173 173 173 173 173 173 173 173 173 173 173 173 173 173 173 173 173 173 173 173 173 173 173 173 0 0 0 0 0 0 0 0 0 0 174 174 174 174 174 174 174 174 174 174 174 174 174 174 174 174 174 174 174 174 174 174 0 0 174 174 174 174 174 174 174 174 174 174 0 0 174 174 174 174 174 174 174 0 0 0 0 0 0 0 0 0 0 0 0 0 0 0 0 0 0 0 0 0 0 0 0 0 0 0 0 0 0 0 0 0 0 0 0 0 0 0 0 0 0 0 0 0 0 0 0 0 0 0 0 0 0 0 0 0 0 0 0 0 0 0 0 0 0 0 0 0 0 0 0 0 0 0 0 0 0 0 0 0 0 0 0 0 0 0 0 0 0 0 0 0 0 0 0 0 0 0 0 0 0 0 0 0 0 0 0 0 0 0 0 0 0 0 0 0 0 0 0 0 0 0 0 0 0 0 0 0 0 0 0 0 0 0 0 0 0 0 0 0 0 0 0 0 0 0 0 0 0 0 0 0 0 0 0 0 0 0 0 0 0 0 0 0 0 0 0 0 0 0 0 0 0 0 0 0 0 0 0 0 0 0 0 0 0 0 0 0 0 0 0 0 0 0 0 0 0 0 0 0 0 0 0 0 0 0 0 0 0 0 0 0 0 0 0 0 0 0 0 0 0 0 0 0 0 0 0 0 0 0 0 0 0 0 0 0 0 0 0 0 0 0 0 0 0 0 0 0 0 0 0 0 0 0 0 0 0 0 0 0 0 0 0 0 0 0 0 0 0 0 0 0 0 0 0 0 0 0 0 0 0 0 0 0 0 0 0 0 0 0 0 0 0 0 0 0 0 0 0 0 0 0 0 0 0 0 0 0 0 0 0 0 0 0 0 0 0 0 0 0 0 0 0 0 0 0 0 0 0 0 0 0 0 0 0 
0 0 0 0 0 0 0 0 0 0 0 0 0 0 0 0 0 0 0 0 0 0 0 0 0 0 0 0 0 0 0 0 0 0 0 0 0 0 0 0 0 0 0 0 0 0 0 0 0 0 0 0 0 0 0 0 0 0 0 0 0 0 0 0 0 0 0 0 0 0 0 0 0 0 0 0 0 0 0 0 0 0 0 173 173 173 173 173 173 173 173 173 173 173 173 173 173 173 173 173 173 173 173 173 173 173 173 173 173 173 173 174 174 174 174 174 174 174 0 0 0 0 174 174 174 174 174 174 174 174 174 174 174 174 174 174 174 174 174 174 174 174 174 174 174 174 174 174 174 174 174 174 174 174 174 174 174 174 174 174 174 174 174 174 174 174 174 0 0 0 0 0 0 0 0 0 0 0 0 0 0 0 0 0 0 0 0 0 0 0 0 0 0 0 0 0 0 0 0 0 0 0 0 0 0 0 0 0 0 0 0 0 0 0 0 0 0 0 0 0 0 0 0 0 0 0 0 0 0 0 0 0 0 0 0 0 0 0 0 0 0 0 0 0 0 0 0 0 0 0 0 0 0 0 0 0 0 0 0 0 0 0 0 0 0 0 0 0 0 0 0 0 0 0 0 0 0 0 0 0 0 0 0 0 0 0 0 0 0 0 0 0 0 0 0 0 0 0 0 0 0 0 0 0 0 0 0 0 0 0 0 0 0 0 0 0 0 0 0 0 0 0 0 0 0 0 0 0 0 0 0 0 0 0 0 0 0 0 0 0 0 0 0 0 0 0 0 0 0 0 0 0 0 0 0 0 0 0 0 0 0 0 0 0 0 0 0 0 0 0 0 0 0 0 0 0 0 0 0 0 0 0 0 0 0 0 0 0 0 0 0 0 0 0 0 0 0 0 0 0 0 0 0 0 0 0 0 0 0 0 0 0 0 0 0 0 0 0 0 0 0 0 0 0 0 0 0 0 0 0 0 0 0 0 0 0 0 0 0 0 0 0 0 0 0 0 0 0 0 0 0 0 0 0 0 0 0 0 0 0 0 0 0 0 0 0 0 0 0 0 0 0 0 0 0 0 0 0 0 0 0 0 0 0 0 0 0 0 0 0 0 0 0 0 0 0 0 0 0 0 0 0 0 
0 0 0 0 0 0 0 0 0 0 0 0 0 0 0 0 0 0 0 0 0 0 0 0 0 0 0 0 0 0 0 0 0 0 0 0 0 0 0 0 0 0 0 0 0 0 0 0 0 0 0 0 0 0 0 0 0 0 0 0 0 0 0 0 0 0 0 0 0 0 0 0 0 0 0 0 0 0 0 0 0 0 0 0 173 173 173 173 173 173 173 173 173 173 173 173 173 173 173 173 173 173 173 173 173 173 173 173 173 173 174 174 174 174 174 174 174 174 174 174 174 174 174 174 174 174 174 174 174 174 174 174 174 174 174 174 174 174 174 174 174 174 174 174 174 174 174 174 174 174 174 174 174 174 174 174 174 174 174 174 174 174 174 174 174 174 174 174 174 174 0 0 0 0 0 0 0 0 0 0 0 0 0 0 0 0 0 0 0 0 0 0 0 0 0 0 0 0 0 0 0 0 0 0 0 0 0 0 0 0 0 0 0 0 0 0 0 0 0 0 0 0 0 0 0 0 0 0 0 0 0 0 0 0 0 0 0 0 0 0 0 0 0 0 0 0 0 0 0 0 0 0 0 0 0 0 0 0 0 0 0 0 0 0 0 0 0 0 0 0 0 0 0 0 0 0 0 0 0 0 0 0 0 0 0 0 0 0 0 0 0 0 0 0 0 0 0 0 0 0 0 0 0 0 0 0 0 0 0 0 0 0 0 0 0 0 0 0 0 0 0 0 0 0 0 0 0 0 0 0 0 0 0 0 0 0 0 0 0 0 0 0 0 0 0 0 0 0 0 0 0 0 0 0 0 0 0 0 0 0 0 0 0 0 0 0 0 0 0 0 0 0 0 0 0 0 0 0 0 0 0 0 0 0 0 0 0 0 0 0 0 0 0 0 0 0 0 0 0 0 0 0 0 0 0 0 0 0 0 0 0 0 0 0 0 0 0 0 0 0 0 0 0 0 0 0 0 0 0 0 0 0 0 0 0 0 0 0 0 0 0 0 0 0 0 0 0 0 0 0 0 0 0 0 0 0 0 0 0 0 0 0 0 0 0 0 0 0 0 0 0 0 0 0 0 0 0 0 0 0 0 0 0 0 0 0 0 0 0 0 0 0 0 0 0 0 0 0 0 0 0 0 0 
0 0 0 0 0 0 0 0 0 0 0 0 0 0 0 0 0 0 0 0 0 0 0 0 0 0 0 0 0 0 0 0 0 0 0 0 0 0 0 0 0 0 0 0 0 0 0 0 0 0 0 0 0 0 0 0 0 0 0 0 0 0 0 0 0 0 0 0 0 0 0 0 0 0 0 0 0 0 0 0 0 0 0 0 0 173 173 173 173 173 173 173 173 173 173 173 173 173 173 173 173 173 173 173 173 173 174 174 174 174 174 174 174 174 174 174 174 174 174 174 174 174 174 174 174 174 174 174 174 174 174 174 174 174 174 174 174 174 174 174 174 174 174 174 174 174 174 174 174 174 174 174 174 174 174 174 174 174 174 174 174 174 174 174 174 174 174 174 174 174 174 174 0 0 0 0 0 0 0 0 0 0 0 0 0 0 0 0 0 0 0 0 0 0 0 0 0 0 0 0 0 0 0 0 0 0 0 0 0 0 0 0 0 0 0 0 0 0 0 0 0 0 0 0 0 0 0 0 0 0 0 0 0 0 0 0 0 0 0 0 0 0 0 0 0 0 0 0 0 0 0 0 0 0 0 0 0 0 0 0 0 0 0 0 0 0 0 0 0 0 0 0 0 0 0 0 0 0 0 0 0 0 0 0 0 0 0 0 0 0 0 0 0 0 0 0 0 0 0 0 0 0 0 0 0 0 0 0 0 0 0 0 0 0 0 0 0 0 0 0 0 0 0 0 0 0 0 0 0 0 0 0 0 0 0 0 0 0 0 0 0 0 0 0 0 0 0 0 0 0 0 0 0 0 0 0 0 0 0 0 0 0 0 0 0 0 0 0 0 0 0 0 0 0 0 0 0 0 0 0 0 0 0 0 0 0 0 0 0 0 0 0 0 0 0 0 0 0 0 0 0 0 0 0 0 0 0 0 0 0 0 0 0 0 0 0 0 0 0 0 0 0 0 0 0 0 0 0 0 0 0 0 0 0 0 0 0 0 0 0 0 0 0 0 0 0 0 0 0 0 0 0 0 0 0 0 0 0 0 0 0 0 0 0 0 0 0 0 0 0 0 0 0 0 0 0 0 0 0 0 0 0 0 0 0 0 0 0 0 0 0 0 0 0 0 0 0 0 0 0 0 0 0 
0 0 0 0 0 0 0 0 0 0 0 0 0 0 0 0 0 0 0 0 0 0 0 0 0 0 0 0 0 0 0 0 0 0 0 0 0 0 0 0 0 0 0 0 0 0 0 0 0 0 0 0 0 0 0 0 0 0 0 0 0 0 0 0 0 0 0 0 0 0 0 0 0 0 0 0 0 0 0 0 0 0 0 173 173 173 173 173 173 173 173 173 173 173 173 173 173 173 173 173 173 173 173 173 174 174 174 174 174 174 174 174 174 174 174 174 174 174 174 174 174 174 174 174 174 174 174 174 174 174 174 174 174 174 174 174 174 174 174 174 174 174 174 174 174 174 174 174 174 174 174 174 174 174 174 174 174 174 174 174 174 174 174 174 174 174 174 174 175 175 175 175 175 175 175 0 0 0 0 0 0 0 0 0 0 0 0 0 0 0 0 0 0 0 0 0 0 0 0 0 0 0 0 0 0 0 0 0 0 0 0 0 0 0 0 0 0 0 0 0 0 0 0 0 0 0 0 0 0 0 0 0 0 0 0 0 0 0 0 0 0 0 0 0 0 0 0 0 0 0 0 0 0 0 0 0 0 0 0 0 0 0 0 0 0 0 0 0 0 0 0 0 0 0 0 0 0 0 0 0 0 0 0 0 0 0 0 0 0 0 0 0 0 0 0 0 0 0 0 0 0 0 0 0 0 0 0 0 0 0 0 0 0 0 0 0 0 0 0 0 0 0 0 0 0 0 0 0 0 0 0 0 0 0 0 0 0 0 0 0 0 0 0 0 0 0 0 0 0 0 0 0 0 0 0 0 0 0 0 0 0 0 0 0 0 0 0 0 0 0 0 0 0 0 0 0 0 0 0 0 0 0 0 0 0 0 0 0 0 0 0 0 0 0 0 0 0 0 0 0 0 0 0 0 0 0 0 0 0 0 0 0 0 0 0 0 0 0 0 0 0 0 0 0 0 0 0 0 0 0 0 0 0 0 0 0 0 0 0 0 0 0 0 0 0 0 0 0 0 0 0 0 0 0 0 0 0 0 0 0 0 0 0 0 0 0 0 0 0 0 0 0 0 0 0 0 0 0 0 0 0 0 0 0 0 0 0 0 0 0 0 0 0 0 0 0 0 0 0 0 0 0 0 
0 0 0 0 0 0 0 0 0 0 0 0 0 0 0 0 0 0 0 0 0 0 0 0 0 0 0 0 0 0 0 0 0 0 0 0 0 0 0 0 0 0 0 0 0 0 0 0 0 0 0 0 0 0 0 0 0 0 0 0 0 0 0 0 0 0 0 0 0 0 0 0 0 0 0 0 0 0 0 0 0 173 173 173 173 173 173 173 173 173 173 173 173 173 173 173 173 173 173 173 173 173 173 174 174 174 174 174 174 174 174 174 174 174 174 174 174 174 174 174 174 174 174 174 174 174 174 174 174 174 174 174 174 174 174 174 174 174 174 174 174 174 174 174 174 174 174 174 174 174 174 174 174 174 174 174 174 174 174 174 174 174 174 175 175 175 175 175 175 175 175 175 175 175 0 0 0 0 0 0 0 0 0 0 0 0 0 0 0 0 0 0 0 0 0 0 0 0 0 0 0 0 0 0 0 0 0 0 0 0 0 0 0 0 0 0 0 0 0 0 0 0 0 0 0 0 0 0 0 0 0 0 0 0 0 0 0 0 0 0 0 0 0 0 0 0 0 0 0 0 0 0 0 0 0 0 0 0 0 0 0 0 0 0 0 0 0 0 0 0 0 0 0 0 0 0 0 0 0 0 0 0 0 0 0 0 0 0 0 0 0 0 0 0 0 0 0 0 0 0 0 0 0 0 0 0 0 0 0 0 0 0 0 0 0 0 0 0 0 0 0 0 0 0 0 0 0 0 0 0 0 0 0 0 0 0 0 0 0 0 0 0 0 0 0 0 0 0 0 0 0 0 0 0 0 0 0 0 0 0 0 0 0 0 0 0 0 0 0 0 0 0 0 0 0 0 0 0 0 0 0 0 0 0 0 0 0 0 0 0 0 0 0 0 0 0 0 0 0 0 0 0 0 0 0 0 0 0 0 0 0 0 0 0 0 0 0 0 0 0 0 0 0 0 0 0 0 0 0 0 0 0 0 0 0 0 0 0 0 0 0 0 0 0 0 0 0 0 0 0 0 0 0 0 0 0 0 0 0 0 0 0 0 0 0 0 0 0 0 0 0 0 0 0 0 0 0 0 0 0 0 0 0 0 0 0 0 0 0 0 0 0 0 0 0 0 0 0 0 0 0 0 0 
0 0 0 0 0 0 0 0 0 0 0 0 0 0 0 0 0 0 0 0 0 0 0 0 0 0 0 0 0 0 0 0 0 0 0 0 0 0 0 0 0 0 0 0 0 0 0 0 0 0 0 0 0 0 0 0 0 0 0 0 0 0 0 0 0 0 0 0 0 0 0 0 0 0 0 0 0 0 173 173 173 173 173 173 173 173 173 173 173 173 173 173 173 173 173 173 173 173 173 174 174 174 174 174 174 174 174 174 174 174 174 174 174 174 174 174 174 174 174 174 174 174 174 174 174 174 174 174 174 174 174 174 174 174 174 174 174 174 174 174 174 174 174 174 174 174 174 174 174 174 174 174 174 174 175 175 174 174 175 175 175 175 175 175 175 175 175 175 175 175 175 175 175 175 175 175 0 0 0 0 0 0 0 0 0 0 0 0 0 0 0 0 0 0 0 0 0 0 0 0 0 0 0 0 0 0 0 0 0 0 0 0 0 0 0 0 0 0 0 0 0 0 0 0 0 0 0 0 0 0 0 0 0 0 0 0 0 0 0 0 0 0 0 0 0 0 0 0 0 0 0 0 0 0 0 0 0 0 0 0 0 0 0 0 0 0 0 0 0 0 0 0 0 0 0 0 0 0 0 0 0 0 0 0 0 0 0 0 0 0 0 0 0 0 0 0 0 0 0 0 0 0 0 0 0 0 0 0 0 0 0 0 0 0 0 0 0 0 0 0 0 0 0 0 0 0 0 0 0 0 0 0 0 0 0 0 0 0 0 0 0 0 0 0 0 0 0 0 0 0 0 0 0 0 0 0 0 0 0 0 0 0 0 0 0 0 0 0 0 0 0 0 0 0 0 0 0 0 0 0 0 0 0 0 0 0 0 0 0 0 0 0 0 0 0 0 0 0 0 0 0 0 0 0 0 0 0 0 0 0 0 0 0 0 0 0 0 0 0 0 0 0 0 0 0 0 0 0 0 0 0 0 0 0 0 0 0 0 0 0 0 0 0 0 0 0 0 0 0 0 0 0 0 0 0 0 0 0 0 0 0 0 0 0 0 0 0 0 0 0 0 0 0 0 0 0 0 0 0 0 0 0 0 0 0 0 0 0 0 0 0 0 0 0 0 0 0 0 0 0 0 0 0 
0 0 0 0 0 0 0 0 0 0 0 0 0 0 0 0 0 0 0 0 0 0 0 0 0 0 0 0 0 0 0 0 0 0 0 0 0 0 0 0 0 0 0 0 0 0 0 0 0 0 0 0 0 0 0 0 0 0 0 0 0 0 0 0 0 0 0 0 0 0 0 0 0 0 0 0 0 0 173 173 173 173 173 173 173 173 173 173 173 173 173 173 173 173 173 173 173 174 174 174 174 174 174 174 174 174 174 174 174 174 174 174 174 174 174 174 174 174 174 174 174 174 174 174 174 174 174 174 174 174 174 174 174 174 174 174 174 174 174 174 174 174 174 174 174 174 174 174 174 174 174 174 174 175 175 175 175 175 175 175 175 175 175 175 175 175 175 175 175 175 175 175 175 175 175 175 175 175 0 0 0 0 0 0 0 0 0 0 0 0 0 0 0 0 0 0 0 0 0 0 0 0 0 0 0 0 0 0 0 0 0 0 0 0 0 0 0 0 0 0 0 0 0 0 0 0 0 0 0 0 0 0 0 0 0 0 0 0 0 0 0 0 0 0 0 0 0 0 0 0 0 0 0 0 0 0 0 0 0 0 0 0 0 0 0 0 0 0 0 0 0 0 0 0 0 0 0 0 0 0 0 0 0 0 0 0 0 0 0 0 0 0 0 0 0 0 0 0 0 0 0 0 0 0 0 0 0 0 0 0 0 0 0 0 0 0 0 0 0 0 0 0 0 0 0 0 0 0 0 0 0 0 0 0 0 0 0 0 0 0 0 0 0 0 0 0 0 0 0 0 0 0 0 0 0 0 0 0 0 0 0 0 0 0 0 0 0 0 0 0 0 0 0 0 0 0 0 0 0 0 0 0 0 0 0 0 0 0 0 0 0 0 0 0 0 0 0 0 0 0 0 0 0 0 0 0 0 0 0 0 0 0 0 0 0 0 0 0 0 0 0 0 0 0 0 0 0 0 0 0 0 0 0 0 0 0 0 0 0 0 0 0 0 0 0 0 0 0 0 0 0 0 0 0 0 0 0 0 0 0 0 0 0 0 0 0 0 0 0 0 0 0 0 0 0 0 0 0 0 0 0 0 0 0 0 0 0 0 0 0 0 0 0 0 0 0 0 0 0 0 0 0 0 
0 0 0 0 0 0 0 0 0 0 0 0 0 0 0 0 0 0 0 0 0 0 0 0 0 0 0 0 0 0 0 0 0 0 0 0 0 0 0 0 0 0 0 0 0 0 0 0 0 0 0 0 0 0 0 0 0 0 0 0 0 0 0 0 0 0 0 0 0 0 0 0 0 0 0 0 0 173 173 173 173 173 173 173 173 173 173 173 173 173 174 174 173 173 174 174 174 174 174 174 174 174 174 174 174 174 174 174 174 174 174 174 174 174 174 174 174 174 174 174 174 174 174 174 174 174 174 174 174 174 174 174 174 174 174 174 174 174 174 174 174 174 174 174 174 174 174 174 174 174 174 175 175 175 175 175 175 175 175 175 175 175 175 175 175 175 175 175 175 175 175 175 175 175 175 175 175 175 175 0 0 0 0 0 0 0 0 0 0 0 0 0 0 0 0 0 0 0 0 0 0 0 0 0 0 0 0 0 0 0 0 0 0 0 0 0 0 0 0 0 0 0 0 0 0 0 0 0 0 0 0 0 0 0 0 0 0 0 0 0 0 0 0 0 0 0 0 0 0 0 0 0 0 0 0 0 0 0 0 0 0 0 0 0 0 0 0 0 0 0 0 0 0 0 0 0 0 0 0 0 0 0 0 0 0 0 0 0 0 0 0 0 0 0 0 0 0 0 0 0 0 0 0 0 0 0 0 0 0 0 0 0 0 0 0 0 0 0 0 0 0 0 0 0 0 0 0 0 0 0 0 0 0 0 0 0 0 0 0 0 0 0 0 0 0 0 0 0 0 0 0 0 0 0 0 0 0 0 0 0 0 0 0 0 0 0 0 0 0 0 0 0 0 0 0 0 0 0 0 0 0 0 0 0 0 0 0 0 0 0 0 0 0 0 0 0 0 0 0 0 0 0 0 0 0 0 0 0 0 0 0 0 0 0 0 0 0 0 0 0 0 0 0 0 0 0 0 0 0 0 0 0 0 0 0 0 0 0 0 0 0 0 0 0 0 0 0 0 0 0 0 0 0 0 0 0 0 0 0 0 0 0 0 0 0 0 0 0 0 0 0 0 0 0 0 0 0 0 0 0 0 0 0 0 0 0 0 0 0 0 0 0 0 0 0 0 0 0 0 0 0 0 0 
0 0 0 0 0 0 0 0 0 0 0 0 0 0 0 0 0 0 0 0 0 0 0 0 0 0 0 0 0 0 0 0 0 0 0 0 0 0 0 0 0 0 0 0 0 0 0 0 0 0 0 0 0 0 0 0 0 0 0 0 0 0 0 0 0 0 0 0 0 0 0 0 0 0 0 0 173 173 173 173 173 173 173 173 173 173 173 173 173 174 174 174 173 174 174 174 174 174 174 174 174 174 174 174 174 174 174 174 174 174 174 174 174 174 174 174 174 174 174 174 174 174 174 174 174 174 174 174 174 174 174 174 174 174 174 174 174 174 174 174 174 175 174 175 175 175 175 175 175 175 175 175 175 175 175 175 175 175 175 175 175 175 175 175 175 175 175 175 175 175 175 175 175 175 175 175 175 175 175 0 0 0 0 0 0 0 0 0 0 0 0 0 0 0 0 0 0 0 0 0 0 0 0 0 0 0 0 0 0 0 0 0 0 0 0 0 0 0 0 0 0 0 0 0 0 0 0 0 0 0 0 0 0 0 0 0 0 0 0 0 0 0 0 0 0 0 0 0 0 0 0 0 0 0 0 0 0 0 0 0 0 0 0 0 0 0 0 0 0 0 0 0 0 0 0 0 0 0 0 0 0 0 0 0 0 0 0 0 0 0 0 0 0 0 0 0 0 0 0 0 0 0 0 0 0 0 0 0 0 0 0 0 0 0 0 0 0 0 0 0 0 0 0 0 0 0 0 0 0 0 0 0 0 0 0 0 0 0 0 0 0 0 0 0 0 0 0 0 0 0 0 0 0 0 0 0 0 0 0 0 0 0 0 0 0 0 0 0 0 0 0 0 0 0 0 0 0 0 0 0 0 0 0 0 0 0 0 0 0 0 0 0 0 0 0 0 0 0 0 0 0 0 0 0 0 0 0 0 0 0 0 0 0 0 0 0 0 0 0 0 0 0 0 0 0 0 0 0 0 0 0 0 0 0 0 0 0 0 0 0 0 0 0 0 0 0 0 0 0 0 0 0 0 0 0 0 0 0 0 0 0 0 0 0 0 0 0 0 0 0 0 0 0 0 0 0 0 0 0 0 0 0 0 0 0 0 0 0 0 0 0 0 0 0 0 0 0 0 0 0 0 0 0 
0 0 0 0 0 0 0 0 0 0 0 0 0 0 0 0 0 0 0 0 0 0 0 0 0 0 0 0 0 0 0 0 0 0 0 0 0 0 0 0 0 0 0 0 0 0 0 0 0 0 0 0 0 0 0 0 0 0 0 0 0 0 0 0 0 0 0 0 0 0 0 0 0 0 173 173 173 173 173 173 173 173 173 173 173 173 173 174 174 174 174 174 174 174 174 174 174 174 174 174 174 174 174 174 174 174 174 174 174 174 174 174 174 174 174 174 174 174 174 174 174 174 174 174 174 174 174 174 174 174 174 174 174 174 174 174 174 174 175 175 175 175 175 175 175 175 175 175 175 175 175 175 175 175 175 175 175 175 175 175 175 175 175 175 175 175 175 175 175 175 175 175 175 175 175 175 175 175 175 175 175 0 0 0 0 0 0 0 0 0 0 0 0 0 0 0 0 0 0 0 0 0 0 0 0 0 0 0 0 0 0 0 0 0 0 0 0 0 0 0 0 0 0 0 0 0 0 0 0 0 0 0 0 0 0 0 0 0 0 0 0 0 0 0 0 0 0 0 0 0 0 0 0 0 0 0 0 0 0 0 0 0 0 0 0 0 0 0 0 0 0 0 0 0 0 0 0 0 0 0 0 0 0 0 0 0 0 0 0 0 0 0 0 0 0 0 0 0 0 0 0 0 0 0 0 0 0 0 0 0 0 0 0 0 0 0 0 0 0 0 0 0 0 0 0 0 0 0 0 0 0 0 0 0 0 0 0 0 0 0 0 0 0 0 0 0 0 0 0 0 0 0 0 0 0 0 0 0 0 0 0 0 0 0 0 0 0 0 0 0 0 0 0 0 0 0 0 0 0 0 0 0 0 0 0 0 0 0 0 0 0 0 0 0 0 0 0 0 0 0 0 0 0 0 0 0 0 0 0 0 0 0 0 0 0 0 0 0 0 0 0 0 0 0 0 0 0 0 0 0 0 0 0 0 0 0 0 0 0 0 0 0 0 0 0 0 0 0 0 0 0 0 0 0 0 0 0 0 0 0 0 0 0 0 0 0 0 0 0 0 0 0 0 0 0 0 0 0 0 0 0 0 0 0 0 0 0 0 0 0 0 0 0 0 0 0 0 0 0 0 0 0 0 
0 0 0 0 0 0 0 0 0 0 0 0 0 0 0 0 0 0 0 0 0 0 0 0 0 0 0 0 0 0 0 0 0 0 0 0 0 0 0 0 0 0 0 0 0 0 0 0 0 0 0 0 0 0 0 0 0 0 0 0 0 0 0 0 0 0 0 0 0 0 0 0 0 173 173 173 173 173 173 173 173 173 173 173 173 173 174 174 174 174 174 174 174 174 174 174 174 174 174 174 174 174 174 174 174 174 174 174 174 174 174 174 174 174 174 174 174 174 174 174 174 174 174 174 174 174 174 174 174 174 174 174 174 174 174 174 175 175 175 175 175 175 175 175 175 175 175 175 175 175 175 175 175 175 175 175 175 175 175 175 175 175 175 175 175 175 175 175 175 175 175 175 175 175 175 175 175 175 175 175 175 175 0 0 0 0 0 0 0 0 0 0 0 0 0 0 0 0 0 0 0 0 0 0 0 0 0 0 0 0 0 0 0 0 0 0 0 0 0 0 0 0 0 0 0 0 0 0 0 0 0 0 0 0 0 0 0 0 0 0 0 0 0 0 0 0 0 0 0 0 0 0 0 0 0 0 0 0 0 0 0 0 0 0 0 0 0 0 0 0 0 0 0 0 0 0 0 0 0 0 0 0 0 0 0 0 0 0 0 0 0 0 0 0 0 0 0 0 0 0 0 0 0 0 0 0 0 0 0 0 0 0 0 0 0 0 0 0 0 0 0 0 0 0 0 0 0 0 0 0 0 0 0 0 0 0 0 0 0 0 0 0 0 0 0 0 0 0 0 0 0 0 0 0 0 0 0 0 0 0 0 0 0 0 0 0 0 0 0 0 0 0 0 0 0 0 0 0 0 0 0 0 0 0 0 0 0 0 0 0 0 0 0 0 0 0 0 0 0 0 0 0 0 0 0 0 0 0 0 0 0 0 0 0 0 0 0 0 0 0 0 0 0 0 0 0 0 0 0 0 0 0 0 0 0 0 0 0 0 0 0 0 0 0 0 0 0 0 0 0 0 0 0 0 0 0 0 0 0 0 0 0 0 0 0 0 0 0 0 0 0 0 0 0 0 0 0 0 0 0 0 0 0 0 0 0 0 0 0 0 0 0 0 0 0 0 0 0 0 0 0 0 0 
0 0 0 0 0 0 0 0 0 0 0 0 0 0 0 0 0 0 0 0 0 0 0 0 0 0 0 0 0 0 0 0 0 0 0 0 0 0 0 0 0 0 0 0 0 0 0 0 0 0 0 0 0 0 0 0 0 0 0 0 0 0 0 0 173 173 173 0 0 0 0 0 173 173 173 173 173 173 173 173 173 173 173 173 173 174 174 174 174 174 174 174 174 174 174 174 174 174 174 174 174 174 174 174 174 174 174 174 174 174 174 174 174 174 174 174 174 174 174 174 174 174 174 174 174 174 174 174 174 174 174 174 174 174 174 175 175 175 175 175 175 175 175 175 175 175 175 175 175 175 175 175 175 175 175 175 175 175 175 175 175 175 175 175 175 175 175 175 175 175 175 175 175 175 175 175 175 175 175 175 175 175 175 0 0 0 0 0 0 0 0 0 0 0 0 0 0 0 0 0 0 0 0 0 0 0 0 0 0 0 0 0 0 0 0 0 0 0 0 0 0 0 0 0 0 0 0 0 0 0 0 0 0 0 0 0 0 0 0 0 0 0 0 0 0 0 0 0 0 0 0 0 0 0 0 0 0 0 0 0 0 0 0 0 0 0 0 0 0 0 0 0 0 0 0 0 0 0 0 0 0 0 0 0 0 0 0 0 0 0 0 0 0 0 0 0 0 0 0 0 0 0 0 0 0 0 0 0 0 0 0 0 0 0 0 0 0 0 0 0 0 0 0 0 0 0 0 0 0 0 0 0 0 0 0 0 0 0 0 0 0 0 0 0 0 0 0 0 0 0 0 0 0 0 0 0 0 0 0 0 0 0 0 0 0 0 0 0 0 0 0 0 0 0 0 0 0 0 0 0 0 0 0 0 0 0 0 0 0 0 0 0 0 0 0 0 0 0 0 0 0 0 0 0 0 0 0 0 0 0 0 0 0 0 0 0 0 0 0 0 0 0 0 0 0 0 0 0 0 0 0 0 0 0 0 0 0 0 0 0 0 0 0 0 0 0 0 0 0 0 0 0 0 0 0 0 0 0 0 0 0 0 0 0 0 0 0 0 0 0 0 0 0 0 0 0 0 0 0 0 0 0 0 0 0 0 0 0 0 0 0 0 0 0 0 0 0 0 0 0 0 0 0 
0 0 0 0 0 0 0 0 0 0 0 0 0 0 0 0 0 0 0 0 0 0 0 0 0 0 0 0 0 0 0 0 0 0 171 171 171 0 0 0 0 0 0 0 0 0 0 0 0 0 0 0 0 0 0 0 0 0 0 0 0 0 173 173 173 173 173 0 173 173 173 173 173 173 173 173 173 173 173 173 173 173 173 174 174 174 174 174 174 174 174 174 174 174 174 174 174 174 174 174 174 174 174 174 174 174 174 174 174 174 174 174 174 174 174 174 174 174 174 174 174 174 174 174 174 174 174 175 174 174 174 175 175 174 175 175 175 175 175 175 175 175 175 175 175 175 175 175 175 175 175 175 175 175 175 175 175 175 175 175 175 175 175 175 175 175 175 175 175 175 175 175 175 175 175 175 175 175 175 175 175 175 175 0 0 0 0 0 0 0 0 0 0 0 0 0 0 0 0 0 0 0 0 0 0 0 0 0 0 0 0 0 0 0 0 0 0 0 0 0 0 0 0 0 0 0 0 0 0 0 0 0 0 0 0 0 0 0 0 0 0 0 0 0 0 0 0 0 0 0 0 0 0 0 0 0 0 0 0 0 0 0 0 0 0 0 0 0 0 0 0 0 0 0 0 0 0 0 0 0 0 0 0 0 0 0 0 0 0 0 0 0 0 0 0 0 0 0 0 0 0 0 0 0 0 0 0 0 0 0 0 0 0 0 0 0 0 0 0 0 0 0 0 0 0 0 0 0 0 0 0 0 0 0 0 0 0 0 0 0 0 0 0 0 0 0 0 0 0 0 0 0 0 0 0 0 0 0 0 0 0 0 0 0 0 0 0 0 0 0 0 0 0 0 0 0 0 0 0 0 0 0 0 0 0 0 0 0 0 0 0 0 0 0 0 0 0 0 0 0 0 0 0 0 0 0 0 0 0 0 0 0 0 0 0 0 0 0 0 0 0 0 0 0 0 0 0 0 0 0 0 0 0 0 0 0 0 0 0 0 0 0 0 0 0 0 0 0 0 0 0 0 0 0 0 0 0 0 0 0 0 0 0 0 0 0 0 0 0 0 0 0 0 0 0 0 0 0 0 0 0 0 0 0 0 0 0 0 0 0 0 0 0 0 0 0 0 0 0 0 0 0 0 
0 0 0 0 0 0 0 0 0 0 0 0 0 0 0 0 0 0 0 0 0 0 0 0 0 0 0 0 0 0 0 0 0 171 171 171 172 172 172 0 0 0 0 0 0 0 0 0 0 0 0 0 0 0 0 0 0 0 0 0 173 173 173 173 173 173 173 173 173 173 173 173 173 173 173 173 173 173 173 173 173 173 174 174 174 174 174 174 174 174 174 174 174 174 174 174 174 174 174 174 174 174 174 174 174 174 174 174 174 174 174 174 174 174 174 174 174 174 174 174 174 174 174 175 175 175 175 175 175 175 175 175 175 175 175 175 175 175 175 175 175 175 175 175 175 175 175 175 175 175 175 175 175 175 175 175 175 175 175 175 175 175 175 175 175 175 175 175 175 175 175 175 175 175 175 175 175 175 175 175 175 175 175 0 0 0 0 0 0 0 0 0 0 0 0 0 0 0 0 0 0 0 0 0 0 0 0 0 0 0 0 0 0 0 0 0 0 0 0 0 0 0 0 0 0 0 0 0 0 0 0 0 0 0 0 0 0 0 0 0 0 0 0 0 0 0 0 0 0 0 0 0 0 0 0 0 0 0 0 0 0 0 0 0 0 0 0 0 0 0 0 0 0 0 0 0 0 0 0 0 0 0 0 0 0 0 0 0 0 0 0 0 0 0 0 0 0 0 0 0 0 0 0 0 0 0 0 0 0 0 0 0 0 0 0 0 0 0 0 0 0 0 0 0 0 0 0 0 0 0 0 0 0 0 0 0 0 0 0 0 0 0 0 0 0 0 0 0 0 0 0 0 0 0 0 0 0 0 0 0 0 0 0 0 0 0 0 0 0 0 0 0 0 0 0 0 0 0 0 0 0 0 0 0 0 0 0 0 0 0 0 0 0 0 0 0 0 0 0 0 0 0 0 0 0 0 0 0 0 0 0 0 0 0 0 0 0 0 0 0 0 0 0 0 0 0 0 0 0 0 0 0 0 0 0 0 0 0 0 0 0 0 0 0 0 0 0 0 0 0 0 0 0 0 0 0 0 0 0 0 0 0 0 0 0 0 0 0 0 0 0 0 0 0 0 0 0 0 0 0 0 0 0 0 0 0 0 0 0 0 0 0 0 0 0 0 0 0 0 0 0 0 0 
0 0 0 0 0 0 0 0 0 0 0 0 0 0 0 0 0 0 0 0 0 0 0 0 0 0 0 0 0 0 0 0 171 171 171 171 172 172 172 0 0 0 0 0 0 0 0 0 0 0 0 0 0 0 0 0 0 173 173 173 173 173 173 173 173 173 173 173 173 173 173 173 173 173 173 173 173 173 173 173 173 174 174 174 174 174 174 174 174 174 174 174 174 174 174 174 174 174 174 174 174 174 174 174 174 174 174 174 174 174 174 174 174 174 174 174 174 174 174 174 175 175 175 175 175 175 175 175 175 175 175 175 175 175 175 175 175 175 175 175 175 175 175 175 175 175 175 175 175 175 175 175 175 175 175 175 175 175 175 175 175 175 175 175 175 175 175 175 175 175 175 175 175 175 175 175 175 175 175 175 175 175 175 175 0 0 0 0 0 0 0 0 0 0 0 0 0 0 0 0 0 0 0 0 0 0 0 0 0 0 0 0 0 0 0 0 0 0 0 0 0 0 0 0 0 0 0 0 0 0 0 0 0 0 0 0 0 0 0 0 0 0 0 0 0 0 0 0 0 0 0 0 0 0 0 0 0 0 0 0 0 0 0 0 0 0 0 0 0 0 0 0 0 0 0 0 0 0 0 0 0 0 0 0 0 0 0 0 0 0 0 0 0 0 0 0 0 0 0 0 0 0 0 0 0 0 0 0 0 0 0 0 0 0 0 0 0 0 0 0 0 0 0 0 0 0 0 0 0 0 0 0 0 0 0 0 0 0 0 0 0 0 0 0 0 0 0 0 0 0 0 0 0 0 0 0 0 0 0 0 0 0 0 0 0 0 0 0 0 0 0 0 0 0 0 0 0 0 0 0 0 0 0 0 0 0 0 0 0 0 0 0 0 0 0 0 0 0 0 0 0 0 0 0 0 0 0 0 0 0 0 0 0 0 0 0 0 0 0 0 0 0 0 0 0 0 0 0 0 0 0 0 0 0 0 0 0 0 0 0 0 0 0 0 0 0 0 0 0 0 0 0 0 0 0 0 0 0 0 0 0 0 0 0 0 0 0 0 0 0 0 0 0 0 0 0 0 0 0 0 0 0 0 0 0 0 0 0 0 0 0 0 0 0 0 0 0 0 0 0 0 0 0 
0 0 0 0 0 0 0 0 0 0 0 0 0 0 0 0 0 0 0 0 0 0 0 0 0 0 0 0 0 0 0 171 171 171 171 172 172 172 172 0 0 0 0 0 0 0 0 0 0 0 0 0 0 0 0 0 173 173 173 173 173 173 173 173 173 173 173 173 173 173 173 173 173 173 173 173 173 173 173 173 173 174 174 174 174 174 174 174 174 174 174 174 174 174 174 174 174 174 174 174 174 174 174 174 174 174 174 174 174 174 174 174 174 174 174 174 174 174 175 175 175 175 175 175 175 175 175 175 175 175 175 175 175 175 175 175 175 175 175 175 175 175 175 175 175 175 175 175 175 175 175 175 175 175 175 175 175 175 175 175 175 175 175 175 175 175 175 175 175 175 175 175 175 175 175 175 175 175 175 175 175 175 175 175 175 0 0 0 0 0 0 0 0 0 0 0 0 0 0 0 0 0 0 0 0 0 0 0 0 0 0 0 0 0 0 0 0 0 0 0 0 0 0 0 0 0 0 0 0 0 0 0 0 0 0 0 0 0 0 0 0 0 0 0 0 0 0 0 0 0 0 0 0 0 0 0 0 0 0 0 0 0 0 0 0 0 0 0 0 0 0 0 0 0 0 0 0 0 0 0 0 0 0 0 0 0 0 0 0 0 0 0 0 0 0 0 0 0 0 0 0 0 0 0 0 0 0 0 0 0 0 0 0 0 0 0 0 0 0 0 0 0 0 0 0 0 0 0 0 0 0 0 0 0 0 0 0 0 0 0 0 0 0 0 0 0 0 0 0 0 0 0 0 0 0 0 0 0 0 0 0 0 0 0 0 0 0 0 0 0 0 0 0 0 0 0 0 0 0 0 0 0 0 0 0 0 0 0 0 0 0 0 0 0 0 0 0 0 0 0 0 0 0 0 0 0 0 0 0 0 0 0 0 0 0 0 0 0 0 0 0 0 0 0 0 0 0 0 0 0 0 0 0 0 0 0 0 0 0 0 0 0 0 0 0 0 0 0 0 0 0 0 0 0 0 0 0 0 0 0 0 0 0 0 0 0 0 0 0 0 0 0 0 0 0 0 0 0 0 0 0 0 0 0 0 0 0 0 0 0 0 0 0 0 0 0 0 0 0 0 0 0 0 
0 0 0 0 0 0 0 0 0 0 0 0 0 0 0 0 0 0 0 0 0 0 0 0 0 0 0 0 0 0 171 171 171 171 171 172 172 172 172 172 0 0 0 0 0 0 0 0 0 0 0 0 0 0 0 0 0 173 173 173 173 173 173 173 173 173 173 173 173 173 173 173 173 173 173 173 173 173 173 173 174 174 174 174 174 174 174 174 174 174 174 174 174 174 174 174 174 174 174 174 174 174 174 174 174 174 174 174 174 174 174 174 174 174 174 174 175 175 175 175 175 175 175 175 175 175 175 175 175 175 175 175 175 175 175 175 175 175 175 175 175 175 175 175 175 175 175 175 175 175 175 175 175 175 175 175 175 175 175 175 175 175 175 175 175 175 175 175 175 175 175 175 175 175 175 175 175 175 175 175 175 175 175 175 0 0 0 0 0 0 0 0 0 0 0 0 0 0 0 0 0 0 0 0 0 0 0 0 0 0 0 0 0 0 0 0 0 0 0 0 0 0 0 0 0 0 0 0 0 0 0 0 0 0 0 0 0 0 0 0 0 0 0 0 0 0 0 0 0 0 0 0 0 0 0 0 0 0 0 0 0 0 0 0 0 0 0 0 0 0 0 0 0 0 0 0 0 0 0 0 0 0 0 0 0 0 0 0 0 0 0 0 0 0 0 0 0 0 0 0 0 0 0 0 0 0 0 0 0 0 0 0 0 0 0 0 0 0 0 0 0 0 0 0 0 0 0 0 0 0 0 0 0 0 0 0 0 0 0 0 0 0 0 0 0 0 0 0 0 0 0 0 0 0 0 0 0 0 0 0 0 0 0 0 0 0 0 0 0 0 0 0 0 0 0 0 0 0 0 0 0 0 0 0 0 0 0 0 0 0 0 0 0 0 0 0 0 0 0 0 0 0 0 0 0 0 0 0 0 0 0 0 0 0 0 0 0 0 0 0 0 0 0 0 0 0 0 0 0 0 0 0 0 0 0 0 0 0 0 0 0 0 0 0 0 0 0 0 0 0 0 0 0 0 0 0 0 0 0 0 0 0 0 0 0 0 0 0 0 0 0 0 0 0 0 0 0 0 0 0 0 0 0 0 0 0 0 0 0 0 0 0 0 0 0 0 0 0 0 0 0 0 0 
0 0 0 0 0 0 0 0 0 0 0 0 0 0 0 0 0 0 0 0 0 0 0 0 0 0 0 0 0 0 171 171 171 171 172 172 172 172 172 172 172 172 0 0 0 0 172 172 172 172 0 0 172 173 173 173 0 0 173 173 173 173 173 173 173 173 173 173 173 173 173 173 173 173 173 173 173 173 173 174 174 174 174 174 174 174 174 174 174 174 174 174 174 174 174 174 174 174 174 174 174 174 174 174 174 174 174 174 174 174 174 174 174 174 175 175 175 175 175 175 175 175 175 175 175 175 175 175 175 175 175 175 175 175 175 175 175 175 175 175 175 175 175 175 175 175 175 175 175 175 175 175 175 175 175 175 175 175 175 175 175 175 175 175 175 175 175 175 175 175 175 175 175 175 175 175 175 175 175 175 175 175 175 175 175 0 0 0 0 0 0 0 0 0 0 0 0 0 0 0 0 0 0 0 0 0 0 0 0 0 0 0 0 0 0 0 0 0 0 0 0 0 0 0 0 0 0 0 0 0 0 0 0 0 0 0 0 0 0 0 0 0 0 0 0 0 0 0 0 0 0 0 0 0 0 0 0 0 0 0 0 0 0 0 0 0 0 0 0 0 0 0 0 0 0 0 0 0 0 0 0 0 0 0 0 0 0 0 0 0 0 0 0 0 0 0 0 0 0 0 0 0 0 0 0 0 0 0 0 0 0 0 0 0 0 0 0 0 0 0 0 0 0 0 0 0 0 0 0 0 0 0 0 0 0 0 0 0 0 0 0 0 0 0 0 0 0 0 0 0 0 0 0 0 0 0 0 0 0 0 0 0 0 0 0 0 0 0 0 0 0 0 0 0 0 0 0 0 0 0 0 0 0 0 0 0 0 0 0 0 0 0 0 0 0 0 0 0 0 0 0 0 0 0 0 0 0 0 0 0 0 0 0 0 0 0 0 0 0 0 0 0 0 0 0 0 0 0 0 0 0 0 0 0 0 0 0 0 0 0 0 0 0 0 0 0 0 0 0 0 0 0 0 0 0 0 0 0 0 0 0 0 0 0 0 0 0 0 0 0 0 0 0 0 0 0 0 0 0 0 0 0 0 0 0 0 0 0 0 0 0 0 0 0 0 0 0 0 0 0 0 0 0 
0 0 0 0 0 0 0 0 0 0 0 0 0 0 0 0 0 0 0 0 0 0 0 0 0 0 0 0 0 0 0 171 171 172 172 172 172 172 172 172 172 172 172 172 172 172 172 172 172 172 172 172 173 173 173 173 173 173 173 173 173 173 173 173 173 173 173 173 173 173 173 173 173 173 173 173 173 173 174 174 174 174 174 174 174 174 174 174 174 174 174 174 174 174 174 174 174 174 174 174 174 174 174 174 174 174 174 174 174 174 174 174 175 175 175 175 175 175 175 175 175 175 175 175 175 175 175 175 175 175 175 175 175 175 175 175 175 175 175 175 175 175 175 175 175 175 175 175 175 175 175 175 175 175 175 175 175 175 175 175 175 175 175 175 175 175 175 175 175 175 175 175 175 175 175 175 175 175 175 175 175 175 175 175 175 175 0 0 0 0 0 0 0 0 0 0 0 0 0 0 0 0 0 0 0 0 0 0 0 0 0 0 0 0 0 0 0 0 0 0 0 0 0 0 0 0 0 0 0 0 0 0 0 0 0 0 0 0 0 0 0 0 0 0 0 0 0 0 0 0 0 0 0 0 0 0 0 0 0 0 0 0 0 0 0 0 0 0 0 0 0 0 0 0 0 0 0 0 0 0 0 0 0 0 0 0 0 0 0 0 0 0 0 0 0 0 0 0 0 0 0 0 0 0 0 0 0 0 0 0 0 0 0 0 0 0 0 0 0 0 0 0 0 0 0 0 0 0 0 0 0 0 0 0 0 0 0 0 0 0 0 0 0 0 0 0 0 0 0 0 0 0 0 0 0 0 0 0 0 0 0 0 0 0 0 0 0 0 0 0 0 0 0 0 0 0 0 0 0 0 0 0 0 0 0 0 0 0 0 0 0 0 0 0 0 0 0 0 0 0 0 0 0 0 0 0 0 0 0 0 0 0 0 0 0 0 0 0 0 0 0 0 0 0 0 0 0 0 0 0 0 0 0 0 0 0 0 0 0 0 0 0 0 0 0 0 0 0 0 0 0 0 0 0 0 0 0 0 0 0 0 0 0 0 0 0 0 0 0 0 0 0 0 0 0 0 0 0 0 0 0 0 0 0 0 0 0 0 0 0 0 0 0 0 0 0 0 0 0 0 0 0 0 
0 0 0 0 0 0 0 0 0 0 0 0 0 0 0 0 0 0 0 0 0 0 0 0 0 0 0 0 0 0 0 171 172 172 172 172 172 172 172 172 172 172 172 172 172 172 172 172 172 172 172 172 173 173 173 173 173 173 173 173 173 173 173 173 173 173 173 173 173 173 173 173 173 173 173 173 173 174 174 174 174 174 174 174 174 174 174 174 174 174 174 174 174 174 174 174 174 174 174 174 174 174 174 174 174 174 174 174 174 174 175 175 175 175 175 175 175 175 175 175 175 175 175 175 175 175 175 175 175 175 175 175 175 175 175 175 175 175 175 175 175 175 175 175 175 175 175 175 175 175 175 175 175 175 175 175 175 175 175 175 175 175 175 175 175 175 175 175 175 175 175 175 175 175 175 175 175 175 176 176 176 176 176 176 176 176 176 176 0 0 0 0 0 0 0 0 0 0 0 0 0 0 0 0 0 0 0 0 0 0 0 0 0 0 0 0 0 0 0 0 0 0 0 0 0 0 0 0 0 0 0 0 0 0 0 0 0 0 0 0 0 0 0 0 0 0 0 0 0 0 0 0 0 0 0 0 0 0 0 0 0 0 0 0 0 0 0 0 0 0 0 0 0 0 0 0 0 0 0 0 0 0 0 0 0 0 0 0 0 0 0 0 0 0 0 0 0 0 0 0 0 0 0 0 0 0 0 0 0 0 0 0 0 0 0 0 0 0 0 0 0 0 0 0 0 0 0 0 0 0 0 0 0 0 0 0 0 0 0 0 0 0 0 0 0 0 0 0 0 0 0 0 0 0 0 0 0 0 0 0 0 0 0 0 0 0 0 0 0 0 0 0 0 0 0 0 0 0 0 0 0 0 0 0 0 0 0 0 0 0 0 0 0 0 0 0 0 0 0 0 0 0 0 0 0 0 0 0 0 0 0 0 0 0 0 0 0 0 0 0 0 0 0 0 0 0 0 0 0 0 0 0 0 0 0 0 0 0 0 0 0 0 0 0 0 0 0 0 0 0 0 0 0 0 0 0 0 0 0 0 0 0 0 0 0 0 0 0 0 0 0 0 0 0 0 0 0 0 0 0 0 0 0 0 0 0 0 0 0 0 0 0 0 0 0 0 0 0 0 0 0 0 0 
0 0 0 0 0 0 0 0 0 0 0 0 0 0 0 0 0 0 0 0 0 0 0 0 0 0 0 0 0 0 0 171 172 172 172 172 172 172 172 172 172 172 172 172 172 172 172 172 172 172 172 173 173 173 173 173 173 173 173 173 173 173 173 173 173 173 173 173 173 173 173 173 173 173 173 173 174 174 174 174 174 174 174 174 174 174 174 174 174 174 174 174 174 174 174 174 174 174 174 174 174 174 174 174 174 174 174 174 174 175 175 175 175 175 175 175 175 175 175 175 175 175 175 175 175 175 175 175 175 175 175 175 175 175 175 175 175 175 175 175 175 175 175 175 175 175 175 175 175 175 175 175 175 175 175 175 175 175 175 175 175 175 175 175 175 175 175 175 176 176 175 175 175 175 175 175 176 176 176 176 176 176 176 176 176 176 176 176 176 176 0 0 0 0 0 0 0 0 0 0 0 0 0 0 0 0 0 0 0 0 0 0 0 0 0 0 0 0 0 0 0 0 0 0 0 0 0 0 0 0 0 0 0 0 0 0 0 0 0 0 0 0 0 0 0 0 0 0 0 0 0 0 0 0 0 0 0 0 0 0 0 0 0 0 0 0 0 0 0 0 0 0 0 0 0 0 0 0 0 0 0 0 0 0 0 0 0 0 0 0 0 0 0 0 0 0 0 0 0 0 0 0 0 0 0 0 0 0 0 0 0 0 0 0 0 0 0 0 0 0 0 0 0 0 0 0 0 0 0 0 0 0 0 0 0 0 0 0 0 0 0 0 0 0 0 0 0 0 0 0 0 0 0 0 0 0 0 0 0 0 0 0 0 0 0 0 0 0 0 0 0 0 0 0 0 0 0 0 0 0 0 0 0 0 0 0 0 0 0 0 0 0 0 0 0 0 0 0 0 0 0 0 0 0 0 0 0 0 0 0 0 0 0 0 0 0 0 0 0 0 0 0 0 0 0 0 0 0 0 0 0 0 0 0 0 0 0 0 0 0 0 0 0 0 0 0 0 0 0 0 0 0 0 0 0 0 0 0 0 0 0 0 0 0 0 0 0 0 0 0 0 0 0 0 0 0 0 0 0 0 0 0 0 0 0 0 0 0 0 0 0 0 0 0 0 0 0 0 0 0 0 0 0 
0 0 0 0 0 0 0 0 0 0 0 0 0 0 0 0 0 0 0 0 0 0 0 0 171 171 171 171 171 171 171 172 172 172 172 172 172 172 172 172 172 172 172 172 172 172 172 172 172 172 172 173 173 173 173 173 173 173 173 173 173 173 173 173 173 173 173 173 173 173 173 173 173 174 174 174 174 174 174 174 174 174 174 174 174 174 174 174 174 174 174 174 174 174 174 174 174 174 174 174 174 174 174 174 174 174 174 175 175 175 175 175 175 175 175 175 175 175 175 175 175 175 175 175 175 175 175 175 175 175 175 175 175 175 175 175 175 175 175 175 175 175 175 175 175 175 175 175 175 175 175 175 175 175 175 175 175 175 175 175 175 175 176 176 176 176 176 176 176 176 176 176 176 176 176 176 176 176 176 176 176 176 176 176 176 176 176 176 176 176 176 176 176 176 176 176 176 176 0 0 0 0 0 0 0 0 0 0 0 0 0 0 0 0 0 0 0 0 0 0 0 0 0 0 0 0 0 0 0 0 0 0 0 0 0 0 0 0 0 0 0 0 0 0 0 0 0 0 0 0 0 0 0 0 0 0 0 0 0 0 0 0 0 0 0 0 0 0 0 0 0 0 0 0 0 0 0 0 0 0 0 0 0 0 0 0 0 0 0 0 0 0 0 0 0 0 0 0 0 0 0 0 0 0 0 0 0 0 0 0 0 0 0 0 0 0 0 0 0 0 0 0 0 0 0 0 0 0 0 0 0 0 0 0 0 0 0 0 0 0 0 0 0 0 0 0 0 0 0 0 0 0 0 0 0 0 0 0 0 0 0 0 0 0 0 0 0 0 0 0 0 0 0 0 0 0 0 0 0 0 0 0 0 0 0 0 0 0 0 0 0 0 0 0 0 0 0 0 0 0 0 0 0 0 0 0 0 0 0 0 0 0 0 0 0 0 0 0 0 0 0 0 0 0 0 0 0 0 0 0 0 0 0 0 0 0 0 0 0 0 0 0 0 0 0 0 0 0 0 0 0 0 0 0 0 0 0 0 0 0 0 0 0 0 0 0 0 0 0 0 0 0 0 0 0 0 0 0 0 0 0 0 0 0 0 0 0 0 0 0 0 0 0 0 0 0 0 0 0 0 0 0 0 
0 0 0 0 0 0 0 0 0 0 0 0 0 0 0 0 0 0 0 0 0 0 171 171 171 171 171 171 171 171 171 172 172 172 172 172 172 172 172 172 172 172 172 172 172 172 172 172 172 172 173 173 173 173 173 173 173 173 173 173 173 173 173 173 173 173 173 173 173 173 173 173 174 174 174 174 174 174 174 174 174 174 174 174 174 174 174 174 174 174 174 174 174 174 174 174 174 174 174 174 174 174 174 174 174 175 175 175 175 175 175 175 175 175 175 175 175 175 175 175 175 175 175 175 175 175 175 175 175 175 175 175 175 175 175 175 175 175 175 175 175 175 175 175 175 175 175 175 175 175 175 175 175 175 175 175 175 175 175 175 175 176 176 176 176 176 176 176 176 176 176 176 176 176 176 176 176 176 176 176 176 176 176 176 176 176 176 176 176 176 176 176 176 176 176 176 176 176 176 176 0 0 0 0 0 0 0 0 0 0 0 0 0 0 0 0 0 0 0 0 0 0 0 0 0 0 0 0 0 0 0 0 0 0 0 0 0 0 0 0 0 0 0 0 0 0 0 0 0 0 0 0 0 0 0 0 0 0 0 0 0 0 0 0 0 0 0 0 0 0 0 0 0 0 0 0 0 0 0 0 0 0 0 0 0 0 0 0 0 0 0 0 0 0 0 0 0 0 0 0 0 0 0 0 0 0 0 0 0 0 0 0 0 0 0 0 0 0 0 0 0 0 0 0 0 0 0 0 0 0 0 0 0 0 0 0 0 0 0 0 0 0 0 0 0 0 0 0 0 0 0 0 0 0 0 0 0 0 0 0 0 0 0 0 0 0 0 0 0 0 0 0 0 0 0 0 0 0 0 0 0 0 0 0 0 0 0 0 0 0 0 0 0 0 0 0 0 0 0 0 0 0 0 0 0 0 0 0 0 0 0 0 0 0 0 0 0 0 0 0 0 0 0 0 0 0 0 0 0 0 0 0 0 0 0 0 0 0 0 0 0 0 0 0 0 0 0 0 0 0 0 0 0 0 0 0 0 0 0 0 0 0 0 0 0 0 0 0 0 0 0 0 0 0 0 0 0 0 0 0 0 0 0 0 0 0 0 0 0 0 0 0 0 0 0 0 0 0 0 0 0 0 0 
0 0 0 0 0 0 0 0 0 0 0 0 0 0 0 0 0 0 0 0 0 0 171 171 171 171 171 171 171 171 172 172 172 172 172 172 172 172 172 172 172 172 172 172 172 172 172 172 172 172 173 173 173 173 173 173 173 173 173 173 173 173 173 173 173 173 173 173 173 173 173 174 174 174 174 174 174 174 174 174 174 174 174 174 174 174 174 174 174 174 174 174 174 174 174 174 174 174 174 174 174 174 174 175 175 175 175 175 175 175 175 175 175 175 175 175 175 175 175 175 175 175 175 175 175 175 175 175 175 175 175 175 175 175 175 175 175 175 175 175 175 175 175 175 175 175 175 175 175 175 175 175 175 175 175 175 175 176 176 176 176 176 176 176 176 176 176 176 176 176 176 176 176 176 176 176 176 176 176 176 176 176 176 176 176 176 176 176 176 176 176 176 176 176 176 176 176 176 176 176 0 0 0 0 0 0 0 0 0 0 0 0 0 0 0 0 0 0 0 0 0 0 0 0 0 0 0 0 0 0 0 0 0 0 0 0 0 0 0 0 0 0 0 0 0 0 0 0 0 0 0 0 0 0 0 0 0 0 0 0 0 0 0 0 0 0 0 0 0 0 0 0 0 0 0 0 0 0 0 0 0 0 0 0 0 0 0 0 0 0 0 0 0 0 0 0 0 0 0 0 0 0 0 0 0 0 0 0 0 0 0 0 0 0 0 0 0 0 0 0 0 0 0 0 0 0 0 0 0 0 0 0 0 0 0 0 0 0 0 0 0 0 0 0 0 0 0 0 0 0 0 0 0 0 0 0 0 0 0 0 0 0 0 0 0 0 0 0 0 0 0 0 0 0 0 0 0 0 0 0 0 0 0 0 0 0 0 0 0 0 0 0 0 0 0 0 0 0 0 0 0 0 0 0 0 0 0 0 0 0 0 0 0 0 0 0 0 0 0 0 0 0 0 0 0 0 0 0 0 0 0 0 0 0 0 0 0 0 0 0 0 0 0 0 0 0 0 0 0 0 0 0 0 0 0 0 0 0 0 0 0 0 0 0 0 0 0 0 0 0 0 0 0 0 0 0 0 0 0 0 0 0 0 0 0 0 0 0 0 0 0 0 0 0 0 0 0 0 0 0 0 0 0 
0 0 0 0 0 0 0 0 0 0 0 0 0 0 0 0 0 0 0 0 0 0 171 171 171 171 171 171 171 171 172 172 172 172 172 172 172 172 172 172 172 172 172 172 172 172 172 172 172 173 173 173 173 173 173 173 173 173 173 173 173 173 173 173 173 173 173 173 173 173 174 174 174 174 174 174 174 174 174 174 174 174 174 174 174 174 174 174 174 174 174 174 174 174 174 174 174 174 174 174 174 174 175 175 175 175 175 175 175 175 175 175 175 175 175 175 175 175 175 175 175 175 175 175 175 175 175 175 175 175 175 175 175 175 175 175 175 175 175 175 175 175 175 175 175 175 175 175 175 175 175 175 176 176 175 175 175 175 176 176 176 176 176 176 176 176 176 176 176 176 176 176 176 176 176 176 176 176 176 176 176 176 176 176 176 176 176 176 176 176 176 176 176 176 176 176 176 176 176 176 176 0 0 0 0 0 0 0 0 0 0 0 0 0 0 0 0 0 0 0 0 0 0 0 0 0 0 0 0 0 0 0 0 0 0 0 0 0 0 0 0 0 0 0 0 0 0 0 0 0 0 0 0 0 0 0 0 0 0 0 0 0 0 0 0 0 0 0 0 0 0 0 0 0 0 0 0 0 0 0 0 0 0 0 0 0 0 0 0 0 0 0 0 0 0 0 0 0 0 0 0 0 0 0 0 0 0 0 0 0 0 0 0 0 0 0 0 0 0 0 0 0 0 0 0 0 0 0 0 0 0 0 0 0 0 0 0 0 0 0 0 0 0 0 0 0 0 0 0 0 0 0 0 0 0 0 0 0 0 0 0 0 0 0 0 0 0 0 0 0 0 0 0 0 0 0 0 0 0 0 0 0 0 0 0 0 0 0 0 0 0 0 0 0 0 0 0 0 0 0 0 0 0 0 0 0 0 0 0 0 0 0 0 0 0 0 0 0 0 0 0 0 0 0 0 0 0 0 0 0 0 0 0 0 0 0 0 0 0 0 0 0 0 0 0 0 0 0 0 0 0 0 0 0 0 0 0 0 0 0 0 0 0 0 0 0 0 0 0 0 0 0 0 0 0 0 0 0 0 0 0 0 0 0 0 0 0 0 0 0 0 0 0 0 0 0 0 0 0 0 0 0 0 
0 0 0 0 0 0 0 0 0 0 170 170 171 171 171 0 0 0 0 171 171 0 0 171 171 171 171 171 171 171 172 172 172 172 172 172 172 172 172 172 172 172 172 172 172 172 172 172 172 173 173 173 173 173 173 173 173 173 173 173 173 173 173 173 173 173 173 173 173 174 174 174 174 174 174 174 174 174 174 174 174 174 174 174 174 174 174 174 174 174 174 174 174 174 174 174 174 174 174 174 175 175 175 175 175 175 175 175 175 175 175 175 175 175 175 175 175 175 175 175 175 175 175 175 175 175 175 175 175 175 175 175 175 175 175 175 175 175 175 175 175 175 175 175 175 175 175 175 176 176 176 176 176 176 176 176 176 176 176 176 176 176 176 176 176 176 176 176 176 176 176 176 176 176 176 176 176 176 176 176 176 176 176 176 176 176 176 176 176 176 176 176 176 176 176 176 176 176 176 176 176 0 0 0 0 0 0 0 0 0 0 0 0 0 0 0 0 0 0 0 0 0 0 0 0 0 0 0 0 0 0 0 0 0 0 0 0 0 0 0 0 0 0 0 0 0 0 0 0 0 0 0 0 0 0 0 0 0 0 0 0 0 0 0 0 0 0 0 0 0 0 0 0 0 0 0 0 0 0 0 0 0 0 0 0 0 0 0 0 0 0 0 0 0 0 0 0 0 0 0 0 0 0 0 0 0 0 0 0 0 0 0 0 0 0 0 0 0 0 0 0 0 0 0 0 0 0 0 0 0 0 0 0 0 0 0 0 0 0 0 0 0 0 0 0 0 0 0 0 0 0 0 0 0 0 0 0 0 0 0 0 0 0 0 0 0 0 0 0 0 0 0 0 0 0 0 0 0 0 0 0 0 0 0 0 0 0 0 0 0 0 0 0 0 0 0 0 0 0 0 0 0 0 0 0 0 0 0 0 0 0 0 0 0 0 0 0 0 0 0 0 0 0 0 0 0 0 0 0 0 0 0 0 0 0 0 0 0 0 0 0 0 0 0 0 0 0 0 0 0 0 0 0 0 0 0 0 0 0 0 0 0 0 0 0 0 0 0 0 0 0 0 0 0 0 0 0 0 0 0 0 0 0 0 0 0 0 0 0 0 0 0 0 0 0 0 0 0 0 0 0 0 0 
0 0 0 0 0 0 0 0 170 170 170 170 171 171 171 171 171 171 171 171 171 171 171 171 171 171 171 171 172 172 172 172 172 172 172 172 172 172 172 172 172 172 172 172 172 172 172 173 173 173 173 173 173 173 173 173 173 173 173 173 173 173 173 173 173 173 173 173 173 174 174 174 174 174 174 174 174 174 174 174 174 174 174 174 174 174 174 174 174 174 174 174 174 174 174 174 174 174 174 175 175 175 175 175 175 175 175 175 175 175 175 175 175 175 175 175 175 175 175 175 175 175 175 175 175 175 175 175 175 175 175 175 175 175 175 175 175 175 175 175 175 175 175 175 175 175 175 176 176 176 176 176 176 176 176 176 176 176 176 176 176 176 176 176 176 176 176 176 176 176 176 176 176 176 176 176 176 176 176 176 176 176 176 176 176 176 176 176 176 176 176 176 176 176 176 176 176 176 176 176 176 176 0 0 0 0 0 0 0 0 0 0 0 0 0 0 0 0 0 0 0 0 0 0 0 0 0 0 0 0 0 0 0 0 0 0 0 0 0 0 0 0 0 0 0 0 0 0 0 0 0 0 0 0 0 0 0 0 0 0 0 0 0 0 0 0 0 0 0 0 0 0 0 0 0 0 0 0 0 0 0 0 0 0 0 0 0 0 0 0 0 0 0 0 0 0 0 0 0 0 0 0 0 0 0 0 0 0 0 0 0 0 0 0 0 0 0 0 0 0 0 0 0 0 0 0 0 0 0 0 0 0 0 0 0 0 0 0 0 0 0 0 0 0 0 0 0 0 0 0 0 0 0 0 0 0 0 0 0 0 0 0 0 0 0 0 0 0 0 0 0 0 0 0 0 0 0 0 0 0 0 0 0 0 0 0 0 0 0 0 0 0 0 0 0 0 0 0 0 0 0 0 0 0 0 0 0 0 0 0 0 0 0 0 0 0 0 0 0 0 0 0 0 0 0 0 0 0 0 0 0 0 0 0 0 0 0 0 0 0 0 0 0 0 0 0 0 0 0 0 0 0 0 0 0 0 0 0 0 0 0 0 0 0 0 0 0 0 0 0 0 0 0 0 0 0 0 0 0 0 0 0 0 0 0 0 0 0 0 0 0 0 0 0 0 0 0 0 0 0 0 0 0 
170 0 0 0 0 0 170 170 170 170 170 170 171 171 171 171 171 171 171 171 171 171 171 171 171 171 171 171 172 172 172 172 172 172 172 172 172 172 172 172 172 172 172 172 172 172 172 173 173 173 173 173 173 173 173 173 173 173 173 173 173 173 173 173 173 173 173 173 174 174 174 174 174 174 174 174 174 174 174 174 174 174 174 174 174 174 174 174 174 174 174 174 174 174 174 174 174 175 175 175 175 175 175 175 175 175 175 175 175 175 175 175 175 175 175 175 175 175 175 175 175 175 175 175 175 175 175 175 175 175 175 175 175 175 175 175 175 175 175 175 175 176 176 175 175 175 176 176 176 176 176 176 176 176 176 176 176 176 176 176 176 176 176 176 176 176 176 176 176 176 176 176 176 176 176 176 176 176 176 176 176 176 176 176 176 176 176 176 176 176 176 176 176 176 176 176 176 176 176 176 176 176 0 0 0 0 0 0 0 0 0 0 0 0 0 0 0 0 0 0 0 0 0 0 0 0 0 0 0 0 0 0 0 0 0 0 0 0 0 0 0 0 0 0 0 0 0 0 0 0 0 0 0 0 0 0 0 0 0 0 0 0 0 0 0 0 0 0 0 0 0 0 0 0 0 0 0 0 0 0 0 0 0 0 0 0 0 0 0 0 0 0 0 0 0 0 0 0 0 0 0 0 0 0 0 0 0 0 0 0 0 0 0 0 0 0 0 0 0 0 0 0 0 0 0 0 0 0 0 0 0 0 0 0 0 0 0 0 0 0 0 0 0 0 0 0 0 0 0 0 0 0 0 0 0 0 0 0 0 0 0 0 0 0 0 0 0 0 0 0 0 0 0 0 0 0 0 0 0 0 0 0 0 0 0 0 0 0 0 0 0 0 0 0 0 0 0 0 0 0 0 0 0 0 0 0 0 0 0 0 0 0 0 0 0 0 0 0 0 0 0 0 0 0 0 0 0 0 0 0 0 0 0 0 0 0 0 0 0 0 0 0 0 0 0 0 0 0 0 0 0 0 0 0 0 0 0 0 0 0 0 0 0 0 0 0 0 0 0 0 0 0 0 0 0 0 0 0 0 0 0 0 0 0 0 0 0 0 0 0 0 0 0 0 0 0 0 0 0 0 0 0 0 
0 170 170 170 170 170 170 170 170 170 170 171 171 171 171 171 171 171 171 171 171 171 171 171 171 171 171 172 172 172 172 172 172 172 172 172 172 172 172 172 172 172 172 172 172 172 172 173 173 173 173 173 173 173 173 173 173 173 173 173 173 173 173 173 173 173 173 174 174 174 174 174 174 174 174 174 174 174 174 174 174 174 174 174 174 174 174 174 174 174 174 174 174 174 174 174 174 175 175 175 175 175 175 175 175 175 175 175 175 175 175 175 175 175 175 175 175 175 175 175 175 175 175 175 175 175 175 175 175 175 175 175 175 175 175 175 175 175 176 176 176 176 176 176 176 176 176 176 176 176 176 176 176 176 176 176 176 176 176 176 176 176 176 176 176 176 176 176 176 176 176 176 176 176 176 176 176 176 176 176 176 176 176 176 176 176 176 176 176 176 176 176 176 176 176 176 176 176 176 176 176 176 176 0 0 0 0 0 176 176 176 0 0 0 0 0 0 0 0 0 0 0 0 0 0 0 0 0 0 0 0 0 0 0 0 0 0 0 0 0 0 0 0 0 0 0 0 0 0 0 0 0 0 0 0 0 0 0 0 0 0 0 0 0 0 0 0 0 0 0 0 0 0 0 0 0 0 0 0 0 0 0 0 0 0 0 0 0 0 0 0 0 0 0 0 0 0 0 0 0 0 0 0 0 0 0 0 0 0 0 0 0 0 0 0 0 0 0 0 0 0 0 0 0 0 0 0 0 0 0 0 0 0 0 0 0 0 0 0 0 0 0 0 0 0 0 0 0 0 0 0 0 0 0 0 0 0 0 0 0 0 0 0 0 0 0 0 0 0 0 0 0 0 0 0 0 0 0 0 0 0 0 0 0 0 0 0 0 0 0 0 0 0 0 0 0 0 0 0 0 0 0 0 0 0 0 0 0 0 0 0 0 0 0 0 0 0 0 0 0 0 0 0 0 0 0 0 0 0 0 0 0 0 0 0 0 0 0 0 0 0 0 0 0 0 0 0 0 0 0 0 0 0 0 0 0 0 0 0 0 0 0 0 0 0 0 0 0 0 0 0 0 0 0 0 0 0 0 0 0 0 0 0 0 0 0 0 0 0 0 0 0 0 0 0 0 0 0 0 0 0 0 0 
0 170 170 170 170 170 170 170 170 170 170 171 171 171 171 171 171 171 171 171 171 171 171 171 171 171 171 172 172 172 172 172 172 172 172 172 172 172 172 172 172 172 172 172 172 172 173 173 173 173 173 173 173 173 173 173 173 173 173 173 173 173 173 173 173 173 173 174 174 174 174 174 174 174 174 174 174 174 174 174 174 174 174 174 174 174 174 174 174 174 174 174 174 174 174 174 174 175 175 175 175 175 175 175 175 175 175 175 175 175 175 175 175 175 175 175 175 175 175 175 175 175 175 175 175 175 175 175 175 175 175 175 175 175 176 176 176 176 176 176 176 176 176 176 176 176 176 176 176 176 176 176 176 176 176 176 176 176 176 176 176 176 176 176 176 176 176 176 176 176 176 176 176 176 176 176 176 176 176 176 176 176 176 176 176 176 176 176 176 176 176 176 176 176 176 176 176 176 176 176 176 176 176 176 0 0 176 176 176 176 176 0 0 0 0 0 0 0 0 0 0 0 0 0 0 0 0 0 0 0 0 0 0 0 0 0 0 0 0 0 0 0 0 0 0 0 0 0 0 0 0 0 0 0 0 0 0 0 0 0 0 0 0 0 0 0 0 0 0 0 0 0 0 0 0 0 0 0 0 0 0 0 0 0 0 0 0 0 0 0 0 0 0 0 0 0 0 0 0 0 0 0 0 0 0 0 0 0 0 0 0 0 0 0 0 0 0 0 0 0 0 0 0 0 0 0 0 0 0 0 0 0 0 0 0 0 0 0 0 0 0 0 0 0 0 0 0 0 0 0 0 0 0 0 0 0 0 0 0 0 0 0 0 0 0 0 0 0 0 0 0 0 0 0 0 0 0 0 0 0 0 0 0 0 0 0 0 0 0 0 0 0 0 0 0 0 0 0 0 0 0 0 0 0 0 0 0 0 0 0 0 0 0 0 0 0 0 0 0 0 0 0 0 0 0 0 0 0 0 0 0 0 0 0 0 0 0 0 0 0 0 0 0 0 0 0 0 0 0 0 0 0 0 0 0 0 0 0 0 0 0 0 0 0 0 0 0 0 0 0 0 0 0 0 0 0 0 0 0 0 0 0 0 0 0 0 0 0 0 0 0 0 0 0 0 0 0 0 0 0 0 0 0 
0 170 170 170 170 170 170 170 170 170 171 171 171 171 171 171 171 171 171 171 171 171 171 171 171 171 171 172 172 172 172 172 172 172 172 172 172 172 172 172 172 172 172 172 172 172 173 173 173 173 173 173 173 173 173 173 173 173 173 173 173 173 173 173 173 173 174 174 174 174 174 174 174 174 174 174 174 174 174 174 174 174 174 174 174 174 174 174 174 174 174 174 174 174 174 174 175 175 175 175 175 175 175 175 175 175 175 175 175 175 175 175 175 175 175 175 175 175 175 175 175 175 175 175 175 175 175 175 175 175 175 176 176 176 176 176 176 176 176 176 176 176 176 176 176 176 176 176 176 176 176 176 176 176 176 176 176 176 176 176 176 176 176 176 176 176 176 176 176 176 176 176 176 176 176 176 176 176 176 176 176 176 176 176 176 176 176 176 176 176 176 176 176 176 176 176 176 176 176 176 176 176 176 176 176 176 176 176 176 176 176 0 0 0 0 0 0 0 0 0 0 0 0 0 0 0 0 0 0 0 0 0 0 0 0 0 0 0 0 0 0 0 0 0 0 0 0 0 0 0 0 0 0 0 0 0 0 0 0 0 0 0 0 0 0 0 0 0 0 0 0 0 0 0 0 0 0 0 0 0 0 0 0 0 0 0 0 0 0 0 0 0 0 0 0 0 0 0 0 0 0 0 0 0 0 0 0 0 0 0 0 0 0 0 0 0 0 0 0 0 0 0 0 0 0 0 0 0 0 0 0 0 0 0 0 0 0 0 0 0 0 0 0 0 0 0 0 0 0 0 0 0 0 0 0 0 0 0 0 0 0 0 0 0 0 0 0 0 0 0 0 0 0 0 0 0 0 0 0 0 0 0 0 0 0 0 0 0 0 0 0 0 0 0 0 0 0 0 0 0 0 0 0 0 0 0 0 0 0 0 0 0 0 0 0 0 0 0 0 0 0 0 0 0 0 0 0 0 0 0 0 0 0 0 0 0 0 0 0 0 0 0 0 0 0 0 0 0 0 0 0 0 0 0 0 0 0 0 0 0 0 0 0 0 0 0 0 0 0 0 0 0 0 0 0 0 0 0 0 0 0 0 0 0 0 0 0 0 0 0 0 0 0 0 0 0 0 0 0 0 0 0 0 
0 0 170 170 170 170 170 170 170 171 171 171 171 171 171 171 171 171 171 171 171 171 171 171 171 171 172 172 172 172 172 172 172 172 172 172 172 172 172 172 172 172 172 172 172 172 173 173 173 173 173 173 173 173 173 173 173 173 173 173 173 173 173 173 173 173 174 174 174 174 174 174 174 174 174 174 174 174 174 174 174 174 174 174 174 174 174 174 174 174 174 175 174 174 175 175 175 175 175 175 175 175 175 175 175 175 175 175 175 175 175 175 175 175 175 175 175 175 175 175 175 175 175 175 175 175 175 175 175 176 176 176 176 176 176 176 176 176 176 176 176 176 176 176 176 176 176 176 176 176 176 176 176 176 176 176 176 176 176 176 176 176 176 176 176 176 176 176 176 176 176 176 176 176 176 176 176 176 176 176 176 176 176 176 176 176 176 176 176 176 176 176 176 176 176 176 176 176 176 176 176 176 176 176 176 176 176 176 176 176 176 0 0 0 0 0 0 0 0 0 0 0 0 0 0 0 0 0 0 0 0 0 0 0 0 0 0 0 0 0 0 0 0 0 0 0 0 0 0 0 0 0 0 0 0 0 0 0 0 0 0 0 0 0 0 0 0 0 0 0 0 0 0 0 0 0 0 0 0 0 0 0 0 0 0 0 0 0 0 0 0 0 0 0 0 0 0 0 0 0 0 0 0 0 0 0 0 0 0 0 0 0 0 0 0 0 0 0 0 0 0 0 0 0 0 0 0 0 0 0 0 0 0 0 0 0 0 0 0 0 0 0 0 0 0 0 0 0 0 0 0 0 0 0 0 0 0 0 0 0 0 0 0 0 0 0 0 0 0 0 0 0 0 0 0 0 0 0 0 0 0 0 0 0 0 0 0 0 0 0 0 0 0 0 0 0 0 0 0 0 0 0 0 0 0 0 0 0 0 0 0 0 0 0 0 0 0 0 0 0 0 0 0 0 0 0 0 0 0 0 0 0 0 0 0 0 0 0 0 0 0 0 0 0 0 0 0 0 0 0 0 0 0 0 0 0 0 0 0 0 0 0 0 0 0 0 0 0 0 0 0 0 0 0 0 0 0 0 0 0 0 0 0 0 0 0 0 0 0 0 0 0 0 0 0 0 0 0 0 0 0 0 0 
0 0 170 170 170 170 170 170 170 170 171 171 171 171 171 171 171 171 171 171 171 171 171 171 171 171 172 172 172 172 172 172 172 172 172 172 172 172 172 172 172 172 172 172 172 172 173 173 173 173 173 173 173 173 173 173 173 173 173 173 173 173 173 173 173 174 174 174 174 174 174 174 174 174 174 174 174 174 174 174 174 174 174 174 174 174 174 174 174 174 174 175 174 175 175 175 175 175 175 175 175 175 175 175 175 175 175 175 175 175 175 175 175 175 175 175 175 175 175 175 175 175 175 175 175 175 175 176 176 176 176 176 176 176 176 176 176 176 176 176 176 176 176 176 176 176 176 176 176 176 176 176 176 176 176 176 176 176 176 176 176 176 176 176 176 176 176 176 176 176 176 176 176 176 176 176 176 176 176 176 176 176 176 176 176 176 176 176 176 176 176 176 176 176 176 176 176 176 176 176 176 176 176 176 176 176 176 176 176 176 176 176 0 0 0 0 0 0 0 0 0 0 0 0 0 0 0 0 0 0 0 0 0 0 0 0 0 0 0 0 0 0 0 0 0 0 0 0 0 0 0 0 0 0 0 0 0 0 0 0 0 0 0 0 0 0 0 0 0 0 0 0 0 0 0 0 0 0 0 0 0 0 0 0 0 0 0 0 0 0 0 0 0 0 0 0 0 0 0 0 0 0 0 0 0 0 0 0 0 0 0 0 0 0 0 0 0 0 0 0 0 0 0 0 0 0 0 0 0 0 0 0 0 0 0 0 0 0 0 0 0 0 0 0 0 0 0 0 0 0 0 0 0 0 0 0 0 0 0 0 0 0 0 0 0 0 0 0 0 0 0 0 0 0 0 0 0 0 0 0 0 0 0 0 0 0 0 0 0 0 0 0 0 0 0 0 0 0 0 0 0 0 0 0 0 0 0 0 0 0 0 0 0 0 0 0 0 0 0 0 0 0 0 0 0 0 0 0 0 0 0 0 0 0 0 0 0 0 0 0 0 0 0 0 0 0 0 0 0 0 0 0 0 0 0 0 0 0 0 0 0 0 0 0 0 0 0 0 0 0 0 0 0 0 0 0 0 0 0 0 0 0 0 0 0 0 0 0 0 0 0 0 0 0 0 0 0 0 0 0 0 0 0 
0 0 0 0 170 170 170 170 170 170 171 171 171 171 171 171 171 171 171 171 171 171 171 171 171 171 172 172 172 172 172 172 172 172 172 172 172 172 172 172 172 172 172 172 172 173 173 173 173 173 173 173 173 173 173 173 173 173 173 173 173 173 173 173 173 174 174 174 174 174 174 174 174 174 174 174 174 174 174 174 174 174 174 174 174 174 174 174 174 174 175 175 175 175 175 175 175 175 175 175 175 175 175 175 175 175 175 175 175 175 175 175 175 175 175 175 175 175 175 175 175 175 175 175 175 176 176 176 176 176 176 176 176 176 176 176 176 176 176 176 176 176 176 176 176 176 176 176 176 176 176 176 176 176 176 176 176 176 176 176 176 176 176 176 176 176 176 176 176 176 176 176 176 176 176 176 176 176 176 176 176 176 176 176 176 176 176 176 176 176 176 176 176 176 176 176 176 176 176 176 176 176 176 176 176 176 176 176 176 176 176 176 176 176 176 176 0 0 0 0 0 0 0 0 0 0 0 0 0 0 0 0 0 0 0 0 0 0 0 0 0 0 0 0 0 0 0 0 0 0 0 0 0 0 0 0 0 0 0 0 0 0 0 0 0 0 0 0 0 0 0 0 0 0 0 0 0 0 0 0 0 0 0 0 0 0 0 0 0 0 0 0 0 0 0 0 0 0 0 0 0 0 0 0 0 0 0 0 0 0 0 0 0 0 0 0 0 0 0 0 0 0 0 0 0 0 0 0 0 0 0 0 0 0 0 0 0 0 0 0 0 0 0 0 0 0 0 0 0 0 0 0 0 0 0 0 0 0 0 0 0 0 0 0 0 0 0 0 0 0 0 0 0 0 0 0 0 0 0 0 0 0 0 0 0 0 0 0 0 0 0 0 0 0 0 0 0 0 0 0 0 0 0 0 0 0 0 0 0 0 0 0 0 0 0 0 0 0 0 0 0 0 0 0 0 0 0 0 0 0 0 0 0 0 0 0 0 0 0 0 0 0 0 0 0 0 0 0 0 0 0 0 0 0 0 0 0 0 0 0 0 0 0 0 0 0 0 0 0 0 0 0 0 0 0 0 0 0 0 0 0 0 0 0 0 0 0 0 0 0 0 0 0 0 0 0 0 0 0 0 0 0 0 
0 0 0 0 0 170 170 170 170 171 171 171 171 171 171 171 171 171 171 171 171 171 171 171 171 171 171 172 172 172 172 172 172 172 172 172 172 172 172 172 172 172 172 172 172 173 173 173 173 173 173 173 173 173 173 173 173 173 173 173 173 173 173 173 174 174 174 174 174 174 174 174 174 174 174 174 174 174 174 174 174 174 174 174 174 174 174 174 174 175 175 175 175 175 175 175 175 175 175 175 175 175 175 175 175 175 175 175 175 175 175 175 175 175 175 175 175 175 175 175 175 175 175 176 176 176 176 176 176 176 176 176 176 176 176 176 176 176 176 176 176 176 176 176 176 176 176 176 176 176 176 176 176 176 176 176 176 176 176 176 176 176 176 176 176 176 176 176 176 176 176 176 176 176 176 176 176 176 176 176 176 176 176 176 176 176 176 176 176 176 176 176 176 176 176 176 176 176 176 176 176 176 176 176 176 176 176 176 176 176 176 176 176 176 176 176 176 0 0 0 0 0 0 0 0 0 0 0 0 0 0 0 0 0 0 0 0 0 0 0 0 0 0 0 0 0 0 0 0 0 0 0 0 0 0 0 0 0 0 0 0 0 0 0 0 0 0 0 0 0 0 0 0 0 0 0 0 0 0 0 0 0 0 0 0 0 0 0 0 0 0 0 0 0 0 0 0 0 0 0 0 0 0 0 0 0 0 0 0 0 0 0 0 0 0 0 0 0 0 0 0 0 0 0 0 0 0 0 0 0 0 0 0 0 0 0 0 0 0 0 0 0 0 0 0 0 0 0 0 0 0 0 0 0 0 0 0 0 0 0 0 0 0 0 0 0 0 0 0 0 0 0 0 0 0 0 0 0 0 0 0 0 0 0 0 0 0 0 0 0 0 0 0 0 0 0 0 0 0 0 0 0 0 0 0 0 0 0 0 0 0 0 0 0 0 0 0 0 0 0 0 0 0 0 0 0 0 0 0 0 0 0 0 0 0 0 0 0 0 0 0 0 0 0 0 0 0 0 0 0 0 0 0 0 0 0 0 0 0 0 0 0 0 0 0 0 0 0 0 0 0 0 0 0 0 0 0 0 0 0 0 0 0 0 0 0 0 0 0 0 0 0 0 0 0 0 0 0 0 0 0 0 0 
0 0 0 0 0 170 170 170 170 171 171 171 171 171 171 171 171 171 171 171 171 171 171 171 171 171 172 172 172 172 172 172 172 172 172 172 172 172 172 172 172 172 172 172 173 173 173 173 173 173 173 173 173 173 173 173 173 173 173 173 173 173 173 173 174 174 174 174 174 174 174 174 174 174 174 174 174 174 174 174 174 174 174 174 174 174 174 174 175 175 175 175 175 175 175 175 175 175 175 175 175 175 175 175 175 175 175 175 175 175 175 175 175 175 175 175 175 175 175 175 175 175 175 176 176 176 176 176 176 176 176 176 176 176 176 176 176 176 176 176 176 176 176 176 176 176 176 176 176 176 176 176 176 176 176 176 176 176 176 176 176 176 176 176 176 176 176 176 176 176 176 176 176 176 176 176 176 176 176 176 176 176 176 176 176 176 176 176 176 176 176 176 176 176 176 176 176 176 176 176 176 176 176 176 176 176 176 176 176 176 176 176 176 176 176 176 176 176 0 0 0 0 0 0 0 0 0 0 0 0 0 0 0 0 0 0 0 0 0 0 0 0 0 0 0 0 0 0 0 0 0 0 0 0 0 0 0 0 0 0 0 0 0 0 0 0 0 0 0 0 0 0 0 0 0 0 0 0 0 0 0 0 0 0 0 0 0 0 0 0 0 0 0 0 0 0 0 0 0 0 0 0 0 0 0 0 0 0 0 0 0 0 0 0 0 0 0 0 0 0 0 0 0 0 0 0 0 0 0 0 0 0 0 0 0 0 0 0 0 0 0 0 0 0 0 0 0 0 0 0 0 0 0 0 0 0 0 0 0 0 0 0 0 0 0 0 0 0 0 0 0 0 0 0 0 0 0 0 0 0 0 0 0 0 0 0 0 0 0 0 0 0 0 0 0 0 0 0 0 0 0 0 0 0 0 0 0 0 0 0 0 0 0 0 0 0 0 0 0 0 0 0 0 0 0 0 0 0 0 0 0 0 0 0 0 0 0 0 0 0 0 0 0 0 0 0 0 0 0 0 0 0 0 0 0 0 0 0 0 0 0 0 0 0 0 0 0 0 0 0 0 0 0 0 0 0 0 0 0 0 0 0 0 0 0 0 0 0 0 0 0 0 0 0 0 0 0 0 0 0 0 0 0 
0 0 0 0 0 170 170 170 170 171 171 171 171 171 171 171 171 171 171 171 171 171 171 171 171 171 172 172 172 172 172 172 172 172 172 172 172 172 172 172 172 172 172 173 173 173 173 173 173 173 173 173 173 173 173 173 173 173 173 173 173 173 173 173 174 174 174 174 174 174 174 174 174 174 174 174 174 174 174 174 174 174 174 174 174 174 174 174 175 175 175 175 175 175 175 175 175 175 175 175 175 175 175 175 175 175 175 175 175 175 175 175 175 175 175 175 175 175 175 175 175 175 176 176 176 176 176 176 176 176 176 176 176 176 176 176 176 176 176 176 176 176 176 176 176 176 176 176 176 176 176 176 176 176 176 176 176 176 176 176 176 176 176 176 176 176 176 176 176 176 176 176 176 176 176 176 176 176 176 176 176 176 176 176 176 176 176 176 176 176 176 176 176 176 176 176 176 176 176 176 176 176 176 176 176 176 176 176 176 176 176 176 176 176 176 176 176 176 176 176 0 0 0 0 0 0 0 0 0 0 0 0 0 0 0 0 0 0 0 0 0 0 0 0 0 0 0 0 0 0 0 0 0 0 0 0 0 0 0 0 0 0 0 0 0 0 0 0 0 0 0 0 0 0 0 0 0 0 0 0 0 0 0 0 0 0 0 0 0 0 0 0 0 0 0 0 0 0 0 0 0 0 0 0 0 0 0 0 0 0 0 0 0 0 0 0 0 0 0 0 0 0 0 0 0 0 0 0 0 0 0 0 0 0 0 0 0 0 0 0 0 0 0 0 0 0 0 0 0 0 0 0 0 0 0 0 0 0 0 0 0 0 0 0 0 0 0 0 0 0 0 0 0 0 0 0 0 0 0 0 0 0 0 0 0 0 0 0 0 0 0 0 0 0 0 0 0 0 0 0 0 0 0 0 0 0 0 0 0 0 0 0 0 0 0 0 0 0 0 0 0 0 0 0 0 0 0 0 0 0 0 0 0 0 0 0 0 0 0 0 0 0 0 0 0 0 0 0 0 0 0 0 0 0 0 0 0 0 0 0 0 0 0 0 0 0 0 0 0 0 0 0 0 0 0 0 0 0 0 0 0 0 0 0 0 0 0 0 0 0 0 0 0 0 0 0 0 0 0 0 0 0 0 
0 0 0 0 0 170 170 171 171 171 171 171 171 171 171 171 171 171 171 171 171 171 171 171 172 172 172 172 172 172 172 172 172 172 172 172 172 172 172 172 172 172 172 172 173 173 173 173 173 173 173 173 173 173 173 173 173 173 173 173 173 173 173 173 174 174 174 174 174 174 174 174 174 174 174 174 174 174 174 174 174 174 174 174 174 174 174 174 174 175 175 175 175 175 175 175 175 175 175 175 175 175 175 175 175 175 175 175 175 175 175 175 175 175 175 175 175 175 175 176 176 176 176 176 176 176 176 176 176 176 176 176 176 176 176 176 176 176 176 176 176 176 176 176 176 176 176 176 176 176 176 176 176 176 176 176 176 176 176 176 176 176 176 176 176 176 176 176 176 176 176 176 177 177 177 177 177 177 177 176 176 176 177 177 177 177 177 177 177 177 177 176 177 177 177 177 177 177 177 177 176 176 177 177 176 176 176 176 176 176 176 176 176 176 176 176 176 176 176 176 176 0 0 0 0 0 0 0 0 0 0 0 0 0 0 0 0 0 0 0 0 0 0 0 0 0 0 0 0 0 0 0 0 0 0 0 0 0 0 0 0 0 0 0 0 0 0 0 0 0 0 0 0 0 0 0 0 0 0 0 0 0 0 0 0 0 0 0 0 0 0 0 0 0 0 0 0 0 0 0 0 0 0 0 0 0 0 0 0 0 0 0 0 0 0 0 0 0 0 0 0 0 0 0 0 0 0 0 0 0 0 0 0 0 0 0 0 0 0 0 0 0 0 0 0 0 0 0 0 0 0 0 0 0 0 0 0 0 0 0 0 0 0 0 0 0 0 0 0 0 0 0 0 0 0 0 0 0 0 0 0 0 0 0 0 0 0 0 0 0 0 0 0 0 0 0 0 0 0 0 0 0 0 0 0 0 0 0 0 0 0 0 0 0 0 0 0 0 0 0 0 0 0 0 0 0 0 0 0 0 0 0 0 0 0 0 0 0 0 0 0 0 0 0 0 0 0 0 0 0 0 0 0 0 0 0 0 0 0 0 0 0 0 0 0 0 0 0 0 0 0 0 0 0 0 0 0 0 0 0 0 0 0 0 0 0 0 0 0 0 0 0 0 0 0 0 0 0 0 0 0 0 0 
0 0 0 0 170 170 170 171 171 171 171 171 171 171 171 171 171 171 171 171 171 171 171 171 172 172 172 172 172 172 172 172 172 172 172 172 172 172 172 172 172 173 173 173 173 173 173 173 173 173 173 173 173 173 173 173 173 173 173 173 173 173 173 174 174 174 174 174 174 174 174 174 174 174 174 174 174 174 174 174 174 174 174 174 174 174 174 174 175 175 175 175 175 175 175 175 175 175 175 175 175 175 175 175 175 175 175 175 175 175 175 175 175 175 175 176 175 176 176 176 176 176 176 176 176 176 176 176 176 176 176 176 176 176 176 176 176 176 176 176 176 176 176 176 176 176 176 176 176 176 176 176 176 176 176 176 176 176 176 176 176 176 176 176 176 176 177 177 177 177 177 177 177 177 177 177 177 177 177 177 177 177 177 177 177 177 177 177 177 177 177 177 177 177 177 177 177 177 177 177 177 177 177 177 177 177 177 176 176 176 176 176 176 176 176 176 176 176 176 176 176 0 0 0 0 0 0 0 0 0 0 0 0 0 0 0 0 0 0 0 0 0 0 0 0 0 0 0 0 0 0 0 0 0 0 0 0 0 0 0 0 0 0 0 0 0 0 0 0 0 0 0 0 0 0 0 0 0 0 0 0 0 0 0 0 0 0 0 0 0 0 0 0 0 0 0 0 0 0 0 0 0 0 0 0 0 0 0 0 0 0 0 0 0 0 0 0 0 0 0 0 0 0 0 0 0 0 0 0 0 0 0 0 0 0 0 0 0 0 0 0 0 0 0 0 0 0 0 0 0 0 0 0 0 0 0 0 0 0 0 0 0 0 0 0 0 0 0 0 0 0 0 0 0 0 0 0 0 0 0 0 0 0 0 0 0 0 0 0 0 0 0 0 0 0 0 0 0 0 0 0 0 0 0 0 0 0 0 0 0 0 0 0 0 0 0 0 0 0 0 0 0 0 0 0 0 0 0 0 0 0 0 0 0 0 0 0 0 0 0 0 0 0 0 0 0 0 0 0 0 0 0 0 0 0 0 0 0 0 0 0 0 0 0 0 0 0 0 0 0 0 0 0 0 0 0 0 0 0 0 0 0 0 0 0 0 0 0 0 0 0 0 0 0 0 0 0 0 0 0 0 0 0 
0 0 0 0 170 170 170 171 171 171 171 171 171 171 171 171 171 171 171 171 171 171 171 171 172 172 172 172 172 172 172 172 172 172 172 172 172 172 172 172 172 173 173 173 173 173 173 173 173 173 173 173 173 173 173 173 173 173 173 173 173 173 173 174 174 174 174 174 174 174 174 174 174 174 174 174 174 174 174 174 174 174 174 174 174 174 174 174 175 175 175 175 175 175 175 175 175 175 175 175 175 175 175 175 175 175 175 175 175 175 175 175 175 175 176 175 176 176 176 176 176 176 176 176 176 176 176 176 176 176 176 176 176 176 176 176 176 176 176 176 176 176 176 176 176 176 176 176 176 176 176 176 176 176 177 176 176 176 176 176 176 176 176 177 177 177 177 177 177 177 177 177 177 177 177 177 177 177 177 177 177 177 177 177 177 177 177 177 177 177 177 177 177 177 177 177 177 177 177 177 177 177 177 177 177 177 177 177 177 177 176 176 176 176 176 176 176 176 176 176 0 0 0 0 0 0 0 0 0 0 0 0 0 0 0 0 0 0 0 0 0 0 0 0 0 0 0 0 0 0 0 0 0 0 0 0 0 0 0 0 0 0 0 0 0 0 0 0 0 0 0 0 0 0 0 0 0 0 0 0 0 0 0 0 0 0 0 0 0 0 0 0 0 0 0 0 0 0 0 0 0 0 0 0 0 0 0 0 0 0 0 0 0 0 0 0 0 0 0 0 0 0 0 0 0 0 0 0 0 0 0 0 0 0 0 0 0 0 0 0 0 0 0 0 0 0 0 0 0 0 0 0 0 0 0 0 0 0 0 0 0 0 0 0 0 0 0 0 0 0 0 0 0 0 0 0 0 0 0 0 0 0 0 0 0 0 0 0 0 0 0 0 0 0 0 0 0 0 0 0 0 0 0 0 0 0 0 0 0 0 0 0 0 0 0 0 0 0 0 0 0 0 0 0 0 0 0 0 0 0 0 0 0 0 0 0 0 0 0 0 0 0 0 0 0 0 0 0 0 0 0 0 0 0 0 0 0 0 0 0 0 0 0 0 0 0 0 0 0 0 0 0 0 0 0 0 0 0 0 0 0 0 0 0 0 0 0 0 0 0 0 0 0 0 0 0 0 0 0 0 0 0 0 
0 0 0 0 170 170 170 171 171 171 171 171 171 171 171 171 171 171 171 171 171 171 171 172 172 172 172 172 172 172 172 172 172 172 172 172 172 172 172 172 172 173 173 173 173 173 173 173 173 173 173 173 173 173 173 173 173 173 173 173 173 173 174 174 174 174 174 174 174 174 174 174 174 174 174 174 174 174 174 174 174 174 174 174 174 174 174 174 175 175 175 175 175 175 175 175 175 175 175 175 175 175 175 175 175 175 175 175 175 175 175 175 175 175 176 176 176 176 176 176 176 176 176 176 176 176 176 176 176 176 176 176 176 176 176 176 176 176 176 176 176 176 176 176 176 176 176 176 176 176 177 177 177 177 177 177 177 177 177 177 177 177 177 177 177 177 177 177 177 177 177 177 177 177 177 177 177 177 177 177 177 177 177 177 177 177 177 177 177 177 177 177 177 177 177 177 177 177 177 177 177 177 177 177 177 177 177 177 177 177 177 177 176 176 176 176 176 176 176 176 176 0 0 0 0 0 0 0 0 0 0 0 0 0 0 0 0 0 0 0 0 0 0 0 0 0 0 0 0 0 0 0 0 0 0 0 0 0 0 0 0 0 0 0 0 0 0 0 0 0 0 0 0 0 0 0 0 0 0 0 0 0 0 0 0 0 0 0 0 0 0 0 0 0 0 0 0 0 0 0 0 0 0 0 0 0 0 0 0 0 0 0 0 0 0 0 0 0 0 0 0 0 0 0 0 0 0 0 0 0 0 0 0 0 0 0 0 0 0 0 0 0 0 0 0 0 0 0 0 0 0 0 0 0 0 0 0 0 0 0 0 0 0 0 0 0 0 0 0 0 0 0 0 0 0 0 0 0 0 0 0 0 0 0 0 0 0 0 0 0 0 0 0 0 0 0 0 0 0 0 0 0 0 0 0 0 0 0 0 0 0 0 0 0 0 0 0 0 0 0 0 0 0 0 0 0 0 0 0 0 0 0 0 0 0 0 0 0 0 0 0 0 0 0 0 0 0 0 0 0 0 0 0 0 0 0 0 0 0 0 0 0 0 0 0 0 0 0 0 0 0 0 0 0 0 0 0 0 0 0 0 0 0 0 0 0 0 0 0 0 0 0 0 0 0 0 0 0 0 0 0 0 0 
0 0 0 0 170 170 170 171 171 171 171 171 171 171 171 171 171 171 171 171 171 171 171 172 172 172 172 172 172 172 172 172 172 172 172 172 172 172 172 172 172 173 173 173 173 173 173 173 173 173 173 173 173 173 173 173 173 173 173 173 173 173 174 174 174 174 174 174 174 174 174 174 174 174 174 174 174 174 174 174 174 174 174 174 174 174 175 175 175 175 175 175 175 175 175 175 175 175 175 175 175 175 175 175 175 175 175 175 175 175 175 175 175 176 176 176 176 176 176 176 176 176 176 176 176 176 176 176 176 176 176 176 176 176 176 176 176 176 176 176 176 176 176 176 176 176 176 176 176 176 177 177 177 177 177 177 177 177 177 177 177 177 177 177 177 177 177 177 177 177 177 177 177 177 177 177 177 177 177 177 177 177 177 177 177 177 177 177 177 177 177 177 177 177 177 177 177 177 177 177 177 177 177 177 177 177 177 177 177 177 177 177 177 177 176 176 176 176 176 176 176 0 0 176 0 0 0 0 0 0 0 0 0 0 0 0 0 0 0 0 0 0 0 0 0 0 0 0 0 0 0 0 0 0 0 0 0 0 0 0 0 0 0 0 0 0 0 0 0 0 0 0 0 0 0 0 0 0 0 0 0 0 0 0 0 0 0 0 0 0 0 0 0 0 0 0 0 0 0 0 0 0 0 0 0 0 0 0 0 0 0 0 0 0 0 0 0 0 0 0 0 0 0 0 0 0 0 0 0 0 0 0 0 0 0 0 0 0 0 0 0 0 0 0 0 0 0 0 0 0 0 0 0 0 0 0 0 0 0 0 0 0 0 0 0 0 0 0 0 0 0 0 0 0 0 0 0 0 0 0 0 0 0 0 0 0 0 0 0 0 0 0 0 0 0 0 0 0 0 0 0 0 0 0 0 0 0 0 0 0 0 0 0 0 0 0 0 0 0 0 0 0 0 0 0 0 0 0 0 0 0 0 0 0 0 0 0 0 0 0 0 0 0 0 0 0 0 0 0 0 0 0 0 0 0 0 0 0 0 0 0 0 0 0 0 0 0 0 0 0 0 0 0 0 0 0 0 0 0 0 0 0 0 0 0 0 0 0 0 0 0 0 0 0 0 0 0 0 0 0 0 0 0 
0 0 0 0 0 170 170 171 171 171 171 171 171 171 171 171 171 171 171 171 171 171 171 171 172 172 172 172 172 172 172 172 172 172 172 172 172 172 172 172 172 173 173 173 173 173 173 173 173 173 173 173 173 173 173 173 173 173 173 173 173 173 174 174 174 174 174 174 174 174 174 174 174 174 174 174 174 174 174 174 174 174 174 174 175 175 175 175 175 175 175 175 175 175 175 175 175 175 175 175 175 175 175 175 175 175 175 175 175 175 176 176 176 176 176 176 176 176 176 176 176 176 176 176 176 176 176 176 176 176 176 176 176 176 176 176 176 176 176 176 176 176 176 176 176 176 176 177 177 177 177 177 177 177 177 177 177 177 177 177 177 177 177 177 177 177 177 177 177 177 177 177 177 177 177 177 177 177 177 177 177 177 177 177 177 177 177 177 177 177 177 177 177 177 177 177 177 177 177 177 177 177 177 177 177 177 177 177 177 177 177 177 177 177 177 177 176 176 176 176 176 176 176 176 0 0 0 0 0 0 0 0 0 0 0 0 0 0 0 0 0 0 0 0 0 0 0 0 0 0 0 0 0 0 0 0 0 0 0 0 0 0 0 0 0 0 0 0 0 0 0 0 0 0 0 0 0 0 0 0 0 0 0 0 0 0 0 0 0 0 0 0 0 0 0 0 0 0 0 0 0 0 0 0 0 0 0 0 0 0 0 0 0 0 0 0 0 0 0 0 0 0 0 0 0 0 0 0 0 0 0 0 0 0 0 0 0 0 0 0 0 0 0 0 0 0 0 0 0 0 0 0 0 0 0 0 0 0 0 0 0 0 0 0 0 0 0 0 0 0 0 0 0 0 0 0 0 0 0 0 0 0 0 0 0 0 0 0 0 0 0 0 0 0 0 0 0 0 0 0 0 0 0 0 0 0 0 0 0 0 0 0 0 0 0 0 0 0 0 0 0 0 0 0 0 0 0 0 0 0 0 0 0 0 0 0 0 0 0 0 0 0 0 0 0 0 0 0 0 0 0 0 0 0 0 0 0 0 0 0 0 0 0 0 0 0 0 0 0 0 0 0 0 0 0 0 0 0 0 0 0 0 0 0 0 0 0 0 0 0 0 0 0 0 0 0 0 0 0 0 0 0 0 
0 0 0 0 0 0 0 0 171 171 171 171 171 171 171 171 171 171 171 171 171 171 171 171 172 172 172 172 172 172 172 172 172 172 172 172 172 172 172 172 172 173 173 173 173 173 173 173 173 173 173 173 173 173 173 173 173 173 173 173 173 173 174 174 174 174 174 174 174 174 174 174 174 174 174 174 174 174 174 174 174 174 174 174 175 175 175 175 175 175 175 175 175 175 175 175 175 175 175 175 175 175 175 175 175 175 175 175 175 176 176 176 176 176 176 176 176 176 176 176 176 176 176 176 176 176 176 176 176 176 176 176 176 176 176 176 176 176 176 176 176 176 176 176 176 176 176 177 177 177 177 177 177 177 177 177 177 177 177 177 177 177 177 177 177 177 177 177 177 177 177 177 177 177 177 177 177 177 177 177 177 177 177 177 177 177 177 177 177 177 177 177 177 177 177 177 177 177 177 177 177 177 177 177 177 177 177 177 177 177 177 177 177 177 177 177 177 177 176 176 176 176 176 176 176 0 0 0 0 0 0 0 0 0 0 0 176 176 176 0 0 0 0 0 0 0 0 0 0 0 0 0 0 0 0 0 0 0 0 0 0 0 0 0 0 0 0 0 0 0 0 0 0 0 0 0 0 0 0 0 0 0 0 0 0 0 0 0 0 0 0 0 0 0 0 0 0 0 0 0 0 0 0 0 0 0 0 0 0 0 0 0 0 0 0 0 0 0 0 0 0 0 0 0 0 0 0 0 0 0 0 0 0 0 0 0 0 0 0 0 0 0 0 0 0 0 0 0 0 0 0 0 0 0 0 0 0 0 0 0 0 0 0 0 0 0 0 0 0 0 0 0 0 0 0 0 0 0 0 0 0 0 0 0 0 0 0 0 0 0 0 0 0 0 0 0 0 0 0 0 0 0 0 0 0 0 0 0 0 0 0 0 0 0 0 0 0 0 0 0 0 0 0 0 0 0 0 0 0 0 0 0 0 0 0 0 0 0 0 0 0 0 0 0 0 0 0 0 0 0 0 0 0 0 0 0 0 0 0 0 0 0 0 0 0 0 0 0 0 0 0 0 0 0 0 0 0 0 0 0 0 0 0 0 0 0 0 0 0 0 0 0 0 0 0 0 0 0 0 0 0 0 0 
0 0 0 0 0 0 0 0 0 171 171 171 171 171 171 171 171 171 171 171 171 171 171 171 172 172 172 172 172 172 172 172 172 172 172 172 172 172 172 172 172 173 173 173 173 173 173 173 173 173 173 173 173 173 173 173 173 173 173 173 173 173 174 174 174 174 174 174 174 174 174 174 174 174 174 174 174 174 174 174 174 174 174 174 175 175 175 175 175 175 175 175 175 175 175 175 175 175 175 175 175 175 175 175 175 175 175 175 176 176 176 176 176 176 176 176 176 176 176 176 176 176 176 176 176 176 176 176 176 176 176 176 176 176 176 176 176 176 176 176 176 176 176 177 177 177 177 177 177 177 177 177 177 177 177 177 177 177 177 177 177 177 177 177 177 177 177 177 177 177 177 177 177 177 177 177 177 177 177 177 177 177 177 177 177 177 177 177 177 177 177 177 177 177 177 177 177 177 177 177 177 177 177 177 177 177 177 177 177 177 177 177 177 177 177 177 177 177 177 176 176 176 176 176 176 0 0 0 0 0 0 0 0 0 0 176 176 176 176 176 176 0 0 0 0 0 0 0 0 0 0 0 0 0 0 0 0 0 0 0 0 0 0 0 0 0 0 0 0 0 0 0 0 0 0 0 0 0 0 0 0 0 0 0 0 0 0 0 0 0 0 0 0 0 0 0 0 0 0 0 0 0 0 0 0 0 0 0 0 0 0 0 0 0 0 0 0 0 0 0 0 0 0 0 0 0 0 0 0 0 0 0 0 0 0 0 0 0 0 0 0 0 0 0 0 0 0 0 0 0 0 0 0 0 0 0 0 0 0 0 0 0 0 0 0 0 0 0 0 0 0 0 0 0 0 0 0 0 0 0 0 0 0 0 0 0 0 0 0 0 0 0 0 0 0 0 0 0 0 0 0 0 0 0 0 0 0 0 0 0 0 0 0 0 0 0 0 0 0 0 0 0 0 0 0 0 0 0 0 0 0 0 0 0 0 0 0 0 0 0 0 0 0 0 0 0 0 0 0 0 0 0 0 0 0 0 0 0 0 0 0 0 0 0 0 0 0 0 0 0 0 0 0 0 0 0 0 0 0 0 0 0 0 0 0 0 0 0 0 0 0 0 0 0 0 0 0 0 0 0 0 0 0 
0 0 0 0 0 0 0 0 0 171 171 171 171 171 171 171 171 171 171 171 171 171 171 172 172 172 172 172 172 172 172 172 172 172 172 172 172 172 172 172 172 173 173 173 173 173 173 173 173 173 173 173 173 173 173 173 173 173 173 173 173 173 173 174 174 174 174 174 174 174 174 174 174 174 174 174 174 174 174 174 174 174 174 175 175 175 175 175 175 175 175 175 175 175 175 175 175 175 175 175 175 175 175 175 175 175 175 176 176 176 176 176 176 176 176 176 176 176 176 176 176 176 176 176 176 176 176 176 176 176 176 176 176 176 176 176 176 176 176 176 176 176 177 177 177 177 177 177 177 177 177 177 177 177 177 177 177 177 177 177 177 177 177 177 177 177 177 177 177 177 177 177 177 177 177 177 177 177 177 177 177 177 177 177 177 177 177 177 177 177 177 177 177 177 177 177 177 177 177 177 177 177 177 177 177 177 177 177 177 177 177 177 177 177 177 177 177 177 177 177 176 176 176 176 176 0 0 0 0 0 0 0 0 0 0 176 176 176 176 176 0 0 0 0 0 0 0 0 0 0 0 0 0 0 0 0 0 0 0 0 0 0 0 0 0 0 0 0 0 0 0 0 0 0 0 0 0 0 0 0 0 0 0 0 0 0 0 0 0 0 0 0 0 0 0 0 0 0 0 0 0 0 0 0 0 0 0 0 0 0 0 0 0 0 0 0 0 0 0 0 0 0 0 0 0 0 0 0 0 0 0 0 0 0 0 0 0 0 0 0 0 0 0 0 0 0 0 0 0 0 0 0 0 0 0 0 0 0 0 0 0 0 0 0 0 0 0 0 0 0 0 0 0 0 0 0 0 0 0 0 0 0 0 0 0 0 0 0 0 0 0 0 0 0 0 0 0 0 0 0 0 0 0 0 0 0 0 0 0 0 0 0 0 0 0 0 0 0 0 0 0 0 0 0 0 0 0 0 0 0 0 0 0 0 0 0 0 0 0 0 0 0 0 0 0 0 0 0 0 0 0 0 0 0 0 0 0 0 0 0 0 0 0 0 0 0 0 0 0 0 0 0 0 0 0 0 0 0 0 0 0 0 0 0 0 0 0 0 0 0 0 0 0 0 0 0 0 0 0 0 0 0 0 
0 0 0 0 0 0 0 0 0 171 171 171 171 171 171 171 171 171 171 171 171 171 171 171 172 172 172 172 172 172 172 172 172 172 172 172 172 172 172 172 172 173 173 173 173 173 173 173 173 173 173 173 173 173 173 173 173 173 173 173 173 173 173 174 174 174 174 174 174 174 174 174 174 174 174 174 174 174 174 174 174 174 175 174 175 175 175 175 175 175 175 175 175 175 175 175 175 175 175 175 175 175 175 175 175 175 176 176 176 176 176 176 176 176 176 176 176 176 176 176 176 176 176 176 176 176 176 176 176 176 176 176 176 176 176 176 176 176 176 176 176 176 177 177 177 177 177 177 177 177 177 177 177 177 177 177 177 177 177 177 177 177 177 177 177 177 177 177 177 177 177 177 177 177 177 177 177 177 177 177 177 177 177 177 177 177 177 177 177 177 177 177 177 177 177 177 177 177 177 177 177 177 177 177 177 177 177 177 177 177 177 177 177 177 177 177 177 177 177 177 177 176 176 176 176 176 0 0 0 176 176 176 176 176 176 176 176 176 176 176 0 0 0 0 0 0 0 0 0 0 0 0 0 0 0 0 0 0 0 0 0 0 0 0 0 0 0 0 0 0 0 0 0 0 0 0 0 0 0 0 0 0 0 0 0 0 0 0 0 0 0 0 0 0 0 0 0 0 0 0 0 0 0 0 0 0 0 0 0 0 0 0 0 0 0 0 0 0 0 0 0 0 0 0 0 0 0 0 0 0 0 0 0 0 0 0 0 0 0 0 0 0 0 0 0 0 0 0 0 0 0 0 0 0 0 0 0 0 0 0 0 0 0 0 0 0 0 0 0 0 0 0 0 0 0 0 0 0 0 0 0 0 0 0 0 0 0 0 0 0 0 0 0 0 0 0 0 0 0 0 0 0 0 0 0 0 0 0 0 0 0 0 0 0 0 0 0 0 0 0 0 0 0 0 0 0 0 0 0 0 0 0 0 0 0 0 0 0 0 0 0 0 0 0 0 0 0 0 0 0 0 0 0 0 0 0 0 0 0 0 0 0 0 0 0 0 0 0 0 0 0 0 0 0 0 0 0 0 0 0 0 0 0 0 0 0 0 0 0 0 0 0 0 0 0 0 0 0 0 0 0 0 0 
0 0 0 0 0 0 0 0 0 0 171 171 171 171 171 171 171 171 171 171 171 171 171 171 172 172 172 172 172 172 172 172 172 172 172 172 172 172 172 172 172 173 173 173 173 173 173 173 173 173 173 173 173 173 173 173 173 173 173 173 173 173 173 174 174 174 174 174 174 174 174 174 174 174 174 174 174 174 174 174 174 175 175 175 175 175 175 175 175 175 175 175 175 175 175 175 175 175 175 175 175 175 175 175 175 176 176 176 176 176 176 176 176 176 176 176 176 176 176 176 176 176 176 176 176 176 176 176 176 176 176 176 176 176 176 176 176 176 176 176 176 176 177 177 177 177 177 177 177 177 177 177 177 177 177 177 177 177 177 177 177 177 177 177 177 177 177 177 177 177 177 177 177 177 177 177 177 177 177 177 177 177 177 177 177 177 177 177 177 177 177 177 177 177 177 177 177 177 177 177 177 177 177 177 177 177 177 177 177 177 177 177 177 177 177 177 177 177 177 177 177 177 176 176 176 176 176 176 176 176 176 176 176 176 176 176 176 176 176 0 0 0 0 0 0 0 0 0 0 0 0 0 0 0 0 0 0 0 0 0 0 0 0 0 0 0 0 0 0 0 0 0 0 0 0 0 0 0 0 0 0 0 0 0 0 0 0 0 0 0 0 0 0 0 0 0 0 0 0 0 0 0 0 0 0 0 0 0 0 0 0 0 0 0 0 0 0 0 0 0 0 0 0 0 0 0 0 0 0 0 0 0 0 0 0 0 0 0 0 0 0 0 0 0 0 0 0 0 0 0 0 0 0 0 0 0 0 0 0 0 0 0 0 0 0 0 0 0 0 0 0 0 0 0 0 0 0 0 0 0 0 0 0 0 0 0 0 0 0 0 0 0 0 0 0 0 0 0 0 0 0 0 0 0 0 0 0 0 0 0 0 0 0 0 0 0 0 0 0 0 0 0 0 0 0 0 0 0 0 0 0 0 0 0 0 0 0 0 0 0 0 0 0 0 0 0 0 0 0 0 0 0 0 0 0 0 0 0 0 0 0 0 0 0 0 0 0 0 0 0 0 0 0 0 0 0 0 0 0 0 0 0 0 0 0 0 0 0 0 0 0 0 0 0 0 0 0 0 0 0 0 0 0 
0 0 0 0 0 0 0 0 0 0 171 171 171 171 171 171 171 171 171 171 171 171 171 171 172 172 172 172 172 172 172 172 172 172 172 172 172 172 172 172 172 173 173 173 173 173 173 173 173 173 173 173 173 173 173 173 173 173 173 173 173 173 174 174 174 174 174 174 174 174 174 174 174 174 174 174 174 174 174 174 174 175 175 175 175 175 175 175 175 175 175 175 175 175 175 175 175 175 175 175 175 175 175 175 176 176 176 176 176 176 176 176 176 176 176 176 176 176 176 176 176 176 176 176 176 176 176 176 176 176 176 176 176 176 176 176 176 176 176 176 176 176 177 177 177 177 177 177 177 177 177 177 177 177 177 177 177 177 177 177 177 177 177 177 177 177 177 177 177 177 177 177 177 177 177 177 177 177 177 177 177 177 177 177 177 177 177 177 177 177 177 177 177 177 177 177 177 177 177 177 177 177 177 177 177 177 177 177 177 177 177 177 177 177 177 177 177 177 177 177 177 177 176 176 176 176 176 176 176 176 176 176 176 176 176 176 176 176 0 0 0 0 0 0 0 0 0 0 0 0 0 0 0 0 0 0 0 0 0 0 0 0 0 0 0 0 0 0 0 0 0 0 0 0 0 0 0 0 0 0 0 0 0 0 0 0 0 0 0 0 0 0 0 0 0 0 0 0 0 0 0 0 0 0 0 0 0 0 0 0 0 0 0 0 0 0 0 0 0 0 0 0 0 0 0 0 0 0 0 0 0 0 0 0 0 0 0 0 0 0 0 0 0 0 0 0 0 0 0 0 0 0 0 0 0 0 0 0 0 0 0 0 0 0 0 0 0 0 0 0 0 0 0 0 0 0 0 0 0 0 0 0 0 0 0 0 0 0 0 0 0 0 0 0 0 0 0 0 0 0 0 0 0 0 0 0 0 0 0 0 0 0 0 0 0 0 0 0 0 0 0 0 0 0 0 0 0 0 0 0 0 0 0 0 0 0 0 0 0 0 0 0 0 0 0 0 0 0 0 0 0 0 0 0 0 0 0 0 0 0 0 0 0 0 0 0 0 0 0 0 0 0 0 0 0 0 0 0 0 0 0 0 0 0 0 0 0 0 0 0 0 0 0 0 0 0 0 0 0 0 0 0 0 
0 0 0 0 0 0 0 0 0 0 171 171 171 171 171 171 171 171 171 171 171 171 171 171 172 172 172 172 172 172 172 172 172 172 172 172 172 172 172 172 172 173 173 173 173 173 173 173 173 173 173 173 173 173 173 173 173 173 173 173 174 174 174 174 174 174 174 174 174 174 174 174 174 174 174 174 174 174 174 175 175 175 175 175 175 175 175 175 175 175 175 175 175 175 175 175 175 175 175 175 175 175 175 175 176 176 176 176 176 176 176 176 176 176 176 176 176 176 176 176 176 176 176 176 176 176 176 176 176 176 176 176 176 176 176 176 176 176 176 176 176 176 177 177 177 177 177 177 177 177 177 177 177 177 177 177 177 177 177 177 177 177 177 177 177 177 177 177 177 177 177 177 177 177 177 177 177 177 177 177 177 177 177 177 177 177 177 177 177 177 177 177 177 177 177 177 177 177 177 177 177 177 177 177 177 177 177 177 177 177 177 177 177 177 177 177 177 177 177 177 177 177 177 176 176 176 176 176 176 176 176 176 176 176 176 176 176 176 0 0 0 0 0 0 0 0 0 0 0 0 0 0 0 0 0 0 0 0 0 0 0 0 0 0 0 0 0 0 0 0 0 0 0 0 0 0 0 0 0 0 0 0 0 0 0 0 0 0 0 0 0 0 0 0 0 0 0 0 0 0 0 0 0 0 0 0 0 0 0 0 0 0 0 0 0 0 0 0 0 0 0 0 0 0 0 0 0 0 0 0 0 0 0 0 0 0 0 0 0 0 0 0 0 0 0 0 0 0 0 0 0 0 0 0 0 0 0 0 0 0 0 0 0 0 0 0 0 0 0 0 0 0 0 0 0 0 0 0 0 0 0 0 0 0 0 0 0 0 0 0 0 0 0 0 0 0 0 0 0 0 0 0 0 0 0 0 0 0 0 0 0 0 0 0 0 0 0 0 0 0 0 0 0 0 0 0 0 0 0 0 0 0 0 0 0 0 0 0 0 0 0 0 0 0 0 0 0 0 0 0 0 0 0 0 0 0 0 0 0 0 0 0 0 0 0 0 0 0 0 0 0 0 0 0 0 0 0 0 0 0 0 0 0 0 0 0 0 0 0 0 0 0 0 0 0 0 0 0 0 0 0 0 0 
0 0 0 0 0 0 0 0 0 0 171 171 171 171 171 171 171 171 171 171 171 171 171 171 172 172 172 172 172 172 172 172 172 172 172 172 172 172 172 172 172 173 173 173 173 173 173 173 173 173 173 173 173 173 173 173 173 173 173 173 174 174 174 174 174 174 174 174 174 174 174 174 174 174 174 174 174 174 174 175 175 175 175 175 175 175 175 175 175 175 175 175 175 175 175 175 175 175 175 175 175 175 175 175 176 176 176 176 176 176 176 176 176 176 176 176 176 176 176 176 176 176 176 176 176 176 176 176 176 176 176 176 176 176 176 176 176 176 176 176 176 176 177 177 177 177 177 177 177 177 177 177 177 177 177 177 177 177 177 177 177 177 177 177 177 177 177 177 177 177 177 177 177 177 177 177 177 177 177 177 177 177 177 177 177 177 177 177 177 177 177 177 177 177 177 177 177 177 177 177 177 177 177 177 177 177 177 177 177 177 177 177 177 177 177 177 177 177 177 177 177 177 177 177 177 176 176 176 176 176 176 176 176 176 176 176 176 176 0 0 0 0 0 0 0 0 0 0 0 0 0 0 0 0 0 0 0 0 0 0 0 0 0 0 0 0 0 0 0 0 0 0 0 0 0 0 0 0 0 0 0 0 0 0 0 0 0 0 0 0 0 0 0 0 0 0 0 0 0 0 0 0 0 0 0 0 0 0 0 0 0 0 0 0 0 0 0 0 0 0 0 0 0 0 0 0 0 0 0 0 0 0 0 0 0 0 0 0 0 0 0 0 0 0 0 0 0 0 0 0 0 0 0 0 0 0 0 0 0 0 0 0 0 0 0 0 0 0 0 0 0 0 0 0 0 0 0 0 0 0 0 0 0 0 0 0 0 0 0 0 0 0 0 0 0 0 0 0 0 0 0 0 0 0 0 0 0 0 0 0 0 0 0 0 0 0 0 0 0 0 0 0 0 0 0 0 0 0 0 0 0 0 0 0 0 0 0 0 0 0 0 0 0 0 0 0 0 0 0 0 0 0 0 0 0 0 0 0 0 0 0 0 0 0 0 0 0 0 0 0 0 0 0 0 0 0 0 0 0 0 0 0 0 0 0 0 0 0 0 0 0 0 0 0 0 0 0 0 0 0 0 0 0 
0 0 0 0 0 0 0 0 0 0 0 171 171 171 171 171 171 171 171 171 171 171 171 171 172 172 172 172 172 172 172 172 172 172 172 172 172 172 172 172 172 173 173 173 173 173 173 173 173 173 173 173 173 173 173 173 173 173 173 173 174 174 174 174 174 174 174 174 174 174 174 174 174 174 174 174 174 174 174 174 175 175 175 175 175 175 175 175 175 175 175 175 175 175 175 175 175 175 175 175 175 175 175 175 176 176 176 176 176 176 176 176 176 176 176 176 176 176 176 176 176 176 176 176 176 176 176 176 176 176 176 176 176 176 176 176 176 177 177 177 177 177 177 177 177 177 177 177 177 177 177 177 177 177 177 177 177 177 177 177 177 177 177 177 177 177 177 177 177 177 177 177 177 177 177 177 177 177 177 177 177 177 177 177 177 177 177 177 177 177 177 177 177 177 177 177 177 177 177 177 177 177 177 177 177 177 177 177 177 177 177 177 177 177 177 177 177 177 177 177 177 177 177 177 177 176 176 176 176 176 176 176 176 176 176 176 176 176 0 0 0 0 0 0 0 0 0 0 0 0 0 0 0 0 0 0 0 0 0 0 0 0 0 0 0 0 0 0 0 0 0 0 0 0 0 0 0 0 0 0 0 0 0 0 0 0 0 0 0 0 0 0 0 0 0 0 0 0 0 0 0 0 0 0 0 0 0 0 0 0 0 0 0 0 0 0 0 0 0 0 0 0 0 0 0 0 0 0 0 0 0 0 0 0 0 0 0 0 0 0 0 0 0 0 0 0 0 0 0 0 0 0 0 0 0 0 0 0 0 0 0 0 0 0 0 0 0 0 0 0 0 0 0 0 0 0 0 0 0 0 0 0 0 0 0 0 0 0 0 0 0 0 0 0 0 0 0 0 0 0 0 0 0 0 0 0 0 0 0 0 0 0 0 0 0 0 0 0 0 0 0 0 0 0 0 0 0 0 0 0 0 0 0 0 0 0 0 0 0 0 0 0 0 0 0 0 0 0 0 0 0 0 0 0 0 0 0 0 0 0 0 0 0 0 0 0 0 0 0 0 0 0 0 0 0 0 0 0 0 0 0 0 0 0 0 0 0 0 0 0 0 0 0 0 0 0 0 0 0 0 0 0 0 
0 0 0 0 0 0 0 0 0 0 0 171 171 171 171 171 171 171 171 171 171 171 171 171 172 172 172 172 172 172 172 172 172 172 172 172 172 172 172 172 172 172 173 173 173 173 173 173 173 173 173 173 173 173 173 173 173 173 173 173 174 174 174 174 174 174 174 174 174 174 174 174 174 174 174 174 174 174 174 174 175 175 175 175 175 175 175 175 175 175 175 175 175 175 175 175 175 175 175 175 175 175 175 175 175 176 176 176 176 176 176 176 176 176 176 176 176 176 176 176 176 176 176 176 176 176 176 176 176 176 176 176 176 176 176 176 177 177 177 177 177 177 177 177 177 177 177 177 177 177 177 177 177 177 177 177 177 177 177 177 177 177 177 177 177 177 177 177 177 177 177 177 177 177 177 177 177 177 177 177 177 177 177 177 177 177 177 177 177 177 177 177 177 177 177 177 177 177 177 177 177 177 177 177 177 177 177 177 177 177 177 177 177 177 177 177 177 177 177 177 177 177 177 177 177 176 176 176 176 176 176 176 176 176 176 176 176 176 0 0 0 0 0 0 0 0 0 0 0 0 0 0 0 0 0 0 0 0 0 0 0 0 0 0 0 0 0 0 0 0 0 0 0 0 0 0 0 0 0 0 0 0 0 0 0 0 0 0 0 0 0 0 0 0 0 0 0 0 0 0 0 0 0 0 0 0 0 0 0 0 0 0 0 0 0 0 0 0 0 0 0 0 0 0 0 0 0 0 0 0 0 0 0 0 0 0 0 0 0 0 0 0 0 0 0 0 0 0 0 0 0 0 0 0 0 0 0 0 0 0 0 0 0 0 0 0 0 0 0 0 0 0 0 0 0 0 0 0 0 0 0 0 0 0 0 0 0 0 0 0 0 0 0 0 0 0 0 0 0 0 0 0 0 0 0 0 0 0 0 0 0 0 0 0 0 0 0 0 0 0 0 0 0 0 0 0 0 0 0 0 0 0 0 0 0 0 0 0 0 0 0 0 0 0 0 0 0 0 0 0 0 0 0 0 0 0 0 0 0 0 0 0 0 0 0 0 0 0 0 0 0 0 0 0 0 0 0 0 0 0 0 0 0 0 0 0 0 0 0 0 0 0 0 0 0 0 0 0 0 0 0 0 0 
0 0 0 0 0 0 0 0 0 0 0 0 171 171 171 171 171 171 171 171 171 171 171 171 171 172 172 172 172 172 172 172 172 172 172 172 172 172 172 172 172 172 173 173 173 173 173 173 173 173 173 173 173 173 173 173 173 173 173 173 174 174 174 174 174 174 174 174 174 174 174 174 174 174 174 174 174 174 174 174 175 175 175 175 175 175 175 175 175 175 175 175 175 175 175 175 175 175 175 175 175 175 175 175 176 176 176 176 176 176 176 176 176 176 176 176 176 176 176 176 176 176 176 176 176 176 176 176 176 176 176 176 176 176 177 177 177 177 177 177 177 177 177 177 177 177 177 177 177 177 177 177 177 177 177 177 177 177 177 177 177 177 177 177 177 177 177 177 177 177 177 177 177 177 177 177 177 177 177 177 177 177 177 177 177 177 177 177 177 177 177 177 177 177 177 177 177 177 177 177 177 177 177 177 177 177 177 177 177 177 177 177 177 177 177 177 177 177 177 177 177 177 177 177 177 177 176 176 176 176 176 176 176 176 176 176 176 176 0 0 0 0 0 0 0 0 0 0 0 0 0 0 0 0 0 0 0 0 0 0 0 0 0 0 0 0 0 0 0 0 0 0 0 0 0 0 0 0 0 0 0 0 0 0 0 0 0 0 0 0 0 0 0 0 0 0 0 0 0 0 0 0 0 0 0 0 0 0 0 0 0 0 0 0 0 0 0 0 0 0 0 0 0 0 0 0 0 0 0 0 0 0 0 0 0 0 0 0 0 0 0 0 0 0 0 0 0 0 0 0 0 0 0 0 0 0 0 0 0 0 0 0 0 0 0 0 0 0 0 0 0 0 0 0 0 0 0 0 0 0 0 0 0 0 0 0 0 0 0 0 0 0 0 0 0 0 0 0 0 0 0 0 0 0 0 0 0 0 0 0 0 0 0 0 0 0 0 0 0 0 0 0 0 0 0 0 0 0 0 0 0 0 0 0 0 0 0 0 0 0 0 0 0 0 0 0 0 0 0 0 0 0 0 0 0 0 0 0 0 0 0 0 0 0 0 0 0 0 0 0 0 0 0 0 0 0 0 0 0 0 0 0 0 0 0 0 0 0 0 0 0 0 0 0 0 0 0 0 0 0 0 0 0 
0 0 0 0 0 0 0 0 0 0 0 0 0 0 171 171 171 171 171 171 171 171 171 171 171 171 172 172 172 172 172 172 172 172 172 172 172 172 172 172 172 172 173 173 173 173 173 173 173 173 173 173 173 173 173 173 173 173 173 173 174 174 174 174 174 174 174 174 174 174 174 174 174 174 174 174 174 174 174 174 175 175 175 175 175 175 175 175 175 175 175 175 175 175 175 175 175 175 175 175 175 176 176 176 176 176 176 176 176 176 176 176 176 176 176 176 176 176 176 176 176 176 176 176 176 176 176 176 176 176 176 176 176 177 177 177 177 177 177 177 177 177 177 177 177 177 177 177 177 177 177 177 177 177 177 177 177 177 177 177 177 177 177 177 177 177 177 177 177 177 177 177 177 177 177 177 177 177 177 177 177 177 177 177 177 177 177 177 177 177 177 177 177 177 177 177 177 177 177 177 177 177 177 177 177 177 177 177 177 177 177 177 177 177 177 177 177 177 177 177 177 177 177 177 177 177 176 176 176 176 176 176 176 176 176 176 176 176 0 0 0 0 0 0 0 0 0 0 0 0 0 0 0 0 0 0 0 0 0 0 0 0 0 0 0 0 0 0 0 0 0 0 0 0 0 0 0 0 0 0 0 0 0 0 0 0 0 0 0 0 0 0 0 0 0 0 0 0 0 0 0 0 0 0 0 0 0 0 0 0 0 0 0 0 0 0 0 0 0 0 0 0 0 0 0 0 0 0 0 0 0 0 0 0 0 0 0 0 0 0 0 0 0 0 0 0 0 0 0 0 0 0 0 0 0 0 0 0 0 0 0 0 0 0 0 0 0 0 0 0 0 0 0 0 0 0 0 0 0 0 0 0 0 0 0 0 0 0 0 0 0 0 0 0 0 0 0 0 0 0 0 0 0 0 0 0 0 0 0 0 0 0 0 0 0 0 0 0 0 0 0 0 0 0 0 0 0 0 0 0 0 0 0 0 0 0 0 0 0 0 0 0 0 0 0 0 0 0 0 0 0 0 0 0 0 0 0 0 0 0 0 0 0 0 0 0 0 0 0 0 0 0 0 0 0 0 0 0 0 0 0 0 0 0 0 0 0 0 0 0 0 0 0 0 0 0 0 0 0 0 0 0 0 
0 0 0 0 0 0 0 0 0 0 0 0 0 0 0 0 0 171 171 171 171 171 171 171 171 171 172 172 172 172 172 172 172 172 172 172 172 172 172 172 172 172 173 173 173 173 173 173 173 173 173 173 173 173 173 173 173 173 173 173 174 174 174 174 174 174 174 174 174 174 174 174 174 174 174 174 174 174 174 174 174 175 175 175 175 175 175 175 175 175 175 175 175 175 175 175 175 175 175 175 176 176 176 176 176 176 176 176 176 176 176 176 176 176 176 176 176 176 176 176 176 176 176 176 176 176 176 176 176 176 176 176 177 177 177 177 177 177 177 177 177 177 177 177 177 177 177 177 177 177 177 177 177 177 177 177 177 177 177 177 177 177 177 177 177 177 177 177 177 177 177 177 177 177 177 177 177 177 177 177 177 177 177 177 177 177 177 177 177 177 177 177 177 177 177 177 177 177 177 177 177 177 177 177 177 177 177 177 177 177 177 177 177 177 177 177 177 177 177 177 177 177 177 177 177 177 176 176 176 176 176 176 176 176 176 176 176 176 0 0 0 0 0 0 0 0 0 0 0 0 0 0 0 0 0 0 0 0 0 0 0 0 0 0 0 0 0 0 0 0 0 0 0 0 0 0 0 0 0 0 0 0 0 0 0 0 0 0 0 0 0 0 0 0 0 0 0 0 0 0 0 0 0 0 0 0 0 0 0 0 0 0 0 0 0 0 0 0 0 0 0 0 0 0 0 0 0 0 0 0 0 0 0 0 0 0 0 0 0 0 0 0 0 0 0 0 0 0 0 0 0 0 0 0 0 0 0 0 0 0 0 0 0 0 0 0 0 0 0 0 0 0 0 0 0 0 0 0 0 0 0 0 0 0 0 0 0 0 0 0 0 0 0 0 0 0 0 0 0 0 0 0 0 0 0 0 0 0 0 0 0 0 0 0 0 0 0 0 0 0 0 0 0 0 0 0 0 0 0 0 0 0 0 0 0 0 0 0 0 0 0 0 0 0 0 0 0 0 0 0 0 0 0 0 0 0 0 0 0 0 0 0 0 0 0 0 0 0 0 0 0 0 0 0 0 0 0 0 0 0 0 0 0 0 0 0 0 0 0 0 0 0 0 0 0 0 0 0 0 0 0 0 0 
0 0 0 0 0 0 0 0 0 0 0 0 0 0 0 0 0 0 171 171 171 171 171 171 171 171 171 172 172 172 172 172 172 172 172 172 172 172 172 172 172 172 173 173 173 173 173 173 173 173 173 173 173 173 173 173 173 173 173 173 174 174 174 174 174 174 174 174 174 174 174 174 174 174 174 174 174 174 174 174 175 175 175 175 175 175 175 175 175 175 175 175 175 175 175 175 175 175 175 175 176 176 176 176 176 176 176 176 176 176 176 176 176 176 176 176 176 176 176 176 176 176 176 176 176 176 176 176 176 176 177 177 177 177 177 177 177 177 177 177 177 177 177 177 177 177 177 177 177 177 177 177 177 177 177 177 177 177 177 177 177 177 177 177 177 177 177 177 177 177 177 177 177 177 177 177 177 177 177 177 177 177 177 177 177 177 177 177 177 177 177 177 177 177 177 177 177 177 177 177 177 177 177 177 177 177 177 177 177 177 177 177 177 177 177 177 177 177 177 177 177 177 177 177 177 177 176 176 176 176 176 176 176 176 176 176 176 176 0 0 0 0 0 0 0 0 0 0 0 0 0 0 0 0 0 0 0 0 0 0 0 0 0 0 0 0 0 0 0 0 0 0 0 0 0 0 0 0 0 0 0 0 0 0 0 0 0 0 0 0 0 0 0 0 0 0 0 0 0 0 0 0 0 0 0 0 0 0 0 0 0 0 0 0 0 0 0 0 0 0 0 0 0 0 0 0 0 0 0 0 0 0 0 0 0 0 0 0 0 0 0 0 0 0 0 0 0 0 0 0 0 0 0 0 0 0 0 0 0 0 0 0 0 0 0 0 0 0 0 0 0 0 0 0 0 0 0 0 0 0 0 0 0 0 0 0 0 0 0 0 0 0 0 0 0 0 0 0 0 0 0 0 0 0 0 0 0 0 0 0 0 0 0 0 0 0 0 0 0 0 0 0 0 0 0 0 0 0 0 0 0 0 0 0 0 0 0 0 0 0 0 0 0 0 0 0 0 0 0 0 0 0 0 0 0 0 0 0 0 0 0 0 0 0 0 0 0 0 0 0 0 0 0 0 0 0 0 0 0 0 0 0 0 0 0 0 0 0 0 0 0 0 0 0 0 0 0 0 0 0 0 0 0 
0 0 0 0 0 0 0 0 0 0 0 0 0 0 0 0 0 0 171 171 171 171 171 171 171 171 171 172 172 172 172 172 172 172 172 172 172 172 172 172 172 172 173 173 173 173 173 173 173 173 173 173 173 173 173 173 173 173 173 173 174 174 174 174 174 174 174 174 174 174 174 174 174 174 174 174 174 174 174 174 175 175 175 175 175 175 175 175 175 175 175 175 175 175 175 175 175 175 175 175 176 176 176 176 176 176 176 176 176 176 176 176 176 176 176 176 176 176 176 176 176 176 176 176 176 176 176 176 177 177 177 177 177 177 177 177 177 177 177 177 177 177 177 177 177 177 177 177 177 177 177 177 177 177 177 177 177 177 177 177 177 177 177 177 177 177 177 177 177 177 177 177 177 177 177 177 177 177 177 177 177 177 177 177 177 177 177 177 177 177 177 177 177 177 177 177 177 177 177 177 177 177 177 177 177 177 177 177 177 177 177 177 177 177 177 177 177 177 177 177 177 177 177 177 177 177 177 176 176 176 176 176 176 176 176 176 176 176 0 0 0 0 0 0 0 0 0 0 0 0 0 0 0 0 0 0 0 0 0 0 0 0 0 0 0 0 0 0 0 0 0 0 0 0 0 0 0 0 0 0 0 0 0 0 0 0 0 0 0 0 0 0 0 0 0 0 0 0 0 0 0 0 0 0 0 0 0 0 0 0 0 0 0 0 0 0 0 0 0 0 0 0 0 0 0 0 0 0 0 0 0 0 0 0 0 0 0 0 0 0 0 0 0 0 0 0 0 0 0 0 0 0 0 0 0 0 0 0 0 0 0 0 0 0 0 0 0 0 0 0 0 0 0 0 0 0 0 0 0 0 0 0 0 0 0 0 0 0 0 0 0 0 0 0 0 0 0 0 0 0 0 0 0 0 0 0 0 0 0 0 0 0 0 0 0 0 0 0 0 0 0 0 0 0 0 0 0 0 0 0 0 0 0 0 0 0 0 0 0 0 0 0 0 0 0 0 0 0 0 0 0 0 0 0 0 0 0 0 0 0 0 0 0 0 0 0 0 0 0 0 0 0 0 0 0 0 0 0 0 0 0 0 0 0 0 0 0 0 0 0 0 0 0 0 0 0 0 0 0 0 0 0 0 
0 0 0 0 0 0 0 0 0 0 0 0 0 0 0 0 0 171 171 171 171 171 171 171 171 171 171 172 172 172 172 172 172 172 172 172 172 172 172 172 172 172 173 173 173 173 173 173 173 173 173 173 173 173 173 173 173 173 173 173 173 174 174 174 174 174 174 174 174 174 174 174 174 174 174 174 174 174 174 174 174 175 175 175 175 175 175 175 175 175 175 175 175 175 175 175 175 175 175 176 176 176 176 176 176 176 176 176 176 176 176 176 176 176 176 176 176 176 176 176 176 176 176 176 176 176 176 177 177 177 177 177 177 177 177 177 177 177 177 177 177 177 177 177 177 177 177 177 177 177 177 177 177 177 177 177 177 177 177 177 177 177 177 177 177 177 177 177 177 177 177 177 177 177 177 177 177 177 177 177 177 177 177 177 177 177 177 177 177 177 177 177 177 177 177 177 177 177 177 177 177 177 177 177 177 177 177 177 177 177 177 177 177 177 177 177 177 177 177 177 177 177 177 177 177 177 177 176 176 176 176 176 176 176 176 176 176 176 0 0 0 0 0 0 0 0 0 0 0 0 0 0 0 0 0 0 0 0 0 0 0 0 0 0 0 0 0 0 0 0 0 0 0 0 0 0 0 0 0 0 0 0 0 0 0 0 0 0 0 0 0 0 0 0 0 0 0 0 0 0 0 0 0 0 0 0 0 0 0 0 0 0 0 0 0 0 0 0 0 0 0 0 0 0 0 0 0 0 0 0 0 0 0 0 0 0 0 0 0 0 0 0 0 0 0 0 0 0 0 0 0 0 0 0 0 0 0 0 0 0 0 0 0 0 0 0 0 0 0 0 0 0 0 0 0 0 0 0 0 0 0 0 0 0 0 0 0 0 0 0 0 0 0 0 0 0 0 0 0 0 0 0 0 0 0 0 0 0 0 0 0 0 0 0 0 0 0 0 0 0 0 0 0 0 0 0 0 0 0 0 0 0 0 0 0 0 0 0 0 0 0 0 0 0 0 0 0 0 0 0 0 0 0 0 0 0 0 0 0 0 0 0 0 0 0 0 0 0 0 0 0 0 0 0 0 0 0 0 0 0 0 0 0 0 0 0 0 0 0 0 0 0 0 0 0 0 0 0 0 0 0 0 0 
0 0 0 0 0 0 0 0 0 0 0 0 0 0 0 171 171 171 171 171 171 171 171 171 171 171 171 172 172 172 172 172 172 172 172 172 172 172 172 172 172 172 173 173 173 173 173 173 173 173 173 173 173 173 173 173 173 173 173 173 173 174 174 174 174 174 174 174 174 174 174 174 174 174 174 174 174 174 174 174 174 175 175 175 175 175 175 175 175 175 175 175 175 175 175 175 175 175 176 176 176 176 176 176 176 176 176 176 176 176 176 176 176 176 176 176 176 176 176 176 176 176 176 176 176 177 177 177 177 177 177 177 177 177 177 177 177 177 177 177 177 177 177 177 177 177 177 177 177 177 177 177 177 177 177 177 177 177 177 177 177 177 177 177 177 177 177 177 177 177 177 177 177 177 177 177 177 177 177 177 177 177 177 177 177 177 177 177 177 177 177 177 177 177 177 177 177 177 177 177 177 177 177 177 177 177 177 177 177 177 177 177 177 177 177 177 177 177 177 177 177 177 177 177 177 177 177 176 176 176 176 176 176 176 176 176 176 0 0 0 0 0 0 0 0 0 0 0 0 0 0 0 0 0 0 0 0 0 0 0 0 0 0 0 0 0 0 0 0 0 0 0 0 0 0 0 0 0 0 0 0 0 0 0 0 0 0 0 0 0 0 0 0 0 0 0 0 0 0 0 0 0 0 0 0 0 0 0 0 0 0 0 0 0 0 0 0 0 0 0 0 0 0 0 0 0 0 0 0 0 0 0 0 0 0 0 0 0 0 0 0 0 0 0 0 0 0 0 0 0 0 0 0 0 0 0 0 0 0 0 0 0 0 0 0 0 0 0 0 0 0 0 0 0 0 0 0 0 0 0 0 0 0 0 0 0 0 0 0 0 0 0 0 0 0 0 0 0 0 0 0 0 0 0 0 0 0 0 0 0 0 0 0 0 0 0 0 0 0 0 0 0 0 0 0 0 0 0 0 0 0 0 0 0 0 0 0 0 0 0 0 0 0 0 0 0 0 0 0 0 0 0 0 0 0 0 0 0 0 0 0 0 0 0 0 0 0 0 0 0 0 0 0 0 0 0 0 0 0 0 0 0 0 0 0 0 0 0 0 0 0 0 0 0 0 0 0 0 0 0 0 0 0 
0 0 0 0 0 0 0 0 0 0 0 0 0 0 171 171 171 171 171 171 171 171 171 171 171 171 171 171 171 172 172 172 172 172 172 172 172 172 172 172 172 172 172 173 173 173 173 173 173 173 173 173 173 173 173 173 173 173 173 173 173 174 174 174 174 174 174 174 174 174 174 174 174 174 174 174 174 174 174 174 175 175 175 175 175 175 175 175 175 175 175 175 175 175 175 175 175 176 176 176 176 176 176 176 176 176 176 176 176 176 176 176 176 176 176 176 176 176 176 176 176 176 176 177 177 177 177 177 177 177 177 177 177 177 177 177 177 177 177 177 177 177 177 177 177 177 177 177 177 177 177 177 177 177 177 177 177 177 177 177 177 177 177 177 177 177 177 177 177 177 177 177 177 177 177 177 177 177 177 177 177 177 177 177 177 177 177 177 177 177 177 177 177 177 177 177 177 177 177 177 177 177 177 177 177 177 177 177 177 177 177 177 177 177 177 177 177 177 177 177 177 177 177 177 177 177 177 176 177 176 176 176 176 176 176 176 0 0 0 0 0 0 0 0 0 0 0 0 0 0 0 0 0 0 0 0 0 0 0 0 0 0 0 0 0 0 0 0 0 0 0 0 0 0 0 0 0 0 0 0 0 0 0 0 0 0 0 0 0 0 0 0 0 0 0 0 0 0 0 0 0 0 0 0 0 0 0 0 0 0 0 0 0 0 0 0 0 0 0 0 0 0 0 0 0 0 0 0 0 0 0 0 0 0 0 0 0 0 0 0 0 0 0 0 0 0 0 0 0 0 0 0 0 0 0 0 0 0 0 0 0 0 0 0 0 0 0 0 0 0 0 0 0 0 0 0 0 0 0 0 0 0 0 0 0 0 0 0 0 0 0 0 0 0 0 0 0 0 0 0 0 0 0 0 0 0 0 0 0 0 0 0 0 0 0 0 0 0 0 0 0 0 0 0 0 0 0 0 0 0 0 0 0 0 0 0 0 0 0 0 0 0 0 0 0 0 0 0 0 0 0 0 0 0 0 0 0 0 0 0 0 0 0 0 0 0 0 0 0 0 0 0 0 0 0 0 0 0 0 0 0 0 0 0 0 0 0 0 0 0 0 0 0 0 0 0 0 0 0 0 0 0 0 
0 0 0 0 0 0 0 0 0 0 0 0 0 0 171 171 171 171 171 171 171 171 171 171 171 171 171 171 171 172 172 172 172 172 172 172 172 172 172 172 172 172 172 173 173 173 173 173 173 173 173 173 173 173 173 173 173 173 173 173 173 174 174 174 174 174 174 174 174 174 174 174 174 174 174 174 174 174 174 175 175 175 175 175 175 175 175 175 175 175 175 175 175 175 175 175 175 176 176 176 176 176 176 176 176 176 176 176 176 176 176 176 176 176 176 176 176 176 176 176 176 177 177 177 177 177 177 177 177 177 177 177 177 177 177 177 177 177 177 177 177 177 177 177 177 177 177 177 177 177 177 177 177 177 177 177 177 177 177 177 177 177 177 177 177 177 177 177 177 177 177 177 177 177 177 177 177 177 177 177 177 177 177 177 177 177 177 177 177 177 177 177 177 177 177 177 177 177 177 177 177 177 177 177 177 177 177 177 177 177 177 177 177 177 177 177 177 177 177 177 177 177 177 177 177 177 177 176 177 176 176 176 176 176 176 176 0 0 0 0 0 0 0 0 0 0 0 0 0 0 0 0 0 0 0 0 0 0 0 0 0 0 0 0 0 0 0 0 0 0 0 0 0 0 0 0 0 0 0 0 0 0 0 0 0 0 0 0 0 0 0 0 0 0 0 0 0 0 0 0 0 0 0 0 0 0 0 0 0 0 0 0 0 0 0 0 0 0 0 0 0 0 0 0 0 0 0 0 0 0 0 0 0 0 0 0 0 0 0 0 0 0 0 0 0 0 0 0 0 0 0 0 0 0 0 0 0 0 0 0 0 0 0 0 0 0 0 0 0 0 0 0 0 0 0 0 0 0 0 0 0 0 0 0 0 0 0 0 0 0 0 0 0 0 0 0 0 0 0 0 0 0 0 0 0 0 0 0 0 0 0 0 0 0 0 0 0 0 0 0 0 0 0 0 0 0 0 0 0 0 0 0 0 0 0 0 0 0 0 0 0 0 0 0 0 0 0 0 0 0 0 0 0 0 0 0 0 0 0 0 0 0 0 0 0 0 0 0 0 0 0 0 0 0 0 0 0 0 0 0 0 0 0 0 0 0 0 0 0 0 0 0 0 0 0 0 0 0 0 0 0 0 0 
0 0 0 0 0 0 0 0 0 0 0 170 170 171 171 171 171 171 171 171 171 171 171 171 171 171 171 171 171 171 172 172 172 172 172 172 172 172 172 172 172 172 172 172 173 173 173 173 173 173 173 173 173 173 173 173 173 173 173 173 173 174 174 174 174 174 174 174 174 174 174 174 174 174 174 174 174 174 174 175 175 175 175 175 175 175 175 175 175 175 175 175 175 175 175 175 175 176 176 176 176 176 176 176 176 176 176 176 176 176 176 176 176 176 176 176 176 176 176 176 176 177 177 177 177 177 177 177 177 177 177 177 177 177 177 177 177 177 177 177 177 177 177 177 177 177 177 177 177 177 177 177 177 177 177 177 177 177 177 177 177 177 177 177 177 177 177 177 177 177 177 177 177 177 177 177 177 177 177 177 177 177 177 177 177 177 177 177 177 177 177 177 177 177 177 177 177 177 177 177 177 177 177 177 177 177 177 177 177 177 177 177 177 177 177 177 177 177 177 177 177 177 177 177 177 177 177 176 177 176 176 176 176 176 176 0 0 0 0 0 0 0 0 0 0 0 0 0 0 0 0 0 0 0 0 0 0 0 0 0 0 0 0 0 0 0 0 0 0 0 0 0 0 0 0 0 0 0 0 0 0 0 0 0 0 0 0 0 0 0 0 0 0 0 0 0 0 0 0 0 0 0 0 0 0 0 0 0 0 0 0 0 0 0 0 0 0 0 0 0 0 0 0 0 0 0 0 0 0 0 0 0 0 0 0 0 0 0 0 0 0 0 0 0 0 0 0 0 0 0 0 0 0 0 0 0 0 0 0 0 0 0 0 0 0 0 0 0 0 0 0 0 0 0 0 0 0 0 0 0 0 0 0 0 0 0 0 0 0 0 0 0 0 0 0 0 0 0 0 0 0 0 0 0 0 0 0 0 0 0 0 0 0 0 0 0 0 0 0 0 0 0 0 0 0 0 0 0 0 0 0 0 0 0 0 0 0 0 0 0 0 0 0 0 0 0 0 0 0 0 0 0 0 0 0 0 0 0 0 0 0 0 0 0 0 0 0 0 0 0 0 0 0 0 0 0 0 0 0 0 0 0 0 0 0 0 0 0 0 0 0 0 0 0 0 0 0 0 0 0 0 0 0 
0 0 0 0 0 0 0 0 0 0 0 170 170 170 171 171 171 171 171 171 171 171 171 171 171 171 171 171 171 171 171 172 172 172 172 172 172 172 172 172 172 172 172 172 173 173 173 173 173 173 173 173 173 173 173 173 173 173 173 173 173 173 174 174 174 174 174 174 174 174 174 174 174 174 174 174 174 174 174 175 175 175 175 175 175 175 175 175 175 175 175 175 175 175 175 175 175 175 176 176 176 176 176 176 176 176 176 176 176 176 176 176 176 176 176 176 176 176 176 176 177 177 177 177 177 177 177 177 177 177 177 177 177 177 177 177 177 177 177 177 177 177 177 177 177 177 177 177 177 177 177 177 177 177 177 177 177 177 177 177 177 177 177 177 177 177 177 177 177 177 177 177 177 177 177 177 177 177 177 177 177 177 177 177 177 177 177 177 177 177 177 177 177 177 177 177 177 177 177 177 177 177 177 177 177 177 177 177 177 177 177 177 177 177 177 177 177 177 177 177 177 177 177 177 177 177 177 176 177 176 176 176 176 176 0 0 0 0 0 0 0 0 0 0 0 0 0 0 0 0 0 0 0 0 0 0 0 0 0 0 0 0 0 0 0 0 0 0 0 0 0 0 0 0 0 0 0 0 0 0 0 0 0 0 0 0 0 0 0 0 0 0 0 0 0 0 0 0 0 0 0 0 0 0 0 0 0 0 0 0 0 0 0 0 0 0 0 0 0 0 0 0 0 0 0 0 0 0 0 0 0 0 0 0 0 0 0 0 0 0 0 0 0 0 0 0 0 0 0 0 0 0 0 0 0 0 0 0 0 0 0 0 0 0 0 0 0 0 0 0 0 0 0 0 0 0 0 0 0 0 0 0 0 0 0 0 0 0 0 0 0 0 0 0 0 0 0 0 0 0 0 0 0 0 0 0 0 0 0 0 0 0 0 0 0 0 0 0 0 0 0 0 0 0 0 0 0 0 0 0 0 0 0 0 0 0 0 0 0 0 0 0 0 0 0 0 0 0 0 0 0 0 0 0 0 0 0 0 0 0 0 0 0 0 0 0 0 0 0 0 0 0 0 0 0 0 0 0 0 0 0 0 0 0 0 0 0 0 0 0 0 0 0 0 0 0 0 0 0 0 0 0 0 
0 0 0 0 0 0 0 0 0 0 0 170 170 170 170 171 171 171 171 171 171 171 171 171 171 171 171 171 171 171 171 171 172 172 172 172 172 172 172 172 172 172 172 172 173 173 173 173 173 173 173 173 173 173 173 173 173 173 173 173 173 173 174 174 174 174 174 174 174 174 174 174 174 174 174 174 174 174 174 175 175 175 175 175 175 175 175 175 175 175 175 175 175 175 175 175 175 175 176 176 176 176 176 176 176 176 176 176 176 176 176 176 176 176 176 176 176 176 176 177 177 177 177 177 177 177 177 177 177 177 177 177 177 177 177 177 177 177 177 177 177 177 177 177 177 177 177 177 177 177 177 177 177 177 177 177 177 177 177 177 177 177 177 177 177 177 177 177 177 177 177 177 177 177 177 177 177 177 177 177 177 177 177 177 177 177 177 177 177 177 177 177 177 177 177 177 177 177 177 177 177 177 177 177 177 177 177 177 177 177 177 177 177 177 177 177 177 177 177 177 177 177 177 177 177 177 177 176 176 176 176 176 176 176 0 0 0 0 0 0 0 0 0 0 0 0 0 0 0 0 0 0 0 0 0 0 0 0 0 0 0 0 0 0 0 0 0 0 0 0 0 0 0 0 0 0 0 0 0 0 0 0 0 0 0 0 0 0 0 0 0 0 0 0 0 0 0 0 0 0 0 0 0 0 0 0 0 0 0 0 0 0 0 0 0 0 0 0 0 0 0 0 0 0 0 0 0 0 0 0 0 0 0 0 0 0 0 0 0 0 0 0 0 0 0 0 0 0 0 0 0 0 0 0 0 0 0 0 0 0 0 0 0 0 0 0 0 0 0 0 0 0 0 0 0 0 0 0 0 0 0 0 0 0 0 0 0 0 0 0 0 0 0 0 0 0 0 0 0 0 0 0 0 0 0 0 0 0 0 0 0 0 0 0 0 0 0 0 0 0 0 0 0 0 0 0 0 0 0 0 0 0 0 0 0 0 0 0 0 0 0 0 0 0 0 0 0 0 0 0 0 0 0 0 0 0 0 0 0 0 0 0 0 0 0 0 0 0 0 0 0 0 0 0 0 0 0 0 0 0 0 0 0 0 0 0 0 0 0 0 0 0 0 0 0 0 0 0 0 0 0 0 0 
0 0 0 0 0 0 0 0 0 0 0 0 170 170 170 170 171 171 171 171 171 171 171 171 171 171 171 171 171 171 171 171 172 172 172 172 172 172 172 172 172 172 172 172 172 173 173 173 173 173 173 173 173 173 173 173 173 173 173 173 173 173 174 174 174 174 174 174 174 174 174 174 174 174 174 174 174 174 174 175 175 175 175 175 175 175 175 175 175 175 175 175 175 175 175 175 175 175 176 176 176 176 176 176 176 176 176 176 176 176 176 176 176 176 176 176 176 176 177 177 177 177 177 177 177 177 177 177 177 177 177 177 177 177 177 177 177 177 177 177 177 177 177 177 177 177 177 177 177 177 177 177 177 177 177 177 177 177 177 177 177 177 177 177 177 177 177 177 177 177 177 177 177 177 177 177 177 177 177 177 177 177 177 177 177 177 177 177 177 177 177 177 177 177 177 177 177 177 177 177 177 177 177 177 177 177 177 177 177 177 177 177 177 177 177 177 177 177 177 177 177 177 177 177 177 177 177 176 176 176 176 176 176 176 0 0 0 0 0 0 0 0 0 0 0 0 0 0 0 0 0 0 0 0 0 0 0 0 0 0 0 0 0 0 0 0 0 0 0 0 0 0 0 0 0 0 0 0 0 0 0 0 0 0 0 0 0 0 0 0 0 0 0 0 0 0 0 0 0 0 0 0 0 0 0 0 0 0 0 0 0 0 0 0 0 0 0 0 0 0 0 0 0 0 0 0 0 0 0 0 0 0 0 0 0 0 0 0 0 0 0 0 0 0 0 0 0 0 0 0 0 0 0 0 0 0 0 0 0 0 0 0 0 0 0 0 0 0 0 0 0 0 0 0 0 0 0 0 0 0 0 0 0 0 0 0 0 0 0 0 0 0 0 0 0 0 0 0 0 0 0 0 0 0 0 0 0 0 0 0 0 0 0 0 0 0 0 0 0 0 0 0 0 0 0 0 0 0 0 0 0 0 0 0 0 0 0 0 0 0 0 0 0 0 0 0 0 0 0 0 0 0 0 0 0 0 0 0 0 0 0 0 0 0 0 0 0 0 0 0 0 0 0 0 0 0 0 0 0 0 0 0 0 0 0 0 0 0 0 0 0 0 0 0 0 0 0 0 0 0 0 0 0 
0 0 0 0 0 0 0 0 0 0 170 170 170 170 170 170 170 171 171 171 171 171 171 171 171 171 171 171 171 171 171 171 171 172 172 172 172 172 172 172 172 172 172 172 172 172 173 173 173 173 173 173 173 173 173 173 173 173 173 173 173 173 173 174 174 174 174 174 174 174 174 174 174 174 174 174 174 174 174 175 175 175 175 175 175 175 175 175 175 175 175 175 175 175 175 175 175 175 176 176 176 176 176 176 176 176 176 176 176 176 176 176 176 176 176 176 176 177 177 177 177 177 177 177 177 177 177 177 177 177 177 177 177 177 177 177 177 177 177 177 177 177 177 177 177 177 177 177 177 177 177 177 177 177 177 177 177 177 177 177 177 177 177 177 177 177 177 177 177 177 177 177 177 177 177 177 177 177 177 177 177 177 177 177 177 177 177 177 177 177 177 177 177 177 177 177 177 177 177 177 177 177 177 177 177 177 177 177 177 177 177 177 177 177 177 177 177 177 177 177 177 177 177 177 177 177 177 176 176 176 176 176 176 176 176 0 0 0 0 0 0 0 0 0 0 0 0 0 0 0 0 0 0 0 0 0 0 0 0 0 0 0 0 0 0 0 0 0 0 0 0 0 0 0 0 0 0 0 0 0 0 0 0 0 0 0 0 0 0 0 0 0 0 0 0 0 0 0 0 0 0 0 0 0 0 0 0 0 0 0 0 0 0 0 0 0 0 0 0 0 0 0 0 0 0 0 0 0 0 0 0 0 0 0 0 0 0 0 0 0 0 0 0 0 0 0 0 0 0 0 0 0 0 0 0 0 0 0 0 0 0 0 0 0 0 0 0 0 0 0 0 0 0 0 0 0 0 0 0 0 0 0 0 0 0 0 0 0 0 0 0 0 0 0 0 0 0 0 0 0 0 0 0 0 0 0 0 0 0 0 0 0 0 0 0 0 0 0 0 0 0 0 0 0 0 0 0 0 0 0 0 0 0 0 0 0 0 0 0 0 0 0 0 0 0 0 0 0 0 0 0 0 0 0 0 0 0 0 0 0 0 0 0 0 0 0 0 0 0 0 0 0 0 0 0 0 0 0 0 0 0 0 0 0 0 0 0 0 0 0 0 0 0 0 0 0 0 0 0 0 0 0 0 
0 0 0 0 0 0 0 0 0 170 170 170 170 170 170 170 170 170 171 171 171 171 171 171 171 171 171 171 171 171 171 171 171 171 172 172 172 172 172 172 172 172 172 172 172 172 173 173 173 173 173 173 173 173 173 173 173 173 173 173 173 173 173 174 174 174 174 174 174 174 174 174 174 174 174 174 174 174 174 175 175 175 175 175 175 175 175 175 175 175 175 175 175 175 175 175 175 176 176 176 176 176 176 176 176 176 176 176 176 176 176 176 176 176 176 176 176 177 177 177 177 177 177 177 177 177 177 177 177 177 177 177 177 177 177 177 177 177 177 177 177 177 177 177 177 177 177 177 177 177 177 177 177 177 177 177 177 177 177 177 177 177 177 177 177 177 177 177 177 177 177 177 177 177 177 177 177 177 177 177 177 177 177 177 177 177 177 177 177 177 177 177 177 177 177 177 177 177 177 177 177 177 177 177 177 177 177 177 177 177 177 177 177 177 177 177 177 177 177 177 177 177 177 177 177 177 177 176 176 176 176 176 176 176 176 176 176 176 0 0 0 0 0 0 0 0 0 0 0 0 0 0 0 0 0 0 0 0 0 0 0 0 0 0 0 0 0 0 0 0 0 0 0 0 0 0 0 0 0 0 0 0 0 0 0 0 0 0 0 0 0 0 0 0 0 0 0 0 0 0 0 0 0 0 0 0 0 0 0 0 0 0 0 0 0 0 0 0 0 0 0 0 0 0 0 0 0 0 0 0 0 0 0 0 0 0 0 0 0 0 0 0 0 0 0 0 0 0 0 0 0 0 0 0 0 0 0 0 0 0 0 0 0 0 0 0 0 0 0 0 0 0 0 0 0 0 0 0 0 0 0 0 0 0 0 0 0 0 0 0 0 0 0 0 0 0 0 0 0 0 0 0 0 0 0 0 0 0 0 0 0 0 0 0 0 0 0 0 0 0 0 0 0 0 0 0 0 0 0 0 0 0 0 0 0 0 0 0 0 0 0 0 0 0 0 0 0 0 0 0 0 0 0 0 0 0 0 0 0 0 0 0 0 0 0 0 0 0 0 0 0 0 0 0 0 0 0 0 0 0 0 0 0 0 0 0 0 0 0 0 0 0 0 0 0 0 0 0 0 0 0 0 0 
0 0 0 0 0 0 0 0 0 170 170 170 170 170 170 170 170 170 170 171 171 171 171 171 171 171 171 171 171 171 171 171 171 171 171 172 172 172 172 172 172 172 172 172 172 172 172 173 173 173 173 173 173 173 173 173 173 173 173 173 173 173 173 174 174 174 174 174 174 174 174 174 174 174 174 174 174 174 174 174 175 175 175 175 175 175 175 175 175 175 175 175 175 175 175 175 176 176 176 176 176 176 176 176 176 176 176 176 176 176 176 176 176 176 176 176 177 177 177 177 177 177 177 177 177 177 177 177 177 177 177 177 177 177 177 177 177 177 177 177 177 177 177 177 177 177 177 177 177 177 177 177 177 177 177 177 177 177 177 177 177 177 177 177 177 177 177 177 177 177 177 177 177 177 177 177 177 177 177 177 177 177 177 177 177 177 177 177 177 177 177 177 177 177 177 177 177 177 177 177 177 177 177 177 177 177 177 177 177 177 177 177 177 177 177 177 177 177 177 177 177 177 177 177 177 177 177 176 176 176 176 176 176 176 176 176 176 176 176 0 0 0 0 0 0 0 0 0 0 0 0 0 0 0 0 0 0 0 0 0 0 0 0 0 0 0 0 0 0 0 0 0 0 0 0 0 0 0 0 0 0 0 0 0 0 0 0 0 0 0 0 0 0 0 0 0 0 0 0 0 0 0 0 0 0 0 0 0 0 0 0 0 0 0 0 0 0 0 0 0 0 0 0 0 0 0 0 0 0 0 0 0 0 0 0 0 0 0 0 0 0 0 0 0 0 0 0 0 0 0 0 0 0 0 0 0 0 0 0 0 0 0 0 0 0 0 0 0 0 0 0 0 0 0 0 0 0 0 0 0 0 0 0 0 0 0 0 0 0 0 0 0 0 0 0 0 0 0 0 0 0 0 0 0 0 0 0 0 0 0 0 0 0 0 0 0 0 0 0 0 0 0 0 0 0 0 0 0 0 0 0 0 0 0 0 0 0 0 0 0 0 0 0 0 0 0 0 0 0 0 0 0 0 0 0 0 0 0 0 0 0 0 0 0 0 0 0 0 0 0 0 0 0 0 0 0 0 0 0 0 0 0 0 0 0 0 0 0 0 0 0 0 0 0 0 0 0 0 0 0 0 0 0 
0 0 0 0 0 0 0 0 0 170 170 170 170 170 170 170 170 170 170 170 171 171 171 171 171 171 171 171 171 171 171 171 171 171 171 172 172 172 172 172 172 172 172 172 172 172 172 172 173 173 173 173 173 173 173 173 173 173 173 173 173 173 173 173 174 174 174 174 174 174 174 174 174 174 174 174 174 174 174 174 175 175 175 175 175 175 175 175 175 175 175 175 175 175 175 175 176 176 176 176 176 176 176 176 176 176 176 176 176 176 176 176 176 176 176 176 177 177 177 177 177 177 177 177 177 177 177 177 177 177 177 177 177 177 177 177 177 177 177 177 177 177 177 177 177 177 177 177 177 177 177 177 177 177 177 177 177 177 177 177 177 177 177 177 177 177 177 177 177 177 177 177 177 177 177 177 177 177 177 177 177 177 177 177 177 177 177 177 177 177 177 177 177 177 177 177 177 177 177 177 177 177 177 177 177 177 177 177 177 177 177 177 177 177 177 177 177 177 177 177 177 177 177 177 177 177 177 176 176 176 176 176 176 176 176 176 176 176 176 176 0 0 0 0 0 0 0 0 0 0 0 0 0 0 0 0 0 0 0 0 0 0 0 0 0 0 0 0 0 0 0 0 0 0 0 0 0 0 0 0 0 0 0 0 0 0 0 0 0 0 0 0 0 0 0 0 0 0 0 0 0 0 0 0 0 0 0 0 0 0 0 0 0 0 0 0 0 0 0 0 0 0 0 0 0 0 0 0 0 0 0 0 0 0 0 0 0 0 0 0 0 0 0 0 0 0 0 0 0 0 0 0 0 0 0 0 0 0 0 0 0 0 0 0 0 0 0 0 0 0 0 0 0 0 0 0 0 0 0 0 0 0 0 0 0 0 0 0 0 0 0 0 0 0 0 0 0 0 0 0 0 0 0 0 0 0 0 0 0 0 0 0 0 0 0 0 0 0 0 0 0 0 0 0 0 0 0 0 0 0 0 0 0 0 0 0 0 0 0 0 0 0 0 0 0 0 0 0 0 0 0 0 0 0 0 0 0 0 0 0 0 0 0 0 0 0 0 0 0 0 0 0 0 0 0 0 0 0 0 0 0 0 0 0 0 0 0 0 0 0 0 0 0 0 0 0 0 0 0 0 0 0 0 
0 0 0 0 0 0 0 0 0 0 0 0 170 170 170 170 170 170 170 170 170 170 171 0 0 171 171 171 171 171 171 171 171 171 171 171 172 172 172 172 172 172 172 172 172 172 172 172 172 173 173 173 173 173 173 173 173 173 173 173 173 173 173 173 174 174 174 174 174 174 174 174 174 174 174 174 174 174 174 174 175 175 175 175 175 175 175 175 175 175 175 175 175 175 175 175 176 176 176 176 176 176 176 176 176 176 176 176 176 176 176 176 176 176 176 177 177 177 177 177 177 177 177 177 177 177 177 177 177 177 177 177 177 177 177 177 177 177 177 177 177 177 177 177 177 177 177 177 177 177 177 177 177 177 177 177 177 177 177 177 177 177 177 177 177 177 177 177 177 177 177 177 177 177 177 177 177 177 177 177 177 177 177 177 177 177 177 177 177 177 177 177 177 177 177 177 177 177 177 177 177 177 177 177 177 177 177 177 177 177 177 177 177 177 177 177 177 177 177 177 177 177 177 177 177 177 177 176 176 176 176 176 176 176 176 176 176 176 176 176 176 0 0 0 0 0 0 0 0 0 0 0 0 0 0 0 0 0 0 0 0 0 0 0 0 0 0 0 0 0 0 0 0 0 0 0 0 0 0 0 0 0 0 0 0 0 0 0 0 0 0 0 0 0 0 0 0 0 0 0 0 0 0 0 0 0 0 0 0 0 0 0 0 0 0 0 0 0 0 0 0 0 0 0 0 0 0 0 0 0 0 0 0 0 0 0 0 0 0 0 0 0 0 0 0 0 0 0 0 0 0 0 0 0 0 0 0 0 0 0 0 0 0 0 0 0 0 0 0 0 0 0 0 0 0 0 0 0 0 0 0 0 0 0 0 0 0 0 0 0 0 0 0 0 0 0 0 0 0 0 0 0 0 0 0 0 0 0 0 0 0 0 0 0 0 0 0 0 0 0 0 0 0 0 0 0 0 0 0 0 0 0 0 0 0 0 0 0 0 0 0 0 0 0 0 0 0 0 0 0 0 0 0 0 0 0 0 0 0 0 0 0 0 0 0 0 0 0 0 0 0 0 0 0 0 0 0 0 0 0 0 0 0 0 0 0 0 0 0 0 0 0 0 0 0 0 0 0 0 0 0 0 0 
0 0 0 0 0 0 0 0 0 0 0 0 0 170 170 170 170 170 170 170 170 170 0 0 0 0 171 171 171 171 171 171 171 171 171 171 171 172 172 172 172 172 172 172 172 172 172 172 172 173 173 173 173 173 173 173 173 173 173 173 173 173 173 173 173 174 174 174 174 174 174 174 174 174 174 174 174 174 174 174 175 175 175 175 175 175 175 175 175 175 175 175 175 175 175 175 176 176 176 176 176 176 176 176 176 176 176 176 176 176 176 176 176 176 176 177 177 177 177 177 177 177 177 177 177 177 177 177 177 177 177 177 177 177 177 177 177 177 177 177 177 177 177 177 177 177 177 177 177 177 177 177 177 177 177 177 177 177 177 177 177 177 177 177 177 177 177 177 177 177 177 177 177 177 177 177 177 177 177 177 177 177 177 177 177 177 177 177 177 177 177 177 177 177 177 177 177 177 177 177 177 177 177 177 177 177 177 177 177 177 177 177 177 177 177 177 177 177 177 177 177 177 177 177 177 177 176 176 176 176 176 176 176 176 176 176 176 176 176 176 176 0 0 0 0 0 0 0 0 0 0 0 0 0 0 0 0 0 0 0 0 0 0 0 0 0 0 0 0 0 0 0 0 0 0 0 0 0 0 0 0 0 0 0 0 0 0 0 0 0 0 0 0 0 0 0 0 0 0 0 0 0 0 0 0 0 0 0 0 0 0 0 0 0 0 0 0 0 0 0 0 0 0 0 0 0 0 0 0 0 0 0 0 0 0 0 0 0 0 0 0 0 0 0 0 0 0 0 0 0 0 0 0 0 0 0 0 0 0 0 0 0 0 0 0 0 0 0 0 0 0 0 0 0 0 0 0 0 0 0 0 0 0 0 0 0 0 0 0 0 0 0 0 0 0 0 0 0 0 0 0 0 0 0 0 0 0 0 0 0 0 0 0 0 0 0 0 0 0 0 0 0 0 0 0 0 0 0 0 0 0 0 0 0 0 0 0 0 0 0 0 0 0 0 0 0 0 0 0 0 0 0 0 0 0 0 0 0 0 0 0 0 0 0 0 0 0 0 0 0 0 0 0 0 0 0 0 0 0 0 0 0 0 0 0 0 0 0 0 0 0 0 0 0 0 0 0 0 0 0 0 0 0 
0 0 0 0 0 0 0 0 0 0 0 0 0 0 0 170 170 170 170 170 0 0 0 0 0 0 170 170 171 171 171 171 171 171 171 171 171 171 172 172 172 172 172 172 172 172 172 172 172 173 173 173 173 173 173 173 173 173 173 173 173 173 173 173 173 174 174 174 174 174 174 174 174 174 174 174 174 174 174 174 174 175 175 175 175 175 175 175 175 175 175 175 175 175 175 175 176 176 176 176 176 176 176 176 176 176 176 176 176 176 176 176 176 176 176 177 177 177 177 177 177 177 177 177 177 177 177 177 177 177 177 177 177 177 177 177 177 177 177 177 177 177 177 177 177 177 177 177 177 177 177 177 177 177 177 177 177 177 177 177 177 177 177 177 177 177 177 177 177 177 177 177 177 177 177 177 177 177 177 177 177 177 177 177 177 177 177 177 177 177 177 177 177 177 177 177 177 177 177 177 177 177 177 177 177 177 177 177 177 177 177 177 177 177 177 177 177 177 177 177 177 177 177 177 177 177 176 176 176 176 176 176 176 176 176 176 176 176 176 176 176 176 0 0 0 0 0 0 0 0 0 0 0 0 0 0 0 0 0 0 0 0 0 0 0 0 0 0 0 0 0 0 0 0 0 0 0 0 0 0 0 0 0 0 0 0 0 0 0 0 0 0 0 0 0 0 0 0 0 0 0 0 0 0 0 0 0 0 0 0 0 0 0 0 0 0 0 0 0 0 0 0 0 0 0 0 0 0 0 0 0 0 0 0 0 0 0 0 0 0 0 0 0 0 0 0 0 0 0 0 0 0 0 0 0 0 0 0 0 0 0 0 0 0 0 0 0 0 0 0 0 0 0 0 0 0 0 0 0 0 0 0 0 0 0 0 0 0 0 0 0 0 0 0 0 0 0 0 0 0 0 0 0 0 0 0 0 0 0 0 0 0 0 0 0 0 0 0 0 0 0 0 0 0 0 0 0 0 0 0 0 0 0 0 0 0 0 0 0 0 0 0 0 0 0 0 0 0 0 0 0 0 0 0 0 0 0 0 0 0 0 0 0 0 0 0 0 0 0 0 0 0 0 0 0 0 0 0 0 0 0 0 0 0 0 0 0 0 0 0 0 0 0 0 0 0 0 0 0 0 0 0 0 
0 0 0 0 0 0 0 0 0 0 0 0 0 0 0 0 0 0 0 0 0 0 0 0 0 0 0 0 0 0 0 171 171 171 171 171 171 171 171 172 172 172 172 172 172 172 172 172 172 172 173 173 173 173 173 173 173 173 173 173 173 173 173 173 173 173 174 174 174 174 174 174 174 174 174 174 174 174 174 174 174 175 175 175 175 175 175 175 175 175 175 175 175 175 175 175 176 176 176 176 176 176 176 176 176 176 176 176 176 176 176 176 176 176 177 177 177 177 177 177 177 177 177 177 177 177 177 177 177 177 177 177 177 177 177 177 177 177 177 177 177 177 177 177 177 177 177 177 177 177 177 177 177 177 177 177 177 177 177 177 177 177 177 177 177 178 177 177 177 177 177 177 177 177 177 177 177 177 177 177 177 177 177 177 177 177 177 177 177 177 177 177 177 177 177 177 177 177 177 177 177 177 177 177 177 177 177 177 177 177 177 177 177 177 177 177 177 177 177 177 177 177 177 177 177 177 176 176 176 176 176 176 176 176 176 176 176 176 176 176 176 0 0 0 0 0 0 0 0 0 0 0 0 0 0 0 0 0 0 0 0 0 0 0 0 0 0 0 0 0 0 0 0 0 0 0 0 0 0 0 0 0 0 0 0 0 0 0 0 0 0 0 0 0 0 0 0 0 0 0 0 0 0 0 0 0 0 0 0 0 0 0 0 0 0 0 0 0 0 0 0 0 0 0 0 0 0 0 0 0 0 0 0 0 0 0 0 0 0 0 0 0 0 0 0 0 0 0 0 0 0 0 0 0 0 0 0 0 0 0 0 0 0 0 0 0 0 0 0 0 0 0 0 0 0 0 0 0 0 0 0 0 0 0 0 0 0 0 0 0 0 0 0 0 0 0 0 0 0 0 0 0 0 0 0 0 0 0 0 0 0 0 0 0 0 0 0 0 0 0 0 0 0 0 0 0 0 0 0 0 0 0 0 0 0 0 0 0 0 0 0 0 0 0 0 0 0 0 0 0 0 0 0 0 0 0 0 0 0 0 0 0 0 0 0 0 0 0 0 0 0 0 0 0 0 0 0 0 0 0 0 0 0 0 0 0 0 0 0 0 0 0 0 0 0 0 0 0 0 0 0 0 0 
0 0 0 0 0 0 0 0 0 0 0 0 0 0 0 0 0 0 0 0 0 0 0 0 0 0 0 0 0 0 0 0 0 171 171 171 171 171 171 171 172 172 172 172 172 172 172 172 172 172 172 173 173 173 173 173 173 173 173 173 173 173 173 173 173 173 174 174 174 174 174 174 174 174 174 174 174 174 174 174 174 175 175 175 175 175 175 175 175 175 175 175 175 175 175 175 176 176 176 176 176 176 176 176 176 176 176 176 176 176 176 176 176 176 177 177 177 177 177 177 177 177 177 177 177 177 177 177 177 177 177 177 177 177 177 177 177 177 177 177 177 177 177 177 177 177 177 177 177 177 178 178 177 177 177 178 178 177 177 177 177 177 177 177 177 178 178 178 178 178 177 177 177 177 177 177 177 177 177 177 177 177 177 177 177 177 177 177 177 177 177 177 177 177 177 177 177 177 177 177 177 177 177 177 177 177 177 177 177 177 177 177 177 177 177 177 177 177 177 177 177 177 177 177 177 177 176 176 176 176 176 176 176 176 176 176 176 176 176 176 0 0 0 0 0 0 0 0 0 0 0 0 0 0 0 0 0 0 0 0 0 0 0 0 0 0 0 0 0 0 0 0 0 0 0 0 0 0 0 0 0 0 0 0 0 0 0 0 0 0 0 0 0 0 0 0 0 0 0 0 0 0 0 0 0 0 0 0 0 0 0 0 0 0 0 0 0 0 0 0 0 0 0 0 0 0 0 0 0 0 0 0 0 0 0 0 0 0 0 0 0 0 0 0 0 0 0 0 0 0 0 0 0 0 0 0 0 0 0 0 0 0 0 0 0 0 0 0 0 0 0 0 0 0 0 0 0 0 0 0 0 0 0 0 0 0 0 0 0 0 0 0 0 0 0 0 0 0 0 0 0 0 0 0 0 0 0 0 0 0 0 0 0 0 0 0 0 0 0 0 0 0 0 0 0 0 0 0 0 0 0 0 0 0 0 0 0 0 0 0 0 0 0 0 0 0 0 0 0 0 0 0 0 0 0 0 0 0 0 0 0 0 0 0 0 0 0 0 0 0 0 0 0 0 0 0 0 0 0 0 0 0 0 0 0 0 0 0 0 0 0 0 0 0 0 0 0 0 0 0 0 0 0 
0 0 0 0 0 0 0 0 0 0 0 0 0 0 0 0 0 0 0 0 0 0 0 0 0 0 0 0 0 0 0 0 0 0 171 171 171 171 171 171 171 172 172 172 172 172 172 172 172 172 172 172 173 173 173 173 173 173 173 173 173 173 173 173 173 173 173 174 174 174 174 174 174 174 174 174 174 174 174 174 174 175 175 175 175 175 175 175 175 175 175 175 175 175 175 175 176 176 176 176 176 176 176 176 176 176 176 176 176 176 176 176 176 177 177 177 177 177 177 177 177 177 177 177 177 177 177 177 177 177 177 177 177 177 177 177 177 177 177 177 177 177 177 177 177 177 177 177 177 177 178 178 178 177 178 178 178 178 177 177 177 177 177 177 177 178 178 178 177 178 178 177 177 177 177 177 177 177 177 177 177 177 177 177 177 177 177 177 177 177 177 177 177 177 177 177 177 177 177 177 177 177 177 177 177 177 177 177 177 177 177 177 177 177 177 177 177 177 177 177 177 177 177 177 177 176 176 176 176 176 176 176 176 176 176 176 176 176 0 0 0 0 0 0 0 0 0 0 0 0 0 0 0 0 0 0 0 0 0 0 0 0 0 0 0 0 0 0 0 0 0 0 0 0 0 0 0 0 0 0 0 0 0 0 0 0 0 0 0 0 0 0 0 0 0 0 0 0 0 0 0 0 0 0 0 0 0 0 0 0 0 0 0 0 0 0 0 0 0 0 0 0 0 0 0 0 0 0 0 0 0 0 0 0 0 0 0 0 0 0 0 0 0 0 0 0 0 0 0 0 0 0 0 0 0 0 0 0 0 0 0 0 0 0 0 0 0 0 0 0 0 0 0 0 0 0 0 0 0 0 0 0 0 0 0 0 0 0 0 0 0 0 0 0 0 0 0 0 0 0 0 0 0 0 0 0 0 0 0 0 0 0 0 0 0 0 0 0 0 0 0 0 0 0 0 0 0 0 0 0 0 0 0 0 0 0 0 0 0 0 0 0 0 0 0 0 0 0 0 0 0 0 0 0 0 0 0 0 0 0 0 0 0 0 0 0 0 0 0 0 0 0 0 0 0 0 0 0 0 0 0 0 0 0 0 0 0 0 0 0 0 0 0 0 0 0 0 0 0 0 0 0 0 
0 0 0 0 0 0 0 0 0 0 0 0 0 0 0 0 0 0 0 0 0 0 0 0 0 0 0 0 0 0 0 0 0 0 171 171 171 171 171 171 171 171 172 172 172 172 172 172 172 172 172 172 173 173 173 173 173 173 173 173 173 173 173 173 173 173 173 174 174 174 174 174 174 174 174 174 174 174 174 174 174 174 175 175 175 175 175 175 175 175 175 175 175 175 175 175 176 176 176 176 176 176 176 176 176 176 176 176 176 176 176 176 176 177 177 177 177 177 177 177 177 177 177 177 177 177 177 177 177 177 177 177 177 177 177 177 177 177 177 177 177 177 177 177 177 177 177 177 177 178 178 178 178 178 178 178 178 178 178 178 178 177 177 177 178 178 178 178 178 178 178 178 177 177 177 177 177 177 177 177 177 177 177 177 177 177 177 177 177 177 177 177 177 177 177 177 177 177 177 177 177 177 177 177 177 177 177 177 177 177 177 177 177 177 177 177 177 177 177 177 177 177 177 177 177 176 176 176 176 176 176 176 176 176 176 176 0 0 0 0 0 0 0 0 0 0 0 0 0 0 0 0 0 0 0 0 0 0 0 0 0 0 0 0 0 0 0 0 0 0 0 0 0 0 0 0 0 0 0 0 0 0 0 0 0 0 0 0 0 0 0 0 0 0 0 0 0 0 0 0 0 0 0 0 0 0 0 0 0 0 0 0 0 0 0 0 0 0 0 0 0 0 0 0 0 0 0 0 0 0 0 0 0 0 0 0 0 0 0 0 0 0 0 0 0 0 0 0 0 0 0 0 0 0 0 0 0 0 0 0 0 0 0 0 0 0 0 0 0 0 0 0 0 0 0 0 0 0 0 0 0 0 0 0 0 0 0 0 0 0 0 0 0 0 0 0 0 0 0 0 0 0 0 0 0 0 0 0 0 0 0 0 0 0 0 0 0 0 0 0 0 0 0 0 0 0 0 0 0 0 0 0 0 0 0 0 0 0 0 0 0 0 0 0 0 0 0 0 0 0 0 0 0 0 0 0 0 0 0 0 0 0 0 0 0 0 0 0 0 0 0 0 0 0 0 0 0 0 0 0 0 0 0 0 0 0 0 0 0 0 0 0 0 0 0 0 0 0 0 0 0 0 0 
0 0 0 0 0 0 0 0 0 0 0 0 0 0 0 0 0 0 0 0 0 0 0 0 0 0 0 0 0 0 0 0 0 0 171 171 171 171 171 171 171 171 172 172 172 172 172 172 172 172 172 172 172 173 173 173 173 173 173 173 173 173 173 173 173 173 173 173 174 174 174 174 174 174 174 174 174 174 174 174 174 174 175 175 175 175 175 175 175 175 175 175 175 175 175 175 176 176 176 176 176 176 176 176 176 176 176 176 176 176 176 176 176 177 177 177 177 177 177 177 177 177 177 177 177 177 177 177 177 177 177 177 177 177 177 177 177 177 177 177 177 177 177 178 178 178 178 178 178 178 178 178 178 178 178 178 178 178 178 178 178 178 178 178 178 178 178 178 178 178 178 178 177 177 177 177 177 177 177 177 177 177 177 177 177 177 177 177 177 177 177 177 177 177 177 177 177 177 177 177 177 177 177 177 177 177 177 177 177 177 177 177 177 177 177 177 177 177 177 177 177 177 177 177 177 176 176 176 176 176 176 176 176 176 176 0 0 0 0 0 0 0 0 0 0 0 0 0 0 0 0 0 0 0 0 0 0 0 0 0 0 0 0 0 0 0 0 0 0 0 0 0 0 0 0 0 0 0 0 0 0 0 0 0 0 0 0 0 0 0 0 0 0 0 0 0 0 0 0 0 0 0 0 0 0 0 0 0 0 0 0 0 0 0 0 0 0 0 0 0 0 0 0 0 0 0 0 0 0 0 0 0 0 0 0 0 0 0 0 0 0 0 0 0 0 0 0 0 0 0 0 0 0 0 0 0 0 0 0 0 0 0 0 0 0 0 0 0 0 0 0 0 0 0 0 0 0 0 0 0 0 0 0 0 0 0 0 0 0 0 0 0 0 0 0 0 0 0 0 0 0 0 0 0 0 0 0 0 0 0 0 0 0 0 0 0 0 0 0 0 0 0 0 0 0 0 0 0 0 0 0 0 0 0 0 0 0 0 0 0 0 0 0 0 0 0 0 0 0 0 0 0 0 0 0 0 0 0 0 0 0 0 0 0 0 0 0 0 0 0 0 0 0 0 0 0 0 0 0 0 0 0 0 0 0 0 0 0 0 0 0 0 0 0 0 0 0 0 0 0 0 0 0 
0 0 0 0 0 0 0 0 0 0 0 0 0 0 0 0 0 0 0 0 0 170 170 170 170 170 0 0 0 0 0 171 171 171 171 171 171 171 171 171 171 171 172 172 172 172 172 172 172 172 172 172 172 172 173 173 173 173 173 173 173 173 173 173 173 173 173 173 174 174 174 174 174 174 174 174 174 174 174 174 174 174 175 175 175 175 175 175 175 175 175 175 175 175 175 175 176 176 176 176 176 176 176 176 176 176 176 176 176 176 176 176 177 177 177 177 177 177 177 177 177 177 177 177 177 177 177 177 177 177 177 177 177 177 177 177 177 177 177 177 177 177 178 178 178 178 178 178 177 177 177 178 178 178 178 178 178 178 178 178 178 178 178 178 178 178 178 178 178 178 178 178 177 177 177 177 177 177 177 177 177 177 177 177 177 177 177 177 177 177 177 177 177 177 177 177 177 177 177 177 177 177 177 177 177 177 177 177 177 177 177 177 177 177 177 177 177 177 177 177 177 177 177 177 176 176 176 176 176 176 176 176 176 176 176 0 0 0 0 0 0 0 0 0 0 0 0 0 0 0 0 0 0 0 0 0 0 0 0 0 0 0 0 0 0 0 0 0 0 0 0 0 0 0 0 0 0 0 0 0 0 0 0 0 0 0 0 0 0 0 0 0 0 0 0 0 0 0 0 0 0 0 0 0 0 0 0 0 0 0 0 0 0 0 0 0 0 0 0 0 0 0 0 0 0 0 0 0 0 0 0 0 0 0 0 0 0 0 0 0 0 0 0 0 0 0 0 0 0 0 0 0 0 0 0 0 0 0 0 0 0 0 0 0 0 0 0 0 0 0 0 0 0 0 0 0 0 0 0 0 0 0 0 0 0 0 0 0 0 0 0 0 0 0 0 0 0 0 0 0 0 0 0 0 0 0 0 0 0 0 0 0 0 0 0 0 0 0 0 0 0 0 0 0 0 0 0 0 0 0 0 0 0 0 0 0 0 0 0 0 0 0 0 0 0 0 0 0 0 0 0 0 0 0 0 0 0 0 0 0 0 0 0 0 0 0 0 0 0 0 0 0 0 0 0 0 0 0 0 0 0 0 0 0 0 0 0 0 0 0 0 0 0 0 0 0 0 0 0 0 0 0 0 
0 0 0 0 0 0 0 0 0 0 0 0 0 0 0 0 0 0 0 0 0 170 170 170 170 170 170 170 170 170 170 171 171 171 171 171 171 171 171 171 171 171 172 172 172 172 172 172 172 172 172 172 172 172 172 173 173 173 173 173 173 173 173 173 173 173 173 173 173 174 174 174 174 174 174 174 174 174 174 174 174 174 174 175 175 175 175 175 175 175 175 175 175 175 175 175 176 176 176 176 176 176 176 176 176 176 176 176 176 176 176 176 177 177 177 177 177 177 177 177 177 177 177 177 177 177 177 177 177 177 177 177 177 177 177 177 177 177 177 177 177 177 178 178 178 178 178 178 177 178 178 178 178 178 178 178 178 178 178 178 178 178 178 178 178 178 178 178 178 178 178 178 177 177 177 177 177 177 177 177 177 177 177 177 177 177 177 177 177 177 177 177 177 177 177 177 177 177 177 177 177 177 177 177 177 177 177 177 177 177 177 177 177 177 177 177 177 177 177 177 177 177 177 177 176 176 176 176 176 176 176 176 176 176 176 176 176 176 176 176 176 176 0 0 0 0 0 0 0 0 0 0 0 0 0 0 0 0 0 0 0 0 0 0 0 0 0 0 0 0 0 0 0 0 0 0 0 0 0 0 0 0 0 0 0 0 0 0 0 0 0 0 0 0 0 0 0 0 0 0 0 0 0 0 0 0 0 0 0 0 0 0 0 0 0 0 0 0 0 0 0 0 0 0 0 0 0 0 0 0 0 0 0 0 0 0 0 0 0 0 0 0 0 0 0 0 0 0 0 0 0 0 0 0 0 0 0 0 0 0 0 0 0 0 0 0 0 0 0 0 0 0 0 0 0 0 0 0 0 0 0 0 0 0 0 0 0 0 0 0 0 0 0 0 0 0 0 0 0 0 0 0 0 0 0 0 0 0 0 0 0 0 0 0 0 0 0 0 0 0 0 0 0 0 0 0 0 0 0 0 0 0 0 0 0 0 0 0 0 0 0 0 0 0 0 0 0 0 0 0 0 0 0 0 0 0 0 0 0 0 0 0 0 0 0 0 0 0 0 0 0 0 0 0 0 0 0 0 0 0 0 0 0 0 0 0 0 0 0 0 0 0 0 0 0 0 0 0 0 0 0 0 0 
0 0 0 0 0 0 0 0 0 0 0 0 0 0 0 0 0 0 0 0 0 170 170 170 170 170 170 170 170 170 170 170 171 171 171 171 171 171 171 171 171 171 172 172 172 172 172 172 172 172 172 172 172 172 172 173 173 173 173 173 173 173 173 173 173 173 173 173 173 174 174 174 174 174 174 174 174 174 174 174 174 174 174 175 175 175 175 175 175 175 175 175 175 175 175 175 176 176 176 176 176 176 176 176 176 176 176 176 176 176 176 176 177 177 177 177 177 177 177 177 177 177 177 177 177 177 177 177 177 177 177 177 177 177 177 177 177 177 177 177 177 177 178 178 178 178 178 178 178 178 178 178 178 178 178 178 178 178 178 178 178 178 178 178 178 178 178 178 178 178 178 178 177 177 177 177 177 177 177 177 177 177 177 177 177 177 177 177 177 177 177 177 177 177 177 177 177 177 177 177 177 177 177 177 177 177 177 177 177 177 177 177 177 177 177 177 177 177 177 177 177 177 177 177 176 176 176 176 176 176 176 176 176 176 176 176 176 176 176 176 176 176 177 177 0 0 0 0 0 0 0 0 0 0 0 0 0 0 0 0 0 0 0 0 0 0 0 0 0 0 0 0 0 0 0 0 0 0 0 0 0 0 0 0 0 0 0 0 0 0 0 0 0 0 0 0 0 0 0 0 0 0 0 0 0 0 0 0 0 0 0 0 0 0 0 0 0 0 0 0 0 0 0 0 0 0 0 0 0 0 0 0 0 0 0 0 0 0 0 0 0 0 0 0 0 0 0 0 0 0 0 0 0 0 0 0 0 0 0 0 0 0 0 0 0 0 0 0 0 0 0 0 0 0 0 0 0 0 0 0 0 0 0 0 0 0 0 0 0 0 0 0 0 0 0 0 0 0 0 0 0 0 0 0 0 0 0 0 0 0 0 0 0 0 0 0 0 0 0 0 0 0 0 0 0 0 0 0 0 0 0 0 0 0 0 0 0 0 0 0 0 0 0 0 0 0 0 0 0 0 0 0 0 0 0 0 0 0 0 0 0 0 0 0 0 0 0 0 0 0 0 0 0 0 0 0 0 0 0 0 0 0 0 0 0 0 0 0 0 0 0 0 0 0 0 0 0 0 0 0 0 0 0 
0 0 0 0 0 0 0 0 0 0 0 0 0 0 0 0 0 0 0 0 0 170 170 170 170 170 170 170 170 170 170 170 170 171 171 171 171 171 171 171 171 171 171 172 172 172 172 172 172 172 172 172 172 172 172 172 173 173 173 173 173 173 173 173 173 173 173 173 173 173 174 174 174 174 174 174 174 174 174 174 174 174 174 175 175 175 175 175 175 175 175 175 175 175 175 175 175 176 176 176 176 176 176 176 176 176 176 176 176 176 176 176 177 177 177 177 177 177 177 177 177 177 177 177 177 177 177 177 177 177 177 177 177 177 177 177 177 177 177 177 177 178 178 178 178 178 178 178 178 178 178 178 178 178 178 178 178 178 178 178 178 178 178 178 178 178 178 178 178 178 178 178 177 177 177 177 177 177 177 177 177 177 177 177 177 177 177 177 177 177 177 177 177 177 177 177 177 177 177 177 177 177 177 177 177 177 177 177 177 177 177 177 177 177 177 177 177 177 177 177 177 177 177 177 176 176 176 176 176 176 176 176 176 176 176 176 176 176 176 176 176 176 177 177 177 177 0 0 0 0 0 0 0 0 0 0 0 0 0 0 0 0 0 0 0 0 0 0 0 0 0 0 0 0 0 0 0 0 0 0 0 0 0 0 0 0 0 0 0 0 0 0 0 0 0 0 0 0 0 0 0 0 0 0 0 0 0 0 0 0 0 0 0 0 0 0 0 0 0 0 0 0 0 0 0 0 0 0 0 0 0 0 0 0 0 0 0 0 0 0 0 0 0 0 0 0 0 0 0 0 0 0 0 0 0 0 0 0 0 0 0 0 0 0 0 0 0 0 0 0 0 0 0 0 0 0 0 0 0 0 0 0 0 0 0 0 0 0 0 0 0 0 0 0 0 0 0 0 0 0 0 0 0 0 0 0 0 0 0 0 0 0 0 0 0 0 0 0 0 0 0 0 0 0 0 0 0 0 0 0 0 0 0 0 0 0 0 0 0 0 0 0 0 0 0 0 0 0 0 0 0 0 0 0 0 0 0 0 0 0 0 0 0 0 0 0 0 0 0 0 0 0 0 0 0 0 0 0 0 0 0 0 0 0 0 0 0 0 0 0 0 0 0 0 0 0 0 0 0 0 0 0 0 
0 0 0 0 0 0 0 0 0 0 0 0 0 0 0 0 0 0 0 0 169 170 170 170 170 170 170 170 170 170 170 170 170 170 171 171 171 171 171 171 171 171 171 171 172 172 172 172 172 172 172 172 172 172 172 172 172 173 173 173 173 173 173 173 173 173 173 173 173 173 173 174 174 174 174 174 174 174 174 174 174 174 174 174 175 175 175 175 175 175 175 175 175 175 175 175 175 176 176 176 176 176 176 176 176 176 176 176 176 176 176 176 177 177 177 177 177 177 177 177 177 177 177 177 177 177 177 177 177 177 177 177 177 177 177 177 177 177 177 177 178 178 178 178 178 178 178 178 178 178 178 178 178 178 178 178 178 178 178 178 178 178 178 178 178 178 178 178 177 178 178 178 177 177 177 177 177 177 177 177 177 177 177 177 177 177 177 177 177 177 177 177 177 177 177 177 177 177 177 177 177 177 177 177 177 177 177 177 177 177 177 177 177 177 177 177 177 177 177 177 177 177 177 176 176 176 176 176 176 176 176 176 176 176 176 176 176 176 176 176 176 176 177 177 177 177 176 0 0 0 0 0 0 0 0 0 0 0 0 0 0 0 0 0 0 0 0 0 0 0 0 0 0 0 0 0 0 0 0 0 0 0 0 0 0 0 0 0 0 0 0 0 0 0 0 0 0 0 0 0 0 0 0 0 0 0 0 0 0 0 0 0 0 0 0 0 0 0 0 0 0 0 0 0 0 0 0 0 0 0 0 0 0 0 0 0 0 0 0 0 0 0 0 0 0 0 0 0 0 0 0 0 0 0 0 0 0 0 0 0 0 0 0 0 0 0 0 0 0 0 0 0 0 0 0 0 0 0 0 0 0 0 0 0 0 0 0 0 0 0 0 0 0 0 0 0 0 0 0 0 0 0 0 0 0 0 0 0 0 0 0 0 0 0 0 0 0 0 0 0 0 0 0 0 0 0 0 0 0 0 0 0 0 0 0 0 0 0 0 0 0 0 0 0 0 0 0 0 0 0 0 0 0 0 0 0 0 0 0 0 0 0 0 0 0 0 0 0 0 0 0 0 0 0 0 0 0 0 0 0 0 0 0 0 0 0 0 0 0 0 0 0 0 0 0 0 0 0 0 0 0 0 0 
0 0 0 0 0 0 0 0 0 0 0 0 0 0 0 0 0 0 0 0 0 169 169 170 170 170 170 170 170 170 170 170 170 170 170 171 171 171 171 171 171 171 171 171 171 172 172 172 172 172 172 172 172 172 172 172 172 172 173 173 173 173 173 173 173 173 173 173 173 173 173 174 174 174 174 174 174 174 174 174 174 174 174 174 175 175 175 175 175 175 175 175 175 175 175 175 175 176 176 176 176 176 176 176 176 176 176 176 176 176 176 177 177 177 177 177 177 177 177 177 177 177 177 177 177 177 177 177 177 177 177 177 177 177 177 177 177 177 178 178 178 178 178 178 178 178 178 178 178 178 178 178 178 178 178 178 178 178 178 178 178 178 178 178 178 178 178 178 178 177 178 178 177 177 177 177 177 177 177 177 177 177 177 177 177 177 177 177 177 177 177 177 177 177 177 177 177 177 177 177 177 177 177 177 177 177 177 177 177 177 177 177 177 177 177 177 177 177 177 177 177 177 177 176 176 176 176 176 176 176 176 176 176 176 176 176 176 176 176 176 176 176 177 177 177 176 176 176 0 0 0 0 0 0 0 0 0 0 0 0 0 0 0 0 0 0 0 0 0 0 0 0 0 0 0 0 0 0 0 0 0 0 0 0 0 0 0 0 0 0 0 0 0 0 0 0 0 0 0 0 0 0 0 0 0 0 0 0 0 0 0 0 0 0 0 0 0 0 0 0 0 0 0 0 0 0 0 0 0 0 0 0 0 0 0 0 0 0 0 0 0 0 0 0 0 0 0 0 0 0 0 0 0 0 0 0 0 0 0 0 0 0 0 0 0 0 0 0 0 0 0 0 0 0 0 0 0 0 0 0 0 0 0 0 0 0 0 0 0 0 0 0 0 0 0 0 0 0 0 0 0 0 0 0 0 0 0 0 0 0 0 0 0 0 0 0 0 0 0 0 0 0 0 0 0 0 0 0 0 0 0 0 0 0 0 0 0 0 0 0 0 0 0 0 0 0 0 0 0 0 0 0 0 0 0 0 0 0 0 0 0 0 0 0 0 0 0 0 0 0 0 0 0 0 0 0 0 0 0 0 0 0 0 0 0 0 0 0 0 0 0 0 0 0 0 0 0 0 0 0 0 0 0 
0 0 0 0 0 0 0 0 0 0 0 0 0 0 0 0 0 0 0 0 0 0 169 169 170 170 170 170 170 170 170 170 170 170 170 170 171 171 171 171 171 171 171 171 171 172 172 172 172 172 172 172 172 172 172 172 172 172 172 173 173 173 173 173 173 173 173 173 173 173 173 173 174 174 174 174 174 174 174 174 174 174 174 174 174 175 175 175 175 175 175 175 175 175 175 175 175 176 176 176 176 176 176 176 176 176 176 176 176 176 176 177 177 177 177 177 177 177 177 177 177 177 177 177 177 177 177 177 177 177 177 177 177 177 177 177 177 178 178 178 178 178 178 178 178 178 178 178 178 178 178 178 178 178 178 178 178 178 178 178 178 178 178 178 178 178 177 177 177 177 177 177 177 177 177 177 177 177 177 177 177 177 177 177 177 177 177 177 177 177 177 177 177 177 177 177 177 177 177 177 177 177 177 177 177 177 177 177 177 177 177 177 177 177 177 177 177 177 177 177 177 177 176 176 176 176 176 176 176 176 176 176 176 176 176 176 176 176 176 176 176 176 177 177 177 176 176 0 0 0 0 0 0 0 0 0 0 0 0 0 0 0 0 0 0 0 0 0 0 0 0 0 0 0 0 0 0 0 0 0 0 0 0 0 0 0 0 0 0 0 0 0 0 0 0 0 0 0 0 0 0 0 0 0 0 0 0 0 0 0 0 0 0 0 0 0 0 0 0 0 0 0 0 0 0 0 0 0 0 0 0 0 0 0 0 0 0 0 0 0 0 0 0 0 0 0 0 0 0 0 0 0 0 0 0 0 0 0 0 0 0 0 0 0 0 0 0 0 0 0 0 0 0 0 0 0 0 0 0 0 0 0 0 0 0 0 0 0 0 0 0 0 0 0 0 0 0 0 0 0 0 0 0 0 0 0 0 0 0 0 0 0 0 0 0 0 0 0 0 0 0 0 0 0 0 0 0 0 0 0 0 0 0 0 0 0 0 0 0 0 0 0 0 0 0 0 0 0 0 0 0 0 0 0 0 0 0 0 0 0 0 0 0 0 0 0 0 0 0 0 0 0 0 0 0 0 0 0 0 0 0 0 0 0 0 0 0 0 0 0 0 0 0 0 0 0 0 0 0 0 0 0 0 
0 0 0 0 0 0 0 0 0 0 0 0 0 0 0 0 0 0 0 0 0 0 0 0 169 170 170 170 170 170 170 170 170 170 170 170 170 170 171 171 171 171 171 171 171 171 172 172 172 172 172 172 172 172 172 172 172 172 172 172 173 173 173 173 173 173 173 173 173 173 173 173 174 174 174 174 174 174 174 174 174 174 174 174 174 175 175 175 175 175 175 175 175 175 175 175 175 175 176 176 176 176 176 176 176 176 176 176 176 176 176 177 177 177 177 177 177 177 177 177 177 177 177 177 177 177 177 177 177 177 177 177 177 177 177 177 178 178 178 178 178 178 178 178 178 178 178 178 178 178 178 178 178 178 178 178 178 178 178 178 178 178 178 178 178 178 177 177 177 177 177 177 177 177 177 177 177 177 177 177 177 177 177 177 177 177 177 177 177 177 177 177 177 177 177 177 177 177 177 177 177 177 177 177 177 177 177 177 177 177 177 177 177 177 177 177 177 177 177 177 177 177 176 176 176 176 176 176 176 176 176 176 176 176 176 176 176 176 176 176 176 176 177 177 176 176 0 0 0 0 0 0 0 0 0 0 0 0 0 0 0 0 0 0 0 0 0 0 0 0 0 0 0 0 0 0 0 0 0 0 0 0 0 0 0 0 0 0 0 0 0 0 0 0 0 0 0 0 0 0 0 0 0 0 0 0 0 0 0 0 0 0 0 0 0 0 0 0 0 0 0 0 0 0 0 0 0 0 0 0 0 0 0 0 0 0 0 0 0 0 0 0 0 0 0 0 0 0 0 0 0 0 0 0 0 0 0 0 0 0 0 0 0 0 0 0 0 0 0 0 0 0 0 0 0 0 0 0 0 0 0 0 0 0 0 0 0 0 0 0 0 0 0 0 0 0 0 0 0 0 0 0 0 0 0 0 0 0 0 0 0 0 0 0 0 0 0 0 0 0 0 0 0 0 0 0 0 0 0 0 0 0 0 0 0 0 0 0 0 0 0 0 0 0 0 0 0 0 0 0 0 0 0 0 0 0 0 0 0 0 0 0 0 0 0 0 0 0 0 0 0 0 0 0 0 0 0 0 0 0 0 0 0 0 0 0 0 0 0 0 0 0 0 0 0 0 0 0 0 0 0 0 0 
0 0 0 0 0 0 0 0 0 0 0 0 0 0 0 0 0 0 0 0 0 0 0 0 0 169 170 170 170 170 170 170 170 170 170 170 170 170 170 171 171 171 171 171 171 171 171 172 172 172 172 172 172 172 172 172 172 172 172 172 173 173 173 173 173 173 173 173 173 173 173 173 173 174 174 174 174 174 174 174 174 174 174 174 174 174 175 175 175 175 175 175 175 175 175 175 175 175 176 176 176 176 176 176 176 176 176 176 176 176 176 177 177 177 177 177 177 177 177 177 177 177 177 177 177 177 177 177 177 177 177 177 177 177 178 178 178 178 178 178 178 178 178 178 178 178 178 178 178 178 178 178 178 178 178 178 178 178 178 178 178 178 178 178 178 178 177 177 177 177 177 177 177 177 177 177 177 177 177 177 177 177 177 177 177 177 177 177 177 177 177 177 177 177 177 177 177 177 177 177 177 177 177 177 177 177 177 177 177 177 177 177 177 177 177 177 177 177 177 177 177 176 176 176 176 176 176 176 176 176 176 176 176 176 176 176 176 176 176 176 176 176 177 177 176 176 176 176 176 0 0 0 0 0 0 0 0 0 0 0 0 0 0 0 0 0 0 0 0 0 0 0 0 0 0 0 0 0 0 0 0 0 0 0 0 0 0 0 0 0 0 0 0 0 0 0 0 0 0 0 0 0 0 0 0 0 0 0 0 0 0 0 0 0 0 0 0 0 0 0 0 0 0 0 0 0 0 0 0 0 0 0 0 0 0 0 0 0 0 0 0 0 0 0 0 0 0 0 0 0 0 0 0 0 0 0 0 0 0 0 0 0 0 0 0 0 0 0 0 0 0 0 0 0 0 0 0 0 0 0 0 0 0 0 0 0 0 0 0 0 0 0 0 0 0 0 0 0 0 0 0 0 0 0 0 0 0 0 0 0 0 0 0 0 0 0 0 0 0 0 0 0 0 0 0 0 0 0 0 0 0 0 0 0 0 0 0 0 0 0 0 0 0 0 0 0 0 0 0 0 0 0 0 0 0 0 0 0 0 0 0 0 0 0 0 0 0 0 0 0 0 0 0 0 0 0 0 0 0 0 0 0 0 0 0 0 0 0 0 0 0 0 0 0 0 0 0 0 0 0 0 0 0 
0 0 0 0 0 0 0 0 0 0 0 0 0 0 0 0 0 0 0 0 0 0 0 0 0 0 169 170 170 170 170 170 170 170 170 170 170 170 170 171 171 171 171 171 171 171 171 171 171 171 172 172 172 172 172 172 172 172 172 172 172 172 173 173 173 173 173 173 173 173 173 173 173 173 173 174 174 174 174 174 174 174 174 174 174 174 174 174 175 175 175 175 175 175 175 175 175 175 175 176 176 176 176 176 176 176 176 176 176 176 176 176 176 177 177 177 177 177 177 177 177 177 177 177 177 177 177 177 177 177 177 177 177 177 177 177 177 177 177 177 177 177 177 177 177 177 177 177 177 177 177 177 177 177 177 177 177 177 177 177 177 177 177 177 177 177 177 177 177 177 177 177 177 177 177 177 177 177 177 177 177 177 177 177 177 177 177 177 177 177 177 177 177 177 177 177 177 177 177 177 177 177 177 177 177 177 177 177 177 177 177 177 177 177 177 177 177 177 177 177 176 176 176 176 176 176 176 176 176 176 176 176 176 176 176 176 176 176 176 176 176 176 176 176 176 176 176 176 176 176 176 176 176 0 0 0 0 0 0 0 0 0 0 0 0 0 0 0 0 0 0 0 0 0 0 0 0 0 0 0 0 0 0 0 0 0 0 0 0 0 0 0 0 0 0 0 0 0 0 0 0 0 0 0 0 0 0 0 0 0 0 0 0 0 0 0 0 0 0 0 0 0 0 0 0 0 0 0 0 0 0 0 0 0 0 0 0 0 0 0 0 0 0 0 0 0 0 0 0 0 0 0 0 0 0 0 0 0 0 0 0 0 0 0 0 0 0 0 0 0 0 0 0 0 0 0 0 0 0 0 0 0 0 0 0 0 0 0 0 0 0 0 0 0 0 0 0 0 0 0 0 0 0 0 0 0 0 0 0 0 0 0 0 0 0 0 0 0 0 0 0 0 0 0 0 0 0 0 0 0 0 0 0 0 0 0 0 0 0 0 0 0 0 0 0 0 0 0 0 0 0 0 0 0 0 0 0 0 0 0 0 0 0 0 0 0 0 0 0 0 0 0 0 0 0 0 0 0 0 0 0 0 0 0 0 0 0 0 0 0 0 0 0 0 0 0 0 0 0 0 0 0 0 
0 0 0 0 0 0 0 0 0 0 0 0 0 0 0 0 0 0 0 0 0 0 0 0 0 169 169 169 170 170 170 170 170 170 170 170 170 170 170 170 171 171 171 171 171 171 171 171 171 171 171 172 172 172 172 172 172 172 172 172 172 172 172 173 173 173 173 173 173 173 173 173 173 173 173 173 174 174 174 174 174 174 174 174 174 174 174 174 175 175 175 175 175 175 175 175 175 175 175 176 176 176 176 176 176 176 176 176 176 176 176 176 176 177 177 177 177 177 177 177 177 177 177 177 177 177 177 177 177 177 177 177 177 177 177 177 177 177 177 177 177 177 177 177 177 177 177 177 177 177 177 177 177 177 177 177 177 177 177 177 177 177 177 177 177 177 177 177 177 177 177 177 177 177 177 177 177 177 177 177 177 177 177 177 177 177 177 177 177 177 177 177 177 177 177 177 177 177 177 177 177 177 177 177 177 177 177 177 177 177 177 177 177 177 177 177 177 177 177 176 176 176 176 176 176 176 176 176 176 176 176 176 176 176 176 176 176 176 176 176 176 176 176 176 176 176 176 176 176 176 176 176 176 0 0 0 0 0 0 0 0 0 0 0 0 0 0 0 0 0 0 0 0 0 0 0 0 0 0 0 0 0 0 0 0 0 0 0 0 0 0 0 0 0 0 0 0 0 0 0 0 0 0 0 0 0 0 0 0 0 0 0 0 0 0 0 0 0 0 0 0 0 0 0 0 0 0 0 0 0 0 0 0 0 0 0 0 0 0 0 0 0 0 0 0 0 0 0 0 0 0 0 0 0 0 0 0 0 0 0 0 0 0 0 0 0 0 0 0 0 0 0 0 0 0 0 0 0 0 0 0 0 0 0 0 0 0 0 0 0 0 0 0 0 0 0 0 0 0 0 0 0 0 0 0 0 0 0 0 0 0 0 0 0 0 0 0 0 0 0 0 0 0 0 0 0 0 0 0 0 0 0 0 0 0 0 0 0 0 0 0 0 0 0 0 0 0 0 0 0 0 0 0 0 0 0 0 0 0 0 0 0 0 0 0 0 0 0 0 0 0 0 0 0 0 0 0 0 0 0 0 0 0 0 0 0 0 0 0 0 0 0 0 0 0 0 0 0 0 0 0 0 0 
0 0 0 0 0 0 0 0 0 0 0 0 0 0 0 0 0 0 0 169 169 169 169 169 169 169 169 169 169 170 170 170 170 170 170 170 170 170 170 170 170 170 171 171 171 171 171 171 171 171 171 171 172 172 172 172 172 172 172 172 172 172 172 172 173 173 173 173 173 173 173 173 173 173 173 173 173 174 174 174 174 174 174 174 174 174 174 174 174 175 175 175 175 175 175 175 175 175 175 175 176 176 176 176 176 176 176 176 176 176 176 176 176 177 177 177 177 177 177 177 177 177 177 177 177 177 177 177 177 177 177 177 177 177 177 177 177 177 177 177 177 177 177 177 177 177 177 177 177 177 177 177 177 177 177 177 177 177 177 177 177 177 177 177 177 177 177 177 177 177 177 177 177 177 177 177 177 177 177 177 177 177 177 177 177 177 177 177 177 177 177 177 177 177 177 177 177 177 177 177 177 177 177 177 177 177 177 177 177 177 177 177 177 177 177 177 177 177 177 176 176 176 176 176 176 176 176 176 176 176 176 176 176 176 176 176 176 176 176 176 176 176 176 176 176 176 176 176 176 176 176 176 176 176 0 0 0 0 0 0 0 0 0 0 0 0 0 0 0 0 0 0 0 0 0 0 0 0 0 0 0 0 0 0 0 0 0 0 0 0 0 0 0 0 0 0 0 0 0 0 0 0 0 0 0 0 0 0 0 0 0 0 0 0 0 0 0 0 0 0 0 0 0 0 0 0 0 0 0 0 0 0 0 0 0 0 0 0 0 0 0 0 0 0 0 0 0 0 0 0 0 0 0 0 0 0 0 0 0 0 0 0 0 0 0 0 0 0 0 0 0 0 0 0 0 0 0 0 0 0 0 0 0 0 0 0 0 0 0 0 0 0 0 0 0 0 0 0 0 0 0 0 0 0 0 0 0 0 0 0 0 0 0 0 0 0 0 0 0 0 0 0 0 0 0 0 0 0 0 0 0 0 0 0 0 0 0 0 0 0 0 0 0 0 0 0 0 0 0 0 0 0 0 0 0 0 0 0 0 0 0 0 0 0 0 0 0 0 0 0 0 0 0 0 0 0 0 0 0 0 0 0 0 0 0 0 0 0 0 0 0 0 0 0 0 0 0 0 0 0 0 0 0 
0 0 0 0 0 0 0 0 0 0 0 0 0 0 0 0 0 0 168 169 169 169 169 169 169 169 169 169 169 169 170 170 170 170 170 170 170 170 170 170 170 170 171 171 171 171 171 171 171 171 171 171 171 172 172 172 172 172 172 172 172 172 172 172 172 173 173 173 173 173 173 173 173 173 173 173 173 174 174 174 174 174 174 174 174 174 174 174 174 175 175 175 175 175 175 175 175 175 175 175 176 176 176 176 176 176 176 176 176 176 176 176 176 177 177 177 177 177 177 177 177 177 177 177 177 177 177 177 177 177 177 177 177 177 177 177 177 177 177 177 177 177 177 177 177 177 177 177 177 177 177 177 177 177 177 177 177 177 177 177 177 177 177 177 177 177 177 177 177 177 177 177 177 177 177 177 177 177 177 177 177 177 177 177 177 177 177 177 177 177 177 177 177 177 177 177 177 177 177 177 177 177 177 177 177 177 177 177 177 177 177 177 177 177 177 177 177 177 176 176 176 176 176 176 176 176 176 176 176 176 176 176 176 176 176 176 176 176 176 176 176 176 176 176 176 176 176 176 176 176 176 176 176 176 0 0 0 0 0 0 0 0 0 0 0 0 0 0 0 0 0 0 0 0 0 0 0 0 0 0 0 0 0 0 0 0 0 0 0 0 0 0 0 0 0 0 0 0 0 0 0 0 0 0 0 0 0 0 0 0 0 0 0 0 0 0 0 0 0 0 0 0 0 0 0 0 0 0 0 0 0 0 0 0 0 0 0 0 0 0 0 0 0 0 0 0 0 0 0 0 0 0 0 0 0 0 0 0 0 0 0 0 0 0 0 0 0 0 0 0 0 0 0 0 0 0 0 0 0 0 0 0 0 0 0 0 0 0 0 0 0 0 0 0 0 0 0 0 0 0 0 0 0 0 0 0 0 0 0 0 0 0 0 0 0 0 0 0 0 0 0 0 0 0 0 0 0 0 0 0 0 0 0 0 0 0 0 0 0 0 0 0 0 0 0 0 0 0 0 0 0 0 0 0 0 0 0 0 0 0 0 0 0 0 0 0 0 0 0 0 0 0 0 0 0 0 0 0 0 0 0 0 0 0 0 0 0 0 0 0 0 0 0 0 0 0 0 0 0 0 0 0 0 
0 0 0 0 0 0 0 0 0 0 0 0 0 0 0 0 0 0 168 168 169 169 169 169 169 169 169 169 169 169 169 169 170 170 170 170 170 170 170 170 170 170 171 171 171 171 171 171 171 171 171 171 171 171 172 172 172 172 172 172 172 172 172 172 172 172 173 173 173 173 173 173 173 173 173 173 173 173 174 174 174 174 174 174 174 174 174 174 174 174 175 175 175 175 175 175 175 175 175 175 175 176 176 176 176 176 176 176 176 176 176 176 176 177 177 177 177 177 177 177 177 177 177 177 177 177 177 177 177 177 177 177 177 177 177 177 177 177 177 177 177 177 177 177 177 177 177 177 177 177 177 177 177 177 177 177 177 177 177 177 177 177 177 177 177 177 177 177 177 177 177 177 177 177 177 177 177 177 177 177 177 177 177 177 177 177 177 177 177 177 177 177 177 177 177 177 177 177 177 177 177 177 177 177 177 177 177 177 177 177 177 177 177 177 177 177 177 176 176 176 176 176 176 176 176 176 176 176 176 176 176 176 176 176 176 176 176 176 176 176 176 175 176 176 176 176 176 176 176 176 176 176 176 176 176 176 0 0 0 0 0 0 0 0 0 0 0 0 0 0 0 0 0 0 0 0 0 0 0 0 0 0 0 0 0 0 0 0 0 0 0 0 0 0 0 0 0 0 0 0 0 0 0 0 0 0 0 0 0 0 0 0 0 0 0 0 0 0 0 0 0 0 0 0 0 0 0 0 0 0 0 0 0 0 0 0 0 0 0 0 0 0 0 0 0 0 0 0 0 0 0 0 0 0 0 0 0 0 0 0 0 0 0 0 0 0 0 0 0 0 0 0 0 0 0 0 0 0 0 0 0 0 0 0 0 0 0 0 0 0 0 0 0 0 0 0 0 0 0 0 0 0 0 0 0 0 0 0 0 0 0 0 0 0 0 0 0 0 0 0 0 0 0 0 0 0 0 0 0 0 0 0 0 0 0 0 0 0 0 0 0 0 0 0 0 0 0 0 0 0 0 0 0 0 0 0 0 0 0 0 0 0 0 0 0 0 0 0 0 0 0 0 0 0 0 0 0 0 0 0 0 0 0 0 0 0 0 0 0 0 0 0 0 0 0 0 0 0 0 0 0 0 0 
0 0 0 0 0 0 0 0 0 0 0 0 0 0 0 0 0 0 0 168 168 168 169 169 169 169 169 169 169 169 169 169 169 169 170 170 170 170 170 170 170 170 170 171 171 171 171 171 171 171 171 171 171 171 171 172 172 172 172 172 172 172 172 172 172 172 172 173 173 173 173 173 173 173 173 173 173 173 173 174 174 174 174 174 174 174 174 174 174 174 174 175 175 175 175 175 175 175 175 175 175 176 176 176 176 176 176 176 176 176 176 176 176 177 177 177 177 177 177 177 177 177 177 177 177 177 177 177 177 177 177 177 177 177 177 177 177 177 177 177 177 177 177 177 177 177 177 177 177 177 177 177 177 177 177 177 177 177 177 177 177 177 177 177 177 177 177 177 177 177 177 177 177 177 177 177 177 177 177 177 177 177 177 177 177 177 177 177 177 177 177 177 177 177 177 177 177 177 177 177 177 177 177 177 177 177 177 177 177 177 177 177 177 177 177 177 177 176 176 176 176 176 176 176 176 176 176 176 176 176 176 176 176 176 176 176 176 176 176 176 176 175 176 176 176 176 176 176 176 176 176 176 176 176 176 176 175 0 0 0 0 0 0 0 0 0 0 0 0 0 0 0 0 0 0 0 0 0 0 0 0 0 0 0 0 0 0 0 0 0 0 0 0 0 0 0 0 0 0 0 0 0 0 0 0 0 0 0 0 0 0 0 0 0 0 0 0 0 0 0 0 0 0 0 0 0 0 0 0 0 0 0 0 0 0 0 0 0 0 0 0 0 0 0 0 0 0 0 0 0 0 0 0 0 0 0 0 0 0 0 0 0 0 0 0 0 0 0 0 0 0 0 0 0 0 0 0 0 0 0 0 0 0 0 0 0 0 0 0 0 0 0 0 0 0 0 0 0 0 0 0 0 0 0 0 0 0 0 0 0 0 0 0 0 0 0 0 0 0 0 0 0 0 0 0 0 0 0 0 0 0 0 0 0 0 0 0 0 0 0 0 0 0 0 0 0 0 0 0 0 0 0 0 0 0 0 0 0 0 0 0 0 0 0 0 0 0 0 0 0 0 0 0 0 0 0 0 0 0 0 0 0 0 0 0 0 0 0 0 0 0 0 0 0 0 0 0 0 0 0 0 0 0 
0 0 0 0 0 0 0 0 0 0 0 0 0 0 0 0 0 0 0 0 0 168 168 168 169 169 169 169 169 169 169 169 169 169 169 170 170 170 170 170 170 170 170 170 171 171 171 171 171 171 171 171 171 171 171 171 172 172 172 172 172 172 172 172 172 172 172 172 173 173 173 173 173 173 173 173 173 173 173 173 174 174 174 174 174 174 174 174 174 174 174 175 175 175 175 175 175 175 175 175 175 175 176 176 176 176 176 176 176 176 176 176 176 176 177 177 177 177 177 177 177 177 177 177 177 177 177 177 177 177 177 177 177 177 177 177 177 177 177 177 177 177 177 177 177 177 177 177 177 177 177 177 177 177 177 177 177 177 177 177 177 177 177 177 177 177 177 177 177 177 177 177 177 177 177 177 177 177 177 177 177 177 177 177 177 177 177 177 177 177 177 177 177 177 177 177 177 177 177 177 177 177 177 177 177 177 177 177 177 177 177 177 177 177 177 177 176 176 176 176 176 176 176 176 176 176 176 176 176 176 176 176 176 176 176 176 176 176 176 176 175 175 176 176 176 176 176 176 176 176 176 176 176 176 176 175 175 175 175 0 0 0 0 0 0 0 0 0 0 0 0 0 0 0 0 0 0 0 0 0 0 0 0 0 0 0 0 0 0 0 0 0 0 0 0 0 0 0 0 0 0 0 0 0 0 0 0 0 0 0 0 0 0 0 0 0 0 0 0 0 0 0 0 0 0 0 0 0 0 0 0 0 0 0 0 0 0 0 0 0 0 0 0 0 0 0 0 0 0 0 0 0 0 0 0 0 0 0 0 0 0 0 0 0 0 0 0 0 0 0 0 0 0 0 0 0 0 0 0 0 0 0 0 0 0 0 0 0 0 0 0 0 0 0 0 0 0 0 0 0 0 0 0 0 0 0 0 0 0 0 0 0 0 0 0 0 0 0 0 0 0 0 0 0 0 0 0 0 0 0 0 0 0 0 0 0 0 0 0 0 0 0 0 0 0 0 0 0 0 0 0 0 0 0 0 0 0 0 0 0 0 0 0 0 0 0 0 0 0 0 0 0 0 0 0 0 0 0 0 0 0 0 0 0 0 0 0 0 0 0 0 0 0 0 0 0 0 0 0 0 0 0 0 
0 0 0 0 0 0 0 0 0 0 0 0 0 0 0 0 0 0 0 0 0 0 0 168 168 168 169 169 169 169 169 169 169 169 169 169 170 170 170 170 170 170 170 170 170 171 171 171 171 171 171 171 171 171 171 171 171 172 172 172 172 172 172 172 172 172 172 172 172 173 173 173 173 173 173 173 173 173 173 173 174 174 174 174 174 174 174 174 174 174 174 174 175 175 175 175 175 175 175 175 175 175 176 176 176 176 176 176 176 176 176 176 176 176 177 177 177 177 177 177 177 177 177 177 177 177 177 177 177 177 177 177 177 177 177 177 177 177 177 177 177 177 177 177 177 177 177 177 177 177 177 177 177 177 177 177 177 177 177 177 177 177 177 177 177 177 177 177 177 177 177 177 177 177 177 177 177 177 177 177 177 177 177 177 177 177 177 177 177 177 177 177 177 177 177 177 177 177 177 177 177 177 177 177 177 177 177 177 177 177 177 177 177 177 177 176 176 176 176 176 176 176 176 176 176 176 176 176 176 176 176 176 176 176 176 176 176 176 176 175 175 175 176 176 176 176 176 176 176 176 176 176 176 176 176 175 175 175 175 175 0 0 0 0 0 0 0 0 0 0 0 0 0 0 0 0 0 0 0 0 0 0 0 0 0 0 0 0 0 0 0 0 0 0 0 0 0 0 0 0 0 0 0 0 0 0 0 0 0 0 0 0 0 0 0 0 0 0 0 0 0 0 0 0 0 0 0 0 0 0 0 0 0 0 0 0 0 0 0 0 0 0 0 0 0 0 0 0 0 0 0 0 0 0 0 0 0 0 0 0 0 0 0 0 0 0 0 0 0 0 0 0 0 0 0 0 0 0 0 0 0 0 0 0 0 0 0 0 0 0 0 0 0 0 0 0 0 0 0 0 0 0 0 0 0 0 0 0 0 0 0 0 0 0 0 0 0 0 0 0 0 0 0 0 0 0 0 0 0 0 0 0 0 0 0 0 0 0 0 0 0 0 0 0 0 0 0 0 0 0 0 0 0 0 0 0 0 0 0 0 0 0 0 0 0 0 0 0 0 0 0 0 0 0 0 0 0 0 0 0 0 0 0 0 0 0 0 0 0 0 0 0 0 0 0 0 0 0 0 0 0 0 0 
0 0 0 0 0 0 0 0 0 0 0 0 0 0 0 0 0 0 0 0 0 0 0 0 168 168 168 168 169 169 169 169 169 169 169 169 169 170 170 170 170 170 170 170 170 170 171 171 171 171 171 171 171 171 171 171 171 171 172 172 172 172 172 172 172 172 172 172 172 172 173 173 173 173 173 173 173 173 173 173 173 174 174 174 174 174 174 174 174 174 174 174 175 175 175 175 175 175 175 175 175 175 175 176 176 176 176 176 176 176 176 176 176 176 177 177 177 177 177 177 177 177 177 177 177 177 177 177 177 177 177 177 177 177 177 177 177 177 177 177 177 177 177 177 177 177 177 177 177 177 177 177 177 177 177 177 177 177 177 177 177 177 177 177 177 177 177 177 177 177 177 177 177 177 177 177 177 177 177 177 177 177 177 177 177 177 177 177 177 177 177 177 177 177 177 177 177 177 177 177 177 177 177 177 177 177 177 177 177 177 177 177 177 177 177 176 176 176 176 176 176 176 176 176 176 176 176 176 176 176 176 176 176 176 176 176 176 176 175 175 175 175 176 176 176 176 176 176 176 176 176 176 176 176 175 175 175 175 175 175 175 0 0 0 0 0 0 0 0 0 0 0 0 0 0 0 0 0 0 0 0 0 0 0 0 0 0 0 0 0 0 0 0 0 0 0 0 0 0 0 0 0 0 0 0 0 0 0 0 0 0 0 0 0 0 0 0 0 0 0 0 0 0 0 0 0 0 0 0 0 0 0 0 0 0 0 0 0 0 0 0 0 0 0 0 0 0 0 0 0 0 0 0 0 0 0 0 0 0 0 0 0 0 0 0 0 0 0 0 0 0 0 0 0 0 0 0 0 0 0 0 0 0 0 0 0 0 0 0 0 0 0 0 0 0 0 0 0 0 0 0 0 0 0 0 0 0 0 0 0 0 0 0 0 0 0 0 0 0 0 0 0 0 0 0 0 0 0 0 0 0 0 0 0 0 0 0 0 0 0 0 0 0 0 0 0 0 0 0 0 0 0 0 0 0 0 0 0 0 0 0 0 0 0 0 0 0 0 0 0 0 0 0 0 0 0 0 0 0 0 0 0 0 0 0 0 0 0 0 0 0 0 0 0 0 0 0 0 0 0 0 0 0 
0 0 0 0 0 0 0 0 0 0 0 0 0 0 0 0 0 0 0 0 0 0 0 0 0 0 0 0 0 0 0 0 0 169 169 169 169 169 169 170 170 170 170 170 170 170 170 170 171 171 171 171 171 171 171 171 171 171 171 172 172 172 172 172 172 172 172 172 172 172 172 173 173 173 173 173 173 173 173 173 173 173 174 174 174 174 174 174 174 174 174 174 175 175 175 175 175 175 175 175 175 175 175 176 176 176 176 176 176 176 176 176 176 176 176 177 177 177 177 177 177 177 177 177 177 177 177 177 177 177 177 177 177 177 177 177 177 177 177 177 177 177 177 177 177 177 177 177 177 177 177 177 177 177 177 177 177 177 177 177 177 177 177 177 177 177 177 177 177 177 177 177 177 177 177 177 177 177 177 177 177 177 177 177 177 177 177 177 177 177 177 177 177 177 177 177 177 177 177 177 177 177 177 177 177 177 177 177 177 177 177 177 177 177 176 176 176 176 176 176 176 176 176 176 176 176 176 176 176 176 176 176 176 176 176 176 176 176 175 175 175 175 176 176 176 176 176 176 176 176 176 176 176 175 175 175 175 175 175 175 175 175 175 0 0 0 0 0 0 0 0 0 0 0 0 0 0 0 0 0 0 0 0 0 0 0 0 0 0 0 0 0 0 0 0 0 0 0 0 0 0 0 0 0 0 0 0 0 0 0 0 0 0 0 0 0 0 0 0 0 0 0 0 0 0 0 0 0 0 0 0 0 0 0 0 0 0 0 0 0 0 0 0 0 0 0 0 0 0 0 0 0 0 0 0 0 0 0 0 0 0 0 0 0 0 0 0 0 0 0 0 0 0 0 0 0 0 0 0 0 0 0 0 0 0 0 0 0 0 0 0 0 0 0 0 0 0 0 0 0 0 0 0 0 0 0 0 0 0 0 0 0 0 0 0 0 0 0 0 0 0 0 0 0 0 0 0 0 0 0 0 0 0 0 0 0 0 0 0 0 0 0 0 0 0 0 0 0 0 0 0 0 0 0 0 0 0 0 0 0 0 0 0 0 0 0 0 0 0 0 0 0 0 0 0 0 0 0 0 0 0 0 0 0 0 0 0 0 0 0 0 0 0 0 0 0 0 0 0 0 0 0 0 
0 0 0 0 0 0 0 0 0 0 0 0 0 0 0 0 0 0 0 0 0 0 0 0 0 0 0 0 0 0 0 0 0 0 169 169 169 169 169 169 170 170 170 170 170 170 170 170 170 171 171 171 171 171 171 171 171 171 171 171 172 172 172 172 172 172 172 172 172 172 172 173 173 173 173 173 173 173 173 173 173 173 173 174 174 174 174 174 174 174 174 174 175 175 175 175 175 175 175 175 175 175 175 175 176 176 176 176 176 176 176 176 176 176 176 177 177 177 177 177 177 177 177 177 177 177 177 177 177 177 177 177 177 177 177 177 177 177 177 177 177 177 177 177 177 177 177 177 177 177 177 177 177 177 177 177 177 177 177 177 177 177 177 177 177 177 177 177 177 177 177 177 177 177 177 177 177 177 177 177 177 177 177 177 177 177 177 177 177 177 177 177 177 177 177 177 177 177 177 177 177 177 177 177 177 177 177 177 177 177 177 177 176 176 176 176 176 176 176 176 176 176 176 176 176 176 176 176 176 176 176 176 176 176 176 176 176 175 175 175 175 175 176 176 176 176 176 176 176 176 176 176 175 175 175 175 175 175 175 175 175 175 175 175 0 0 0 0 175 174 0 0 0 0 0 0 0 0 0 0 0 0 0 0 0 0 0 0 0 0 0 0 0 0 0 0 0 0 0 0 0 0 0 0 0 0 0 0 0 0 0 0 0 0 0 0 0 0 0 0 0 0 0 0 0 0 0 0 0 0 0 0 0 0 0 0 0 0 0 0 0 0 0 0 0 0 0 0 0 0 0 0 0 0 0 0 0 0 0 0 0 0 0 0 0 0 0 0 0 0 0 0 0 0 0 0 0 0 0 0 0 0 0 0 0 0 0 0 0 0 0 0 0 0 0 0 0 0 0 0 0 0 0 0 0 0 0 0 0 0 0 0 0 0 0 0 0 0 0 0 0 0 0 0 0 0 0 0 0 0 0 0 0 0 0 0 0 0 0 0 0 0 0 0 0 0 0 0 0 0 0 0 0 0 0 0 0 0 0 0 0 0 0 0 0 0 0 0 0 0 0 0 0 0 0 0 0 0 0 0 0 0 0 0 0 0 0 0 0 0 0 0 0 0 0 0 0 0 0 0 0 0 0 
0 0 0 0 0 0 0 0 0 0 0 0 0 0 0 0 0 0 0 0 0 0 0 0 0 0 0 0 0 0 0 0 0 0 169 169 169 169 169 169 169 170 170 170 170 170 170 170 170 170 171 171 171 171 171 171 171 171 171 171 171 172 172 172 172 172 172 172 172 172 172 172 173 173 173 173 173 173 173 173 173 173 173 173 174 174 174 174 174 174 174 174 174 175 175 175 175 175 175 175 175 175 175 175 175 176 176 176 176 176 176 176 176 176 176 176 177 177 177 177 177 177 177 177 177 177 177 177 177 177 177 177 177 177 177 177 177 177 177 177 177 177 177 177 177 177 177 177 177 177 177 177 177 177 177 177 177 177 177 177 177 177 177 177 177 177 177 177 177 177 177 177 177 177 177 177 177 177 177 177 177 177 177 177 177 177 177 177 177 177 177 177 177 177 177 177 177 177 177 177 177 177 177 177 177 177 177 177 177 177 177 176 176 176 176 176 176 176 176 176 176 176 176 176 176 176 176 176 176 176 176 176 176 176 176 176 175 175 175 175 175 175 176 176 176 176 176 176 176 176 176 176 175 175 175 175 175 175 175 175 175 175 175 175 175 175 175 175 174 0 0 0 0 0 0 0 0 0 0 0 0 174 174 173 0 0 0 0 0 0 0 0 0 0 0 0 0 0 0 0 0 0 0 0 0 0 0 0 0 0 0 0 0 0 0 0 0 0 0 0 0 0 0 0 0 0 0 0 0 0 0 0 0 0 0 0 0 0 0 0 0 0 0 0 0 0 0 0 0 0 0 0 0 0 0 0 0 0 0 0 0 0 0 0 0 0 0 0 0 0 0 0 0 0 0 0 0 0 0 0 0 0 0 0 0 0 0 0 0 0 0 0 0 0 0 0 0 0 0 0 0 0 0 0 0 0 0 0 0 0 0 0 0 0 0 0 0 0 0 0 0 0 0 0 0 0 0 0 0 0 0 0 0 0 0 0 0 0 0 0 0 0 0 0 0 0 0 0 0 0 0 0 0 0 0 0 0 0 0 0 0 0 0 0 0 0 0 0 0 0 0 0 0 0 0 0 0 0 0 0 0 0 0 0 0 0 0 0 0 0 0 0 0 0 0 0 0 0 0 0 0 0 0 
0 0 0 0 0 0 0 0 0 0 0 0 0 0 0 0 0 0 0 0 0 0 0 0 0 0 0 0 0 0 0 0 0 0 169 169 169 169 169 169 169 169 170 170 170 170 170 170 170 170 170 171 171 171 171 171 171 171 171 171 171 171 172 172 172 172 172 172 172 172 172 172 172 173 173 173 173 173 173 173 173 173 173 173 174 174 174 174 174 174 174 174 174 174 175 175 175 175 175 175 175 175 175 175 175 176 176 176 176 176 176 176 176 176 176 176 176 177 177 177 177 177 177 177 177 177 177 177 177 177 177 177 177 177 177 177 177 177 177 177 177 177 177 177 177 177 177 177 177 177 177 177 177 177 177 177 177 177 177 177 177 177 177 177 177 177 177 177 177 177 177 177 177 177 177 177 177 177 177 177 177 177 177 177 177 177 177 177 177 177 177 177 177 177 177 177 177 177 177 177 177 177 177 177 177 177 177 177 177 177 177 176 176 176 176 176 176 176 176 176 176 176 176 176 176 176 176 176 176 176 176 176 176 176 176 176 175 175 175 175 175 175 176 176 176 176 176 176 176 176 176 175 175 175 175 175 175 175 175 175 175 175 175 175 175 175 175 174 174 174 174 174 0 0 0 0 0 0 0 0 174 174 173 173 0 0 0 0 0 0 0 0 0 0 0 0 0 0 0 0 0 0 0 0 0 0 0 0 0 0 0 0 0 0 0 0 0 0 0 0 0 0 0 0 0 0 0 0 0 0 0 0 0 0 0 0 0 0 0 0 0 0 0 0 0 0 0 0 0 0 0 0 0 0 0 0 0 0 0 0 0 0 0 0 0 0 0 0 0 0 0 0 0 0 0 0 0 0 0 0 0 0 0 0 0 0 0 0 0 0 0 0 0 0 0 0 0 0 0 0 0 0 0 0 0 0 0 0 0 0 0 0 0 0 0 0 0 0 0 0 0 0 0 0 0 0 0 0 0 0 0 0 0 0 0 0 0 0 0 0 0 0 0 0 0 0 0 0 0 0 0 0 0 0 0 0 0 0 0 0 0 0 0 0 0 0 0 0 0 0 0 0 0 0 0 0 0 0 0 0 0 0 0 0 0 0 0 0 0 0 0 0 0 0 0 0 0 0 0 0 0 0 0 
0 0 0 0 0 0 0 0 0 0 0 0 0 0 0 0 0 0 0 0 0 0 0 0 0 0 0 0 0 0 0 0 0 0 168 169 169 169 169 169 169 169 170 170 170 170 170 170 170 170 170 170 171 171 171 171 171 171 171 171 171 171 171 172 172 172 172 172 172 172 172 172 172 172 173 173 173 173 173 173 173 173 173 173 173 174 174 174 174 174 174 174 174 174 174 175 175 175 175 175 175 175 175 175 175 175 176 176 176 176 176 176 176 176 176 176 176 176 177 177 177 177 177 177 177 177 177 177 177 177 177 177 177 177 177 177 177 177 177 177 177 177 177 177 177 177 177 177 177 177 177 177 177 177 177 177 177 177 177 177 177 177 177 177 177 177 177 177 177 177 177 177 177 177 177 177 177 177 177 177 177 177 177 177 177 177 177 177 177 177 177 177 177 177 177 177 177 177 177 177 177 177 177 177 177 177 177 177 177 177 177 176 176 176 176 176 176 176 176 176 176 176 176 176 176 176 176 176 176 176 176 176 176 176 176 175 175 175 175 175 175 175 176 176 176 176 176 176 176 176 175 175 175 175 175 175 175 175 175 175 175 175 175 175 175 175 174 174 174 174 174 174 174 0 0 0 0 174 174 174 174 173 173 173 0 0 0 0 0 0 0 0 0 0 0 0 0 0 0 0 0 0 0 0 0 0 0 0 0 0 0 0 0 0 0 0 0 0 0 0 0 0 0 0 0 0 0 0 0 0 0 0 0 0 0 0 0 0 0 0 0 0 0 0 0 0 0 0 0 0 0 0 0 0 0 0 0 0 0 0 0 0 0 0 0 0 0 0 0 0 0 0 0 0 0 0 0 0 0 0 0 0 0 0 0 0 0 0 0 0 0 0 0 0 0 0 0 0 0 0 0 0 0 0 0 0 0 0 0 0 0 0 0 0 0 0 0 0 0 0 0 0 0 0 0 0 0 0 0 0 0 0 0 0 0 0 0 0 0 0 0 0 0 0 0 0 0 0 0 0 0 0 0 0 0 0 0 0 0 0 0 0 0 0 0 0 0 0 0 0 0 0 0 0 0 0 0 0 0 0 0 0 0 0 0 0 0 0 0 0 0 0 0 0 0 0 0 0 0 0 0 0 0 
0 0 0 0 0 0 0 0 0 0 0 0 0 0 0 0 0 0 0 0 0 0 0 0 0 0 0 0 0 0 0 0 0 0 0 168 168 169 169 169 169 169 170 170 170 170 170 170 170 170 170 170 170 171 171 171 171 171 171 171 171 171 171 171 172 172 172 172 172 172 172 172 172 172 172 173 173 173 173 173 173 173 173 173 173 173 174 174 174 174 174 174 174 174 174 174 175 175 175 175 175 175 175 175 175 175 175 176 176 176 176 176 176 176 176 176 176 176 176 177 177 177 177 177 177 177 177 177 177 177 177 177 177 177 177 177 177 177 177 177 177 177 177 177 177 177 177 177 177 177 177 177 177 177 177 177 177 177 177 177 177 177 177 177 177 177 177 177 177 177 177 177 177 177 177 177 177 177 177 177 177 177 177 177 177 177 177 177 177 177 177 177 177 177 177 177 177 177 177 177 177 177 177 177 177 177 177 177 177 177 177 176 176 176 176 176 176 176 176 176 176 176 176 176 176 176 176 176 176 176 176 176 176 176 175 175 175 175 175 175 175 175 176 176 176 176 176 176 176 175 175 175 175 175 175 175 175 175 175 175 175 175 175 175 175 175 174 174 174 174 174 174 174 174 174 174 174 174 174 174 173 173 173 173 173 0 0 0 0 0 0 0 0 0 0 0 0 0 0 0 0 0 0 0 0 0 0 0 0 0 0 0 0 0 0 0 0 0 0 0 0 0 0 0 0 0 0 0 0 0 0 0 0 0 0 0 0 0 0 0 0 0 0 0 0 0 0 0 0 0 0 0 0 0 0 0 0 0 0 0 0 0 0 0 0 0 0 0 0 0 0 0 0 0 0 0 0 0 0 0 0 0 0 0 0 0 0 0 0 0 0 0 0 0 0 0 0 0 0 0 0 0 0 0 0 0 0 0 0 0 0 0 0 0 0 0 0 0 0 0 0 0 0 0 0 0 0 0 0 0 0 0 0 0 0 0 0 0 0 0 0 0 0 0 0 0 0 0 0 0 0 0 0 0 0 0 0 0 0 0 0 0 0 0 0 0 0 0 0 0 0 0 0 0 0 0 0 0 0 0 0 0 0 0 0 0 0 0 0 0 0 0 0 0 0 0 0 0 0 0 0 0 0 
0 0 0 0 0 0 0 0 0 0 0 0 0 0 0 0 0 0 0 0 0 0 0 0 0 0 0 0 0 0 0 0 0 0 0 0 0 168 169 169 169 169 169 170 170 170 170 170 170 170 170 170 170 170 171 171 171 171 171 171 171 171 171 171 171 172 172 172 172 172 172 172 172 172 172 172 173 173 173 173 173 173 173 173 173 173 173 174 174 174 174 174 174 174 174 174 174 175 175 175 175 175 175 175 175 175 175 175 176 176 176 176 176 176 176 176 176 176 176 176 176 176 177 177 177 177 177 177 177 177 177 177 177 177 177 177 177 177 177 177 177 177 177 177 177 177 177 177 177 177 177 177 177 177 177 177 177 177 177 177 177 177 177 177 177 177 177 177 177 177 177 177 177 177 177 177 177 177 177 177 177 177 177 177 177 177 177 177 177 177 177 177 177 177 177 177 177 177 177 177 177 177 177 177 177 177 177 177 177 177 176 176 176 176 176 176 176 176 176 176 176 176 176 176 176 176 176 176 176 176 176 176 176 176 175 175 175 175 175 175 175 175 176 176 176 176 176 176 175 175 175 175 175 175 175 175 175 175 175 175 175 175 175 175 175 174 174 174 174 174 174 174 174 174 174 174 174 174 174 174 173 173 173 173 173 0 0 0 0 0 0 0 0 0 0 0 0 0 0 0 0 0 0 0 0 0 0 0 0 0 0 0 0 0 0 0 0 0 0 0 0 0 0 0 0 0 0 0 0 0 0 0 0 0 0 0 0 0 0 0 0 0 0 0 0 0 0 0 0 0 0 0 0 0 0 0 0 0 0 0 0 0 0 0 0 0 0 0 0 0 0 0 0 0 0 0 0 0 0 0 0 0 0 0 0 0 0 0 0 0 0 0 0 0 0 0 0 0 0 0 0 0 0 0 0 0 0 0 0 0 0 0 0 0 0 0 0 0 0 0 0 0 0 0 0 0 0 0 0 0 0 0 0 0 0 0 0 0 0 0 0 0 0 0 0 0 0 0 0 0 0 0 0 0 0 0 0 0 0 0 0 0 0 0 0 0 0 0 0 0 0 0 0 0 0 0 0 0 0 0 0 0 0 0 0 0 0 0 0 0 0 0 0 0 0 0 0 0 0 0 0 0 0 
0 0 0 0 0 0 0 0 0 0 0 0 0 0 0 0 0 0 0 0 0 0 0 0 0 0 0 0 0 0 0 0 0 0 0 0 0 0 0 0 169 169 169 169 169 170 170 170 170 170 170 170 170 170 170 170 171 171 171 171 171 171 171 171 171 171 171 172 172 172 172 172 172 172 172 172 172 173 173 173 173 173 173 173 173 173 173 173 173 174 174 174 174 174 174 174 174 174 175 175 175 175 175 175 175 175 175 175 175 176 176 176 176 176 176 176 176 176 176 176 176 176 176 176 177 177 177 177 177 177 177 177 177 177 177 177 177 177 177 177 177 177 177 177 177 177 177 177 177 177 177 177 177 177 177 177 177 177 177 177 177 177 177 177 177 177 177 177 177 177 177 177 177 177 177 177 177 177 177 177 177 177 177 177 177 177 177 177 177 177 177 177 177 177 177 177 177 177 177 177 177 177 177 177 177 177 177 177 177 176 176 176 176 176 176 176 176 176 176 176 176 176 176 176 176 176 176 176 176 176 176 176 176 175 175 175 175 175 175 175 175 175 176 176 176 176 176 176 175 175 175 175 175 175 175 175 175 175 175 175 175 175 175 175 174 174 174 174 174 174 174 174 174 174 174 174 174 174 174 173 173 173 173 173 173 173 0 0 0 0 0 0 0 0 0 0 0 0 0 0 0 0 0 0 0 0 0 0 0 0 0 0 0 0 0 0 0 0 0 0 0 0 0 0 0 0 0 0 0 0 0 0 0 0 0 0 0 0 0 0 0 0 0 0 0 0 0 0 0 0 0 0 0 0 0 0 0 0 0 0 0 0 0 0 0 0 0 0 0 0 0 0 0 0 0 0 0 0 0 0 0 0 0 0 0 0 0 0 0 0 0 0 0 0 0 0 0 0 0 0 0 0 0 0 0 0 0 0 0 0 0 0 0 0 0 0 0 0 0 0 0 0 0 0 0 0 0 0 0 0 0 0 0 0 0 0 0 0 0 0 0 0 0 0 0 0 0 0 0 0 0 0 0 0 0 0 0 0 0 0 0 0 0 0 0 0 0 0 0 0 0 0 0 0 0 0 0 0 0 0 0 0 0 0 0 0 0 0 0 0 0 0 0 0 0 0 0 0 0 0 0 0 0 
0 0 0 0 0 0 0 0 0 0 0 0 0 0 0 0 0 0 0 0 0 0 0 0 0 0 0 0 0 0 0 0 0 0 0 0 0 0 0 0 0 0 0 169 169 169 169 170 170 170 170 170 170 170 170 170 170 171 171 171 171 171 171 171 171 171 171 171 172 172 172 172 172 172 172 172 172 172 173 173 173 173 173 173 173 173 173 173 173 173 174 174 174 174 174 174 174 174 174 175 175 175 175 175 175 175 175 175 175 175 176 176 176 176 176 176 176 176 176 176 176 176 176 176 176 176 177 177 177 177 177 177 177 177 177 177 177 177 177 177 177 177 177 177 177 177 177 177 177 177 177 177 177 177 177 177 177 177 177 177 177 177 177 177 177 177 177 177 177 177 177 177 177 177 176 176 177 177 177 177 177 177 177 177 177 177 177 177 177 177 177 177 177 177 177 177 177 177 177 177 177 177 177 177 177 177 177 176 176 176 176 176 176 176 176 176 176 176 176 176 176 176 176 176 176 176 176 176 176 176 176 176 175 175 175 175 175 175 175 175 175 175 176 176 176 176 176 175 175 175 175 175 175 175 175 175 175 175 175 175 175 175 175 174 174 174 174 174 174 174 174 174 174 174 174 174 174 174 173 173 173 173 173 173 173 173 173 0 0 0 0 0 0 0 0 0 0 0 0 0 0 0 0 0 0 0 0 0 0 0 0 0 0 0 0 0 0 0 0 0 0 0 0 0 0 0 0 0 0 0 0 0 0 0 0 0 0 0 0 0 0 0 0 0 0 0 0 0 0 0 0 0 0 0 0 0 0 0 0 0 0 0 0 0 0 0 0 0 0 0 0 0 0 0 0 0 0 0 0 0 0 0 0 0 0 0 0 0 0 0 0 0 0 0 0 0 0 0 0 0 0 0 0 0 0 0 0 0 0 0 0 0 0 0 0 0 0 0 0 0 0 0 0 0 0 0 0 0 0 0 0 0 0 0 0 0 0 0 0 0 0 0 0 0 0 0 0 0 0 0 0 0 0 0 0 0 0 0 0 0 0 0 0 0 0 0 0 0 0 0 0 0 0 0 0 0 0 0 0 0 0 0 0 0 0 0 0 0 0 0 0 0 0 0 0 0 0 0 0 0 0 0 0 
0 0 0 0 0 0 0 0 0 0 0 0 0 0 0 0 0 0 0 0 0 0 0 0 0 0 0 0 0 0 0 0 0 0 0 0 0 0 0 0 0 0 0 0 0 0 169 169 169 170 170 170 170 170 170 170 170 170 170 171 171 171 171 171 171 171 171 171 171 172 172 172 172 172 172 172 172 172 172 173 173 173 173 173 173 173 173 173 173 173 173 174 174 174 174 174 174 174 174 174 175 175 175 175 175 175 175 175 175 175 175 176 176 176 176 176 176 176 176 176 176 176 176 176 176 176 176 176 176 176 177 177 177 177 177 177 177 177 177 177 177 177 177 177 177 177 177 177 177 177 177 177 177 177 177 177 177 177 177 177 177 177 177 177 177 177 177 177 177 177 177 177 177 177 177 176 176 177 177 177 177 177 177 177 177 177 177 177 177 177 177 176 177 177 177 177 177 177 177 177 177 177 177 177 177 177 176 176 176 176 176 176 176 176 176 176 176 176 176 176 176 176 176 176 176 176 176 176 176 176 176 175 175 175 175 175 175 175 175 175 175 175 176 176 176 176 175 175 175 175 175 175 175 175 175 175 175 175 175 175 175 175 174 174 174 174 174 174 174 174 174 174 174 174 174 174 174 173 173 173 173 173 173 173 173 173 173 0 0 0 0 0 0 0 0 0 0 0 0 0 0 0 0 0 0 0 0 0 0 0 0 0 0 0 0 0 0 0 0 0 0 0 0 0 0 0 0 0 0 0 0 0 0 0 0 0 0 0 0 0 0 0 0 0 0 0 0 0 0 0 0 0 0 0 0 0 0 0 0 0 0 0 0 0 0 0 0 0 0 0 0 0 0 0 0 0 0 0 0 0 0 0 0 0 0 0 0 0 0 0 0 0 0 0 0 0 0 0 0 0 0 0 0 0 0 0 0 0 0 0 0 0 0 0 0 0 0 0 0 0 0 0 0 0 0 0 0 0 0 0 0 0 0 0 0 0 0 0 0 0 0 0 0 0 0 0 0 0 0 0 0 0 0 0 0 0 0 0 0 0 0 0 0 0 0 0 0 0 0 0 0 0 0 0 0 0 0 0 0 0 0 0 0 0 0 0 0 0 0 0 0 0 0 0 0 0 0 0 0 0 0 0 0 
0 0 0 0 0 0 0 0 0 0 0 0 0 0 0 0 0 0 0 0 0 0 0 0 0 0 0 0 0 0 0 0 0 0 0 0 0 0 0 0 0 0 0 0 0 0 0 0 0 169 169 170 170 170 170 170 170 170 170 170 170 171 171 171 171 171 171 171 171 171 172 172 172 172 172 172 172 172 172 172 172 173 173 173 173 173 173 173 173 173 173 173 174 174 174 174 174 174 174 174 174 175 175 175 175 175 175 175 175 175 175 175 175 176 176 176 176 176 176 176 176 176 176 176 176 176 176 176 176 176 176 176 176 177 177 177 177 177 177 177 177 177 177 177 177 177 177 177 177 177 177 177 177 177 177 177 177 177 177 177 177 177 177 177 177 177 177 177 177 177 177 177 177 177 177 177 176 176 176 177 177 177 177 177 177 177 177 177 177 177 177 177 177 177 177 177 177 177 177 177 177 177 177 177 176 176 176 176 176 176 176 176 176 176 176 176 176 176 176 176 176 176 176 176 176 176 176 176 176 176 175 175 175 175 175 175 175 175 175 175 175 175 176 176 176 175 175 175 175 175 175 175 175 175 175 175 175 175 175 175 175 175 174 174 174 174 174 174 174 174 174 174 174 174 174 174 173 173 173 173 173 173 173 173 173 173 173 173 0 0 0 0 0 0 0 0 0 0 0 0 0 0 0 0 0 0 0 0 0 0 0 0 0 0 0 0 0 0 0 0 0 0 0 0 0 0 0 0 0 0 0 0 0 0 0 0 0 0 0 0 0 0 0 0 0 0 0 0 0 0 0 0 0 0 0 0 0 0 0 0 0 0 0 0 0 0 0 0 0 0 0 0 0 0 0 0 0 0 0 0 0 0 0 0 0 0 0 0 0 0 0 0 0 0 0 0 0 0 0 0 0 0 0 0 0 0 0 0 0 0 0 0 0 0 0 0 0 0 0 0 0 0 0 0 0 0 0 0 0 0 0 0 0 0 0 0 0 0 0 0 0 0 0 0 0 0 0 0 0 0 0 0 0 0 0 0 0 0 0 0 0 0 0 0 0 0 0 0 0 0 0 0 0 0 0 0 0 0 0 0 0 0 0 0 0 0 0 0 0 0 0 0 0 0 0 0 0 0 0 0 0 0 0 
0 0 0 0 0 0 0 0 0 0 0 0 0 0 0 0 0 0 0 0 0 0 0 0 0 0 0 0 0 0 0 0 0 0 0 0 0 0 0 0 0 0 0 0 0 0 0 0 0 0 0 0 169 170 170 170 170 170 170 170 170 170 171 171 171 171 171 171 171 171 171 172 172 172 172 172 172 172 172 172 172 172 172 173 173 173 173 173 173 173 173 173 174 174 174 174 174 174 174 174 174 174 175 175 175 175 175 175 175 175 175 175 175 175 176 176 176 176 176 176 176 176 176 176 176 176 176 176 176 176 176 176 176 176 176 176 176 177 177 177 177 177 177 177 177 177 177 177 177 177 177 177 177 177 177 177 177 177 177 177 177 177 177 177 177 177 177 177 177 177 177 177 177 177 177 177 177 176 176 176 177 177 177 177 177 177 177 177 177 177 177 177 177 177 177 177 177 177 177 177 177 177 176 176 176 176 176 176 176 176 176 176 176 176 176 176 176 176 176 176 176 176 176 176 176 176 176 176 175 175 175 175 175 175 175 175 175 175 175 175 175 175 176 176 176 175 175 175 175 175 175 175 175 175 175 175 175 175 175 175 175 174 174 174 174 174 174 174 174 174 174 174 174 174 174 173 173 173 173 173 173 173 173 173 173 173 173 173 172 172 172 0 0 0 0 0 0 0 0 0 0 0 0 0 0 0 0 0 0 0 0 0 0 0 0 0 0 0 0 0 0 0 0 0 0 0 0 0 0 0 0 0 0 0 0 0 0 0 0 0 0 0 0 0 0 0 0 0 0 0 0 0 0 0 0 0 0 0 0 0 0 0 0 0 0 0 0 0 0 0 0 0 0 0 0 0 0 0 0 0 0 0 0 0 0 0 0 0 0 0 0 0 0 0 0 0 0 0 0 0 0 0 0 0 0 0 0 0 0 0 0 0 0 0 0 0 0 0 0 0 0 0 0 0 0 0 0 0 0 0 0 0 0 0 0 0 0 0 0 0 0 0 0 0 0 0 0 0 0 0 0 0 0 0 0 0 0 0 0 0 0 0 0 0 0 0 0 0 0 0 0 0 0 0 0 0 0 0 0 0 0 0 0 0 0 0 0 0 0 0 0 0 0 0 0 0 0 0 0 0 0 0 0 
0 0 0 0 0 0 0 0 0 0 0 0 0 0 0 0 0 0 0 0 0 0 0 0 0 0 0 0 0 0 0 0 0 0 0 0 0 0 0 0 0 0 0 0 0 0 0 0 0 0 0 0 0 0 0 0 170 170 170 170 170 170 170 170 171 171 171 171 171 171 171 171 171 171 171 172 172 172 172 172 172 172 172 172 172 173 173 173 173 173 173 173 174 174 174 174 174 174 174 174 174 174 174 174 175 175 175 175 175 175 175 175 175 175 175 176 176 176 176 176 176 176 176 176 176 176 176 176 176 176 176 176 176 176 176 176 176 176 176 176 177 176 177 177 177 177 177 177 177 177 177 177 177 177 177 177 177 177 177 177 177 177 176 177 177 177 177 177 177 177 177 177 177 177 177 177 177 177 176 176 176 177 177 177 177 177 177 177 177 176 176 176 177 177 177 177 177 177 177 177 177 176 176 176 176 176 176 176 176 176 176 176 176 176 176 176 176 176 176 176 176 176 176 176 176 176 176 175 175 175 175 175 175 175 175 175 175 175 175 175 175 175 176 176 175 175 175 175 175 175 175 175 175 175 175 175 175 175 175 175 174 174 174 174 174 174 174 174 174 174 174 174 174 174 173 173 173 173 173 173 173 173 173 173 173 173 173 172 172 172 172 172 172 0 0 0 172 172 172 172 172 0 0 0 0 0 0 0 0 0 0 0 0 0 0 0 0 0 0 0 0 0 0 0 0 0 0 0 0 0 0 0 0 0 0 0 0 0 0 0 0 0 0 0 0 0 0 0 0 0 0 0 0 0 0 0 0 0 0 0 0 0 0 0 0 0 0 0 0 0 0 0 0 0 0 0 0 0 0 0 0 0 0 0 0 0 0 0 0 0 0 0 0 0 0 0 0 0 0 0 0 0 0 0 0 0 0 0 0 0 0 0 0 0 0 0 0 0 0 0 0 0 0 0 0 0 0 0 0 0 0 0 0 0 0 0 0 0 0 0 0 0 0 0 0 0 0 0 0 0 0 0 0 0 0 0 0 0 0 0 0 0 0 0 0 0 0 0 0 0 0 0 0 0 0 0 0 0 0 0 0 0 0 0 0 0 0 0 0 0 0 0 0 0 0 0 0 0 0 0 0 0 0 
0 0 0 0 0 0 0 0 0 0 0 0 0 0 0 0 0 0 0 0 0 0 0 0 0 0 0 0 0 0 0 0 0 0 0 0 0 0 0 0 0 0 0 0 0 0 0 0 0 0 0 0 0 0 0 0 0 0 0 0 0 0 0 0 0 0 0 0 0 0 0 0 0 171 171 171 172 172 172 172 172 172 172 172 172 172 172 173 173 173 173 173 173 173 173 174 174 174 174 174 174 174 174 174 174 174 175 175 175 175 175 175 175 175 175 175 175 175 175 175 175 175 175 175 176 176 176 176 176 176 176 176 176 176 176 176 176 176 176 176 176 176 176 176 177 177 177 177 177 177 177 177 177 177 177 177 177 177 177 177 177 177 176 176 176 176 176 176 177 177 177 177 177 177 177 177 177 176 176 176 176 176 177 177 177 177 177 176 176 176 176 176 177 177 177 177 177 177 177 177 176 176 176 176 176 176 176 176 176 176 176 176 176 176 176 176 176 176 176 176 176 176 176 176 176 176 175 175 175 175 175 175 175 175 175 175 175 175 175 175 175 175 176 175 175 175 175 175 175 175 175 175 175 175 175 175 175 175 175 174 174 174 174 174 174 174 174 174 174 174 174 174 174 174 173 173 173 173 173 173 173 173 173 173 173 173 172 172 172 172 172 172 172 172 172 172 172 172 172 172 171 171 171 171 0 0 0 0 0 0 0 0 0 0 0 0 0 0 0 0 0 0 0 0 0 0 0 0 0 0 0 0 0 0 0 0 0 0 0 0 0 0 0 0 0 0 0 0 0 0 0 0 0 0 0 0 0 0 0 0 0 0 0 0 0 0 0 0 0 0 0 0 0 0 0 0 0 0 0 0 0 0 0 0 0 0 0 0 0 0 0 0 0 0 0 0 0 0 0 0 0 0 0 0 0 0 0 0 0 0 0 0 0 0 0 0 0 0 0 0 0 0 0 0 0 0 0 0 0 0 0 0 0 0 0 0 0 0 0 0 0 0 0 0 0 0 0 0 0 0 0 0 0 0 0 0 0 0 0 0 0 0 0 0 0 0 0 0 0 0 0 0 0 0 0 0 0 0 0 0 0 0 0 0 0 0 0 0 0 0 0 0 0 0 0 0 0 0 0 0 0 0 0 
0 0 0 0 0 0 0 0 0 0 0 0 0 0 0 0 0 0 0 0 0 0 0 0 0 0 0 0 0 0 0 0 0 0 0 0 0 0 0 0 0 0 0 0 0 0 0 0 0 0 0 0 0 0 0 0 0 0 0 0 0 0 0 0 0 0 0 0 0 0 0 0 0 171 171 171 171 172 172 172 172 172 172 172 172 172 172 172 172 173 173 173 173 173 173 173 173 173 173 174 174 174 174 174 174 174 174 174 175 175 175 175 175 175 175 175 175 175 175 175 175 175 175 175 176 176 176 176 176 176 176 176 176 176 176 176 176 176 176 176 176 176 176 176 176 176 177 177 177 177 177 177 177 177 177 177 177 177 177 177 177 177 177 177 176 176 176 176 176 176 176 176 176 176 177 177 176 176 176 176 176 176 176 177 176 176 176 176 176 176 176 176 177 177 177 177 177 177 176 176 176 176 176 176 176 176 176 176 176 176 176 176 176 176 176 176 176 176 176 176 176 176 176 176 176 175 175 175 175 175 175 175 175 175 175 175 175 175 175 175 175 175 175 175 175 175 175 175 175 175 175 175 175 175 175 175 175 175 174 174 174 174 174 174 174 174 174 174 174 174 174 174 174 173 173 173 173 173 173 173 173 173 173 173 173 172 172 172 172 172 172 172 172 172 172 172 172 172 172 171 171 171 171 171 171 171 171 171 0 0 170 0 0 0 0 0 0 0 0 0 0 0 0 0 0 0 0 0 0 0 0 0 0 0 0 0 0 0 0 0 0 0 0 0 0 0 0 0 0 0 0 0 0 0 0 0 0 0 0 0 0 0 0 0 0 0 0 0 0 0 0 0 0 0 0 0 0 0 0 0 0 0 0 0 0 0 0 0 0 0 0 0 0 0 0 0 0 0 0 0 0 0 0 0 0 0 0 0 0 0 0 0 0 0 0 0 0 0 0 0 0 0 0 0 0 0 0 0 0 0 0 0 0 0 0 0 0 0 0 0 0 0 0 0 0 0 0 0 0 0 0 0 0 0 0 0 0 0 0 0 0 0 0 0 0 0 0 0 0 0 0 0 0 0 0 0 0 0 0 0 0 0 0 0 0 0 0 0 0 0 0 0 0 0 0 0 0 0 0 0 0 0 0 
0 0 0 0 0 0 0 0 0 0 0 0 0 0 0 0 0 0 0 0 0 0 0 0 0 0 0 0 0 0 0 0 0 0 0 0 0 0 0 0 0 0 0 0 0 0 0 0 0 0 0 0 0 0 0 0 0 0 0 0 0 0 0 0 0 0 0 0 0 0 0 0 0 0 171 171 171 171 172 172 172 172 172 172 172 172 172 172 172 172 172 173 173 173 173 173 173 173 173 173 174 174 174 174 174 174 174 174 174 174 174 174 174 174 174 174 175 175 175 175 175 175 175 175 175 175 176 176 176 176 176 175 175 176 176 176 176 176 176 176 176 176 176 176 176 176 176 176 176 176 176 177 177 177 177 177 177 177 177 177 177 177 177 177 177 176 176 176 176 176 176 176 176 176 176 176 176 176 176 176 176 176 176 176 176 176 176 176 176 176 176 176 177 177 177 177 176 176 176 176 176 176 176 176 176 176 176 176 176 176 176 176 176 176 176 176 176 176 176 176 176 176 176 176 175 175 175 175 175 175 175 175 175 175 175 175 175 175 175 175 175 175 175 175 175 175 175 175 175 175 175 175 175 175 175 175 175 175 174 174 174 174 174 174 174 174 174 174 174 174 174 174 173 173 173 173 173 173 173 173 173 173 173 173 172 172 172 172 172 172 172 172 172 172 172 172 172 172 171 171 171 171 171 171 171 171 171 171 171 171 170 170 170 170 0 0 0 0 0 0 0 0 0 0 0 0 0 0 0 0 0 0 0 0 0 0 0 0 0 0 0 0 0 0 0 0 0 0 0 0 0 0 0 0 0 0 0 0 0 0 0 0 0 0 0 0 0 0 0 0 0 0 0 0 0 0 0 0 0 0 0 0 0 0 0 0 0 0 0 0 0 0 0 0 0 0 0 0 0 0 0 0 0 0 0 0 0 0 0 0 0 0 0 0 0 0 0 0 0 0 0 0 0 0 0 0 0 0 0 0 0 0 0 0 0 0 0 0 0 0 0 0 0 0 0 0 0 0 0 0 0 0 0 0 0 0 0 0 0 0 0 0 0 0 0 0 0 0 0 0 0 0 0 0 0 0 0 0 0 0 0 0 0 0 0 0 0 0 0 0 0 0 0 0 0 0 0 0 0 0 0 0 0 
0 0 0 0 0 0 0 0 0 0 0 0 0 0 0 0 0 0 0 0 0 0 0 0 0 0 0 0 0 0 0 0 0 0 0 0 0 0 0 0 0 0 0 0 0 0 0 0 0 0 0 0 0 0 0 0 169 169 170 170 0 0 0 0 0 0 0 0 0 0 0 0 0 0 0 171 171 171 171 172 172 172 172 172 172 172 172 172 172 172 172 172 173 173 173 173 173 173 173 173 174 174 174 174 174 174 174 174 174 174 174 174 174 174 174 175 175 175 175 175 175 175 175 175 175 176 176 175 175 176 176 175 176 175 175 176 176 176 176 176 176 176 176 176 176 176 176 176 176 176 176 176 176 176 176 176 176 176 176 176 176 176 176 176 176 176 176 176 176 176 176 176 176 176 176 176 176 176 176 176 176 176 176 176 176 176 176 176 176 176 176 176 177 177 177 176 176 176 176 176 176 176 176 176 176 176 176 176 176 176 176 176 176 176 176 176 176 176 176 176 176 176 176 175 175 175 175 175 175 175 175 175 175 175 175 175 175 175 175 175 175 175 175 175 175 175 175 175 175 175 175 175 175 175 175 175 175 174 174 174 174 174 174 174 174 174 174 174 174 174 174 173 173 173 173 173 173 173 173 173 173 173 173 173 172 172 172 172 172 172 172 172 172 172 172 172 172 171 171 171 171 171 171 171 171 171 171 171 171 170 170 170 170 170 0 0 0 0 0 0 0 0 0 0 0 0 0 0 0 0 0 0 0 0 0 0 0 0 0 0 0 0 0 0 0 0 0 0 0 0 0 0 0 0 0 0 0 0 0 0 0 0 0 0 0 0 0 0 0 0 0 0 0 0 0 0 0 0 0 0 0 0 0 0 0 0 0 0 0 0 0 0 0 0 0 0 0 0 0 0 0 0 0 0 0 0 0 0 0 0 0 0 0 0 0 0 0 0 0 0 0 0 0 0 0 0 0 0 0 0 0 0 0 0 0 0 0 0 0 0 0 0 0 0 0 0 0 0 0 0 0 0 0 0 0 0 0 0 0 0 0 0 0 0 0 0 0 0 0 0 0 0 0 0 0 0 0 0 0 0 0 0 0 0 0 0 0 0 0 0 0 0 0 0 0 0 0 0 0 0 0 0 0 
0 0 0 0 0 0 0 0 0 0 0 0 0 0 0 0 0 0 0 0 0 0 0 0 0 0 0 0 0 0 0 0 0 0 0 0 0 0 0 0 0 0 168 168 168 168 0 0 0 0 0 0 0 0 0 0 0 169 170 170 170 0 0 0 0 0 0 0 0 0 0 0 0 0 0 0 171 171 171 171 172 172 172 172 172 172 172 172 172 172 172 172 173 173 173 173 173 173 173 173 173 174 173 174 174 173 174 174 174 174 174 174 174 175 174 175 175 174 175 175 175 175 175 175 175 175 175 175 175 175 175 175 176 175 175 175 175 176 176 176 176 176 176 176 176 176 176 176 176 176 176 176 176 176 176 176 176 176 176 176 176 176 176 176 176 176 176 176 176 176 176 176 176 176 176 176 176 176 176 176 176 176 176 176 176 176 176 176 176 176 176 176 176 176 176 176 176 176 176 176 176 176 176 176 176 176 176 176 176 176 176 176 176 176 176 176 176 176 176 176 176 176 175 175 175 175 175 175 175 175 175 175 175 175 175 175 175 175 175 175 175 174 175 175 175 175 175 175 175 175 175 175 175 175 175 175 174 174 174 174 174 174 174 174 174 174 174 174 174 174 173 173 173 173 173 173 173 173 173 173 173 173 173 172 172 172 172 172 172 172 172 172 172 172 172 172 171 171 171 171 171 171 171 171 171 171 171 171 170 170 170 170 170 170 170 170 170 170 0 0 0 0 0 0 0 0 0 0 0 0 0 0 0 0 0 0 0 0 0 0 0 0 0 0 0 0 0 0 0 0 0 0 0 0 0 0 0 0 0 0 0 0 0 0 0 0 0 0 0 0 0 0 0 0 0 0 0 0 0 0 0 0 0 0 0 0 0 0 0 0 0 0 0 0 0 0 0 0 0 0 0 0 0 0 0 0 0 0 0 0 0 0 0 0 0 0 0 0 0 0 0 0 0 0 0 0 0 0 0 0 0 0 0 0 0 0 0 0 0 0 0 0 0 0 0 0 0 0 0 0 0 0 0 0 0 0 0 0 0 0 0 0 0 0 0 0 0 0 0 0 0 0 0 0 0 0 0 0 0 0 0 0 0 0 0 0 0 0 0 0 0 0 0 0 0 0 0 0 0 0 0 0 0 
0 0 0 0 0 0 0 0 0 0 0 0 0 0 0 0 0 0 0 0 0 0 0 0 0 0 0 0 0 0 0 0 0 0 0 0 0 0 0 0 0 0 0 168 168 168 168 169 0 0 0 0 0 0 0 0 169 169 169 170 170 170 0 0 0 0 0 0 0 0 0 0 0 171 171 171 171 171 171 171 171 171 172 172 172 172 172 172 172 172 172 172 173 173 173 173 173 173 173 173 174 174 174 174 174 174 174 174 174 174 174 174 174 174 174 175 175 174 174 175 175 175 175 175 175 175 175 175 175 175 175 175 175 175 175 175 175 175 175 176 176 176 176 176 176 176 176 176 176 176 176 176 176 176 176 176 176 176 176 176 176 176 176 176 176 176 176 176 176 176 176 176 176 176 176 176 176 176 176 176 176 176 176 176 176 176 176 176 176 176 176 176 176 176 176 176 176 176 176 176 176 176 176 176 176 176 176 176 176 176 176 176 176 176 176 176 176 176 176 176 176 175 175 175 175 175 175 175 175 175 175 175 175 175 175 175 175 175 175 175 174 174 175 175 175 175 175 175 175 175 175 175 175 175 175 174 174 174 174 174 174 174 174 174 174 174 174 174 174 174 173 173 173 173 173 173 173 173 173 173 173 173 172 172 172 172 172 172 172 172 172 172 172 172 172 172 171 171 171 171 171 171 171 171 171 171 171 170 170 170 170 170 170 170 170 170 170 170 170 169 0 0 0 0 0 0 0 0 0 0 0 0 0 0 0 0 0 0 0 0 0 0 0 0 0 0 0 0 0 0 0 0 0 0 0 0 0 0 0 0 0 0 0 0 0 0 0 0 0 0 0 0 0 0 0 0 0 0 0 0 0 0 0 0 0 0 0 0 0 0 0 0 0 0 0 0 0 0 0 0 0 0 0 0 0 0 0 0 0 0 0 0 0 0 0 0 0 0 0 0 0 0 0 0 0 0 0 0 0 0 0 0 0 0 0 0 0 0 0 0 0 0 0 0 0 0 0 0 0 0 0 0 0 0 0 0 0 0 0 0 0 0 0 0 0 0 0 0 0 0 0 0 0 0 0 0 0 0 0 0 0 0 0 0 0 0 0 0 0 0 0 0 0 0 0 0 0 0 0 0 0 0 0 
0 0 0 0 0 0 0 0 0 0 0 0 0 0 0 0 0 0 0 0 0 0 0 0 0 0 0 0 0 0 0 0 0 0 0 0 0 0 0 0 0 0 0 0 0 168 168 168 168 169 0 169 0 0 0 0 0 169 169 169 170 170 0 0 170 0 0 0 0 0 0 0 0 0 171 171 171 171 171 171 172 172 172 172 172 172 172 172 172 172 172 172 172 173 173 173 173 173 173 173 173 174 174 173 174 174 174 174 173 174 174 174 174 174 174 175 175 174 174 175 175 175 175 175 175 175 175 175 175 175 175 175 175 175 175 175 175 175 175 175 175 175 176 176 176 176 176 176 176 176 176 176 176 176 176 176 176 176 176 176 176 176 176 176 176 176 176 176 176 176 176 176 176 176 176 176 176 176 176 176 176 176 176 176 176 176 176 176 176 176 176 176 176 176 176 176 176 176 176 176 176 176 176 176 176 176 176 176 176 176 176 176 176 176 176 176 176 176 176 175 175 175 175 175 175 175 175 175 175 175 175 175 175 175 175 175 175 175 175 175 174 174 175 175 175 175 175 175 175 175 175 175 175 175 174 174 174 174 174 174 174 174 174 174 174 174 174 174 174 173 173 173 173 173 173 173 173 173 173 173 173 173 172 172 172 172 172 172 172 172 172 172 172 172 172 171 171 171 171 171 171 171 171 171 171 171 170 170 170 170 170 170 170 170 170 170 169 169 169 169 169 0 0 0 0 0 0 0 0 0 0 0 0 0 0 0 0 0 0 0 0 0 0 0 0 0 0 0 0 0 0 0 0 0 0 0 0 0 0 0 0 0 0 0 0 0 0 0 0 0 0 0 0 0 0 0 0 0 0 0 0 0 0 0 0 0 0 0 0 0 0 0 0 0 0 0 0 0 0 0 0 0 0 0 0 0 0 0 0 0 0 0 0 0 0 0 0 0 0 0 0 0 0 0 0 0 0 0 0 0 0 0 0 0 0 0 0 0 0 0 0 0 0 0 0 0 0 0 0 0 0 0 0 0 0 0 0 0 0 0 0 0 0 0 0 0 0 0 0 0 0 0 0 0 0 0 0 0 0 0 0 0 0 0 0 0 0 0 0 0 0 0 0 0 0 0 0 0 0 0 0 0 0 
0 0 0 0 0 0 0 0 0 0 0 0 0 0 0 0 0 0 0 0 0 0 0 0 0 0 0 0 0 0 0 0 0 0 0 0 0 0 0 0 0 0 0 0 0 168 168 168 168 168 168 168 168 169 169 169 169 169 169 169 169 170 170 170 170 170 0 170 170 0 0 0 0 0 171 171 171 171 171 171 171 171 171 172 172 172 172 172 172 172 172 172 172 173 173 173 173 173 173 173 173 173 173 173 173 174 174 174 173 174 174 174 174 174 174 175 175 174 174 175 175 175 174 175 175 175 175 175 175 175 175 175 175 175 175 175 175 175 175 175 175 175 175 175 175 175 175 176 176 176 176 176 176 176 176 176 176 176 176 176 176 176 176 176 176 176 176 176 176 176 176 176 176 176 176 176 176 176 176 176 176 176 176 176 176 176 176 176 176 176 176 176 176 176 176 176 176 176 176 176 176 176 176 176 176 176 176 176 176 176 176 176 176 176 176 176 176 176 176 176 175 175 175 175 175 175 175 175 175 175 175 175 175 175 175 175 175 175 175 175 174 174 175 175 175 175 175 175 175 175 175 175 175 174 174 174 174 174 174 174 174 174 174 174 174 174 174 174 173 173 173 173 173 173 173 173 173 173 173 173 173 172 172 172 172 172 172 172 172 172 172 172 172 172 171 171 171 171 171 171 171 171 171 171 171 170 170 170 170 170 170 170 170 170 169 169 169 169 169 169 169 169 169 169 0 0 0 0 0 0 0 0 0 0 0 0 0 0 0 0 0 0 0 0 0 0 0 0 0 0 0 0 0 0 0 0 0 0 0 0 0 0 0 0 0 0 0 0 0 0 0 0 0 0 0 0 0 0 0 0 0 0 0 0 0 0 0 0 0 0 0 0 0 0 0 0 0 0 0 0 0 0 0 0 0 0 0 0 0 0 0 0 0 0 0 0 0 0 0 0 0 0 0 0 0 0 0 0 0 0 0 0 0 0 0 0 0 0 0 0 0 0 0 0 0 0 0 0 0 0 0 0 0 0 0 0 0 0 0 0 0 0 0 0 0 0 0 0 0 0 0 0 0 0 0 0 0 0 0 0 0 0 0 0 0 0 0 0 0 0 0 0 0 0 0 0 0 0 0 0 0 0 0 
0 0 0 0 0 0 0 0 0 0 0 0 0 0 0 0 0 0 0 0 0 0 0 0 0 0 0 0 0 0 0 0 0 0 0 0 0 0 0 0 0 0 0 0 167 167 168 168 168 168 168 168 168 168 169 169 169 169 169 169 169 169 169 169 169 170 170 170 170 170 170 170 170 170 170 170 170 171 171 171 171 171 171 171 171 172 172 172 172 172 172 172 172 172 173 172 173 173 173 173 173 173 173 173 173 174 174 174 174 174 174 174 174 175 175 175 175 175 175 175 175 175 175 175 175 175 175 175 175 175 175 175 175 175 175 175 175 176 175 176 176 176 176 176 176 176 176 176 176 176 176 176 176 176 176 176 176 176 176 176 176 176 176 176 176 176 176 176 176 176 176 176 176 176 176 176 176 176 176 176 176 176 176 176 176 176 176 176 176 176 176 176 176 176 176 176 176 176 176 176 176 176 176 176 176 176 176 176 176 176 176 176 176 176 176 176 176 176 175 175 175 175 175 175 175 175 175 175 175 175 175 175 175 175 175 175 175 175 175 175 174 174 175 175 175 175 175 175 175 175 175 175 174 174 174 174 174 174 174 174 174 174 174 174 174 174 174 173 173 173 173 173 173 173 173 173 173 173 173 173 172 172 172 172 172 172 172 172 172 172 172 172 172 171 171 171 171 171 171 171 171 171 171 170 170 170 170 170 170 170 170 169 169 169 169 169 169 169 169 169 169 169 169 169 169 0 0 0 0 0 0 0 0 0 0 0 0 0 0 0 0 0 0 0 0 0 0 0 0 0 0 0 0 0 0 0 0 0 0 0 0 0 0 0 0 0 0 0 0 0 0 0 0 0 0 0 0 0 0 0 0 0 0 0 0 0 0 0 0 0 0 0 0 0 0 0 0 0 0 0 0 0 0 0 0 0 0 0 0 0 0 0 0 0 0 0 0 0 0 0 0 0 0 0 0 0 0 0 0 0 0 0 0 0 0 0 0 0 0 0 0 0 0 0 0 0 0 0 0 0 0 0 0 0 0 0 0 0 0 0 0 0 0 0 0 0 0 0 0 0 0 0 0 0 0 0 0 0 0 0 0 0 0 0 0 0 0 0 0 0 0 0 0 0 0 0 0 0 0 0 0 0 0 
0 0 0 0 0 0 0 0 0 0 0 0 0 0 0 0 0 0 0 0 0 0 0 0 0 0 0 0 0 0 0 0 0 0 0 0 0 0 0 0 0 0 0 167 167 167 167 168 168 168 168 168 168 168 168 168 168 168 169 169 169 169 169 169 169 170 170 170 170 170 170 170 170 170 170 170 170 170 171 171 171 171 171 172 172 171 172 172 172 172 172 172 172 172 172 173 173 173 173 173 173 173 173 173 174 174 174 174 174 174 174 174 174 174 174 174 174 175 175 175 175 175 175 175 175 175 175 175 175 175 175 175 175 175 175 175 176 176 176 175 176 175 176 176 176 176 176 176 176 176 176 176 176 176 176 176 176 176 176 176 176 176 176 176 176 176 176 176 176 176 176 176 176 176 176 176 176 176 176 176 176 176 176 176 176 176 176 176 176 176 176 176 176 176 176 176 176 176 176 176 176 176 176 176 176 176 176 176 176 176 176 176 176 176 176 176 176 175 175 175 175 175 175 175 175 175 175 175 175 175 175 175 175 175 175 175 175 175 175 175 174 174 175 175 175 175 175 175 175 174 174 174 174 174 174 174 174 174 174 174 174 174 174 174 174 174 173 173 173 173 173 173 173 173 173 173 173 173 173 172 172 172 172 172 172 172 172 172 172 172 172 171 172 171 171 171 171 171 171 171 171 171 170 170 170 169 169 169 169 169 169 169 169 169 169 169 169 169 169 169 169 169 169 169 168 0 0 0 0 0 0 0 0 0 0 0 0 0 0 0 0 0 0 0 0 0 0 0 0 0 0 0 0 0 0 0 0 0 0 0 0 0 0 0 0 0 0 0 0 0 0 0 0 0 0 0 0 0 0 0 0 0 0 0 0 0 0 0 0 0 0 0 0 0 0 0 0 0 0 0 0 0 0 0 0 0 0 0 0 0 0 0 0 0 0 0 0 0 0 0 0 0 0 0 0 0 0 0 0 0 0 0 0 0 0 0 0 0 0 0 0 0 0 0 0 0 0 0 0 0 0 0 0 0 0 0 0 0 0 0 0 0 0 0 0 0 0 0 0 0 0 0 0 0 0 0 0 0 0 0 0 0 0 0 0 0 0 0 0 0 0 0 0 0 0 0 0 0 0 0 0 0 0 
0 0 0 0 0 0 0 0 0 0 0 0 0 0 0 0 0 0 0 0 0 0 0 0 0 0 0 0 0 0 0 0 0 0 0 0 0 0 0 0 0 167 167 167 167 167 167 167 168 168 168 168 168 168 168 168 168 168 169 169 169 169 169 169 169 169 170 170 170 170 170 170 170 170 170 170 170 171 171 171 171 171 171 171 172 172 172 172 172 172 172 172 172 172 172 172 173 173 173 173 173 173 173 173 173 174 174 174 174 174 174 174 174 174 174 174 174 174 174 174 175 175 175 175 175 175 175 175 175 175 175 175 175 175 175 175 175 175 175 175 176 176 176 176 176 176 176 176 176 176 176 176 176 176 176 176 176 176 176 176 176 176 176 176 176 176 176 176 176 176 176 176 176 176 176 176 176 176 176 176 176 176 176 176 176 176 176 176 176 176 176 176 176 176 176 176 176 176 176 176 176 176 176 176 176 176 176 176 176 176 176 176 176 176 176 176 176 175 175 175 175 175 175 175 175 175 175 175 175 175 175 175 175 175 175 175 175 175 175 175 174 174 175 175 175 175 175 175 174 174 174 174 174 174 174 174 174 174 174 174 174 174 174 174 174 173 173 173 173 173 173 173 173 173 173 173 173 173 172 172 172 172 172 172 172 172 172 172 172 172 171 171 171 171 171 171 171 171 171 171 170 170 170 170 170 170 170 170 169 169 169 169 169 169 169 169 169 169 169 169 168 168 168 168 168 0 0 0 0 0 0 0 0 0 0 0 0 0 0 0 0 0 0 0 0 0 0 0 0 0 0 0 0 0 0 0 0 0 0 0 0 0 0 0 0 0 0 0 0 0 0 0 0 0 0 0 0 0 0 0 0 0 0 0 0 0 0 0 0 0 0 0 0 0 0 0 0 0 0 0 0 0 0 0 0 0 0 0 0 0 0 0 0 0 0 0 0 0 0 0 0 0 0 0 0 0 0 0 0 0 0 0 0 0 0 0 0 0 0 0 0 0 0 0 0 0 0 0 0 0 0 0 0 0 0 0 0 0 0 0 0 0 0 0 0 0 0 0 0 0 0 0 0 0 0 0 0 0 0 0 0 0 0 0 0 0 0 0 0 0 0 0 0 0 0 0 0 0 0 0 0 0 0 
0 0 0 0 0 0 0 0 0 0 0 0 0 0 0 0 0 0 0 0 0 0 0 0 0 0 0 0 0 0 0 0 165 166 166 166 0 0 0 0 166 166 167 167 167 167 167 167 167 168 168 168 168 168 168 168 168 168 169 169 169 169 169 169 169 169 169 169 169 169 170 170 170 170 170 170 170 170 170 170 171 171 171 171 171 171 171 172 172 172 172 172 172 172 173 173 173 173 173 173 173 173 173 173 173 174 173 173 174 174 174 174 174 174 174 174 173 174 174 174 174 174 174 174 174 174 174 175 175 175 175 175 175 175 175 175 175 175 175 175 175 175 175 175 176 176 176 175 176 176 176 176 176 176 176 176 176 176 176 176 176 176 176 176 176 176 176 176 176 176 176 176 176 176 176 176 176 176 176 176 176 176 176 176 176 176 176 176 176 176 176 176 176 176 176 176 176 176 176 176 176 176 176 176 176 176 176 176 176 176 176 176 176 176 176 176 175 175 175 175 175 175 175 175 175 175 175 175 175 175 175 175 175 175 175 175 175 175 175 175 174 174 175 175 175 175 175 175 174 174 174 174 174 174 174 174 174 174 174 174 174 174 174 174 174 173 173 173 173 173 173 173 173 173 173 173 173 172 172 172 172 172 172 172 172 172 172 172 172 171 171 171 171 171 171 171 171 171 171 170 170 170 170 170 170 171 171 170 170 170 170 170 170 169 169 169 169 169 169 168 168 168 168 168 168 0 0 0 0 0 0 0 0 0 0 0 0 0 0 0 0 0 0 0 0 0 0 0 0 0 0 0 0 0 0 0 0 0 0 0 0 0 0 0 0 0 0 0 0 0 0 0 0 0 0 0 0 0 0 0 0 0 0 0 0 0 0 0 0 0 0 0 0 0 0 0 0 0 0 0 0 0 0 0 0 0 0 0 0 0 0 0 0 0 0 0 0 0 0 0 0 0 0 0 0 0 0 0 0 0 0 0 0 0 0 0 0 0 0 0 0 0 0 0 0 0 0 0 0 0 0 0 0 0 0 0 0 0 0 0 0 0 0 0 0 0 0 0 0 0 0 0 0 0 0 0 0 0 0 0 0 0 0 0 0 0 0 0 0 0 0 0 0 0 0 0 0 0 0 0 0 0 0 
0 0 0 0 0 0 0 0 0 0 0 0 0 0 0 0 0 0 0 0 0 0 0 0 0 0 0 0 0 0 0 0 165 165 166 166 166 166 166 166 166 166 167 167 167 167 167 167 167 167 168 168 168 168 168 168 168 168 168 169 169 169 169 169 169 169 169 169 169 169 170 170 170 170 170 170 170 170 170 170 170 171 171 171 171 171 171 171 171 172 171 172 172 172 172 172 172 172 172 172 173 173 173 173 173 173 173 173 173 173 174 173 173 174 174 174 173 174 174 174 174 174 174 174 174 174 174 174 174 175 175 175 175 175 175 175 175 175 175 175 175 175 175 175 175 175 175 175 175 176 176 176 176 176 176 176 176 176 176 176 176 176 176 176 176 176 176 176 176 176 176 176 176 176 176 176 176 176 176 176 176 176 176 176 176 176 176 176 176 176 176 176 176 176 176 176 176 176 176 176 176 176 176 176 176 176 176 176 176 176 176 176 176 176 176 175 175 175 175 175 175 175 175 175 175 175 175 175 175 175 175 175 175 175 175 175 175 175 175 174 174 174 175 175 175 175 175 175 174 174 174 174 174 174 174 174 174 174 174 174 174 174 174 174 173 173 173 173 173 173 173 173 173 173 173 173 172 172 172 172 172 172 172 172 172 172 172 172 171 171 171 171 171 171 171 171 171 171 171 170 170 170 170 170 170 170 170 170 170 170 170 170 170 169 169 169 169 169 169 169 169 169 0 0 0 0 0 0 0 0 0 0 0 0 0 0 0 0 0 0 0 0 0 0 0 0 0 0 0 0 0 0 0 0 0 0 0 0 0 0 0 0 0 0 0 0 0 0 0 0 0 0 0 0 0 0 0 0 0 0 0 0 0 0 0 0 0 0 0 0 0 0 0 0 0 0 0 0 0 0 0 0 0 0 0 0 0 0 0 0 0 0 0 0 0 0 0 0 0 0 0 0 0 0 0 0 0 0 0 0 0 0 0 0 0 0 0 0 0 0 0 0 0 0 0 0 0 0 0 0 0 0 0 0 0 0 0 0 0 0 0 0 0 0 0 0 0 0 0 0 0 0 0 0 0 0 0 0 0 0 0 0 0 0 0 0 0 0 0 0 0 0 0 0 0 0 0 0 0 0 0 0 0 
0 0 0 0 0 0 0 0 0 0 0 0 0 0 0 0 0 0 0 0 0 0 0 0 0 0 0 0 0 0 0 165 165 165 165 165 166 166 166 166 166 166 167 167 167 167 167 167 167 167 167 167 168 168 168 168 168 168 168 168 168 168 169 169 169 169 169 169 169 169 169 169 170 170 170 170 170 170 170 170 170 170 170 170 171 171 171 171 171 171 171 171 172 172 172 172 172 172 172 172 172 172 172 172 172 173 173 173 173 173 173 174 173 173 174 173 173 174 174 174 174 174 174 174 174 174 174 175 175 174 175 175 175 175 175 175 175 175 175 175 175 175 175 175 175 175 175 175 175 175 176 176 176 176 176 176 176 176 176 176 176 176 176 176 176 176 176 176 176 176 176 176 176 176 176 176 176 176 176 176 176 176 176 176 176 176 176 176 176 176 176 176 176 176 176 176 176 176 176 176 176 176 176 176 176 176 176 176 176 176 176 176 176 176 176 175 175 175 175 175 175 175 175 175 175 175 175 175 175 175 175 175 175 175 175 175 175 175 174 174 174 174 175 175 175 175 175 175 174 174 174 174 174 174 174 174 174 174 174 174 174 174 174 173 173 173 173 173 173 173 173 173 173 173 173 173 172 172 172 172 172 172 172 172 172 172 172 171 171 171 171 171 171 171 171 171 171 171 170 170 170 170 170 170 170 170 169 170 170 169 169 169 169 169 169 169 169 169 169 0 0 0 0 0 0 0 0 0 0 0 0 0 0 0 0 0 0 0 0 0 0 0 0 0 0 0 0 0 0 0 0 0 0 0 0 0 0 0 0 0 0 0 0 0 0 0 0 0 0 0 0 0 0 0 0 0 0 0 0 0 0 0 0 0 0 0 0 0 0 0 0 0 0 0 0 0 0 0 0 0 0 0 0 0 0 0 0 0 0 0 0 0 0 0 0 0 0 0 0 0 0 0 0 0 0 0 0 0 0 0 0 0 0 0 0 0 0 0 0 0 0 0 0 0 0 0 0 0 0 0 0 0 0 0 0 0 0 0 0 0 0 0 0 0 0 0 0 0 0 0 0 0 0 0 0 0 0 0 0 0 0 0 0 0 0 0 0 0 0 0 0 0 0 0 0 0 0 0 0 0 0 0 0 
0 0 0 0 0 0 0 0 0 0 0 0 0 0 0 0 0 0 0 0 0 0 0 0 0 0 0 0 0 0 0 0 165 165 165 165 166 166 166 166 166 166 166 167 167 167 167 167 167 167 167 167 167 167 167 168 168 168 168 168 168 168 168 168 169 169 169 169 169 169 169 169 169 170 170 170 170 170 170 170 170 170 170 170 171 171 171 171 171 171 171 171 171 172 172 172 172 172 172 172 172 172 172 172 172 173 173 173 173 173 173 173 173 173 173 174 174 174 174 174 174 174 174 174 174 174 174 174 174 174 175 175 175 175 175 175 175 175 175 175 175 175 175 175 175 175 175 175 175 175 175 176 176 176 176 176 176 176 176 176 176 176 176 176 176 176 176 176 176 176 176 176 176 176 176 176 176 176 176 176 176 176 176 176 176 176 176 176 176 176 176 176 176 176 176 176 176 176 176 176 176 176 176 176 176 176 176 176 176 176 176 176 176 176 175 175 175 175 175 175 175 175 175 175 175 175 175 175 175 175 175 175 175 175 175 175 175 174 174 174 174 174 175 175 175 175 175 175 174 174 174 174 174 174 174 174 174 174 174 174 174 174 173 173 173 173 173 173 173 173 173 173 173 173 173 172 172 172 172 172 172 172 172 172 172 172 172 171 171 171 171 171 171 171 171 171 171 171 170 170 170 170 170 170 170 170 170 170 170 169 169 169 169 169 169 169 169 169 169 0 0 0 0 0 0 0 0 0 0 0 0 0 0 0 0 0 0 0 0 0 0 0 0 0 0 0 0 0 0 0 0 0 0 0 0 0 0 0 0 0 0 0 0 0 0 0 0 0 0 0 0 0 0 0 0 0 0 0 0 0 0 0 0 0 0 0 0 0 0 0 0 0 0 0 0 0 0 0 0 0 0 0 0 0 0 0 0 0 0 0 0 0 0 0 0 0 0 0 0 0 0 0 0 0 0 0 0 0 0 0 0 0 0 0 0 0 0 0 0 0 0 0 0 0 0 0 0 0 0 0 0 0 0 0 0 0 0 0 0 0 0 0 0 0 0 0 0 0 0 0 0 0 0 0 0 0 0 0 0 0 0 0 0 0 0 0 0 0 0 0 0 0 0 0 0 0 0 0 0 0 0 0 0 
0 0 0 0 0 0 0 0 0 0 0 0 0 0 0 0 0 0 0 0 0 0 0 0 0 0 0 0 0 0 0 0 0 165 165 165 165 165 166 166 166 166 166 166 167 167 167 167 167 167 167 167 167 167 167 167 168 168 168 168 168 168 168 168 168 169 169 169 169 169 169 169 169 169 170 170 170 170 170 170 170 170 170 170 171 171 171 171 171 171 171 171 171 171 172 172 172 172 172 172 172 172 172 172 172 172 173 173 173 173 173 173 173 173 173 174 174 174 174 174 174 174 174 174 174 174 174 174 174 174 175 174 175 175 175 175 175 175 175 175 175 175 175 175 175 175 175 175 175 175 175 175 176 176 176 176 176 176 176 176 176 176 176 176 176 176 176 176 176 176 176 176 176 176 176 176 176 176 176 176 176 176 176 176 176 176 176 176 176 176 176 176 176 176 176 176 176 176 176 176 176 176 176 176 176 176 176 176 176 176 176 176 176 175 175 175 175 175 175 175 175 175 175 175 175 175 175 175 175 175 175 175 175 175 175 175 174 174 174 174 174 174 175 175 175 175 175 175 174 174 174 174 174 174 174 174 174 174 174 174 174 173 173 173 173 173 173 173 173 173 173 173 173 173 172 172 172 172 172 172 172 172 172 172 172 172 171 171 171 171 171 171 171 171 171 171 171 171 170 170 170 170 170 170 170 170 170 169 169 169 169 169 169 169 169 169 169 169 169 0 0 0 0 0 0 0 0 0 0 0 0 0 0 0 0 0 0 0 0 0 0 0 0 0 0 0 0 0 0 0 0 0 0 0 0 0 0 0 0 0 0 0 0 0 0 0 0 0 0 0 0 0 0 0 0 0 0 0 0 0 0 0 0 0 0 0 0 0 0 0 0 0 0 0 0 0 0 0 0 0 0 0 0 0 0 0 0 0 0 0 0 0 0 0 0 0 0 0 0 0 0 0 0 0 0 0 0 0 0 0 0 0 0 0 0 0 0 0 0 0 0 0 0 0 0 0 0 0 0 0 0 0 0 0 0 0 0 0 0 0 0 0 0 0 0 0 0 0 0 0 0 0 0 0 0 0 0 0 0 0 0 0 0 0 0 0 0 0 0 0 0 0 0 0 0 0 0 0 0 0 0 0 0 
0 0 0 0 0 0 0 0 0 0 0 0 0 0 0 0 0 0 0 0 0 0 0 0 0 0 0 0 0 0 0 0 0 165 165 165 165 165 165 165 166 166 166 166 166 167 167 167 167 167 167 167 167 167 167 167 168 168 168 168 168 168 168 168 168 168 169 169 169 169 169 169 169 169 169 170 170 170 170 170 170 170 170 170 170 170 171 171 171 171 171 171 171 171 171 172 172 172 172 172 172 172 172 172 172 172 172 173 173 173 173 173 173 173 173 173 173 173 174 174 174 174 174 174 174 174 174 174 174 174 174 174 175 175 175 175 175 175 175 175 175 175 175 175 175 175 175 175 175 175 175 175 175 175 176 176 176 176 176 176 176 176 176 176 176 176 176 176 176 176 176 176 176 176 176 176 176 176 176 176 176 176 176 176 176 176 176 176 176 176 176 176 176 176 176 176 176 176 176 176 176 176 176 176 176 176 176 176 176 176 176 176 175 175 175 175 175 175 175 175 175 175 175 175 175 175 175 175 175 175 175 175 175 175 175 174 174 174 174 174 174 174 175 175 175 175 175 174 174 174 174 174 174 174 174 174 173 174 173 173 173 173 173 173 173 173 173 173 173 173 173 173 173 172 172 172 172 172 172 172 172 172 172 172 172 171 171 171 171 171 171 171 171 171 171 171 171 171 170 170 170 170 170 170 170 170 170 170 170 169 169 169 169 169 169 169 168 168 168 168 0 0 0 0 0 0 0 0 0 0 0 0 0 0 0 0 0 0 0 0 0 0 0 0 0 0 0 0 0 0 0 0 0 0 0 0 0 0 0 0 0 0 0 0 0 0 0 0 0 0 0 0 0 0 0 0 0 0 0 0 0 0 0 0 0 0 0 0 0 0 0 0 0 0 0 0 0 0 0 0 0 0 0 0 0 0 0 0 0 0 0 0 0 0 0 0 0 0 0 0 0 0 0 0 0 0 0 0 0 0 0 0 0 0 0 0 0 0 0 0 0 0 0 0 0 0 0 0 0 0 0 0 0 0 0 0 0 0 0 0 0 0 0 0 0 0 0 0 0 0 0 0 0 0 0 0 0 0 0 0 0 0 0 0 0 0 0 0 0 0 0 0 0 0 0 0 0 0 0 0 0 0 0 
0 0 0 0 0 0 0 0 0 0 0 0 0 0 0 0 0 0 0 0 0 0 0 0 0 0 0 0 0 0 0 0 0 0 165 165 165 165 165 165 165 166 166 166 166 166 166 167 167 167 167 167 167 167 167 167 167 168 168 168 168 168 168 168 168 168 169 169 169 169 169 169 169 169 169 169 170 170 170 170 170 170 170 170 170 170 171 171 171 171 171 171 171 171 171 171 172 172 172 172 172 172 172 172 172 172 172 172 173 173 173 173 173 173 173 173 173 173 173 174 174 174 174 174 174 174 174 174 174 174 174 174 174 174 175 175 175 175 175 175 175 175 175 175 175 175 175 175 175 175 175 175 175 175 175 175 175 175 175 176 176 176 176 176 176 176 176 176 176 176 176 176 176 176 176 176 176 176 176 176 176 176 176 176 176 176 176 176 176 176 176 176 176 176 176 176 176 176 176 176 176 176 176 176 176 176 176 176 176 176 176 175 175 175 175 175 175 175 175 175 175 175 175 175 175 175 175 175 175 175 175 175 175 174 174 174 174 174 174 174 174 174 175 175 175 175 174 174 174 174 174 174 174 174 174 173 173 173 173 173 173 173 173 173 173 173 173 173 173 173 173 173 172 172 172 172 172 172 172 172 172 172 172 172 171 171 171 171 171 171 171 171 171 171 171 171 171 171 170 170 170 170 170 170 170 170 170 170 169 169 169 169 169 169 169 168 168 168 168 0 0 0 0 0 0 0 0 0 0 0 0 0 0 0 0 0 0 0 0 0 0 0 0 0 0 0 0 0 0 0 0 0 0 0 0 0 0 0 0 0 0 0 0 0 0 0 0 0 0 0 0 0 0 0 0 0 0 0 0 0 0 0 0 0 0 0 0 0 0 0 0 0 0 0 0 0 0 0 0 0 0 0 0 0 0 0 0 0 0 0 0 0 0 0 0 0 0 0 0 0 0 0 0 0 0 0 0 0 0 0 0 0 0 0 0 0 0 0 0 0 0 0 0 0 0 0 0 0 0 0 0 0 0 0 0 0 0 0 0 0 0 0 0 0 0 0 0 0 0 0 0 0 0 0 0 0 0 0 0 0 0 0 0 0 0 0 0 0 0 0 0 0 0 0 0 0 0 0 0 0 0 0 0 
0 0 0 0 0 0 0 0 0 0 0 0 0 0 0 0 0 0 0 0 0 0 0 0 0 0 0 0 0 0 0 0 0 0 0 165 165 165 165 165 165 165 166 166 166 166 166 166 167 167 167 167 167 167 167 167 167 167 168 168 168 168 168 168 168 168 168 169 169 169 169 169 169 169 169 169 169 170 170 170 170 170 170 170 170 170 170 170 171 171 171 171 171 171 171 171 171 172 172 172 172 172 172 172 172 172 172 172 172 172 173 173 173 173 173 173 173 173 173 173 174 174 174 174 174 174 174 174 174 174 174 174 174 174 174 174 175 175 175 175 175 175 175 175 175 175 175 175 175 175 175 175 175 175 175 175 175 175 175 175 175 176 176 176 176 176 176 176 176 176 176 176 176 176 176 176 176 176 176 176 176 176 176 176 176 176 176 176 176 176 176 176 176 176 176 176 176 176 176 176 176 176 176 176 176 176 176 176 176 176 175 175 175 175 175 175 175 175 175 175 175 175 175 175 175 175 175 175 175 175 175 174 174 174 174 174 174 174 174 174 174 174 175 175 175 175 174 174 174 174 174 174 174 174 174 174 173 173 173 173 173 173 173 173 173 173 173 173 173 173 173 172 172 172 172 172 172 172 172 172 172 172 172 171 171 171 171 171 171 171 171 171 171 171 171 171 171 170 170 170 170 170 170 170 170 170 170 170 169 169 169 169 169 169 169 168 168 168 0 0 0 0 0 0 0 0 0 0 0 0 0 0 0 0 0 0 0 0 0 0 0 0 0 0 0 0 0 0 0 0 0 0 0 0 0 0 0 0 0 0 0 0 0 0 0 0 0 0 0 0 0 0 0 0 0 0 0 0 0 0 0 0 0 0 0 0 0 0 0 0 0 0 0 0 0 0 0 0 0 0 0 0 0 0 0 0 0 0 0 0 0 0 0 0 0 0 0 0 0 0 0 0 0 0 0 0 0 0 0 0 0 0 0 0 0 0 0 0 0 0 0 0 0 0 0 0 0 0 0 0 0 0 0 0 0 0 0 0 0 0 0 0 0 0 0 0 0 0 0 0 0 0 0 0 0 0 0 0 0 0 0 0 0 0 0 0 0 0 0 0 0 0 0 0 0 0 0 0 0 0 0 0 0 
0 0 0 0 0 0 0 0 0 0 0 0 0 0 0 0 0 0 0 0 0 0 0 0 0 0 0 0 0 0 0 0 0 0 164 165 165 165 165 165 165 165 166 166 166 166 166 166 166 166 167 167 167 167 167 167 167 167 167 168 168 168 168 168 168 168 168 168 168 169 169 169 169 169 169 169 169 169 170 170 170 170 170 170 170 170 170 170 170 170 171 171 171 171 171 171 171 171 171 172 172 172 172 172 172 172 172 172 172 172 173 173 173 173 173 173 173 173 173 173 173 173 174 174 174 174 174 174 174 174 174 174 174 174 174 174 174 174 175 175 175 175 175 175 175 175 175 175 175 175 175 175 175 175 175 175 175 175 175 175 175 175 175 175 176 176 176 176 176 176 176 176 176 176 176 176 176 176 176 176 176 176 175 176 176 176 176 176 176 176 176 176 176 176 176 176 176 176 176 176 176 176 176 176 176 176 176 176 176 175 175 175 175 175 175 175 175 175 175 175 175 175 175 175 175 175 175 175 175 174 174 174 174 174 174 174 174 174 174 174 174 174 175 175 175 174 174 174 174 174 174 174 174 174 174 174 173 173 173 173 173 173 173 173 173 173 173 173 173 172 172 172 172 172 172 172 172 172 172 172 172 172 171 171 171 171 171 171 171 171 171 171 171 171 171 171 170 170 170 170 170 170 170 170 170 170 169 169 169 169 169 169 169 169 169 168 168 0 0 0 0 0 0 0 0 0 0 0 0 0 0 0 0 0 0 0 0 0 0 0 0 0 0 0 0 0 0 0 0 0 0 0 0 0 0 0 0 0 0 0 0 0 0 0 0 0 0 0 0 0 0 0 0 0 0 0 0 0 0 0 0 0 0 0 0 0 0 0 0 0 0 0 0 0 0 0 0 0 0 0 0 0 0 0 0 0 0 0 0 0 0 0 0 0 0 0 0 0 0 0 0 0 0 0 0 0 0 0 0 0 0 0 0 0 0 0 0 0 0 0 0 0 0 0 0 0 0 0 0 0 0 0 0 0 0 0 0 0 0 0 0 0 0 0 0 0 0 0 0 0 0 0 0 0 0 0 0 0 0 0 0 0 0 0 0 0 0 0 0 0 0 0 0 0 0 0 0 0 0 0 0 0 0 
0 0 0 0 0 0 0 0 0 0 0 0 0 0 0 0 0 0 0 0 0 0 0 0 0 0 0 0 0 0 0 0 0 0 164 164 164 165 165 165 165 165 166 166 166 166 166 166 166 166 166 167 167 167 167 167 167 167 167 167 168 168 168 168 168 168 168 168 168 168 169 169 169 169 169 169 169 169 169 169 170 170 170 170 170 170 170 170 170 170 170 171 171 171 171 171 171 171 171 171 172 172 172 172 172 172 172 172 172 172 172 173 173 173 173 173 173 173 173 173 173 173 173 174 174 174 174 174 174 174 174 174 174 174 174 174 174 174 174 174 175 175 175 175 175 175 175 175 175 175 175 175 175 175 175 175 175 175 175 175 175 175 175 175 175 175 175 176 176 176 176 176 176 176 176 176 176 176 176 176 176 176 176 175 176 176 176 176 176 176 176 176 176 176 176 176 176 176 176 176 176 176 176 176 176 176 176 175 175 175 175 175 175 175 175 175 175 175 175 175 175 175 175 175 175 175 175 175 174 174 174 174 174 174 174 174 174 174 174 174 174 174 175 175 174 174 174 174 174 174 174 174 174 174 174 174 173 173 173 173 173 173 173 173 173 173 173 173 172 172 172 172 172 172 172 172 172 172 172 172 172 171 171 171 171 171 171 171 171 171 171 171 171 171 171 170 170 170 170 170 170 170 170 170 170 169 169 169 169 169 169 169 169 169 168 168 168 0 0 0 0 0 0 0 0 0 0 0 0 0 0 0 0 0 0 0 0 0 0 0 0 0 0 0 0 0 0 0 0 0 0 0 0 0 0 0 0 0 0 0 0 0 0 0 0 0 0 0 0 0 0 0 0 0 0 0 0 0 0 0 0 0 0 0 0 0 0 0 0 0 0 0 0 0 0 0 0 0 0 0 0 0 0 0 0 0 0 0 0 0 0 0 0 0 0 0 0 0 0 0 0 0 0 0 0 0 0 0 0 0 0 0 0 0 0 0 0 0 0 0 0 0 0 0 0 0 0 0 0 0 0 0 0 0 0 0 0 0 0 0 0 0 0 0 0 0 0 0 0 0 0 0 0 0 0 0 0 0 0 0 0 0 0 0 0 0 0 0 0 0 0 0 0 0 0 0 0 0 0 0 0 0 0 
0 0 0 0 0 0 0 0 0 0 0 0 0 0 0 0 0 0 0 0 0 0 0 0 0 0 0 0 0 0 0 0 0 0 164 164 164 164 165 165 165 165 165 166 166 166 166 166 166 166 166 166 166 167 167 167 167 167 167 167 167 167 168 168 168 168 168 168 168 168 168 169 169 169 169 169 169 169 169 169 169 170 170 170 170 170 170 170 170 170 170 170 171 171 171 171 171 171 171 171 171 172 172 172 172 172 172 172 172 172 172 172 172 173 173 173 173 173 173 173 173 173 173 173 174 174 174 174 174 174 174 174 174 174 174 174 174 174 174 174 174 174 175 175 175 175 175 175 175 175 175 175 175 175 175 175 175 175 175 175 175 175 175 175 175 175 175 175 175 176 176 176 176 176 176 176 176 176 176 176 176 176 176 176 175 175 176 176 176 176 176 176 176 176 176 176 176 176 176 176 176 176 176 176 176 176 175 175 175 175 175 175 175 175 175 175 175 175 175 175 175 175 175 175 175 175 175 174 174 174 174 174 174 174 174 174 174 174 174 174 174 174 175 174 174 174 174 174 174 174 174 174 174 174 174 173 173 173 173 173 173 173 173 173 173 173 172 172 172 172 172 172 172 172 172 172 172 172 172 172 171 171 171 171 171 171 171 171 171 171 171 170 171 171 170 170 170 170 170 170 170 170 170 170 170 169 169 169 169 169 169 169 168 168 168 168 0 0 0 0 0 0 0 0 0 0 0 0 0 0 0 0 0 0 0 0 0 0 0 0 0 0 0 0 0 0 0 0 0 0 0 0 0 0 0 0 0 0 0 0 0 0 0 0 0 0 0 0 0 0 0 0 0 0 0 0 0 0 0 0 0 0 0 0 0 0 0 0 0 0 0 0 0 0 0 0 0 0 0 0 0 0 0 0 0 0 0 0 0 0 0 0 0 0 0 0 0 0 0 0 0 0 0 0 0 0 0 0 0 0 0 0 0 0 0 0 0 0 0 0 0 0 0 0 0 0 0 0 0 0 0 0 0 0 0 0 0 0 0 0 0 0 0 0 0 0 0 0 0 0 0 0 0 0 0 0 0 0 0 0 0 0 0 0 0 0 0 0 0 0 0 0 0 0 0 0 0 0 0 0 0 0 0 
0 0 0 0 0 0 0 0 0 0 0 0 0 0 0 0 0 0 0 0 0 0 0 0 0 0 0 0 0 0 0 0 0 0 164 164 164 164 164 164 165 165 165 165 166 166 166 166 166 166 166 166 166 166 167 167 167 167 167 167 167 167 167 168 168 168 168 168 168 168 168 168 169 169 169 169 169 169 169 169 169 169 169 170 170 170 170 170 170 170 170 170 171 171 171 171 171 171 171 171 171 171 172 172 172 172 172 172 172 172 172 172 172 173 173 173 173 173 173 173 173 173 173 173 173 173 174 174 174 174 174 174 174 174 174 174 174 174 174 174 174 174 174 175 175 175 175 175 175 175 175 175 175 175 175 175 175 175 175 175 175 175 175 175 175 175 175 175 175 175 175 175 175 176 176 176 176 176 176 176 176 176 176 176 175 175 175 176 176 176 176 176 176 176 176 176 176 176 176 176 176 176 176 176 175 175 175 175 175 175 175 175 175 175 175 175 175 175 175 175 175 175 175 175 175 175 174 174 174 174 174 174 174 174 174 174 174 174 174 174 174 174 174 174 174 174 174 174 174 174 174 174 174 174 174 173 173 173 173 173 173 173 173 173 173 172 172 172 172 172 172 172 172 172 172 172 172 172 172 171 171 171 171 171 171 171 171 171 171 171 171 170 171 170 170 170 170 170 170 170 170 170 170 170 169 169 169 169 169 169 168 168 168 168 168 168 0 0 0 0 0 0 0 0 0 0 0 0 0 0 0 0 0 0 0 0 0 0 0 0 0 0 0 0 0 0 0 0 0 0 0 0 0 0 0 0 0 0 0 0 0 0 0 0 0 0 0 0 0 0 0 0 0 0 0 0 0 0 0 0 0 0 0 0 0 0 0 0 0 0 0 0 0 0 0 0 0 0 0 0 0 0 0 0 0 0 0 0 0 0 0 0 0 0 0 0 0 0 0 0 0 0 0 0 0 0 0 0 0 0 0 0 0 0 0 0 0 0 0 0 0 0 0 0 0 0 0 0 0 0 0 0 0 0 0 0 0 0 0 0 0 0 0 0 0 0 0 0 0 0 0 0 0 0 0 0 0 0 0 0 0 0 0 0 0 0 0 0 0 0 0 0 0 0 0 0 0 0 0 0 0 0 0 
0 0 0 0 0 0 0 0 0 0 0 0 0 0 0 0 0 0 0 0 0 0 0 0 0 0 0 0 0 0 0 0 0 164 164 164 164 164 164 164 164 165 165 165 165 165 166 166 166 166 166 166 166 166 166 167 167 167 167 167 167 167 167 167 168 168 168 168 168 168 168 168 168 168 169 169 169 169 169 169 169 169 169 169 170 170 170 170 170 170 170 170 170 171 171 171 171 171 171 171 171 171 171 172 172 172 172 172 172 172 172 172 172 172 172 173 173 173 173 173 173 173 173 173 173 173 173 173 174 174 174 174 174 174 174 174 174 174 174 174 174 174 174 174 174 174 175 175 175 175 175 175 175 175 175 175 175 175 175 175 175 175 175 175 175 175 175 175 175 175 175 175 175 175 175 175 175 175 176 176 176 176 176 175 175 175 175 175 176 176 176 176 176 176 176 176 176 176 176 176 176 176 175 175 175 175 175 175 175 175 175 175 175 175 175 175 175 175 175 175 175 175 175 175 175 175 174 174 174 174 174 174 174 174 174 174 174 174 174 174 174 174 174 174 174 174 174 174 174 174 174 174 174 174 174 173 173 173 173 173 173 173 173 173 173 172 172 172 172 172 172 172 172 172 172 172 172 172 171 171 171 171 171 171 171 171 171 171 171 171 170 170 170 170 170 170 170 170 170 170 170 170 170 169 169 169 169 169 169 168 168 168 168 168 168 0 0 0 0 0 0 0 0 0 0 0 0 0 0 0 0 0 0 0 0 0 0 0 0 0 0 0 0 0 0 0 0 0 0 0 0 0 0 0 0 0 0 0 0 0 0 0 0 0 0 0 0 0 0 0 0 0 0 0 0 0 0 0 0 0 0 0 0 0 0 0 0 0 0 0 0 0 0 0 0 0 0 0 0 0 0 0 0 0 0 0 0 0 0 0 0 0 0 0 0 0 0 0 0 0 0 0 0 0 0 0 0 0 0 0 0 0 0 0 0 0 0 0 0 0 0 0 0 0 0 0 0 0 0 0 0 0 0 0 0 0 0 0 0 0 0 0 0 0 0 0 0 0 0 0 0 0 0 0 0 0 0 0 0 0 0 0 0 0 0 0 0 0 0 0 0 0 0 0 0 0 0 0 0 0 0 0 0 
0 0 0 0 0 0 0 0 0 0 0 0 0 0 0 0 0 0 0 0 0 0 0 0 0 0 0 0 0 0 0 0 0 0 164 164 164 164 164 164 164 164 165 165 165 165 165 166 166 166 166 166 166 166 166 166 166 167 167 167 167 167 167 167 167 168 168 168 168 168 168 168 168 168 168 169 169 169 169 169 169 169 169 169 169 170 170 170 170 170 170 170 170 170 171 171 171 171 171 171 171 171 171 171 172 172 172 172 172 172 172 172 172 172 172 172 172 173 173 173 173 173 173 173 173 173 173 173 173 174 174 174 174 174 174 174 174 174 174 174 174 174 174 174 174 174 174 174 174 175 175 175 175 175 175 175 175 175 175 175 175 175 175 175 175 175 175 175 175 175 175 175 175 175 175 175 175 175 175 175 175 175 175 175 175 175 175 175 176 176 176 176 176 176 176 176 176 176 176 176 175 175 175 175 175 175 175 175 175 175 175 175 175 175 175 175 175 175 175 175 175 175 175 175 175 174 174 174 174 174 174 174 174 174 174 174 174 174 174 174 174 174 174 174 174 174 174 174 174 174 174 174 174 174 173 173 173 173 173 173 173 173 173 173 172 172 172 172 172 172 172 172 172 172 172 172 172 171 171 171 171 171 171 171 171 171 171 171 171 170 170 170 170 170 170 170 170 170 170 170 170 170 169 169 169 169 169 169 169 169 0 0 0 0 0 0 0 0 0 0 0 0 0 0 0 0 0 0 0 0 0 0 0 0 0 0 0 0 0 0 0 0 0 0 0 0 0 0 0 0 0 0 0 0 0 0 0 0 0 0 0 0 0 0 0 0 0 0 0 0 0 0 0 0 0 0 0 0 0 0 0 0 0 0 0 0 0 0 0 0 0 0 0 0 0 0 0 0 0 0 0 0 0 0 0 0 0 0 0 0 0 0 0 0 0 0 0 0 0 0 0 0 0 0 0 0 0 0 0 0 0 0 0 0 0 0 0 0 0 0 0 0 0 0 0 0 0 0 0 0 0 0 0 0 0 0 0 0 0 0 0 0 0 0 0 0 0 0 0 0 0 0 0 0 0 0 0 0 0 0 0 0 0 0 0 0 0 0 0 0 0 0 0 0 0 0 0 0 0 0 0 0 0 
0 0 0 0 0 0 0 0 0 0 0 0 0 0 0 0 0 0 0 0 0 0 0 0 0 0 0 0 0 0 0 0 0 0 163 164 164 164 164 164 164 164 165 165 165 165 165 165 165 166 166 166 166 166 166 166 166 166 167 167 167 167 167 167 167 167 167 168 168 168 168 168 168 168 168 168 169 169 169 169 169 169 169 169 169 169 170 170 170 170 170 170 170 170 170 171 171 171 171 171 171 171 171 171 171 171 172 172 172 172 172 172 172 172 172 172 172 172 173 173 173 173 173 173 173 173 173 173 173 173 173 174 174 174 174 174 174 174 174 174 174 174 174 174 174 174 174 174 174 174 174 175 175 175 175 175 175 175 175 175 175 175 175 175 175 175 175 175 175 175 175 175 175 175 175 175 175 175 175 175 175 175 175 175 175 175 175 175 175 176 176 176 176 175 175 175 176 175 175 175 175 175 175 175 175 175 175 175 175 175 175 175 175 175 175 175 175 175 175 175 175 175 175 175 174 174 174 174 174 174 174 174 174 174 174 174 174 174 174 174 174 174 174 174 174 174 174 174 174 174 174 174 174 174 173 173 173 173 173 173 173 173 173 173 172 172 172 172 172 172 172 172 172 172 172 172 171 171 171 171 171 171 171 171 171 171 171 171 170 170 170 170 170 170 170 170 170 170 170 170 170 169 169 169 169 0 0 0 0 0 0 0 0 0 0 0 0 0 0 0 0 0 0 0 0 0 0 0 0 0 0 0 0 0 0 0 0 0 0 0 0 0 0 0 0 0 0 0 0 0 0 0 0 0 0 0 0 0 0 0 0 0 0 0 0 0 0 0 0 0 0 0 0 0 0 0 0 0 0 0 0 0 0 0 0 0 0 0 0 0 0 0 0 0 0 0 0 0 0 0 0 0 0 0 0 0 0 0 0 0 0 0 0 0 0 0 0 0 0 0 0 0 0 0 0 0 0 0 0 0 0 0 0 0 0 0 0 0 0 0 0 0 0 0 0 0 0 0 0 0 0 0 0 0 0 0 0 0 0 0 0 0 0 0 0 0 0 0 0 0 0 0 0 0 0 0 0 0 0 0 0 0 0 0 0 0 0 0 0 0 0 0 0 0 0 0 0 0 0 0 0 0 0 
0 0 0 0 0 0 0 0 0 0 0 0 0 0 0 0 0 0 0 0 0 0 0 0 0 0 0 0 0 0 0 0 0 0 163 163 164 164 164 164 164 164 165 165 165 165 165 165 165 165 165 166 166 166 166 166 166 166 166 167 167 167 167 167 167 167 167 167 168 168 168 168 168 168 168 168 168 169 169 169 169 169 169 169 169 169 169 170 170 170 170 170 170 170 170 170 171 171 171 171 171 171 171 171 171 171 171 172 172 172 172 172 172 172 172 172 172 172 172 172 173 173 173 173 173 173 173 173 173 173 173 173 173 173 174 174 174 174 174 174 174 174 174 174 174 174 174 174 174 174 174 174 174 175 175 175 175 175 175 175 175 175 175 175 175 175 175 175 175 175 175 175 175 175 175 175 175 175 175 175 175 175 175 175 175 175 175 175 175 175 175 175 175 175 175 175 175 175 175 175 175 175 175 175 175 175 175 175 175 175 175 175 175 175 175 175 175 175 175 175 175 175 175 175 174 174 174 174 174 174 174 174 174 174 174 174 174 174 174 174 174 174 174 174 174 174 174 174 174 174 174 174 174 173 173 173 173 173 173 173 173 173 173 173 172 172 172 172 172 172 172 172 172 172 172 171 171 171 171 171 171 171 171 171 171 171 171 170 170 170 170 170 170 170 170 170 170 170 170 170 169 169 169 169 169 169 0 0 0 0 0 0 0 0 0 0 0 0 0 0 0 0 0 0 0 0 0 0 0 0 0 0 0 0 0 0 0 0 0 0 0 0 0 0 0 0 0 0 0 0 0 0 0 0 0 0 0 0 0 0 0 0 0 0 0 0 0 0 0 0 0 0 0 0 0 0 0 0 0 0 0 0 0 0 0 0 0 0 0 0 0 0 0 0 0 0 0 0 0 0 0 0 0 0 0 0 0 0 0 0 0 0 0 0 0 0 0 0 0 0 0 0 0 0 0 0 0 0 0 0 0 0 0 0 0 0 0 0 0 0 0 0 0 0 0 0 0 0 0 0 0 0 0 0 0 0 0 0 0 0 0 0 0 0 0 0 0 0 0 0 0 0 0 0 0 0 0 0 0 0 0 0 0 0 0 0 0 0 0 0 0 0 0 0 0 0 0 0 0 0 0 0 0 
0 0 0 0 0 0 0 0 0 0 0 0 0 0 0 0 0 0 0 0 0 0 0 0 0 0 0 0 0 0 0 0 0 0 163 163 163 163 164 164 164 164 164 165 165 165 165 165 165 165 165 165 166 166 166 166 166 166 166 166 166 167 167 167 167 167 167 167 167 168 168 168 168 168 168 168 168 168 168 169 169 169 169 169 169 169 169 169 170 170 170 170 170 170 170 170 170 171 171 171 171 171 171 171 171 171 171 171 172 172 172 172 172 172 172 172 172 172 172 172 172 173 173 173 173 173 173 173 173 173 173 173 173 173 173 173 174 174 174 174 174 174 174 174 174 174 174 174 174 174 174 174 174 174 175 175 175 175 175 175 175 175 175 175 175 175 175 175 175 175 175 175 175 175 175 175 175 175 175 175 175 175 175 175 175 175 175 175 175 175 175 175 175 175 175 175 175 175 175 175 175 175 175 175 175 175 175 175 175 175 175 175 175 175 175 175 175 175 175 175 175 175 175 174 174 174 174 174 174 174 174 174 174 174 174 174 174 174 174 173 173 173 174 174 174 174 174 174 174 174 174 174 173 173 173 173 173 173 173 173 173 173 173 173 172 172 172 172 172 172 172 172 172 172 171 171 171 171 171 171 171 171 171 171 171 171 170 170 170 170 170 170 170 170 170 170 170 170 170 169 169 169 169 169 169 169 169 169 0 0 0 0 0 0 0 0 0 0 0 0 0 0 0 0 0 0 0 0 0 0 0 0 0 0 0 0 0 0 0 0 0 0 0 0 0 0 0 0 0 0 0 0 0 0 0 0 0 0 0 0 0 0 0 0 0 0 0 0 0 0 0 0 0 0 0 0 0 0 0 0 0 0 0 0 0 0 0 0 0 0 0 0 0 0 0 0 0 0 0 0 0 0 0 0 0 0 0 0 0 0 0 0 0 0 0 0 0 0 0 0 0 0 0 0 0 0 0 0 0 0 0 0 0 0 0 0 0 0 0 0 0 0 0 0 0 0 0 0 0 0 0 0 0 0 0 0 0 0 0 0 0 0 0 0 0 0 0 0 0 0 0 0 0 0 0 0 0 0 0 0 0 0 0 0 0 0 0 0 0 0 0 0 0 0 0 0 0 0 0 0 0 0 0 
0 0 0 0 0 0 0 0 0 0 0 0 0 0 0 0 0 0 0 0 0 0 0 0 0 0 0 0 0 0 0 0 0 163 163 163 163 163 164 164 164 164 164 164 164 164 164 165 165 165 165 165 165 165 165 166 166 166 166 166 166 166 166 167 167 167 167 167 167 167 167 167 168 168 168 168 168 168 168 168 169 169 169 169 169 169 169 169 169 169 170 170 170 170 170 170 170 170 170 170 171 171 171 171 171 171 171 171 171 171 171 172 172 172 172 172 172 172 172 172 172 172 172 172 172 173 173 173 173 173 173 173 173 173 173 173 173 173 173 174 174 174 174 174 174 174 174 174 174 174 174 174 174 174 174 174 174 174 174 174 175 175 175 175 175 175 175 175 175 175 175 175 175 175 175 175 175 175 175 175 175 175 175 175 175 175 175 175 175 175 175 175 175 175 175 175 175 175 175 175 175 175 175 175 175 175 175 175 175 175 175 175 175 175 175 175 175 175 174 174 174 174 174 174 174 174 174 174 174 174 174 174 174 174 173 173 173 173 173 173 173 173 175 175 175 174 174 174 174 174 174 174 174 174 174 174 174 174 173 173 173 173 173 173 173 173 173 173 173 173 172 172 172 172 172 172 172 172 172 172 172 171 171 171 171 171 171 171 171 171 171 171 170 170 170 170 170 170 170 169 169 169 169 169 169 169 169 169 168 168 168 0 0 0 0 0 0 0 0 0 0 0 0 0 0 0 0 0 0 0 0 0 0 0 0 0 0 0 0 0 0 0 0 0 0 0 0 0 0 0 0 0 0 0 0 0 0 0 0 0 0 0 0 0 0 0 0 0 0 0 0 0 0 0 0 0 0 0 0 0 0 0 0 0 0 0 0 0 0 0 0 0 0 0 0 0 0 0 0 0 0 0 0 0 0 0 0 0 0 0 0 0 0 0 0 0 0 0 0 0 0 0 0 0 0 0 0 0 0 0 0 0 0 0 0 0 0 0 0 0 0 0 0 0 0 0 0 0 0 0 0 0 0 0 0 0 0 0 0 0 0 0 0 0 0 0 0 0 0 0 0 0 0 0 0 0 0 0 0 0 0 0 0 0 0 0 0 0 0 0 0 0 0 0 0 0 0 0 0 0 0 0 0 
0 0 0 0 0 0 0 0 0 0 0 0 0 0 0 0 0 0 0 0 0 0 0 0 0 0 0 0 0 0 0 162 163 163 163 163 163 163 163 163 164 164 164 164 164 164 164 164 165 165 165 165 165 165 165 165 166 166 166 166 166 166 166 166 167 167 167 167 167 167 167 167 167 168 168 168 168 168 168 168 168 168 169 169 169 169 169 169 169 169 169 170 170 170 170 170 170 170 170 170 170 171 171 171 171 171 171 171 171 171 171 171 171 172 172 172 172 172 172 172 172 172 172 172 172 172 172 172 173 173 173 173 173 173 173 173 173 173 173 173 173 174 174 174 174 174 174 174 174 174 174 174 174 174 174 174 174 174 174 174 174 174 174 175 175 175 175 175 175 175 175 175 175 175 175 175 175 175 175 175 175 175 175 175 175 175 175 175 175 175 175 175 175 175 175 175 175 175 175 175 175 175 175 175 175 175 175 175 175 175 175 175 175 175 175 175 175 174 174 174 174 174 174 174 174 174 174 174 174 174 174 174 174 174 173 173 173 173 173 173 173 173 174 174 174 174 174 174 174 174 174 174 174 174 174 174 174 174 173 173 173 173 173 173 173 173 173 173 173 173 172 172 172 172 172 172 172 172 172 171 171 171 171 171 171 171 171 171 171 171 171 170 170 170 170 170 170 170 169 169 169 169 169 169 169 169 169 169 168 168 168 0 0 0 0 0 0 0 0 0 0 0 0 0 0 0 0 0 0 0 0 0 0 0 0 0 0 0 0 0 0 0 0 0 0 0 0 0 0 0 0 0 0 0 0 0 0 0 0 0 0 0 0 0 0 0 0 0 0 0 0 0 0 0 0 0 0 0 0 0 0 0 0 0 0 0 0 0 0 0 0 0 0 0 0 0 0 0 0 0 0 0 0 0 0 0 0 0 0 0 0 0 0 0 0 0 0 0 0 0 0 0 0 0 0 0 0 0 0 0 0 0 0 0 0 0 0 0 0 0 0 0 0 0 0 0 0 0 0 0 0 0 0 0 0 0 0 0 0 0 0 0 0 0 0 0 0 0 0 0 0 0 0 0 0 0 0 0 0 0 0 0 0 0 0 0 0 0 0 0 0 0 0 0 0 0 0 0 0 0 0 0 0 
0 0 0 0 0 0 0 0 0 0 0 0 0 0 0 0 0 0 0 0 0 0 0 0 0 0 0 0 162 162 162 162 162 163 163 163 163 163 0 163 163 164 164 164 164 164 164 164 164 165 165 165 165 165 165 165 165 165 166 166 166 166 166 166 166 166 167 167 167 167 167 167 167 167 168 168 168 168 168 168 168 168 168 169 169 169 169 169 169 169 169 169 169 170 170 170 170 170 170 170 170 170 170 171 171 171 171 171 171 171 171 171 171 171 172 172 172 172 172 172 172 172 172 172 172 172 172 172 172 172 173 173 173 173 173 173 173 173 173 173 173 173 173 174 174 174 174 174 174 174 174 174 174 174 174 174 174 174 174 174 174 174 174 174 174 174 175 175 175 175 175 175 175 175 175 175 175 175 175 175 175 175 175 175 175 175 175 175 175 175 175 175 175 175 175 175 175 175 175 175 175 175 175 175 175 175 175 175 175 175 175 175 175 175 175 175 174 174 174 174 174 174 174 174 174 174 174 174 174 174 174 174 174 174 173 173 173 173 173 173 173 173 174 174 174 174 174 174 174 174 174 174 174 174 174 174 174 173 173 173 173 173 173 173 173 173 173 173 173 172 172 172 172 172 172 172 172 171 171 171 171 171 171 171 171 171 171 171 171 171 170 170 170 170 170 170 170 169 169 169 169 169 169 169 169 169 168 168 168 168 168 0 0 0 0 0 0 0 0 0 0 0 0 0 0 0 0 0 0 0 0 0 0 0 0 0 0 0 0 0 0 0 0 0 0 0 0 0 0 0 0 0 0 0 0 0 0 0 0 0 0 0 0 0 0 0 0 0 0 0 0 0 0 0 0 0 0 0 0 0 0 0 0 0 0 0 0 0 0 0 0 0 0 0 0 0 0 0 0 0 0 0 0 0 0 0 0 0 0 0 0 0 0 0 0 0 0 0 0 0 0 0 0 0 0 0 0 0 0 0 0 0 0 0 0 0 0 0 0 0 0 0 0 0 0 0 0 0 0 0 0 0 0 0 0 0 0 0 0 0 0 0 0 0 0 0 0 0 0 0 0 0 0 0 0 0 0 0 0 0 0 0 0 0 0 0 0 0 0 0 0 0 0 0 0 0 0 0 0 0 0 0 0 
0 0 0 0 0 0 0 0 0 0 0 0 0 0 0 0 0 0 0 0 0 0 0 0 0 0 0 0 0 0 0 0 0 0 163 163 0 0 0 0 163 163 164 164 164 164 164 164 164 164 165 165 165 165 165 165 165 165 165 166 166 166 166 166 166 166 166 167 167 167 167 167 167 167 167 168 168 168 168 168 168 168 168 168 169 169 169 169 169 169 169 169 169 169 170 170 170 170 170 170 170 170 170 170 171 171 171 171 171 171 171 171 171 171 171 172 172 172 172 172 172 172 172 172 172 172 172 172 172 172 172 173 173 173 173 173 173 173 173 173 173 173 173 173 173 174 174 174 174 174 174 174 174 174 174 174 174 174 174 174 174 174 174 174 174 174 174 174 175 175 175 175 175 175 175 175 175 175 175 175 175 175 175 175 175 175 175 175 175 175 175 175 175 175 175 175 175 175 175 175 175 175 175 175 175 175 175 175 175 175 175 175 175 175 175 174 174 174 174 174 174 174 174 174 174 174 174 174 174 174 174 174 173 173 173 173 173 173 173 173 173 173 174 174 174 174 174 174 174 174 174 174 174 174 174 174 173 173 173 173 173 173 173 173 173 173 173 173 172 172 172 172 172 172 172 172 172 171 171 171 171 171 171 171 171 171 171 171 170 170 170 170 170 170 170 170 169 169 169 169 169 169 169 169 169 168 168 168 168 168 168 0 0 0 0 0 0 0 0 0 0 0 0 0 0 0 0 0 0 0 0 0 0 0 0 0 0 0 0 0 0 0 0 0 0 0 0 0 0 0 0 0 0 0 0 0 0 0 0 0 0 0 0 0 0 0 0 0 0 0 0 0 0 0 0 0 0 0 0 0 0 0 0 0 0 0 0 0 0 0 0 0 0 0 0 0 0 0 0 0 0 0 0 0 0 0 0 0 0 0 0 0 0 0 0 0 0 0 0 0 0 0 0 0 0 0 0 0 0 0 0 0 0 0 0 0 0 0 0 0 0 0 0 0 0 0 0 0 0 0 0 0 0 0 0 0 0 0 0 0 0 0 0 0 0 0 0 0 0 0 0 0 0 0 0 0 0 0 0 0 0 0 0 0 0 0 0 0 0 0 0 0 0 0 0 0 0 0 0 0 0 0 0 
0 0 0 0 0 0 0 0 0 0 0 0 0 0 0 0 0 0 0 0 0 0 0 0 0 0 0 0 0 0 0 0 0 0 0 0 0 0 0 0 163 163 163 163 164 164 164 164 164 164 164 164 165 165 165 165 165 165 165 165 166 166 166 166 166 166 166 166 167 167 167 167 167 167 167 167 167 168 168 168 168 168 168 168 168 169 169 169 169 169 169 169 169 169 169 169 170 170 170 170 170 170 170 170 170 170 171 171 171 171 171 171 171 171 171 171 171 172 172 172 172 172 172 172 172 172 172 172 172 172 172 173 173 173 173 173 173 173 173 173 173 173 173 173 173 173 173 174 174 174 174 174 174 174 174 174 174 174 174 174 174 174 174 174 174 174 174 174 174 174 175 175 175 175 175 175 175 175 175 175 175 175 175 175 175 175 175 175 175 175 175 175 175 175 175 175 175 175 175 175 175 175 175 175 175 175 175 175 175 175 175 175 175 175 174 174 174 174 174 174 174 174 174 174 174 174 174 174 174 174 174 173 173 173 173 173 173 173 173 173 173 173 174 174 174 174 174 174 174 174 174 174 174 174 174 173 173 173 173 173 173 173 173 173 173 173 173 173 172 172 172 172 172 172 172 172 172 172 171 171 171 171 171 171 171 171 171 170 170 170 170 170 170 170 169 169 169 169 169 169 169 169 169 169 168 168 168 168 168 168 168 168 168 0 0 0 167 167 167 0 0 0 0 0 0 0 0 0 0 0 0 0 0 0 0 0 0 0 0 0 0 0 0 0 0 0 0 0 0 0 0 0 0 0 0 0 0 0 0 0 0 0 0 0 0 0 0 0 0 0 0 0 0 0 0 0 0 0 0 0 0 0 0 0 0 0 0 0 0 0 0 0 0 0 0 0 0 0 0 0 0 0 0 0 0 0 0 0 0 0 0 0 0 0 0 0 0 0 0 0 0 0 0 0 0 0 0 0 0 0 0 0 0 0 0 0 0 0 0 0 0 0 0 0 0 0 0 0 0 0 0 0 0 0 0 0 0 0 0 0 0 0 0 0 0 0 0 0 0 0 0 0 0 0 0 0 0 0 0 0 0 0 0 0 0 0 0 0 0 0 0 0 0 0 0 0 0 0 0 0 0 0 0 
0 0 0 0 0 0 0 0 0 0 0 0 0 0 0 0 0 0 0 0 0 0 0 0 0 0 0 0 0 0 0 0 0 0 0 0 0 0 0 0 0 163 163 163 163 164 164 164 164 164 164 164 164 165 165 165 165 165 165 165 165 166 166 166 166 166 166 166 166 167 167 167 167 167 167 167 167 167 168 168 168 168 168 168 168 168 168 169 169 169 169 169 169 169 169 169 169 170 170 170 170 170 170 170 170 170 170 171 171 171 171 171 171 171 171 171 171 171 171 172 172 172 172 172 172 172 172 172 172 172 172 172 173 173 173 173 173 173 173 173 173 173 173 173 173 173 173 173 173 173 174 174 174 174 174 174 174 174 174 174 174 174 174 174 174 174 174 174 174 174 174 174 174 174 175 175 174 174 174 175 175 175 175 175 175 175 175 175 175 175 175 175 175 175 175 175 175 175 175 175 175 175 175 175 175 175 175 175 175 175 175 175 175 174 174 174 174 174 174 174 174 174 174 174 174 174 174 174 174 174 173 173 173 173 173 173 173 173 173 173 173 173 174 174 174 174 174 174 174 174 174 174 174 174 174 173 173 173 173 173 173 173 173 173 173 173 173 172 172 172 172 172 172 172 172 172 172 172 171 171 171 171 171 171 171 170 170 170 170 170 170 170 170 169 169 169 169 169 169 169 169 169 169 168 168 168 168 168 168 168 168 168 168 168 168 167 167 167 167 167 167 0 0 0 0 0 0 0 0 0 0 0 0 0 0 0 0 0 0 0 0 0 0 0 0 0 0 0 0 0 0 0 0 0 0 0 0 0 0 0 0 0 0 0 0 0 0 0 0 0 0 0 0 0 0 0 0 0 0 0 0 0 0 0 0 0 0 0 0 0 0 0 0 0 0 0 0 0 0 0 0 0 0 0 0 0 0 0 0 0 0 0 0 0 0 0 0 0 0 0 0 0 0 0 0 0 0 0 0 0 0 0 0 0 0 0 0 0 0 0 0 0 0 0 0 0 0 0 0 0 0 0 0 0 0 0 0 0 0 0 0 0 0 0 0 0 0 0 0 0 0 0 0 0 0 0 0 0 0 0 0 0 0 0 0 0 0 0 0 0 0 0 0 0 0 0 0 0 0 0 0 0 0 
0 0 0 0 0 0 0 0 0 0 0 0 0 0 0 0 0 0 0 0 0 0 0 0 0 0 0 0 0 0 0 0 0 0 0 0 0 0 0 163 163 163 163 163 163 163 164 164 164 164 164 164 164 164 164 165 165 165 165 165 165 165 166 166 166 166 166 166 166 166 167 167 167 167 167 167 167 167 167 168 168 168 168 168 168 168 168 168 169 169 169 169 169 169 169 169 169 169 170 170 170 170 170 170 170 170 170 170 170 171 171 171 171 171 171 171 171 171 171 171 172 172 172 172 172 172 172 172 172 172 172 172 172 172 173 173 173 173 173 173 173 173 173 173 173 173 173 173 173 173 173 173 174 174 174 174 174 174 174 174 174 174 174 174 174 174 174 174 174 174 174 174 174 174 174 174 174 174 174 174 175 175 175 175 175 175 175 175 175 175 175 175 175 175 175 175 175 175 175 175 175 175 175 175 175 175 175 175 175 175 175 174 174 174 174 174 174 174 174 174 174 174 174 174 174 174 174 174 174 173 173 173 173 173 173 173 173 173 173 173 173 173 174 174 174 174 174 174 174 174 174 174 174 174 173 173 173 173 173 173 173 173 173 173 173 173 172 172 172 172 172 172 172 172 172 172 172 171 171 171 171 171 171 171 171 171 170 170 170 170 170 170 169 169 169 169 169 169 169 169 169 169 168 168 168 168 168 168 168 168 168 168 168 168 167 167 167 167 167 167 167 167 167 166 0 0 0 0 0 0 0 0 0 0 0 0 0 0 0 0 0 0 0 0 0 0 0 0 0 0 0 0 0 0 0 0 0 0 0 0 0 0 0 0 0 0 0 0 0 0 0 0 0 0 0 0 0 0 0 0 0 0 0 0 0 0 0 0 0 0 0 0 0 0 0 0 0 0 0 0 0 0 0 0 0 0 0 0 0 0 0 0 0 0 0 0 0 0 0 0 0 0 0 0 0 0 0 0 0 0 0 0 0 0 0 0 0 0 0 0 0 0 0 0 0 0 0 0 0 0 0 0 0 0 0 0 0 0 0 0 0 0 0 0 0 0 0 0 0 0 0 0 0 0 0 0 0 0 0 0 0 0 0 0 0 0 0 0 0 0 0 0 0 0 0 0 0 0 0 0 0 0 0 
0 0 0 0 0 0 0 0 0 0 0 0 0 0 0 0 0 0 0 0 0 0 0 0 0 0 0 0 0 0 0 0 0 0 0 0 0 162 162 163 163 163 163 163 163 163 163 164 164 164 164 164 164 164 164 164 165 165 165 165 165 165 165 166 166 166 166 166 166 166 166 166 167 167 167 167 167 167 167 167 168 168 168 168 168 168 168 168 168 169 169 169 169 169 169 169 169 169 169 169 170 170 170 170 170 170 170 170 170 170 171 171 171 171 171 171 171 171 171 171 171 171 172 172 172 172 172 172 172 172 172 172 172 172 172 173 173 173 173 173 173 173 173 173 173 173 173 173 173 173 173 173 173 174 174 174 174 174 174 174 174 174 174 174 174 174 174 174 174 174 174 174 174 174 174 174 174 174 174 174 174 174 175 175 175 175 175 175 175 175 175 175 175 175 175 175 175 175 175 175 175 175 175 175 175 175 175 175 175 175 174 174 174 174 174 174 174 174 174 174 174 174 174 174 174 174 174 174 173 173 173 173 173 173 173 173 173 173 173 173 173 173 174 174 174 174 174 174 174 174 173 173 173 173 173 173 173 173 173 173 173 173 173 173 173 173 172 172 172 172 172 172 172 172 172 172 171 171 171 171 171 171 171 171 171 171 171 170 170 170 170 170 169 169 169 169 169 169 169 169 169 169 168 168 168 168 168 168 168 168 168 168 168 167 167 167 167 167 167 167 167 167 166 166 166 166 166 0 0 0 0 0 0 0 0 0 0 0 0 0 0 0 0 0 0 0 0 0 0 0 0 0 0 0 0 0 0 0 0 0 0 0 0 0 0 0 0 0 0 0 0 0 0 0 0 0 0 0 0 0 0 0 0 0 0 0 0 0 0 0 0 0 0 0 0 0 0 0 0 0 0 0 0 0 0 0 0 0 0 0 0 0 0 0 0 0 0 0 0 0 0 0 0 0 0 0 0 0 0 0 0 0 0 0 0 0 0 0 0 0 0 0 0 0 0 0 0 0 0 0 0 0 0 0 0 0 0 0 0 0 0 0 0 0 0 0 0 0 0 0 0 0 0 0 0 0 0 0 0 0 0 0 0 0 0 0 0 0 0 0 0 0 0 0 0 0 0 0 0 0 0 0 0 
0 0 0 0 0 0 0 0 0 0 0 0 0 0 0 0 0 0 0 0 0 0 0 0 0 0 0 0 0 0 0 0 0 0 162 162 162 162 162 162 162 163 163 163 163 163 163 163 164 164 164 164 164 164 164 164 164 165 165 165 165 165 165 165 165 166 166 166 166 166 166 166 166 167 167 167 167 167 167 167 167 168 168 168 168 168 168 168 168 168 169 169 169 169 169 169 169 169 169 169 169 170 170 170 170 170 170 170 170 170 170 170 171 171 171 171 171 171 171 171 171 171 171 172 172 172 172 172 172 172 172 172 172 172 172 172 172 173 173 173 173 173 173 173 173 173 173 173 173 173 173 173 173 173 173 174 174 174 174 174 174 174 174 174 174 174 174 174 174 174 174 174 174 174 174 174 174 174 174 174 174 174 174 174 175 175 175 175 175 175 175 175 175 175 175 175 175 175 175 175 175 175 175 175 175 175 175 175 175 174 174 174 174 174 174 174 174 174 174 174 174 174 174 174 174 174 174 174 173 173 173 173 173 173 173 173 173 173 173 173 173 173 174 174 174 174 174 174 173 173 173 173 173 173 173 173 173 173 173 173 173 173 173 173 173 172 172 172 172 172 172 172 172 172 172 172 171 171 171 171 171 171 171 171 171 171 170 170 170 170 170 169 169 169 169 169 169 169 169 169 169 168 168 168 168 168 168 168 168 168 168 168 167 167 167 167 167 167 167 167 167 166 166 166 166 166 166 166 0 0 0 0 0 0 0 0 0 0 0 0 0 0 0 0 0 0 0 0 0 0 0 0 0 0 0 0 0 0 0 0 0 0 0 0 0 0 0 0 0 0 0 0 0 0 0 0 0 0 0 0 0 0 0 0 0 0 0 0 0 0 0 0 0 0 0 0 0 0 0 0 0 0 0 0 0 0 0 0 0 0 0 0 0 0 0 0 0 0 0 0 0 0 0 0 0 0 0 0 0 0 0 0 0 0 0 0 0 0 0 0 0 0 0 0 0 0 0 0 0 0 0 0 0 0 0 0 0 0 0 0 0 0 0 0 0 0 0 0 0 0 0 0 0 0 0 0 0 0 0 0 0 0 0 0 0 0 0 0 0 0 0 0 0 0 0 0 0 0 0 0 0 0 0 
0 0 0 0 0 0 0 0 0 0 0 0 0 0 0 0 0 0 0 0 0 0 0 0 160 160 0 0 0 0 0 0 161 161 161 162 162 162 162 162 162 162 162 0 0 163 163 163 163 163 164 164 164 164 164 164 164 164 165 165 165 165 165 165 165 165 166 166 166 166 166 166 166 166 167 167 167 167 167 167 167 167 167 168 168 168 168 168 168 168 168 168 169 169 169 169 169 169 169 169 169 169 169 170 170 170 170 170 170 170 170 170 170 171 171 171 171 171 171 171 171 171 171 171 171 172 172 172 172 172 172 172 172 172 172 172 172 172 173 173 173 173 173 173 173 173 173 173 173 173 173 173 173 173 173 173 173 173 174 174 174 174 174 174 174 174 174 174 174 174 174 174 174 174 174 174 174 174 174 174 174 174 174 174 174 174 175 175 175 175 175 175 175 175 175 175 175 175 175 175 175 175 175 175 175 175 175 175 174 174 174 174 174 174 174 174 174 174 174 174 174 174 174 174 174 174 173 173 173 173 173 173 173 173 173 173 173 173 173 173 172 172 174 174 174 174 174 174 173 173 173 173 173 173 173 173 173 173 173 173 173 173 173 173 172 172 172 172 172 172 172 172 172 172 172 171 171 171 171 171 171 171 171 171 170 170 170 170 170 170 169 169 169 169 169 169 169 169 169 169 168 168 168 168 168 168 168 168 168 168 168 167 167 167 167 167 167 167 167 167 167 166 166 166 166 166 166 166 165 0 0 0 0 0 0 0 0 0 0 0 0 0 0 0 0 0 0 0 0 0 0 0 0 0 0 0 0 0 0 0 0 0 0 0 0 0 0 0 0 0 0 0 0 0 0 0 0 0 0 0 0 0 0 0 0 0 0 0 0 0 0 0 0 0 0 0 0 0 0 0 0 0 0 0 0 0 0 0 0 0 0 0 0 0 0 0 0 0 0 0 0 0 0 0 0 0 0 0 0 0 0 0 0 0 0 0 0 0 0 0 0 0 0 0 0 0 0 0 0 0 0 0 0 0 0 0 0 0 0 0 0 0 0 0 0 0 0 0 0 0 0 0 0 0 0 0 0 0 0 0 0 0 0 0 0 0 0 0 0 0 0 0 0 0 0 0 0 0 0 0 0 0 0 
0 0 0 0 0 0 0 0 0 0 0 0 0 0 0 0 0 0 0 0 0 0 160 160 160 160 160 0 0 0 0 0 161 161 161 161 162 162 162 162 162 0 0 0 0 0 163 163 163 163 163 163 0 164 164 164 164 164 164 165 165 165 165 165 165 165 165 166 166 166 166 166 166 166 166 167 167 167 167 167 167 167 167 167 168 168 168 168 168 168 168 168 168 168 169 169 169 169 169 169 169 169 169 169 170 170 170 170 170 170 170 170 170 170 170 171 171 171 171 171 171 171 171 171 171 171 172 172 172 172 172 172 172 172 172 172 172 172 172 172 173 173 173 173 173 173 173 173 173 173 173 173 173 173 173 173 173 173 174 174 174 174 174 174 174 174 174 174 174 174 174 174 174 174 174 174 174 174 174 174 174 174 174 174 174 174 174 175 175 175 175 175 175 175 175 175 175 175 175 175 175 175 175 175 175 175 175 174 174 174 174 174 174 174 174 174 174 174 174 174 174 174 174 174 174 173 173 173 173 173 173 173 173 173 173 173 173 173 173 172 172 172 174 174 174 174 174 174 173 173 173 173 173 173 173 173 173 173 173 173 173 172 172 172 172 172 172 172 172 172 172 172 172 172 171 171 171 171 171 171 171 171 171 171 170 170 170 170 170 169 169 169 169 169 169 169 169 169 168 168 168 168 168 168 168 168 168 168 168 167 167 167 167 167 167 167 167 167 167 167 166 166 166 166 166 166 166 165 165 0 0 0 0 0 0 0 0 0 0 0 0 0 0 0 0 0 0 0 0 0 0 0 0 0 0 0 0 0 0 0 0 0 0 0 0 0 0 0 0 0 0 0 0 0 0 0 0 0 0 0 0 0 0 0 0 0 0 0 0 0 0 0 0 0 0 0 0 0 0 0 0 0 0 0 0 0 0 0 0 0 0 0 0 0 0 0 0 0 0 0 0 0 0 0 0 0 0 0 0 0 0 0 0 0 0 0 0 0 0 0 0 0 0 0 0 0 0 0 0 0 0 0 0 0 0 0 0 0 0 0 0 0 0 0 0 0 0 0 0 0 0 0 0 0 0 0 0 0 0 0 0 0 0 0 0 0 0 0 0 0 0 0 0 0 0 0 0 0 0 0 0 0 0 
0 0 0 0 0 0 0 0 0 0 0 0 0 0 0 0 0 0 0 0 0 159 160 160 160 160 160 160 160 0 0 161 161 161 161 161 161 162 162 162 0 0 0 0 0 0 0 163 163 163 0 0 0 0 0 0 0 0 0 0 165 165 165 165 165 165 165 165 166 166 166 166 166 166 166 166 167 167 167 167 167 167 167 167 167 168 168 168 168 168 168 168 168 168 168 169 169 169 169 169 169 169 169 169 169 170 170 170 170 170 170 170 170 170 170 170 171 171 171 171 171 171 171 171 171 171 171 171 172 172 172 172 172 172 172 172 172 172 172 172 172 173 172 173 173 173 173 173 173 173 173 173 173 173 173 173 173 173 173 173 173 174 174 174 174 174 174 174 174 174 174 174 174 174 174 174 174 174 174 174 174 174 174 174 174 174 174 174 174 174 175 175 175 175 175 175 175 175 175 175 175 175 175 175 175 175 174 174 174 174 174 174 174 174 174 174 174 174 174 174 174 174 174 174 174 173 173 173 173 173 173 173 173 173 173 173 173 173 172 172 172 172 174 174 174 174 174 173 173 173 173 173 173 173 173 173 173 173 173 173 172 172 172 172 172 172 172 172 172 172 172 172 172 172 171 171 171 171 171 171 171 171 171 170 170 170 170 170 169 169 169 169 169 169 169 169 169 169 168 168 168 168 168 168 168 168 167 167 167 167 167 167 167 167 167 166 166 166 166 166 166 166 166 166 166 166 165 165 165 0 0 0 0 0 0 0 0 0 0 0 0 0 0 0 0 0 0 0 0 0 0 0 0 0 0 0 0 0 0 0 0 0 0 0 0 0 0 0 0 0 0 0 0 0 0 0 0 0 0 0 0 0 0 0 0 0 0 0 0 0 0 0 0 0 0 0 0 0 0 0 0 0 0 0 0 0 0 0 0 0 0 0 0 0 0 0 0 0 0 0 0 0 0 0 0 0 0 0 0 0 0 0 0 0 0 0 0 0 0 0 0 0 0 0 0 0 0 0 0 0 0 0 0 0 0 0 0 0 0 0 0 0 0 0 0 0 0 0 0 0 0 0 0 0 0 0 0 0 0 0 0 0 0 0 0 0 0 0 0 0 0 0 0 0 0 0 0 0 0 0 0 0 0 
0 0 0 0 0 0 0 0 0 0 0 0 0 0 0 0 0 0 0 0 0 159 159 160 160 160 160 160 160 160 160 161 161 161 161 161 161 0 0 0 0 0 0 0 0 0 0 0 0 0 0 0 0 0 0 0 0 0 0 0 0 0 165 165 165 165 165 165 165 166 166 166 166 166 166 166 166 166 167 167 167 167 167 167 167 167 168 168 168 168 168 168 168 168 168 168 169 169 169 169 169 169 169 169 169 169 170 170 170 170 170 170 170 170 170 170 170 170 171 171 171 171 171 171 171 171 171 171 171 172 172 172 172 172 172 172 172 172 172 172 172 172 172 172 172 173 173 173 173 173 173 173 173 173 173 173 173 173 173 173 173 173 173 173 174 174 174 174 174 174 174 174 174 174 174 174 174 174 174 174 174 174 174 174 174 174 174 174 174 174 174 174 175 175 175 175 175 175 175 175 175 175 175 175 175 174 174 174 174 174 174 174 174 174 174 174 174 174 174 174 174 174 174 174 173 173 173 173 173 173 173 173 173 173 173 173 173 172 172 172 172 172 174 174 174 173 173 173 173 173 173 173 173 173 173 173 173 172 172 172 172 172 172 172 172 172 172 172 172 172 172 172 172 171 171 171 171 171 171 171 171 171 170 170 170 170 170 170 169 169 169 169 169 169 169 169 169 168 168 168 168 168 168 168 168 168 167 167 167 167 167 167 167 167 167 166 166 166 166 166 166 166 166 166 166 166 165 165 165 0 0 0 0 0 0 0 0 0 0 0 0 0 0 0 0 0 0 0 0 0 0 0 0 0 0 0 0 0 0 0 0 0 0 0 0 0 0 0 0 0 0 0 0 0 0 0 0 0 0 0 0 0 0 0 0 0 0 0 0 0 0 0 0 0 0 0 0 0 0 0 0 0 0 0 0 0 0 0 0 0 0 0 0 0 0 0 0 0 0 0 0 0 0 0 0 0 0 0 0 0 0 0 0 0 0 0 0 0 0 0 0 0 0 0 0 0 0 0 0 0 0 0 0 0 0 0 0 0 0 0 0 0 0 0 0 0 0 0 0 0 0 0 0 0 0 0 0 0 0 0 0 0 0 0 0 0 0 0 0 0 0 0 0 0 0 0 0 0 0 0 0 0 0 
0 0 0 0 0 0 0 0 0 0 0 0 0 0 0 0 0 0 0 0 0 0 159 159 159 160 160 160 160 160 160 160 161 161 161 161 0 0 0 0 0 0 0 0 0 0 0 0 0 0 0 0 0 0 0 0 0 0 0 0 0 0 0 0 165 165 165 165 165 165 165 166 166 166 166 166 166 166 166 167 167 167 167 167 167 167 167 168 168 168 168 168 168 168 168 168 168 168 169 169 169 169 169 169 169 169 169 169 170 170 170 170 170 170 170 170 170 170 170 171 171 171 171 171 171 171 171 171 171 171 171 172 172 172 172 172 172 172 172 172 172 172 172 172 172 172 172 173 173 173 173 173 173 173 173 173 173 173 173 173 173 173 173 173 173 173 174 174 174 174 174 174 174 174 174 174 174 174 174 174 174 174 174 174 174 174 174 174 174 174 174 174 175 175 175 175 175 175 175 175 175 175 175 174 174 174 174 174 174 174 174 174 174 174 174 174 174 174 174 174 174 174 174 173 173 173 173 173 173 173 173 173 173 173 173 172 172 172 172 172 172 172 174 173 173 173 173 173 173 173 173 173 173 173 173 173 172 172 172 172 172 172 172 172 172 172 172 172 172 172 172 172 171 171 171 171 171 171 171 171 171 170 170 170 170 170 170 170 169 169 169 169 169 169 169 168 168 168 168 168 168 168 168 168 168 168 167 167 167 167 167 167 167 167 167 167 166 166 166 166 166 166 166 165 166 166 0 0 0 0 0 0 0 0 0 0 0 0 0 0 0 0 0 0 0 0 0 0 0 0 0 0 0 0 0 0 0 0 0 0 0 0 0 0 0 0 0 0 0 0 0 0 0 0 0 0 0 0 0 0 0 0 0 0 0 0 0 0 0 0 0 0 0 0 0 0 0 0 0 0 0 0 0 0 0 0 0 0 0 0 0 0 0 0 0 0 0 0 0 0 0 0 0 0 0 0 0 0 0 0 0 0 0 0 0 0 0 0 0 0 0 0 0 0 0 0 0 0 0 0 0 0 0 0 0 0 0 0 0 0 0 0 0 0 0 0 0 0 0 0 0 0 0 0 0 0 0 0 0 0 0 0 0 0 0 0 0 0 0 0 0 0 0 0 0 0 0 0 0 0 0 0 0 
0 0 0 0 0 0 0 0 0 0 0 0 0 0 0 0 0 0 0 0 0 0 0 159 159 159 160 160 160 160 160 160 160 0 0 0 0 0 0 0 0 0 0 0 0 0 0 0 0 0 0 0 0 0 0 0 0 0 0 0 0 0 0 0 0 0 165 165 165 165 165 165 166 166 166 166 166 166 166 166 167 167 167 167 167 167 167 167 168 168 168 168 168 168 168 168 168 168 168 169 169 169 169 169 169 169 169 169 169 169 170 170 170 170 170 170 170 170 170 170 171 171 171 171 171 171 171 171 171 171 171 171 172 172 172 172 172 172 172 172 172 172 172 172 172 172 172 172 173 173 173 173 173 173 173 173 173 173 173 173 173 173 173 173 173 173 173 174 174 174 174 174 174 174 174 174 174 174 174 174 174 174 174 174 174 174 174 174 174 174 174 174 175 175 175 175 175 175 175 175 174 175 174 174 174 174 174 174 174 174 174 174 174 174 174 174 174 174 174 174 174 174 173 173 173 173 173 173 173 173 173 173 173 173 173 172 172 172 172 172 172 172 173 173 173 173 173 173 173 173 173 173 173 173 173 172 172 172 172 172 172 172 172 172 172 172 172 172 172 171 171 171 171 171 171 171 171 171 171 171 170 170 170 170 170 170 170 170 169 169 169 169 169 169 168 168 168 168 168 168 168 168 168 168 168 168 167 167 167 167 167 167 167 167 167 166 166 166 166 166 166 166 166 0 0 0 0 0 0 0 0 0 0 0 0 0 0 0 0 0 0 0 0 0 0 0 0 0 0 0 0 0 0 0 0 0 0 0 0 0 0 0 0 0 0 0 0 0 0 0 0 0 0 0 0 0 0 0 0 0 0 0 0 0 0 0 0 0 0 0 0 0 0 0 0 0 0 0 0 0 0 0 0 0 0 0 0 0 0 0 0 0 0 0 0 0 0 0 0 0 0 0 0 0 0 0 0 0 0 0 0 0 0 0 0 0 0 0 0 0 0 0 0 0 0 0 0 0 0 0 0 0 0 0 0 0 0 0 0 0 0 0 0 0 0 0 0 0 0 0 0 0 0 0 0 0 0 0 0 0 0 0 0 0 0 0 0 0 0 0 0 0 0 0 0 0 0 0 0 0 0 0 0 
0 0 0 0 0 0 0 0 0 0 0 0 0 0 0 0 0 0 0 0 0 0 0 0 159 159 159 160 160 160 160 160 0 0 0 0 0 0 0 0 0 0 0 0 0 0 0 0 0 0 0 0 0 0 0 0 0 0 0 0 0 0 0 0 0 0 165 165 165 165 165 165 165 166 166 166 166 166 166 166 166 167 167 167 167 167 167 167 167 168 168 168 168 168 168 168 168 168 168 168 169 169 169 169 169 169 169 169 169 169 169 170 170 170 170 170 170 170 170 170 170 170 171 171 171 171 171 171 171 171 171 171 171 171 172 172 172 172 172 172 172 172 172 172 172 172 172 172 172 172 172 173 173 173 173 173 173 173 173 173 173 173 173 173 173 173 173 173 174 174 174 174 174 174 174 174 174 174 174 174 174 174 174 174 174 174 174 174 174 174 174 174 174 174 174 175 175 175 174 174 174 174 174 174 174 174 174 174 174 174 174 174 174 174 174 174 174 174 174 174 173 173 173 173 173 173 173 173 173 173 173 173 173 173 172 172 172 172 172 172 172 172 173 173 173 173 173 173 173 173 173 173 173 173 173 172 172 172 172 172 172 172 172 172 172 172 172 171 171 171 171 171 171 171 171 171 171 171 171 170 170 170 170 170 170 170 170 169 169 169 169 169 169 169 168 168 168 168 168 168 168 168 168 168 168 167 167 167 167 167 167 167 0 166 166 0 0 166 0 166 0 0 0 0 0 0 0 0 0 0 0 0 0 0 0 0 0 0 0 0 0 0 0 0 0 0 0 0 0 0 0 0 0 0 0 0 0 0 0 0 0 0 0 0 0 0 0 0 0 0 0 0 0 0 0 0 0 0 0 0 0 0 0 0 0 0 0 0 0 0 0 0 0 0 0 0 0 0 0 0 0 0 0 0 0 0 0 0 0 0 0 0 0 0 0 0 0 0 0 0 0 0 0 0 0 0 0 0 0 0 0 0 0 0 0 0 0 0 0 0 0 0 0 0 0 0 0 0 0 0 0 0 0 0 0 0 0 0 0 0 0 0 0 0 0 0 0 0 0 0 0 0 0 0 0 0 0 0 0 0 0 0 0 0 0 0 0 0 0 0 0 0 0 0 0 0 0 0 0 0 0 0 0 
0 0 0 0 0 0 0 0 0 0 0 0 0 0 0 0 0 0 0 0 0 0 0 0 159 159 159 159 160 160 0 0 0 0 0 0 0 0 0 0 0 0 0 0 0 0 0 0 0 0 0 0 0 0 0 0 0 0 0 0 0 0 0 0 0 164 165 165 165 165 165 165 165 165 166 166 166 166 166 166 166 166 167 167 167 167 167 167 167 167 167 168 168 168 168 168 168 168 168 168 168 168 169 169 169 169 169 169 169 169 169 169 169 170 170 170 170 170 170 170 170 170 170 171 171 171 171 171 171 171 171 171 171 171 171 171 172 172 172 172 172 172 172 172 172 172 172 172 172 172 172 172 172 173 173 173 173 173 173 173 173 173 173 173 173 173 173 173 173 173 173 174 174 174 174 174 174 174 174 174 174 174 174 174 174 174 174 174 174 174 174 174 174 174 174 174 174 174 174 174 174 174 174 174 174 174 174 174 174 174 174 174 174 174 174 174 174 174 174 173 173 173 173 173 173 173 173 173 173 173 173 173 173 173 172 172 172 172 172 172 172 172 173 173 173 173 173 173 173 173 173 173 173 173 172 172 172 172 172 172 172 172 172 172 172 171 171 171 171 171 171 171 171 171 171 171 171 171 171 170 170 170 170 170 170 170 170 169 169 169 169 169 169 168 168 168 168 168 168 168 168 168 168 168 167 167 0 0 0 0 0 0 0 0 0 0 0 0 0 0 0 0 0 0 0 0 0 0 0 0 0 0 0 0 0 0 0 0 0 0 0 0 0 0 0 0 0 0 0 0 0 0 0 0 0 0 0 0 0 0 0 0 0 0 0 0 0 0 0 0 0 0 0 0 0 0 0 0 0 0 0 0 0 0 0 0 0 0 0 0 0 0 0 0 0 0 0 0 0 0 0 0 0 0 0 0 0 0 0 0 0 0 0 0 0 0 0 0 0 0 0 0 0 0 0 0 0 0 0 0 0 0 0 0 0 0 0 0 0 0 0 0 0 0 0 0 0 0 0 0 0 0 0 0 0 0 0 0 0 0 0 0 0 0 0 0 0 0 0 0 0 0 0 0 0 0 0 0 0 0 0 0 0 0 0 0 0 0 0 0 0 0 0 0 0 0 0 0 0 0 0 0 0 
0 0 0 0 0 0 0 0 0 0 0 0 0 0 0 0 0 0 0 0 0 0 0 0 0 0 0 0 0 0 0 0 0 0 0 0 0 0 0 0 0 0 0 0 0 0 0 0 0 0 0 0 0 0 0 0 0 0 0 0 0 0 0 0 164 164 164 165 165 165 165 165 165 165 165 166 166 166 166 166 166 166 166 166 167 167 167 167 167 167 167 167 167 168 168 168 168 168 168 168 168 168 168 169 169 169 169 169 169 169 169 169 169 169 170 170 170 170 170 170 170 170 170 170 171 171 171 171 171 171 171 171 171 171 171 171 171 172 172 172 172 172 172 172 172 172 172 172 172 172 172 172 172 172 173 173 173 173 173 173 173 173 173 173 173 173 173 173 173 173 173 173 173 173 173 174 174 174 174 174 174 174 174 174 174 174 174 174 174 174 174 174 174 174 174 174 174 174 174 174 174 174 174 174 174 174 174 174 174 174 174 174 174 174 174 174 174 173 173 173 173 173 173 173 173 173 173 173 173 173 173 173 173 172 172 172 172 172 172 172 172 172 173 173 173 173 173 173 173 173 173 173 173 173 172 172 172 172 172 172 172 172 172 172 172 171 171 171 171 171 171 171 171 171 171 171 171 170 170 170 170 170 170 170 170 170 169 169 169 169 169 169 169 168 168 168 168 168 168 168 168 168 168 167 167 0 0 0 0 0 0 0 0 0 0 0 0 0 0 0 0 0 0 0 0 0 0 0 0 0 0 0 0 0 0 0 0 0 0 0 0 0 0 0 0 0 0 0 0 0 0 0 0 0 0 0 0 0 0 0 0 0 0 0 0 0 0 0 0 0 0 0 0 0 0 0 0 0 0 0 0 0 0 0 0 0 0 0 0 0 0 0 0 0 0 0 0 0 0 0 0 0 0 0 0 0 0 0 0 0 0 0 0 0 0 0 0 0 0 0 0 0 0 0 0 0 0 0 0 0 0 0 0 0 0 0 0 0 0 0 0 0 0 0 0 0 0 0 0 0 0 0 0 0 0 0 0 0 0 0 0 0 0 0 0 0 0 0 0 0 0 0 0 0 0 0 0 0 0 0 0 0 0 0 0 0 0 0 0 0 0 0 0 0 0 0 0 0 0 0 0 0 0 
0 0 0 0 0 0 0 0 0 0 0 0 0 0 0 0 0 0 0 0 0 0 0 0 0 0 0 0 0 0 0 0 0 0 0 0 0 0 0 0 0 0 0 0 0 0 0 0 0 0 0 0 0 0 0 0 0 0 0 0 0 0 0 0 164 164 164 164 165 165 165 165 165 165 165 165 166 166 166 166 166 166 166 166 166 167 167 167 167 167 167 167 167 167 168 168 168 168 168 168 168 168 168 168 169 169 169 169 169 169 169 169 169 169 169 170 170 170 170 170 170 170 170 170 170 170 171 171 171 171 171 171 171 171 171 171 171 171 171 172 172 172 172 172 172 172 172 172 172 172 172 172 172 172 172 172 173 173 173 173 173 173 173 173 173 173 173 173 173 173 173 173 173 173 173 173 173 173 174 174 174 174 174 174 174 174 174 174 174 174 174 174 174 174 174 174 174 174 174 174 174 174 174 174 174 174 174 174 174 174 173 173 173 173 173 173 173 173 173 173 173 173 173 173 173 173 173 173 173 173 173 173 172 172 172 172 172 172 172 172 172 172 173 173 173 173 173 173 173 173 173 173 172 172 172 172 172 172 172 172 172 172 172 172 171 171 171 171 171 171 171 171 171 171 171 171 170 170 170 170 170 170 170 170 170 170 169 169 169 169 169 169 168 168 168 168 168 168 168 168 168 168 167 167 167 0 0 0 0 0 0 0 0 0 0 0 0 0 0 0 0 0 0 0 0 0 0 0 0 0 0 0 0 0 0 0 0 0 0 0 0 0 0 0 0 0 0 0 0 0 0 0 0 0 0 0 0 0 0 0 0 0 0 0 0 0 0 0 0 0 0 0 0 0 0 0 0 0 0 0 0 0 0 0 0 0 0 0 0 0 0 0 0 0 0 0 0 0 0 0 0 0 0 0 0 0 0 0 0 0 0 0 0 0 0 0 0 0 0 0 0 0 0 0 0 0 0 0 0 0 0 0 0 0 0 0 0 0 0 0 0 0 0 0 0 0 0 0 0 0 0 0 0 0 0 0 0 0 0 0 0 0 0 0 0 0 0 0 0 0 0 0 0 0 0 0 0 0 0 0 0 0 0 0 0 0 0 0 0 0 0 0 0 0 0 0 0 0 0 0 0 0 0 
0 0 0 0 0 0 0 0 0 0 0 0 0 0 0 0 0 0 0 0 0 0 0 0 0 0 0 0 0 0 0 0 0 0 0 0 0 0 0 0 0 0 0 0 0 0 0 0 0 0 0 0 0 0 0 0 0 0 0 0 0 0 0 0 164 164 164 164 164 165 165 165 165 165 165 165 165 166 166 166 166 166 166 166 166 166 167 167 167 167 167 167 167 167 167 167 168 168 168 168 168 168 168 168 168 168 169 169 169 169 169 169 169 169 169 169 170 170 170 170 170 170 170 170 170 170 170 170 171 171 171 171 171 171 171 171 171 171 171 171 172 172 172 172 172 172 172 172 172 172 172 172 172 172 172 172 172 172 173 173 173 173 173 173 173 173 173 173 173 173 173 173 173 173 173 173 173 173 173 173 174 174 174 174 174 174 174 174 174 174 174 174 174 174 174 174 174 174 174 174 174 174 174 174 174 174 174 174 173 173 174 173 173 173 173 173 173 173 173 173 173 173 173 173 173 173 173 173 173 173 172 172 172 172 172 172 172 172 172 172 172 172 173 173 173 173 173 173 173 173 173 173 172 172 172 172 172 172 172 172 172 172 172 171 171 171 171 171 171 171 171 171 171 170 170 170 170 170 170 170 170 170 170 170 170 170 169 169 169 169 169 169 168 168 168 168 168 168 168 168 168 168 167 167 167 0 0 0 0 0 0 0 0 0 0 0 0 0 0 0 0 0 0 0 0 0 0 0 0 0 0 0 0 0 0 0 0 0 0 0 0 0 0 0 0 0 0 0 0 0 0 0 0 0 0 0 0 0 0 0 0 0 0 0 0 0 0 0 0 0 0 0 0 0 0 0 0 0 0 0 0 0 0 0 0 0 0 0 0 0 0 0 0 0 0 0 0 0 0 0 0 0 0 0 0 0 0 0 0 0 0 0 0 0 0 0 0 0 0 0 0 0 0 0 0 0 0 0 0 0 0 0 0 0 0 0 0 0 0 0 0 0 0 0 0 0 0 0 0 0 0 0 0 0 0 0 0 0 0 0 0 0 0 0 0 0 0 0 0 0 0 0 0 0 0 0 0 0 0 0 0 0 0 0 0 0 0 0 0 0 0 0 0 0 0 0 0 0 0 0 0 0 0 
0 0 0 0 0 0 0 0 0 0 0 0 0 0 0 0 0 0 0 0 0 0 0 0 0 0 0 0 0 0 0 0 0 0 0 0 0 0 0 0 0 0 0 0 0 0 0 0 0 0 0 0 0 0 0 0 0 0 0 0 0 0 0 0 164 164 164 164 164 164 164 165 165 165 165 165 165 165 165 166 166 166 166 166 166 166 166 167 167 167 167 167 167 167 167 167 167 168 168 168 168 168 168 168 168 168 168 169 169 169 169 169 169 169 169 169 169 170 170 170 170 170 170 170 170 170 170 170 170 170 171 171 171 171 171 171 171 171 171 171 171 172 171 171 172 172 172 172 172 172 172 172 172 172 172 172 172 172 172 172 173 173 173 173 173 173 173 173 173 173 173 173 173 173 173 173 173 173 173 173 173 174 174 174 174 174 174 174 174 174 174 174 174 174 174 174 174 174 174 174 174 174 174 174 174 174 173 173 173 173 174 173 173 173 173 173 173 173 173 173 173 173 173 173 173 173 173 173 173 172 172 172 172 172 172 172 172 172 172 172 172 171 173 173 173 173 173 173 173 173 172 172 172 172 172 172 172 172 172 172 172 172 171 171 171 171 171 171 171 171 171 170 170 170 170 170 170 170 170 170 170 170 170 170 169 169 169 169 169 169 169 169 168 168 168 168 168 168 168 168 168 167 167 167 167 0 0 0 0 0 0 0 0 0 0 0 0 0 0 0 0 0 0 0 0 0 0 0 0 0 0 0 0 0 0 0 0 0 0 0 0 0 0 0 0 0 0 0 0 0 0 0 0 0 0 0 0 0 0 0 0 0 0 0 0 0 0 0 0 0 0 0 0 0 0 0 0 0 0 0 0 0 0 0 0 0 0 0 0 0 0 0 0 0 0 0 0 0 0 0 0 0 0 0 0 0 0 0 0 0 0 0 0 0 0 0 0 0 0 0 0 0 0 0 0 0 0 0 0 0 0 0 0 0 0 0 0 0 0 0 0 0 0 0 0 0 0 0 0 0 0 0 0 0 0 0 0 0 0 0 0 0 0 0 0 0 0 0 0 0 0 0 0 0 0 0 0 0 0 0 0 0 0 0 0 0 0 0 0 0 0 0 0 0 0 0 0 0 0 0 0 0 0 
0 0 0 0 0 0 0 0 0 0 0 0 0 0 0 0 0 0 0 0 0 0 0 0 0 0 0 0 0 0 0 0 0 0 0 0 0 0 0 0 0 0 0 0 0 0 0 0 0 0 0 0 0 0 0 0 0 0 0 0 163 163 163 163 164 164 164 164 164 164 164 164 165 165 165 165 165 165 165 165 166 166 166 166 166 166 166 166 167 167 167 167 167 167 167 167 167 167 168 168 168 168 168 168 168 168 168 168 169 169 169 169 169 169 169 169 169 169 169 170 170 170 170 170 170 170 170 170 170 170 170 171 171 171 171 171 171 171 171 171 171 171 171 171 171 172 172 172 172 172 172 172 172 172 172 172 172 172 172 172 172 172 172 173 173 173 173 173 173 173 173 173 173 173 173 173 173 173 173 173 173 174 174 174 174 174 174 174 174 174 174 174 174 174 174 174 174 174 174 174 174 174 174 174 173 173 173 173 174 174 174 173 173 173 173 173 173 173 173 173 173 173 173 173 173 173 173 172 172 172 172 172 172 172 172 172 172 172 172 172 172 171 173 173 173 173 173 173 173 172 172 172 172 172 172 172 172 172 172 172 172 171 171 171 171 171 171 171 171 171 171 170 170 170 170 170 170 170 170 170 170 170 170 169 169 169 169 169 169 169 169 169 168 168 168 168 168 168 168 168 167 167 167 167 167 166 0 0 0 0 0 0 0 0 0 0 0 0 0 0 0 0 0 0 0 0 0 0 0 0 0 0 0 0 0 0 0 0 0 0 0 0 0 0 0 0 0 0 0 0 0 0 0 0 0 0 0 0 0 0 0 0 0 0 0 0 0 0 0 0 0 0 0 0 0 0 0 0 0 0 0 0 0 0 0 0 0 0 0 0 0 0 0 0 0 0 0 0 0 0 0 0 0 0 0 0 0 0 0 0 0 0 0 0 0 0 0 0 0 0 0 0 0 0 0 0 0 0 0 0 0 0 0 0 0 0 0 0 0 0 0 0 0 0 0 0 0 0 0 0 0 0 0 0 0 0 0 0 0 0 0 0 0 0 0 0 0 0 0 0 0 0 0 0 0 0 0 0 0 0 0 0 0 0 0 0 0 0 0 0 0 0 0 0 0 0 0 0 0 0 0 0 0 
0 0 0 0 0 0 0 0 0 0 0 0 0 0 0 0 0 0 0 0 0 0 0 0 0 0 0 0 0 0 0 0 0 0 0 0 0 0 0 0 0 0 0 0 0 0 0 0 0 0 0 0 0 0 0 0 0 0 0 0 0 163 163 163 163 164 164 164 164 164 164 164 164 165 165 165 165 165 165 165 165 166 166 166 166 166 166 166 166 167 167 167 167 167 167 167 167 167 167 167 168 168 168 168 168 168 168 168 168 168 169 169 169 169 169 169 169 169 169 169 170 170 170 170 170 170 170 170 170 170 170 170 171 171 171 171 171 171 171 171 171 171 171 171 171 171 171 172 172 172 172 172 172 172 172 172 172 172 172 172 172 172 172 172 173 173 173 173 173 173 173 173 173 173 173 173 173 173 173 173 173 173 173 173 174 174 174 174 174 174 174 174 174 174 174 174 174 174 174 174 174 174 174 174 173 173 174 174 174 174 173 173 173 173 173 173 173 173 173 173 173 173 173 173 173 173 172 172 172 172 172 172 172 172 172 172 172 172 172 171 171 171 173 173 173 173 173 172 172 172 172 172 172 172 172 172 172 172 172 172 171 171 171 171 171 171 171 171 171 171 171 170 170 170 170 170 170 170 170 170 170 170 169 169 169 169 169 169 169 169 169 169 168 168 168 168 168 168 168 167 167 167 167 167 167 167 166 166 0 0 0 0 0 0 0 0 0 0 0 0 0 0 0 0 0 0 0 0 0 0 0 0 0 0 0 0 0 0 0 0 0 0 0 0 0 0 0 0 0 0 0 0 0 0 0 0 0 0 0 0 0 0 0 0 0 0 0 0 0 0 0 0 0 0 0 0 0 0 0 0 0 0 0 0 0 0 0 0 0 0 0 0 0 0 0 0 0 0 0 0 0 0 0 0 0 0 0 0 0 0 0 0 0 0 0 0 0 0 0 0 0 0 0 0 0 0 0 0 0 0 0 0 0 0 0 0 0 0 0 0 0 0 0 0 0 0 0 0 0 0 0 0 0 0 0 0 0 0 0 0 0 0 0 0 0 0 0 0 0 0 0 0 0 0 0 0 0 0 0 0 0 0 0 0 0 0 0 0 0 0 0 0 0 0 0 0 0 0 0 0 0 0 0 
0 0 0 0 0 0 0 0 0 0 0 0 0 0 0 0 0 0 0 0 0 0 0 0 0 0 0 0 0 0 0 0 0 0 0 0 0 0 0 0 0 0 0 0 0 0 0 0 0 0 0 0 0 0 0 0 0 0 0 163 163 163 163 163 163 163 164 164 164 164 164 164 164 164 165 165 165 165 165 165 165 165 166 166 166 166 166 166 166 166 167 167 167 167 167 167 167 167 167 167 167 168 168 168 168 168 168 168 168 168 168 168 169 169 169 169 169 169 169 169 169 169 170 170 170 170 170 170 170 170 170 170 170 170 171 171 171 171 171 171 171 171 171 171 171 171 171 171 171 171 172 172 172 172 172 172 172 172 172 172 172 172 172 172 172 172 173 173 173 173 173 173 173 173 173 173 173 173 173 173 173 173 173 173 173 173 173 173 173 174 174 174 174 174 174 174 174 174 174 174 174 174 174 174 173 173 174 174 173 173 173 173 173 173 173 173 173 173 173 173 173 173 173 173 172 172 172 172 172 172 172 172 172 172 172 172 172 172 172 171 171 171 173 173 173 173 173 172 172 172 172 172 172 172 172 172 172 172 172 172 171 171 171 171 171 171 171 171 171 171 171 170 170 170 170 170 170 170 170 170 169 169 169 169 169 169 169 169 169 169 169 169 168 168 168 168 168 168 167 167 167 167 167 167 167 167 166 166 0 0 0 0 0 0 0 0 0 0 0 0 0 0 0 0 0 0 0 0 0 0 0 0 0 0 0 0 0 0 0 0 0 0 0 0 0 0 0 0 0 0 0 0 0 0 0 0 0 0 0 0 0 0 0 0 0 0 0 0 0 0 0 0 0 0 0 0 0 0 0 0 0 0 0 0 0 0 0 0 0 0 0 0 0 0 0 0 0 0 0 0 0 0 0 0 0 0 0 0 0 0 0 0 0 0 0 0 0 0 0 0 0 0 0 0 0 0 0 0 0 0 0 0 0 0 0 0 0 0 0 0 0 0 0 0 0 0 0 0 0 0 0 0 0 0 0 0 0 0 0 0 0 0 0 0 0 0 0 0 0 0 0 0 0 0 0 0 0 0 0 0 0 0 0 0 0 0 0 0 0 0 0 0 0 0 0 0 0 0 0 0 0 0 0 
0 0 0 0 0 0 0 0 0 0 0 0 0 0 0 0 0 0 0 0 0 0 0 0 0 0 0 0 0 0 0 0 0 0 0 0 0 0 0 0 0 0 0 0 0 0 0 0 0 0 0 0 0 0 0 0 0 0 0 0 163 163 163 163 163 163 163 164 164 164 164 164 164 164 164 165 165 165 165 165 165 165 165 166 166 166 166 166 166 166 166 166 166 167 167 167 167 167 167 167 167 167 167 168 168 168 168 168 168 168 168 168 168 169 169 169 169 169 169 169 169 169 169 169 170 170 170 170 170 170 170 170 170 170 170 171 171 171 171 171 171 171 171 171 171 171 171 171 171 171 171 171 172 172 172 172 172 172 172 172 172 172 172 172 172 172 172 172 173 173 173 173 173 173 173 173 173 173 173 173 173 173 173 173 173 173 173 173 173 173 174 174 174 174 174 174 174 174 174 174 174 174 174 174 173 173 173 174 173 173 173 173 173 173 173 172 173 173 173 173 173 173 173 172 172 172 172 172 172 172 172 172 172 172 172 172 172 171 171 171 171 171 173 173 173 173 172 172 172 172 172 172 172 172 172 172 172 172 171 171 171 171 171 171 171 171 171 171 171 170 170 170 170 170 170 170 170 170 170 169 169 169 169 169 169 169 169 169 169 169 169 168 168 168 168 168 168 168 167 167 167 167 166 166 166 166 166 166 166 0 0 0 0 0 0 0 0 0 0 0 0 0 0 0 0 0 0 0 0 0 0 0 0 0 0 0 0 0 0 0 0 0 0 0 0 0 0 0 0 0 0 0 0 0 0 0 0 0 0 0 0 0 0 0 0 0 0 0 0 0 0 0 0 0 0 0 0 0 0 0 0 0 0 0 0 0 0 0 0 0 0 0 0 0 0 0 0 0 0 0 0 0 0 0 0 0 0 0 0 0 0 0 0 0 0 0 0 0 0 0 0 0 0 0 0 0 0 0 0 0 0 0 0 0 0 0 0 0 0 0 0 0 0 0 0 0 0 0 0 0 0 0 0 0 0 0 0 0 0 0 0 0 0 0 0 0 0 0 0 0 0 0 0 0 0 0 0 0 0 0 0 0 0 0 0 0 0 0 0 0 0 0 0 0 0 0 0 0 0 0 0 0 0 
0 0 0 0 0 0 0 0 0 0 0 0 0 0 0 0 0 0 0 0 0 0 0 0 0 0 0 0 0 0 0 0 0 0 0 0 0 0 0 0 0 0 0 0 0 0 0 0 0 0 0 0 0 0 0 0 0 0 162 162 162 163 163 163 163 163 163 163 164 164 164 164 164 164 164 164 165 165 165 165 165 165 165 165 166 166 166 166 166 166 166 166 166 166 167 167 167 167 167 167 167 167 167 167 168 168 168 168 168 168 168 168 168 168 169 169 169 169 169 169 169 169 169 169 169 170 170 170 170 170 170 170 170 170 170 170 171 171 171 171 171 171 171 171 171 171 171 171 171 171 171 171 171 171 172 172 172 172 172 172 172 172 172 172 172 172 172 172 172 172 172 173 173 173 173 173 173 173 173 173 173 173 173 173 173 173 173 173 173 173 173 173 173 173 174 174 174 174 173 174 174 174 173 174 174 173 173 173 173 173 173 173 173 173 172 172 172 172 173 173 173 173 172 172 172 172 172 172 172 172 172 172 172 172 172 172 171 171 171 171 171 171 173 173 172 172 172 172 172 172 172 172 172 172 172 172 172 172 171 171 171 171 171 171 171 171 171 171 170 170 170 170 170 170 170 170 170 170 170 169 169 169 169 169 169 169 169 169 169 169 168 168 168 168 168 168 168 167 167 167 167 166 166 166 166 166 166 166 166 0 0 0 0 0 0 0 0 0 0 0 0 0 0 0 0 0 0 0 0 0 0 0 0 0 0 0 0 0 0 0 0 0 0 0 0 0 0 0 0 0 0 0 0 0 0 0 0 0 0 0 0 0 0 0 0 0 0 0 0 0 0 0 0 0 0 0 0 0 0 0 0 0 0 0 0 0 0 0 0 0 0 0 0 0 0 0 0 0 0 0 0 0 0 0 0 0 0 0 0 0 0 0 0 0 0 0 0 0 0 0 0 0 0 0 0 0 0 0 0 0 0 0 0 0 0 0 0 0 0 0 0 0 0 0 0 0 0 0 0 0 0 0 0 0 0 0 0 0 0 0 0 0 0 0 0 0 0 0 0 0 0 0 0 0 0 0 0 0 0 0 0 0 0 0 0 0 0 0 0 0 0 0 0 0 0 0 0 0 0 0 0 0 0 
0 0 0 0 0 0 0 0 0 0 0 0 0 0 0 0 0 0 0 0 0 0 0 0 0 0 0 0 0 0 0 0 0 0 0 0 0 0 0 0 0 0 0 0 0 0 0 0 0 0 0 0 0 0 0 0 0 0 0 0 0 162 163 163 163 163 163 163 163 164 164 164 164 164 164 164 164 165 165 165 165 165 165 165 165 166 166 166 166 166 166 166 166 166 166 166 167 167 167 167 167 167 167 167 167 167 168 168 168 168 168 168 168 168 168 168 169 169 169 169 169 169 169 169 169 169 169 170 170 170 170 170 170 170 170 170 170 170 171 171 171 171 171 171 171 171 171 171 171 171 171 171 171 171 171 171 172 172 172 172 172 172 172 172 172 172 172 172 172 172 172 172 172 172 173 173 173 173 173 173 173 173 173 173 173 173 173 173 173 173 173 173 173 173 173 173 174 173 173 173 173 173 173 173 173 173 173 173 173 173 173 173 173 173 173 172 172 172 172 173 172 172 172 172 172 172 172 172 172 172 172 172 172 172 172 171 171 171 171 171 171 171 173 172 172 172 172 172 172 172 172 172 172 172 172 172 172 171 171 171 171 171 171 171 171 171 171 170 170 170 170 170 170 170 170 170 170 170 170 169 169 169 169 169 169 169 169 169 169 169 168 168 168 168 168 168 167 167 167 167 166 166 166 166 166 166 166 166 165 165 0 0 0 0 0 0 0 0 0 0 0 0 0 0 0 0 0 0 0 0 0 0 0 0 0 0 0 0 0 0 0 0 0 0 0 0 0 0 0 0 0 0 0 0 0 0 0 0 0 0 0 0 0 0 0 0 0 0 0 0 0 0 0 0 0 0 0 0 0 0 0 0 0 0 0 0 0 0 0 0 0 0 0 0 0 0 0 0 0 0 0 0 0 0 0 0 0 0 0 0 0 0 0 0 0 0 0 0 0 0 0 0 0 0 0 0 0 0 0 0 0 0 0 0 0 0 0 0 0 0 0 0 0 0 0 0 0 0 0 0 0 0 0 0 0 0 0 0 0 0 0 0 0 0 0 0 0 0 0 0 0 0 0 0 0 0 0 0 0 0 0 0 0 0 0 0 0 0 0 0 0 0 0 0 0 0 0 0 0 0 0 0 0 
0 0 0 0 0 0 0 0 0 0 0 0 0 0 0 0 0 0 0 0 0 0 0 0 0 0 0 0 0 0 0 0 0 0 0 0 0 0 0 0 0 0 0 0 0 0 0 0 0 0 0 0 0 0 0 0 0 0 162 162 162 162 162 163 163 163 163 163 163 163 164 164 164 164 164 164 164 164 165 165 165 165 165 165 165 165 165 166 166 166 166 166 166 166 166 166 166 167 167 167 167 167 167 167 167 167 167 168 168 168 168 168 168 168 168 168 168 169 169 169 169 169 169 169 169 169 169 169 170 170 170 170 170 170 170 170 170 170 170 170 171 171 170 171 171 171 171 171 171 171 171 171 171 171 171 171 171 171 172 172 172 172 172 172 172 172 172 172 172 172 172 172 172 172 172 172 173 173 173 173 173 173 173 173 173 173 173 173 173 173 173 173 173 173 173 173 173 173 173 173 173 173 173 173 173 173 173 173 173 173 173 173 173 173 172 172 172 172 172 172 172 172 172 172 172 172 172 172 172 172 172 172 172 171 171 171 171 171 171 171 171 171 172 172 172 172 172 172 172 172 172 172 172 172 172 171 171 171 171 171 171 171 171 171 171 171 170 170 170 170 170 170 170 170 170 170 170 170 169 169 169 169 169 169 169 169 169 169 169 168 168 168 168 168 167 167 167 167 167 167 166 167 166 166 166 166 166 165 165 165 165 165 165 165 165 164 164 164 164 164 164 164 164 164 164 164 164 163 0 0 0 0 0 0 0 0 0 0 0 0 0 0 0 0 0 0 0 0 0 0 0 0 0 0 0 0 0 0 0 0 0 0 0 0 0 0 0 0 0 0 0 0 0 0 0 0 0 0 0 0 0 0 0 0 0 0 0 0 0 0 0 0 0 0 0 0 0 0 0 0 0 0 0 0 0 0 0 0 0 0 0 0 0 0 0 0 0 0 0 0 0 0 0 0 0 0 0 0 0 0 0 0 0 0 0 0 0 0 0 0 0 0 0 0 0 0 0 0 0 0 0 0 0 0 0 0 0 0 0 0 0 0 0 0 0 0 0 0 0 0 0 0 0 0 0 0 0 0 0 0 0 0 0 0 0 0 0 0 0 0 0 0 0 0 0 0 0 0 0 0 0 0 0 
0 0 0 0 0 0 0 0 0 0 0 0 0 0 0 0 0 0 0 0 0 0 0 0 0 0 0 0 0 0 0 0 0 0 0 0 0 0 0 0 0 0 0 0 0 0 0 0 0 0 0 0 0 0 0 0 0 0 0 0 0 162 162 162 163 163 163 163 163 163 163 163 164 164 164 164 164 164 164 165 165 165 165 165 165 165 165 165 166 166 166 166 166 166 166 166 166 166 167 167 167 167 167 167 167 167 167 167 167 168 168 168 168 168 168 168 168 168 169 169 169 169 169 169 169 169 169 169 169 169 170 170 170 170 170 170 170 170 170 170 170 171 170 170 170 171 171 171 171 171 171 171 171 171 171 171 171 171 171 171 172 172 172 172 172 172 172 172 172 172 172 172 172 172 172 172 172 173 173 173 173 173 173 173 173 173 173 173 173 173 173 173 173 173 173 173 173 173 173 173 173 173 173 173 173 173 173 173 173 173 173 173 172 172 172 172 172 172 172 172 172 172 172 172 172 172 172 172 172 172 172 171 171 171 171 171 171 171 171 171 171 171 172 172 172 172 172 172 172 172 172 172 172 171 171 171 171 171 171 171 171 171 171 171 171 170 170 170 170 170 170 170 170 170 170 170 170 169 169 169 169 169 169 169 169 169 169 169 168 168 168 168 168 167 167 167 167 167 167 166 167 167 166 166 166 166 166 165 165 165 165 165 165 165 165 165 165 165 164 164 164 164 164 164 164 164 164 163 163 163 163 0 0 0 0 0 0 0 0 0 0 0 0 0 0 0 0 0 0 0 0 0 0 0 0 0 0 0 0 0 0 0 0 0 0 0 0 0 0 0 0 0 0 0 0 0 0 0 0 0 0 0 0 0 0 0 0 0 0 0 0 0 0 0 0 0 0 0 0 0 0 0 0 0 0 0 0 0 0 0 0 0 0 0 0 0 0 0 0 0 0 0 0 0 0 0 0 0 0 0 0 0 0 0 0 0 0 0 0 0 0 0 0 0 0 0 0 0 0 0 0 0 0 0 0 0 0 0 0 0 0 0 0 0 0 0 0 0 0 0 0 0 0 0 0 0 0 0 0 0 0 0 0 0 0 0 0 0 0 0 0 0 0 0 0 0 0 0 0 0 0 0 0 
0 0 0 0 0 0 0 0 0 0 0 0 0 0 0 0 0 0 0 0 0 0 0 0 0 0 0 0 0 0 0 0 0 0 0 0 0 0 0 0 0 0 0 0 0 0 0 0 0 0 0 0 0 0 0 0 0 0 0 0 162 162 162 162 162 163 163 163 163 163 163 163 163 164 164 164 164 164 164 164 164 165 165 165 165 165 165 165 165 166 166 166 166 166 166 166 166 166 166 166 167 167 167 167 167 167 167 167 167 167 168 168 168 168 168 168 168 168 168 168 169 169 169 169 169 169 169 169 169 169 169 170 170 170 170 170 170 170 170 170 170 170 170 170 170 170 170 171 171 171 171 171 171 171 171 171 171 171 171 171 171 171 172 172 172 172 172 172 172 172 172 172 172 172 172 172 172 172 172 172 172 173 173 173 173 173 173 173 173 172 172 172 173 173 173 173 173 173 173 173 173 173 173 173 173 173 173 173 172 172 172 172 172 172 172 172 172 172 172 172 172 172 172 172 172 172 172 172 172 171 171 171 171 171 171 171 171 171 171 171 171 171 172 172 172 172 172 172 172 172 172 171 171 171 171 171 171 171 171 171 171 171 171 171 171 170 170 170 170 170 170 170 170 170 170 170 169 169 169 169 169 169 169 169 169 169 168 168 168 168 168 168 167 167 167 167 167 167 167 167 167 167 167 166 166 166 166 165 165 165 165 165 165 165 165 165 165 165 164 164 164 164 164 164 164 164 164 163 163 163 163 163 163 0 0 0 0 0 0 0 0 0 0 0 0 0 0 0 0 0 0 0 0 0 0 0 0 0 0 0 0 0 0 0 0 0 0 0 0 0 0 0 0 0 0 0 0 0 0 0 0 0 0 0 0 0 0 0 0 0 0 0 0 0 0 0 0 0 0 0 0 0 0 0 0 0 0 0 0 0 0 0 0 0 0 0 0 0 0 0 0 0 0 0 0 0 0 0 0 0 0 0 0 0 0 0 0 0 0 0 0 0 0 0 0 0 0 0 0 0 0 0 0 0 0 0 0 0 0 0 0 0 0 0 0 0 0 0 0 0 0 0 0 0 0 0 0 0 0 0 0 0 0 0 0 0 0 0 0 0 0 0 0 0 0 0 0 0 0 0 0 0 0 
0 0 0 0 0 0 0 0 0 0 0 0 0 0 0 0 0 0 0 0 0 0 0 0 0 0 0 0 0 0 0 0 0 0 0 0 0 0 0 0 0 0 0 0 0 0 0 0 0 0 0 0 0 0 0 0 0 0 0 0 0 162 162 162 162 162 163 163 163 163 163 163 163 163 164 164 164 164 164 164 164 164 165 165 165 165 165 165 165 165 166 166 166 166 166 166 166 166 166 166 166 167 167 167 167 167 167 167 167 167 167 168 168 168 168 168 168 168 168 168 168 169 169 169 169 169 169 169 169 169 169 169 170 170 170 170 170 170 170 170 170 170 170 170 170 170 170 170 171 171 171 171 171 171 171 171 171 171 171 171 171 171 171 171 171 172 172 172 172 172 172 172 172 172 172 172 172 172 172 172 172 172 172 172 172 172 172 172 172 172 172 172 173 173 173 173 173 173 173 173 173 173 173 173 173 173 172 172 172 172 172 172 172 172 172 172 172 172 172 171 171 171 172 172 172 172 172 172 171 171 171 171 171 171 171 171 171 171 171 171 171 171 172 172 172 172 172 172 172 172 171 171 171 171 171 171 171 171 171 171 171 171 171 170 170 170 170 170 170 170 170 170 170 170 170 169 169 169 169 169 169 169 169 169 168 168 168 168 168 168 168 168 167 167 167 167 167 167 167 167 166 167 167 166 166 166 165 165 165 165 165 165 165 165 165 165 165 164 164 164 164 164 164 164 164 164 163 163 163 163 163 163 163 162 0 0 0 0 0 0 0 0 0 0 0 0 0 0 0 0 0 0 0 0 0 0 0 0 0 0 0 0 0 0 0 0 0 0 0 0 0 0 0 0 0 0 0 0 0 0 0 0 0 0 0 0 0 0 0 0 0 0 0 0 0 0 0 0 0 0 0 0 0 0 0 0 0 0 0 0 0 0 0 0 0 0 0 0 0 0 0 0 0 0 0 0 0 0 0 0 0 0 0 0 0 0 0 0 0 0 0 0 0 0 0 0 0 0 0 0 0 0 0 0 0 0 0 0 0 0 0 0 0 0 0 0 0 0 0 0 0 0 0 0 0 0 0 0 0 0 0 0 0 0 0 0 0 0 0 0 0 0 0 0 0 0 0 0 0 0 0 0 0 
0 0 0 0 0 0 0 0 0 0 0 0 0 0 0 0 0 0 0 0 0 0 0 0 0 0 0 0 0 0 0 0 0 0 0 0 0 0 0 0 0 0 0 0 0 0 0 0 0 0 0 0 0 0 0 0 0 0 0 161 162 162 162 162 162 162 162 163 163 163 163 163 163 163 163 164 164 164 164 164 164 164 164 165 165 165 165 165 165 165 165 166 165 166 166 166 166 166 166 166 166 166 166 167 167 167 167 167 167 167 167 167 167 168 168 168 168 168 168 168 168 168 168 169 169 169 169 169 169 169 169 169 169 169 170 170 170 170 170 170 170 170 170 170 170 170 170 170 170 170 171 171 171 171 171 171 171 171 171 171 171 171 171 171 171 171 171 172 172 172 172 172 172 172 172 172 172 172 172 172 172 172 172 172 172 172 172 172 172 172 172 172 173 172 172 172 173 173 173 173 173 173 173 173 173 172 172 172 172 172 172 172 172 172 172 172 172 172 172 171 171 171 171 171 171 171 171 171 171 171 171 171 171 171 171 171 171 171 171 171 170 170 172 172 172 172 172 172 172 171 171 171 171 171 171 171 171 171 171 171 171 171 170 170 170 170 170 170 170 170 170 170 170 170 169 169 169 169 169 169 169 169 169 168 168 168 168 168 168 168 168 168 167 167 167 167 167 167 167 166 166 166 166 166 166 166 165 165 165 165 165 165 165 165 165 164 164 164 164 164 164 163 163 163 163 163 163 163 163 163 163 163 163 162 162 0 0 0 0 0 0 0 0 0 0 0 0 0 0 0 0 0 0 0 0 0 0 0 0 0 0 0 0 0 0 0 0 0 0 0 0 0 0 0 0 0 0 0 0 0 0 0 0 0 0 0 0 0 0 0 0 0 0 0 0 0 0 0 0 0 0 0 0 0 0 0 0 0 0 0 0 0 0 0 0 0 0 0 0 0 0 0 0 0 0 0 0 0 0 0 0 0 0 0 0 0 0 0 0 0 0 0 0 0 0 0 0 0 0 0 0 0 0 0 0 0 0 0 0 0 0 0 0 0 0 0 0 0 0 0 0 0 0 0 0 0 0 0 0 0 0 0 0 0 0 0 0 0 0 0 0 0 0 0 0 0 0 0 0 0 0 0 0 
0 0 0 0 0 0 0 0 0 0 0 0 0 0 0 0 0 0 0 0 0 0 0 0 0 0 0 0 0 0 0 0 0 0 0 0 0 0 0 0 0 0 0 0 0 0 0 0 0 0 0 0 0 0 0 0 0 0 161 161 161 162 162 162 162 162 162 162 163 163 163 163 163 163 163 163 164 164 164 164 164 164 164 164 165 165 165 165 165 165 165 165 165 165 166 166 166 166 166 166 166 166 166 166 167 167 167 167 167 167 167 167 167 167 168 168 168 168 168 168 168 168 168 168 169 169 169 169 169 169 169 169 169 169 169 169 170 170 170 170 170 170 170 170 170 170 170 170 170 170 170 170 171 171 171 171 171 171 171 171 171 171 171 171 171 171 171 171 171 171 172 172 172 172 172 172 172 172 172 172 172 172 172 172 172 172 172 172 172 172 172 172 173 172 172 172 172 172 172 172 172 172 172 173 172 172 172 172 172 172 172 172 172 172 171 171 171 171 172 172 172 171 171 171 171 171 171 171 171 171 171 171 171 171 171 171 171 171 170 170 170 170 172 172 172 172 172 172 171 171 171 171 171 171 171 171 171 171 171 171 171 170 170 170 170 170 170 170 170 170 170 170 169 169 169 169 169 169 169 169 169 169 168 168 168 168 168 168 168 168 168 168 167 167 167 167 167 167 166 166 166 166 166 166 166 166 166 165 165 165 165 165 164 164 164 164 164 164 164 164 164 163 163 163 163 163 163 163 163 163 163 163 162 162 162 0 0 0 0 0 0 0 0 0 0 0 0 0 0 0 0 0 0 0 0 0 0 0 0 0 0 0 0 0 0 0 0 0 0 0 0 0 0 0 0 0 0 0 0 0 0 0 0 0 0 0 0 0 0 0 0 0 0 0 0 0 0 0 0 0 0 0 0 0 0 0 0 0 0 0 0 0 0 0 0 0 0 0 0 0 0 0 0 0 0 0 0 0 0 0 0 0 0 0 0 0 0 0 0 0 0 0 0 0 0 0 0 0 0 0 0 0 0 0 0 0 0 0 0 0 0 0 0 0 0 0 0 0 0 0 0 0 0 0 0 0 0 0 0 0 0 0 0 0 0 0 0 0 0 0 0 0 0 0 0 0 0 0 0 0 0 0 0 
0 0 0 0 0 0 0 0 0 0 0 0 0 0 0 0 0 0 0 0 0 0 0 0 0 0 0 0 0 0 0 0 0 0 0 0 0 0 0 0 0 0 0 0 0 0 0 0 0 0 0 0 0 0 0 0 0 0 0 0 161 161 162 162 162 162 162 162 162 163 163 163 163 163 163 163 163 164 164 164 164 164 164 164 164 165 165 165 165 165 165 165 165 165 165 166 166 166 166 166 166 166 166 166 166 167 167 167 167 167 167 167 167 167 167 167 168 168 168 168 168 168 168 168 168 169 169 169 169 169 169 169 169 169 169 169 169 170 170 170 170 170 170 170 170 170 170 170 170 170 170 170 170 170 171 171 171 171 171 171 171 171 171 171 171 171 171 171 171 171 171 172 172 172 172 172 172 172 172 172 172 172 172 172 172 172 172 172 172 172 172 172 172 172 172 172 172 172 172 172 172 172 172 172 172 172 172 172 172 172 172 172 172 172 171 171 171 171 171 171 171 172 171 171 171 171 171 171 171 171 171 171 171 171 171 171 171 170 170 170 170 170 172 172 172 172 171 171 171 171 171 171 171 171 171 171 171 171 171 170 170 170 170 170 170 170 170 170 170 170 170 169 169 169 169 169 169 169 169 169 169 168 168 168 168 168 168 168 168 168 168 167 167 167 167 167 167 167 166 166 166 166 166 166 166 166 165 165 165 165 165 164 164 164 164 164 164 164 164 164 164 163 163 163 163 163 163 163 163 163 163 163 162 162 162 0 0 0 0 0 0 0 0 0 0 0 0 0 0 0 0 0 0 0 0 0 0 0 0 0 0 0 0 0 0 0 0 0 0 0 0 0 0 0 0 0 0 0 0 0 0 0 0 0 0 0 0 0 0 0 0 0 0 0 0 0 0 0 0 0 0 0 0 0 0 0 0 0 0 0 0 0 0 0 0 0 0 0 0 0 0 0 0 0 0 0 0 0 0 0 0 0 0 0 0 0 0 0 0 0 0 0 0 0 0 0 0 0 0 0 0 0 0 0 0 0 0 0 0 0 0 0 0 0 0 0 0 0 0 0 0 0 0 0 0 0 0 0 0 0 0 0 0 0 0 0 0 0 0 0 0 0 0 0 0 0 0 0 0 0 0 0 0 
0 0 0 0 0 0 0 0 0 0 0 0 0 0 0 0 0 0 0 0 0 0 0 0 0 0 0 0 0 0 0 0 0 0 0 0 0 0 0 0 0 0 0 0 0 0 0 0 0 0 0 0 0 0 0 0 0 0 161 161 161 161 161 162 162 162 162 162 162 162 163 163 163 163 163 163 163 163 164 164 164 164 164 164 164 164 165 165 165 165 165 165 165 165 165 165 165 165 166 166 166 166 166 166 166 166 166 167 167 167 167 167 167 167 167 167 167 167 168 168 168 168 168 168 168 168 168 169 169 169 169 169 169 169 169 169 169 169 170 170 170 170 170 170 170 170 170 170 170 170 170 170 170 170 170 170 170 171 171 171 171 171 171 171 171 171 171 171 171 171 171 171 171 171 172 172 172 172 171 171 172 172 172 172 172 172 172 172 172 172 172 172 172 172 172 172 172 172 172 172 172 172 172 172 171 171 171 172 172 172 172 172 172 172 171 172 171 171 171 171 171 171 171 171 170 171 171 171 171 171 171 171 171 171 171 170 170 170 170 170 170 170 172 172 172 171 171 171 171 171 171 171 171 171 171 171 171 171 171 170 170 170 170 170 170 170 170 170 170 170 169 169 169 169 169 169 169 169 169 169 169 168 168 168 168 168 168 168 168 167 167 167 167 167 167 167 167 167 166 166 166 166 166 166 165 165 165 165 165 165 165 165 164 164 164 164 164 164 164 164 164 163 163 163 163 163 163 163 163 163 163 162 162 162 162 162 0 0 0 0 0 0 0 0 0 0 0 0 0 0 0 0 0 0 0 0 0 0 0 0 0 0 0 0 0 0 0 0 0 0 0 0 0 0 0 0 0 0 0 0 0 0 0 0 0 0 0 0 0 0 0 0 0 0 0 0 0 0 0 0 0 0 0 0 0 0 0 0 0 0 0 0 0 0 0 0 0 0 0 0 0 0 0 0 0 0 0 0 0 0 0 0 0 0 0 146 146 146 146 0 0 0 0 0 0 0 0 0 0 0 0 0 0 0 0 0 0 0 0 0 0 0 0 0 0 0 0 0 0 0 0 0 0 0 0 0 0 0 0 0 0 0 0 0 0 0 0 0 0 0 0 0 0 0 0 0 0 0 0 0 0 0 0 
0 0 0 0 0 0 0 0 0 0 0 0 0 0 0 0 0 0 0 0 0 0 0 0 0 0 0 0 0 0 0 0 0 0 0 0 0 0 0 0 0 0 0 0 0 0 0 0 0 0 0 0 0 0 0 0 0 0 0 161 161 161 161 161 162 162 162 162 162 162 162 163 163 163 163 163 163 163 163 164 164 164 164 164 164 164 164 164 165 165 165 165 165 165 165 165 165 165 165 166 166 166 166 166 166 166 166 166 167 167 167 167 167 167 167 167 167 167 167 167 167 168 168 168 168 168 168 168 168 169 169 169 169 169 169 169 169 169 169 169 170 170 169 170 170 170 170 170 170 170 170 170 170 170 170 170 170 170 170 170 171 171 171 171 171 171 171 171 171 171 171 171 171 171 171 171 171 171 171 171 171 171 171 171 172 172 172 172 172 172 172 172 172 172 172 172 172 172 172 172 172 172 172 172 172 171 171 171 171 171 171 171 171 172 171 172 172 171 171 171 171 171 171 171 170 170 170 171 171 171 171 171 171 171 170 170 170 170 170 170 170 170 172 172 171 171 171 171 171 171 171 171 171 171 171 171 171 170 170 170 170 170 170 170 170 170 170 170 170 169 169 169 169 169 169 169 169 169 169 169 169 168 168 168 168 168 168 167 167 167 167 167 167 167 167 167 167 166 166 166 166 166 166 166 166 165 165 165 165 165 165 165 165 164 164 164 164 164 164 164 164 163 163 163 163 163 163 163 162 162 162 162 162 162 162 162 0 0 0 0 0 0 0 0 0 0 0 0 0 0 0 0 0 0 0 0 0 0 0 0 0 0 0 0 0 0 0 0 0 0 0 0 0 0 0 0 0 0 0 0 0 0 0 0 0 0 0 0 0 0 0 0 0 0 0 0 0 0 0 0 0 0 0 0 0 0 0 0 0 0 0 0 0 0 0 0 0 0 0 0 0 0 0 0 0 0 0 0 0 0 0 0 147 147 147 147 147 147 146 146 0 0 0 0 0 0 0 0 0 0 0 0 0 0 0 0 0 0 0 0 0 0 0 0 0 0 0 0 0 0 0 0 0 0 0 0 0 0 0 0 0 0 0 0 0 0 0 0 0 0 0 0 0 0 0 0 0 0 0 0 0 0 0 
0 0 0 0 0 0 0 0 0 0 0 0 0 0 0 0 0 0 0 0 0 0 0 0 0 0 0 0 0 0 0 0 0 0 0 0 0 0 0 0 0 0 0 0 0 0 0 0 0 0 0 0 0 0 0 0 0 0 161 161 161 161 161 161 161 162 162 162 162 162 162 162 162 163 163 163 163 163 163 163 163 164 164 164 164 164 164 164 164 164 165 165 165 165 165 165 165 165 165 165 166 166 166 166 166 166 166 166 166 167 167 167 167 167 167 167 167 167 167 167 167 168 168 168 168 168 168 168 168 168 168 168 169 169 169 169 169 169 169 169 169 169 169 169 169 169 170 170 170 170 170 170 170 170 170 170 170 170 170 170 170 170 170 171 171 171 171 171 171 171 171 171 171 171 171 171 171 171 171 171 171 171 171 171 171 172 172 172 172 172 172 172 172 172 172 172 171 171 172 172 172 171 172 172 172 171 171 171 171 171 171 171 171 171 171 171 171 171 171 171 171 171 171 171 171 170 170 170 170 171 171 171 170 170 170 170 170 170 170 170 170 170 171 171 171 171 171 171 171 171 171 171 171 171 171 170 170 170 170 170 170 170 170 170 170 170 170 170 169 169 169 169 169 169 169 169 169 169 169 169 168 168 168 168 168 168 168 167 167 167 167 167 167 167 167 167 167 166 166 166 166 166 166 166 166 165 165 165 165 165 165 165 164 164 164 164 164 164 164 164 163 163 163 163 163 163 162 162 162 162 162 162 162 162 162 0 0 0 0 0 0 0 0 0 0 0 0 0 0 0 0 0 0 0 0 0 0 0 0 0 0 0 0 0 0 0 0 0 0 0 0 0 0 0 0 0 0 0 0 0 0 0 0 0 0 0 0 0 0 0 0 0 0 0 0 0 0 0 0 0 0 0 0 0 0 0 0 0 0 0 0 0 0 0 0 0 0 0 0 0 0 0 0 0 0 0 0 0 0 0 0 147 147 147 147 147 147 147 147 146 145 0 0 0 0 0 0 0 0 0 0 0 0 0 0 0 0 0 0 0 0 0 0 0 0 0 0 0 0 0 0 0 0 0 0 0 0 0 0 0 0 0 0 0 0 0 0 0 0 0 0 0 0 0 0 0 0 0 0 0 0 0 0 
0 0 0 0 0 0 0 0 0 0 0 0 0 0 0 0 0 0 0 0 0 0 0 0 0 0 0 0 0 0 0 0 0 0 0 0 0 0 0 0 0 0 0 0 0 0 0 0 0 0 0 0 0 0 0 0 160 160 160 161 161 161 161 161 161 161 161 162 162 162 162 162 162 162 162 163 163 163 163 163 163 163 163 164 164 164 164 164 164 164 164 165 164 165 165 165 165 165 165 165 166 166 166 166 166 166 166 166 166 166 167 167 167 167 167 167 167 167 167 167 167 168 168 168 168 168 168 168 168 168 168 168 168 169 169 169 169 169 169 169 169 169 169 169 169 169 169 170 170 170 170 170 170 170 170 170 170 170 170 170 170 170 170 170 171 171 171 171 171 171 171 171 171 171 171 171 171 171 171 171 171 171 171 171 171 171 172 172 172 171 172 172 172 172 172 172 171 171 171 171 171 171 171 172 172 171 171 171 171 171 171 171 171 171 171 171 171 171 171 171 171 171 171 171 171 170 170 170 170 170 170 170 170 170 170 170 170 170 170 170 170 170 171 171 171 171 171 171 171 171 171 171 171 171 170 170 170 170 170 170 170 170 170 170 170 170 170 169 169 169 169 169 169 169 169 169 169 169 169 168 168 168 168 168 168 167 167 167 167 167 167 167 167 167 167 167 166 166 166 166 166 166 166 166 166 165 165 165 165 165 165 165 164 164 164 164 164 164 164 164 163 163 163 163 163 162 162 162 162 162 162 162 162 162 161 0 0 0 0 0 0 0 0 0 0 0 0 0 0 0 0 0 0 0 0 0 0 0 0 0 0 0 0 0 0 0 0 0 0 0 0 0 0 0 0 0 0 0 0 0 0 0 0 0 0 0 0 0 0 0 0 0 0 0 0 0 0 0 0 0 0 0 0 0 0 0 0 0 0 0 0 0 0 0 0 0 0 0 0 0 0 0 0 0 0 0 0 0 0 0 147 147 147 147 147 148 147 147 147 146 146 145 145 0 0 0 0 0 0 0 0 0 0 0 0 0 0 0 0 0 0 0 0 0 0 0 0 0 0 0 0 0 0 0 0 0 0 0 0 0 0 0 0 0 0 0 0 0 0 0 0 0 0 0 0 0 0 0 0 0 0 0 0 
0 0 0 0 0 0 0 0 0 0 0 0 0 0 0 0 0 0 0 0 0 0 0 0 0 0 0 0 0 0 0 0 0 0 0 0 0 0 0 0 0 0 0 0 0 0 0 0 0 0 0 0 0 0 0 0 160 160 160 160 161 161 161 161 161 161 161 161 161 162 162 162 162 162 162 162 162 162 163 163 163 163 163 163 164 164 164 164 164 164 164 164 164 164 165 165 165 165 165 165 165 165 166 166 166 166 166 166 166 166 166 166 166 166 167 167 167 167 167 167 167 168 167 168 168 168 168 168 168 168 168 168 168 168 169 169 169 169 169 169 169 169 169 169 169 169 169 169 169 169 170 170 170 170 170 170 170 170 170 170 170 170 170 170 170 170 170 171 171 171 171 171 171 171 171 171 171 171 171 171 171 171 171 171 171 171 171 171 171 171 171 171 172 172 171 171 171 171 171 171 171 171 171 171 171 171 171 171 171 171 171 171 171 171 171 171 171 171 171 171 170 170 170 170 171 170 170 170 170 170 170 170 170 170 170 170 170 170 170 170 170 170 171 171 171 171 171 171 171 171 171 170 170 170 170 170 170 170 170 170 170 170 170 170 170 170 169 169 169 169 169 169 169 169 169 169 169 169 168 168 168 168 168 168 168 168 168 167 167 167 167 167 167 167 167 166 166 166 166 166 166 166 166 165 165 165 165 165 165 165 164 164 164 164 164 164 164 164 164 163 163 163 163 163 162 162 162 162 162 162 162 162 162 161 161 161 0 0 0 0 0 0 0 0 0 0 0 0 0 0 0 0 0 0 0 0 0 0 0 0 0 0 0 0 0 0 0 0 0 0 0 0 0 0 0 0 0 0 0 0 0 0 0 0 0 0 0 0 0 0 0 0 0 0 0 0 0 0 0 0 0 0 0 0 0 0 0 0 0 0 0 0 0 0 0 0 0 0 0 0 0 0 0 0 0 0 0 0 0 147 147 147 148 148 148 147 147 147 146 146 146 145 145 145 0 0 0 0 0 0 0 0 0 0 0 0 0 0 0 0 0 0 0 0 0 0 0 0 0 0 0 0 0 0 0 0 0 0 0 0 0 0 0 0 0 0 0 0 0 0 0 0 0 0 0 0 0 0 0 0 0 0 0 
0 0 0 0 0 0 0 0 0 0 0 0 0 0 0 0 0 0 0 0 0 0 0 0 0 0 0 0 0 0 0 0 0 0 0 0 0 0 0 0 0 0 0 0 0 0 0 0 0 0 0 0 0 0 0 160 160 160 160 160 160 160 160 161 161 161 161 161 161 161 161 162 162 162 162 162 162 162 163 163 163 163 163 163 163 163 164 164 164 164 164 164 164 164 165 165 165 165 165 165 165 165 165 166 166 166 166 166 166 166 166 166 166 166 167 167 167 167 167 167 167 167 167 168 168 168 168 168 168 168 168 168 168 168 168 169 169 169 169 169 169 169 169 169 169 169 169 169 169 169 169 169 170 170 170 170 170 170 170 170 170 170 170 170 170 170 170 170 170 171 171 171 171 171 171 171 170 170 171 171 171 171 171 171 171 171 171 171 171 171 171 171 172 172 171 171 171 171 171 171 171 171 171 171 171 171 171 171 171 171 171 171 171 171 171 171 171 171 171 171 171 170 170 170 170 170 170 170 170 170 170 170 170 170 170 170 170 170 170 169 169 169 171 171 171 171 171 171 170 170 170 170 170 170 170 170 170 170 170 170 170 170 170 170 169 169 169 169 169 169 169 169 169 169 169 169 169 168 168 168 168 168 168 168 168 168 168 167 167 167 167 167 167 166 166 166 166 166 166 166 166 166 166 165 165 165 165 165 165 164 164 164 164 164 164 164 164 164 164 163 163 163 163 163 162 162 162 163 162 162 162 162 162 161 161 161 161 0 0 0 0 0 0 0 0 0 0 0 0 0 0 0 0 0 0 0 0 0 0 0 0 0 0 0 0 0 0 0 0 0 0 0 0 0 0 0 0 0 0 0 0 0 0 0 0 0 0 0 0 0 0 0 0 0 0 0 0 0 0 0 0 0 0 0 0 0 0 0 0 0 0 0 0 0 0 0 0 0 0 0 0 0 148 148 148 148 148 148 147 147 147 147 147 148 148 147 147 147 147 147 146 145 145 145 145 0 0 0 0 0 0 0 0 0 0 0 0 0 0 0 0 0 0 0 0 0 0 0 0 0 0 0 0 0 0 0 0 0 0 0 0 0 0 0 0 0 0 0 0 0 0 0 0 0 0 0 0 0 0 0 0 0 0 
0 0 0 0 0 0 0 0 0 0 0 0 0 0 0 0 0 0 0 0 0 0 0 0 0 0 0 0 0 0 0 0 0 0 0 0 0 0 0 0 0 0 0 0 0 0 0 0 0 0 0 0 0 0 0 0 160 160 160 160 160 160 160 160 160 161 161 161 161 161 161 161 162 162 162 162 162 162 162 163 163 163 163 163 163 163 164 164 164 164 164 164 164 164 164 164 165 165 165 165 165 165 165 165 166 166 166 166 166 166 166 166 166 166 166 167 167 167 167 167 167 167 167 168 168 168 168 168 168 168 168 168 168 168 168 168 169 169 169 169 169 169 169 169 169 169 169 169 169 169 169 169 169 169 170 170 170 170 170 170 170 170 170 170 170 170 170 170 170 170 170 170 170 170 170 170 170 170 171 171 171 171 171 171 171 171 171 171 171 171 171 171 171 171 171 171 171 171 171 171 171 171 171 171 171 171 171 171 171 171 171 170 171 171 171 170 171 171 171 171 170 170 170 170 170 170 170 170 170 170 169 169 169 169 169 169 169 169 169 169 169 169 171 171 170 170 170 170 170 170 170 170 170 170 170 170 170 170 170 170 170 170 170 170 169 169 169 169 169 169 169 169 169 169 169 169 168 168 168 168 168 168 168 168 167 167 167 167 167 167 167 167 166 166 166 166 166 166 166 166 166 165 165 165 165 165 165 165 165 164 164 164 164 164 164 164 164 164 163 163 163 163 163 162 162 162 162 162 162 162 162 162 162 161 161 161 161 161 161 0 160 160 159 159 158 158 0 0 0 0 0 0 0 0 0 0 0 0 0 0 0 0 0 0 0 0 0 0 0 0 0 0 0 0 0 0 0 0 0 0 0 0 0 0 0 0 0 0 0 0 0 0 0 0 0 0 0 0 0 0 0 0 0 0 0 0 0 0 0 0 0 0 0 0 0 0 0 0 0 149 149 149 149 148 148 148 148 148 148 147 148 148 147 147 148 147 147 147 147 147 146 145 145 145 145 144 144 0 0 0 0 0 0 0 0 0 0 0 0 0 0 0 0 0 0 0 0 0 0 0 0 0 0 0 0 0 0 0 0 0 0 0 0 0 0 0 0 0 0 0 0 0 0 0 0 0 0 0 0 0 0 0 0 
0 0 0 0 0 0 0 0 0 0 0 0 0 0 0 0 0 0 0 0 0 0 0 0 0 0 0 0 0 0 0 0 0 0 0 0 0 0 0 0 0 0 0 0 0 0 0 0 0 0 0 0 0 159 159 159 160 160 160 160 160 160 160 160 160 161 161 161 161 161 161 161 161 162 161 161 162 162 162 162 162 163 163 163 163 163 163 164 164 164 164 164 164 164 164 164 164 164 165 165 165 165 165 165 165 165 165 166 166 166 166 166 166 166 166 166 166 166 167 167 167 167 167 167 167 168 168 168 168 168 168 168 168 168 168 168 168 169 169 169 169 169 169 169 169 169 169 169 169 169 169 169 169 169 169 169 170 170 170 170 170 170 170 170 170 170 170 170 170 170 170 170 170 170 170 170 170 170 170 171 171 171 171 171 171 171 171 171 171 171 171 171 171 171 171 171 171 171 171 171 171 171 171 171 171 171 171 171 171 170 170 170 171 171 170 170 170 170 171 170 170 170 170 170 170 170 170 170 170 170 169 169 169 169 169 169 169 169 169 169 169 169 170 170 170 170 170 170 170 170 170 170 170 170 170 169 170 170 170 170 170 170 169 169 169 169 169 169 169 169 169 169 169 169 168 168 168 168 168 168 168 168 168 168 167 167 167 167 167 167 167 167 166 166 166 166 166 166 166 166 165 165 165 165 165 165 165 165 165 165 164 164 164 164 164 164 164 163 163 163 163 163 163 162 162 162 162 162 162 162 162 162 162 161 161 161 161 161 160 160 160 160 159 159 159 159 158 158 157 0 157 157 157 157 157 157 157 157 156 0 0 156 156 156 0 0 0 0 0 0 0 0 0 0 0 0 0 0 0 0 0 0 0 0 0 0 0 0 0 0 0 0 0 0 0 0 0 0 0 0 0 0 0 0 0 0 0 0 0 0 0 0 0 0 0 0 0 0 0 149 149 149 149 149 149 148 148 149 148 148 148 148 148 147 148 148 148 147 147 147 147 146 146 146 145 145 144 144 0 0 0 0 0 0 0 0 0 0 0 0 0 0 0 0 0 0 0 0 0 0 0 0 0 0 0 0 0 0 0 0 0 0 0 0 0 0 0 0 0 0 0 0 0 0 0 0 0 0 0 0 0 0 0 
0 0 0 0 0 0 0 0 0 0 0 0 0 0 0 0 0 0 0 0 0 0 0 0 0 0 0 0 0 0 0 0 0 0 0 0 0 0 0 0 0 0 0 0 0 0 0 0 0 0 0 0 0 0 159 159 159 160 160 160 160 160 160 160 160 160 161 161 161 161 161 161 161 161 162 162 162 162 162 162 162 162 163 163 163 163 163 164 164 164 164 164 164 164 164 164 164 164 165 165 165 165 165 165 165 165 165 165 166 166 166 166 166 166 166 166 166 166 166 167 167 167 167 167 167 167 167 167 168 167 168 168 168 168 168 168 168 168 169 169 169 169 168 169 169 169 169 169 169 169 169 169 169 169 169 169 169 169 169 170 170 170 170 170 170 170 170 170 170 170 170 170 170 170 170 170 170 170 170 170 170 170 170 170 171 171 171 171 171 171 171 171 171 171 171 171 171 171 171 171 171 171 171 171 171 171 171 171 171 170 170 170 170 170 170 170 170 170 170 170 170 170 170 170 170 170 170 170 170 170 169 169 170 169 169 169 169 169 169 169 169 169 170 170 171 170 170 170 170 170 170 170 170 170 170 169 169 169 169 169 169 169 169 169 169 169 169 169 169 169 169 169 169 168 168 168 168 168 168 168 168 168 168 167 167 167 167 167 167 167 167 167 166 166 166 166 166 166 166 166 165 165 165 165 165 165 165 165 165 165 165 164 164 164 164 164 164 163 163 163 163 163 162 162 162 162 162 162 162 162 162 162 161 161 161 161 161 161 160 160 160 160 159 159 159 159 158 158 158 158 158 158 158 157 157 157 157 157 157 156 156 156 156 156 156 156 156 155 155 155 0 0 0 0 0 0 0 0 0 0 0 0 0 0 0 0 0 0 0 0 0 0 0 0 0 0 0 0 0 0 0 0 0 0 0 0 0 0 0 0 0 0 0 0 0 0 0 0 148 149 149 149 149 149 149 149 149 149 148 148 148 148 148 148 148 148 148 147 147 147 146 146 146 146 145 145 144 144 144 0 0 0 0 0 0 0 0 0 0 0 0 0 0 0 0 0 0 0 0 0 0 0 0 0 0 0 0 0 0 0 0 0 0 0 0 0 0 0 0 0 0 0 0 0 0 0 0 0 0 0 0 0 0 
0 0 0 0 0 0 0 0 0 0 0 0 0 0 0 0 0 0 0 0 0 0 0 0 0 0 0 0 0 0 0 0 0 0 0 0 0 0 0 0 0 0 0 0 0 0 0 0 0 0 0 0 0 159 159 159 159 159 159 159 160 160 160 160 160 160 160 160 161 161 161 161 161 161 162 162 162 161 162 162 162 162 162 163 163 163 163 164 164 164 164 164 164 164 164 164 164 164 164 164 164 165 165 165 165 165 165 165 165 165 166 166 166 166 166 166 166 166 166 167 167 167 167 167 167 167 167 167 167 168 168 168 168 168 168 168 168 168 168 168 169 169 168 168 168 169 169 169 169 169 169 169 169 169 169 169 169 169 169 169 170 170 170 170 170 170 170 169 170 170 170 170 170 170 170 170 170 170 170 170 170 170 170 170 170 170 170 171 171 171 171 171 171 171 171 171 171 171 171 171 170 170 170 170 171 170 170 171 171 170 170 170 170 170 170 170 170 170 170 170 170 170 170 170 170 169 169 169 170 170 169 170 170 169 169 169 169 169 169 169 169 169 170 170 171 170 170 170 170 170 170 170 170 170 170 169 169 169 169 169 169 169 169 169 169 169 169 169 169 169 169 169 169 168 168 168 168 168 168 168 168 168 168 167 167 167 167 167 167 167 167 167 166 166 166 166 166 166 166 165 165 165 165 165 165 165 165 165 165 164 164 164 164 164 164 164 164 163 163 163 163 162 162 162 162 162 162 162 162 162 162 162 161 161 161 161 161 160 160 160 160 160 159 159 159 159 159 159 158 158 158 157 157 157 157 157 157 157 157 157 157 156 156 156 156 156 156 155 156 155 155 155 155 155 154 154 0 0 0 0 0 0 0 0 0 0 0 0 0 0 0 0 0 0 0 0 0 0 0 0 0 0 0 0 0 0 0 0 0 0 0 0 0 0 0 0 0 0 148 149 149 149 149 149 149 149 149 149 149 148 148 148 148 148 148 148 147 147 147 146 146 146 146 145 145 145 145 144 144 144 144 0 0 0 0 0 0 0 0 0 0 0 0 0 0 0 0 0 0 0 0 0 0 0 0 0 0 0 0 0 0 0 0 0 0 0 0 0 0 0 0 0 0 0 0 0 0 0 0 0 0 0 0 
0 0 0 0 0 0 0 0 0 0 0 0 0 0 0 0 0 0 0 0 0 0 0 0 0 0 0 0 0 0 0 0 0 0 0 0 0 0 0 0 0 0 0 0 0 0 0 0 0 0 0 158 159 159 159 159 159 159 159 159 159 160 160 160 160 160 160 160 160 161 161 161 161 162 161 161 161 162 162 162 162 162 162 162 163 163 163 163 163 163 164 164 164 164 164 164 164 164 164 164 164 165 165 165 165 165 165 165 165 165 165 166 166 166 166 166 166 166 166 166 166 166 167 167 167 167 167 167 167 168 168 168 168 168 168 168 168 168 168 168 168 169 168 168 168 168 168 169 169 169 169 169 169 169 169 169 169 169 169 169 169 169 169 170 170 169 169 169 169 170 170 170 170 170 170 170 170 170 170 170 170 170 170 170 170 170 170 170 170 170 170 171 171 171 170 170 171 171 171 171 170 170 170 170 170 170 170 170 170 170 170 170 170 170 170 170 170 170 170 170 170 169 170 170 169 169 169 169 169 170 169 170 169 169 169 169 169 169 169 169 169 169 171 170 170 170 170 170 170 170 170 170 170 170 170 169 169 169 169 169 169 169 169 169 169 169 169 169 169 169 169 168 168 168 168 168 168 168 168 168 168 168 167 167 167 167 167 167 167 167 167 167 166 166 166 166 166 166 166 165 165 165 165 165 165 165 165 165 164 164 164 164 164 164 164 164 163 163 163 163 163 162 162 162 162 162 162 162 162 162 161 161 161 161 161 161 161 161 160 160 160 160 160 160 159 159 159 158 158 158 158 158 157 157 157 157 157 157 157 157 157 156 156 156 156 156 156 156 156 156 155 155 155 155 154 155 154 154 154 154 153 153 0 0 0 0 0 0 0 0 0 0 0 0 0 0 0 0 0 0 0 0 0 0 0 0 0 0 0 0 0 0 0 0 0 0 149 149 149 149 149 149 149 149 149 149 149 149 148 148 148 148 148 148 147 147 147 147 147 146 146 146 146 145 145 145 145 145 144 144 144 144 144 0 0 0 0 0 0 0 0 0 0 0 0 0 0 0 0 0 0 0 0 0 0 0 0 0 0 0 0 0 0 0 0 0 0 0 0 0 0 0 0 0 0 0 0 0 0 0 0 0 0 
0 0 0 0 0 0 0 0 0 0 0 0 0 0 0 0 0 0 0 0 0 0 0 0 0 0 0 0 0 0 0 0 0 0 0 0 0 0 0 0 0 0 0 0 0 0 0 0 0 158 158 158 158 159 159 159 159 159 159 159 159 159 159 160 160 160 160 160 161 161 161 161 162 162 162 162 162 162 162 162 162 162 162 162 162 163 163 163 163 163 164 164 164 164 164 164 164 164 164 164 164 164 164 165 165 165 165 165 165 165 165 166 166 166 166 166 166 166 166 166 166 166 167 167 167 167 167 167 167 167 168 168 168 168 168 168 168 168 168 168 168 168 168 168 168 168 168 168 168 168 169 169 169 169 169 169 169 169 169 169 169 169 169 169 169 169 169 169 169 169 170 170 170 170 170 170 170 170 170 170 170 170 170 170 170 170 170 170 170 170 170 170 170 170 170 170 170 170 171 171 170 170 170 170 170 170 170 170 170 170 170 170 170 170 170 170 170 170 170 170 170 169 169 169 169 169 169 169 169 169 169 169 169 169 169 169 169 169 169 169 169 169 170 170 170 170 170 170 170 170 170 170 170 170 169 169 169 169 169 169 169 169 169 169 169 169 169 169 169 169 168 168 168 168 168 168 168 168 168 168 168 168 167 167 167 167 167 167 166 166 166 166 166 166 166 166 166 166 165 165 165 165 165 165 165 165 165 165 164 164 164 164 164 163 163 163 163 163 163 163 162 162 162 162 162 162 162 162 162 162 161 161 161 161 161 161 160 160 160 160 160 160 159 159 159 159 159 158 158 159 159 158 157 158 158 157 157 158 157 157 156 156 156 157 156 156 156 156 156 155 155 155 155 155 154 155 154 153 154 154 154 153 0 0 0 0 0 0 0 0 0 0 0 0 0 0 0 0 0 0 0 0 0 0 0 0 0 0 0 0 0 0 0 0 0 149 149 149 149 149 149 149 149 149 149 149 149 149 148 148 148 148 148 147 147 147 147 147 147 146 146 145 145 145 145 145 145 145 145 144 144 144 144 144 144 0 0 0 0 0 0 0 0 0 0 0 0 0 0 0 0 0 0 0 0 0 0 0 0 0 0 0 0 0 0 0 0 0 0 0 0 0 0 0 0 0 0 0 0 0 0 0 0 
0 0 0 0 0 0 0 0 0 0 0 0 0 0 0 0 0 0 0 0 0 0 0 0 0 0 0 0 0 0 0 0 0 0 0 0 0 0 0 0 0 0 0 0 0 0 0 0 0 158 158 158 158 159 159 159 159 159 159 159 159 159 159 160 160 160 160 160 160 160 161 161 161 161 162 162 161 162 162 162 162 162 162 162 162 162 163 163 163 163 164 164 163 164 164 164 164 164 164 164 164 164 164 164 165 165 165 165 165 165 165 165 165 165 166 166 166 166 166 166 166 166 166 167 167 167 167 167 167 167 167 167 167 167 167 168 168 168 168 168 168 168 168 168 168 168 168 168 168 168 168 168 168 168 168 169 169 169 169 169 169 169 169 169 169 169 169 169 169 169 169 169 169 169 170 170 170 170 170 170 169 170 170 170 170 170 170 170 170 170 170 170 170 170 170 170 170 170 170 170 170 170 170 170 170 170 170 170 170 170 170 170 170 170 170 170 170 170 170 170 170 170 170 170 169 169 169 169 169 169 169 169 169 169 169 169 169 169 169 169 169 168 170 170 170 170 170 170 170 170 170 170 170 169 169 169 169 169 169 169 169 169 169 169 169 169 169 169 168 168 168 168 168 168 168 168 168 168 168 168 167 167 167 167 167 167 167 167 166 166 166 166 166 166 166 166 166 165 165 165 165 165 165 165 165 165 165 165 164 164 164 164 163 163 163 163 163 163 163 163 162 162 162 162 162 162 162 162 162 161 161 161 161 161 161 161 161 160 160 160 160 160 159 159 159 158 158 158 158 158 158 158 158 158 158 158 158 158 158 157 156 156 156 157 157 156 156 156 155 155 155 155 155 155 154 155 154 153 154 154 154 153 0 0 0 0 0 0 0 0 0 0 0 0 0 0 0 0 0 0 0 0 0 0 0 0 0 0 0 0 0 0 0 0 0 149 149 149 149 149 149 149 149 149 149 149 149 148 148 148 148 147 147 147 147 147 147 147 146 146 146 145 145 145 145 145 145 145 144 145 144 144 144 144 144 143 143 143 143 143 143 143 142 142 0 0 0 0 0 0 0 0 0 0 0 0 0 0 0 0 0 0 0 0 0 0 0 0 0 0 0 0 0 0 0 0 0 0 0 0 0 0 0 
0 0 0 0 0 0 0 0 0 0 0 0 0 0 0 0 0 0 0 0 0 0 0 0 0 0 0 0 0 0 0 0 0 0 0 0 0 0 0 0 0 0 0 0 0 0 0 0 0 158 158 158 158 158 158 159 159 159 159 159 159 159 159 159 160 160 160 160 160 160 160 160 161 161 161 161 161 161 161 162 162 163 162 162 162 162 162 163 163 163 163 163 163 163 163 164 164 164 164 164 164 164 164 164 165 165 165 165 165 165 165 165 165 165 165 166 166 166 166 166 166 166 166 166 167 167 167 167 167 167 167 167 167 167 167 168 168 168 168 168 168 168 168 168 168 168 168 168 168 168 168 168 168 168 168 169 169 169 169 169 169 169 169 169 169 169 169 169 169 169 169 169 169 169 170 170 169 169 169 169 170 170 170 170 170 170 170 170 170 170 170 170 170 170 170 170 170 170 170 170 170 170 170 170 170 170 169 170 170 170 170 170 170 170 170 170 170 170 169 169 169 170 169 169 169 169 169 169 169 169 169 169 169 169 169 169 169 168 168 168 168 168 170 170 170 170 170 170 169 170 170 169 169 169 169 169 169 169 169 169 169 169 169 169 169 169 169 169 168 168 168 168 168 168 168 168 168 168 168 167 167 167 167 167 167 167 167 167 166 166 166 166 166 166 166 166 165 165 165 165 165 165 165 165 165 165 165 165 164 164 164 164 164 163 163 163 163 163 163 163 162 162 162 162 162 162 162 162 162 161 161 161 161 161 161 161 160 160 160 160 160 160 159 159 158 159 159 159 159 158 158 158 158 158 158 158 158 158 158 157 156 156 156 157 156 156 155 155 155 155 155 155 155 155 155 155 154 153 153 154 154 154 152 0 0 0 0 0 0 0 0 0 0 0 0 0 0 0 0 0 0 0 0 0 0 0 0 0 0 0 0 0 0 0 148 148 149 149 149 149 149 148 148 149 149 149 148 148 148 148 148 148 147 147 147 147 146 146 146 146 145 145 145 145 145 145 145 145 145 145 144 144 144 143 143 143 143 143 143 143 143 142 142 142 142 142 0 0 0 0 0 0 0 0 0 0 0 0 0 0 0 0 0 0 0 0 0 0 0 0 0 0 0 0 0 0 0 0 0 0 0 0 0 
0 0 0 0 0 0 0 0 0 0 0 0 0 0 0 0 0 0 0 0 0 0 0 0 0 0 0 0 0 0 0 0 0 0 0 0 0 0 0 0 0 0 0 0 0 0 0 0 157 158 158 158 158 158 158 158 159 159 159 159 159 159 159 159 160 160 160 160 160 160 160 160 160 161 161 161 161 161 161 162 162 162 163 163 162 162 162 162 163 163 163 163 163 163 163 163 163 163 164 164 164 164 164 164 164 164 164 165 165 165 165 165 165 165 165 166 165 166 166 166 166 166 166 166 166 167 167 167 167 167 167 167 167 167 167 167 167 168 168 168 168 168 167 168 168 168 168 168 168 168 168 168 168 168 168 168 168 169 169 169 169 169 169 169 169 169 169 169 169 169 169 169 169 169 169 169 169 169 169 170 170 170 170 170 170 170 170 170 169 169 169 170 170 170 170 170 170 170 170 170 170 170 170 170 170 170 170 170 170 170 170 169 169 169 169 170 169 169 169 169 169 169 169 169 169 169 169 169 169 169 169 168 168 168 168 168 168 168 168 168 168 168 170 170 170 170 169 169 169 169 169 169 169 169 169 169 169 169 169 169 169 169 169 169 169 169 168 168 168 168 168 168 168 168 168 168 168 168 167 167 167 167 167 167 167 166 166 166 166 166 166 166 166 166 166 165 165 165 165 165 165 165 165 165 164 164 164 164 164 164 164 164 164 164 163 163 163 163 163 163 162 162 162 162 162 161 161 161 161 161 161 161 161 161 161 160 160 160 160 160 160 160 159 159 159 159 159 159 159 158 158 158 158 158 158 158 158 158 157 156 156 157 157 156 156 156 156 155 156 155 155 154 155 155 155 155 154 154 153 154 154 154 153 152 0 0 0 0 0 0 0 0 0 0 0 0 0 0 0 0 0 0 0 0 0 0 0 0 0 0 0 0 0 0 148 149 150 149 149 149 149 148 148 149 149 149 148 148 147 147 147 147 147 147 147 147 146 146 146 145 146 145 145 145 145 145 145 145 145 144 144 144 144 143 143 143 143 143 143 143 142 142 142 142 142 142 141 141 0 0 0 0 0 0 0 0 0 0 0 0 0 0 0 0 0 0 0 0 0 0 0 0 0 0 0 0 0 0 0 0 0 0 0 
0 0 0 0 0 0 0 0 0 0 0 0 0 0 0 0 0 0 0 0 0 0 0 0 0 0 0 0 0 0 0 0 0 0 0 0 0 0 0 0 0 0 0 0 0 0 0 157 157 157 158 158 158 158 158 158 158 159 159 159 159 159 159 159 159 159 159 160 160 160 160 160 160 160 160 161 161 161 161 161 161 161 162 162 163 162 162 162 163 163 163 163 163 163 163 163 163 163 163 163 164 164 164 164 164 164 164 164 165 165 165 165 165 165 165 165 165 166 166 166 166 166 166 166 166 166 167 167 167 167 167 167 167 167 167 167 167 168 168 168 168 168 167 167 168 168 168 168 168 168 168 168 168 168 168 168 168 168 168 168 168 169 169 169 169 169 169 169 169 169 169 169 169 169 169 169 169 169 169 169 169 169 170 170 169 169 170 170 169 169 169 169 169 169 169 170 170 170 170 170 170 170 170 170 170 170 170 170 169 169 169 169 169 169 169 169 169 169 169 169 169 169 169 169 169 169 169 169 169 168 168 168 168 168 168 168 168 168 168 168 168 168 169 169 169 169 169 169 169 169 169 169 169 169 169 169 169 169 169 169 169 169 169 169 168 168 168 168 168 168 168 168 168 168 168 168 168 167 167 167 167 167 167 167 167 166 166 166 166 166 166 166 165 165 165 165 165 165 165 165 165 165 165 165 164 164 164 164 164 164 164 164 164 163 163 163 163 163 163 163 162 162 162 162 162 161 161 161 161 161 161 161 161 161 160 160 160 160 160 159 160 159 158 159 159 159 158 158 158 158 158 158 158 158 158 157 157 157 157 157 157 157 157 156 156 156 156 155 156 156 155 154 155 155 155 155 155 154 154 154 154 153 153 153 152 0 0 0 0 0 0 0 0 0 0 0 0 0 0 0 0 0 0 0 0 0 0 0 0 0 0 0 0 148 149 149 150 149 149 149 148 148 148 148 149 148 148 148 147 147 147 147 147 147 147 146 146 146 146 145 145 145 145 145 145 145 145 145 145 144 144 144 144 144 143 143 143 143 143 143 143 142 142 142 142 142 142 141 141 0 0 0 0 0 0 0 0 0 0 0 0 0 0 0 0 0 0 0 0 0 0 0 0 0 0 0 0 0 0 0 0 0 0 
0 0 0 0 0 0 0 0 0 0 0 0 0 0 0 0 0 0 0 0 0 0 0 0 0 0 0 0 0 0 0 0 0 0 0 0 0 0 0 0 0 0 0 0 0 0 0 157 157 157 158 158 158 158 158 158 158 158 158 159 159 159 159 159 159 159 159 159 160 160 160 160 160 160 160 160 161 161 161 161 161 161 161 162 162 162 162 162 162 163 163 163 163 163 163 163 163 163 163 163 163 164 164 164 164 164 164 164 164 164 165 165 165 165 165 165 165 165 165 165 165 166 166 166 166 166 166 166 166 166 166 167 167 167 167 167 167 167 167 167 167 167 167 167 167 167 168 168 168 168 168 168 168 168 168 168 168 168 168 168 168 168 169 169 169 169 169 169 169 169 169 169 169 169 169 169 169 169 169 169 169 169 169 169 169 169 169 169 169 169 169 169 169 170 170 170 170 170 170 170 170 170 170 170 170 169 169 169 169 169 169 169 169 169 169 169 169 169 169 169 169 169 169 169 169 169 169 168 168 168 168 168 168 168 168 168 168 168 168 168 168 168 169 169 169 169 169 169 169 169 169 169 169 169 169 168 168 168 168 168 168 168 168 168 168 168 168 168 168 168 168 168 168 168 167 167 167 167 167 167 167 167 167 167 166 166 166 166 166 166 166 166 165 166 166 166 165 165 165 165 165 165 165 165 165 164 164 164 164 164 164 164 164 164 163 163 163 163 163 163 163 162 162 162 162 162 162 161 161 161 161 161 161 161 161 161 161 161 160 160 160 160 159 160 159 159 159 160 159 159 158 159 159 159 158 158 158 158 158 158 158 158 158 158 157 158 157 157 157 156 156 155 156 156 155 156 156 155 154 155 154 155 154 153 152 0 0 0 0 0 0 0 0 0 0 0 0 0 0 0 0 0 0 0 0 0 0 0 0 0 0 0 149 149 149 149 150 149 149 149 149 149 149 149 149 149 148 148 148 148 147 147 147 147 147 147 147 146 146 146 146 145 145 145 145 145 145 144 144 144 144 144 144 144 143 143 143 143 143 143 143 142 142 142 142 142 142 141 141 141 141 0 0 0 0 0 0 0 0 0 0 0 0 0 0 0 0 0 0 0 0 0 0 0 0 0 0 0 0 0 0 0 0 
0 0 0 0 0 0 0 0 0 0 0 0 0 0 0 0 0 0 0 0 0 0 0 0 0 0 0 0 0 0 0 0 0 0 0 0 0 0 0 0 0 0 0 0 156 156 157 157 157 157 157 158 158 158 158 158 158 158 158 159 159 159 159 159 159 159 159 160 160 160 160 160 160 160 160 161 161 161 161 161 161 161 161 161 162 162 162 162 162 162 162 163 162 162 162 163 163 163 163 163 163 164 164 164 164 164 164 164 164 164 165 165 165 165 165 165 165 165 165 165 165 166 166 166 166 166 166 166 166 166 166 166 166 167 167 167 167 167 167 167 167 167 167 167 167 167 167 168 168 168 168 168 168 168 168 168 168 168 168 168 168 168 168 169 169 169 169 169 169 169 169 169 169 169 169 169 169 169 169 169 169 169 169 169 169 169 169 169 169 169 169 169 169 169 169 169 169 169 169 170 170 170 170 169 169 169 169 169 169 169 169 169 169 169 169 169 169 169 169 169 169 169 169 168 168 168 168 168 168 168 168 168 168 168 168 168 168 168 168 168 168 168 170 169 169 169 169 169 169 169 169 169 169 169 169 169 169 169 168 168 168 168 168 168 168 168 168 168 168 168 168 168 168 167 167 167 167 167 167 167 167 167 167 167 166 166 166 166 166 166 166 166 165 165 165 165 165 165 165 165 165 165 165 165 165 164 164 164 164 164 164 164 164 164 164 163 163 163 163 163 163 162 162 162 162 162 162 161 161 161 161 161 161 161 161 161 161 161 161 161 161 160 159 159 158 159 159 159 159 159 158 158 158 159 159 158 158 158 157 158 158 158 157 158 157 158 157 157 157 156 156 156 155 155 156 156 156 155 155 154 154 154 154 153 152 0 0 0 0 0 0 0 0 0 0 0 0 0 0 0 0 0 0 0 0 0 0 0 0 0 0 148 149 149 149 149 150 149 149 149 149 149 149 149 149 149 148 148 148 147 147 147 147 146 146 146 146 146 146 146 145 145 145 145 145 144 144 144 144 144 144 144 143 143 143 143 143 143 143 142 142 142 142 142 142 142 141 141 141 141 141 141 0 0 0 0 0 0 0 0 0 0 0 0 0 0 0 0 0 0 0 0 0 0 0 0 0 0 0 0 0 0 0 
0 0 0 0 0 0 0 0 0 0 0 0 0 0 0 0 0 0 0 0 0 0 0 0 0 0 0 0 0 0 0 0 0 0 0 0 0 0 0 0 0 0 0 0 156 156 157 157 157 157 157 157 158 158 158 158 158 158 158 158 159 159 159 159 159 159 160 160 160 160 160 160 160 161 161 161 161 161 161 161 161 161 161 161 162 162 162 162 162 162 162 163 162 162 162 163 163 163 163 163 163 163 164 164 164 164 164 164 164 164 164 164 164 165 165 165 165 165 165 165 165 166 166 166 166 166 166 166 166 166 166 166 166 166 166 167 167 167 167 167 167 167 167 167 167 167 167 168 168 168 168 168 168 168 168 168 168 168 168 168 168 168 168 168 168 169 169 169 169 168 168 168 169 169 169 169 169 169 169 169 169 169 169 169 169 169 169 169 169 169 169 169 169 169 169 169 169 169 169 169 170 170 170 169 169 169 169 169 169 169 169 169 169 169 169 169 169 169 168 168 168 168 168 168 168 168 168 168 168 168 168 168 168 168 168 168 168 168 168 168 168 168 169 169 169 169 169 169 169 169 169 169 169 169 169 169 169 168 168 168 168 168 168 168 168 168 168 168 168 168 168 168 167 167 167 167 167 167 167 167 167 167 167 166 166 166 166 166 166 166 166 166 165 165 165 165 165 165 165 165 165 165 165 165 164 164 164 164 164 164 164 164 164 164 164 163 163 163 163 163 163 162 162 162 162 162 161 161 161 161 161 161 161 160 160 160 160 161 160 160 160 159 158 158 158 159 159 159 159 159 159 159 158 158 158 158 158 157 158 158 158 158 157 157 157 157 157 157 157 156 156 156 155 155 156 156 156 155 155 154 154 153 153 153 153 152 0 0 0 0 0 0 0 0 0 0 0 0 0 0 0 0 0 0 0 0 0 0 0 0 148 149 149 149 149 149 149 149 149 149 149 149 149 149 149 148 148 148 148 147 147 147 147 146 146 146 146 146 146 145 145 145 145 145 145 144 144 144 144 144 144 143 143 143 143 143 143 142 142 142 142 142 142 142 142 141 141 141 141 141 141 141 140 0 0 0 0 0 0 0 0 0 0 0 0 0 0 0 0 0 0 0 0 0 0 0 0 0 0 0 0 0 0 
0 0 0 0 0 0 0 0 0 0 0 0 0 0 0 0 0 0 0 0 0 0 0 0 0 0 0 0 0 0 0 0 0 0 0 0 0 0 0 0 0 0 0 0 0 156 156 157 157 157 157 157 157 157 158 158 158 158 158 158 158 158 159 159 159 159 159 159 159 159 160 160 160 160 160 160 161 161 161 161 161 161 161 161 162 162 162 162 162 162 162 163 162 162 162 163 163 163 163 163 163 163 163 163 164 164 164 164 164 164 164 164 164 165 165 165 165 165 165 165 165 165 165 165 166 166 166 166 166 166 166 166 166 166 166 167 167 167 167 167 167 167 167 167 167 167 167 167 167 168 168 168 168 168 168 168 168 168 168 168 168 168 168 168 168 168 168 168 168 168 168 168 168 169 169 168 169 169 169 169 169 169 169 169 169 169 169 169 169 169 169 169 169 169 169 169 169 169 169 169 169 169 169 169 169 169 169 169 169 169 169 169 169 169 169 169 169 169 168 168 168 168 168 168 168 168 168 168 168 168 168 168 168 168 168 168 168 168 168 168 168 168 169 169 169 169 169 169 169 169 169 169 169 169 169 169 168 168 168 168 168 168 168 168 168 168 168 168 168 168 168 167 167 167 167 167 167 167 167 167 167 167 167 166 166 166 166 166 166 166 166 165 165 165 165 165 165 165 165 165 165 165 165 165 164 164 164 164 164 164 164 164 164 164 164 163 163 163 163 163 163 162 162 162 162 162 161 161 161 161 161 161 160 160 161 160 160 160 160 160 159 159 158 158 159 159 159 159 159 159 159 159 158 158 158 158 157 157 158 158 158 158 157 157 157 157 157 156 156 156 156 156 156 155 155 155 155 156 155 155 154 153 153 153 153 152 0 0 0 0 0 0 0 0 0 0 0 0 0 0 0 0 0 0 0 0 0 0 0 149 149 149 149 149 149 149 149 149 149 149 149 149 148 148 148 148 148 148 148 148 147 147 147 147 146 146 146 145 145 145 145 145 145 145 144 144 144 144 144 143 143 143 143 143 143 143 142 142 142 142 142 142 142 141 141 141 141 141 141 141 141 140 140 0 0 0 0 0 0 0 0 0 0 0 0 0 0 0 0 0 0 0 0 0 0 0 0 0 0 0 0 0 0 
0 0 0 0 0 0 0 0 0 0 0 0 0 0 0 0 0 0 0 0 0 0 0 0 0 0 0 0 0 0 0 0 0 0 0 0 0 0 0 0 0 0 0 0 0 156 156 156 157 157 157 157 157 157 157 158 158 158 158 158 158 158 158 158 158 159 159 159 159 159 160 160 160 160 160 160 160 160 161 161 161 161 161 161 161 162 162 162 162 162 162 162 162 162 162 163 163 163 163 163 163 163 163 163 164 163 164 164 164 164 164 164 164 164 164 164 164 165 165 165 165 165 165 165 165 165 165 166 166 166 166 166 166 166 166 166 167 167 167 167 167 167 167 167 167 167 167 167 167 167 167 167 168 168 168 168 168 168 168 168 168 168 168 168 168 168 168 168 168 168 168 168 168 168 168 168 168 169 169 169 169 169 169 169 169 169 169 169 169 169 169 169 169 169 169 169 169 169 169 169 169 169 169 169 169 169 169 169 169 169 169 168 168 168 168 169 169 169 169 169 168 168 168 168 168 168 168 168 168 168 168 168 168 168 168 168 168 168 168 168 168 168 169 169 169 169 169 169 169 169 169 169 169 168 168 168 168 168 168 168 168 168 168 168 168 168 168 168 168 167 167 167 167 167 167 167 167 167 167 167 167 167 166 166 166 166 166 166 166 166 166 166 165 165 165 165 165 165 165 165 165 165 165 164 164 164 164 164 164 164 164 164 164 163 163 163 163 163 163 163 163 162 162 162 162 162 162 161 161 161 161 160 160 160 160 160 160 160 160 159 159 159 158 158 158 159 159 159 159 159 159 158 158 158 157 157 157 157 157 157 158 157 157 157 157 156 157 156 156 156 156 156 156 156 156 156 156 156 155 155 154 153 153 152 153 152 152 0 0 0 0 0 0 0 0 0 0 0 0 0 0 0 0 0 0 0 0 0 0 149 149 149 149 149 149 149 149 149 149 149 149 149 148 148 148 148 148 147 147 147 147 147 147 147 146 146 146 145 145 145 145 145 145 144 144 144 144 144 144 143 143 0 0 0 0 0 0 0 0 142 142 142 141 141 141 141 141 141 141 141 141 140 140 140 0 0 0 0 0 0 0 0 0 0 0 0 0 0 0 0 0 0 0 0 0 0 0 0 0 0 0 0 0 
0 0 0 0 0 0 0 0 0 0 0 0 0 0 0 0 0 0 0 0 0 0 0 0 0 0 0 0 0 0 0 0 0 0 0 0 0 0 0 0 0 0 0 155 156 156 156 156 156 156 157 157 157 157 157 157 158 158 158 158 158 158 158 158 158 159 159 159 159 159 159 160 160 160 160 160 160 160 161 161 161 161 161 161 161 161 162 162 162 162 162 162 162 162 162 162 163 163 163 163 163 163 163 163 163 163 164 164 164 164 164 164 164 164 164 164 164 165 165 165 165 165 165 165 165 165 166 166 166 166 166 166 166 166 166 166 166 166 167 167 167 167 167 167 167 167 167 167 167 167 167 167 167 167 167 167 167 168 168 168 168 168 168 168 168 168 168 168 168 168 168 168 168 168 168 168 168 168 169 169 168 169 169 169 169 168 168 168 169 169 169 169 169 169 169 169 169 169 169 169 169 169 169 169 169 169 169 169 169 169 168 168 168 168 168 168 168 168 168 168 168 168 168 168 168 168 168 168 168 168 168 168 168 168 168 168 168 168 168 168 168 168 169 169 169 169 169 169 169 169 169 169 168 168 168 168 168 168 168 168 168 168 168 168 168 168 168 168 167 167 167 167 167 167 167 167 167 167 167 167 167 166 166 166 166 166 166 166 166 166 166 166 165 165 165 165 165 165 165 165 165 165 164 164 164 164 164 164 164 164 164 164 163 163 163 163 163 163 163 163 163 163 162 162 162 162 161 161 161 161 161 160 160 160 160 160 160 160 160 159 159 159 159 158 158 159 159 159 158 158 158 158 158 157 158 158 157 158 157 157 158 157 157 157 156 156 156 156 156 156 156 156 156 156 156 155 155 155 155 155 154 154 153 153 152 152 152 152 0 0 0 0 0 0 0 0 0 0 0 0 0 0 0 0 0 0 0 0 149 149 149 149 149 149 149 149 149 150 149 149 149 149 148 148 148 148 148 147 147 147 147 147 147 147 146 146 146 145 145 145 145 145 144 144 144 144 144 144 143 143 0 0 0 0 0 0 0 0 0 0 142 142 141 141 141 141 141 141 141 141 140 140 140 0 0 0 0 0 0 0 0 0 0 0 0 0 0 0 0 0 0 0 0 0 0 0 0 0 0 0 0 0 0 
0 0 0 0 0 0 0 0 0 0 0 0 0 0 0 0 0 0 0 0 0 0 0 0 0 0 0 0 0 0 0 0 0 0 0 0 0 0 0 0 0 0 0 155 155 155 156 156 156 156 157 157 157 157 157 157 158 158 158 158 158 158 158 158 158 159 159 159 159 159 159 159 160 160 160 160 160 160 160 161 161 161 161 161 161 161 161 162 162 162 162 162 162 162 162 162 163 163 163 163 163 163 163 163 163 163 163 164 164 164 164 164 164 164 164 164 165 165 165 165 165 165 165 165 165 165 165 165 166 166 166 166 166 166 166 166 166 166 166 167 167 167 167 167 167 167 167 167 167 167 167 167 167 167 167 167 167 167 167 168 168 168 168 168 168 168 168 168 168 168 168 168 168 168 168 168 168 168 168 168 168 168 168 168 168 168 168 168 168 168 168 168 169 169 169 169 169 169 169 169 169 169 169 169 169 169 169 169 168 168 168 168 168 168 168 168 168 168 168 168 168 168 168 168 168 168 168 168 168 167 168 168 168 168 168 168 168 167 167 167 167 167 169 169 169 169 169 169 168 168 168 168 168 168 168 168 168 168 168 168 168 168 168 167 168 168 167 167 167 167 167 167 167 167 167 167 167 167 167 166 166 166 166 166 166 166 165 166 166 166 165 165 165 165 165 165 165 165 165 165 165 164 164 164 164 164 164 164 164 164 164 163 163 163 163 163 163 163 163 163 163 162 162 162 162 162 161 161 161 161 161 161 160 160 160 160 159 159 159 159 159 159 158 158 159 159 159 158 158 158 158 158 158 158 158 157 157 157 157 158 157 157 157 157 156 156 156 157 156 156 156 156 156 156 156 156 155 154 154 154 154 154 154 153 153 153 153 153 152 152 0 0 0 0 0 0 0 0 0 0 0 0 0 0 0 0 0 0 149 149 149 150 150 149 149 149 149 150 149 149 149 149 148 148 148 148 148 147 147 147 146 147 147 146 146 146 145 145 145 145 145 145 144 144 144 144 144 144 143 143 0 0 0 0 0 0 0 0 0 0 0 0 141 141 141 141 141 141 141 140 140 0 0 0 0 0 0 0 0 0 0 0 0 0 0 0 0 0 0 0 0 0 0 0 0 0 0 0 0 0 0 0 0 
0 0 0 0 0 0 0 0 0 0 0 0 0 0 0 0 0 0 0 0 0 0 0 0 0 0 0 0 0 0 0 0 0 0 0 0 0 154 154 154 154 155 155 155 155 155 156 156 156 156 156 157 157 157 157 157 157 158 158 158 158 158 158 158 158 158 159 159 159 159 159 159 159 160 160 160 160 160 160 161 161 161 161 161 161 161 161 162 162 162 162 162 162 162 162 162 163 163 163 163 163 163 163 163 163 163 163 164 164 164 164 164 164 164 164 164 164 165 165 165 165 165 165 165 165 165 165 165 165 165 166 166 166 166 166 166 166 166 166 166 166 167 166 166 167 167 167 167 167 167 167 167 167 167 167 167 167 167 167 167 167 167 167 168 168 168 168 168 168 168 168 168 168 168 168 168 168 168 168 168 168 168 168 168 168 168 168 168 168 168 168 168 168 168 168 169 169 169 169 169 169 169 169 169 169 169 169 168 168 168 168 168 168 168 168 168 168 168 168 168 168 168 168 168 168 168 168 168 167 167 168 168 168 168 168 167 167 167 167 167 167 167 169 169 169 169 168 168 168 168 168 168 168 168 168 168 168 168 168 167 167 168 168 167 167 167 167 167 167 167 167 167 167 167 167 167 167 167 166 166 166 166 166 166 166 166 165 165 165 165 165 165 165 165 165 165 165 165 165 165 164 164 164 164 164 164 164 164 164 164 163 163 163 163 163 163 163 163 163 163 162 162 162 162 162 162 161 161 161 161 161 161 160 160 159 159 160 159 159 159 159 158 158 158 158 158 158 158 158 158 158 158 158 158 158 158 157 157 157 157 157 157 157 156 156 156 156 157 156 156 156 156 155 156 156 156 155 154 154 154 154 154 154 153 153 152 153 153 152 152 152 0 0 0 0 0 0 0 0 0 0 0 0 0 0 0 0 149 149 149 149 149 150 150 150 149 149 149 149 149 148 148 148 148 147 147 147 147 146 146 146 146 146 146 146 146 145 145 145 145 145 145 144 144 144 144 144 144 143 0 0 0 0 0 0 0 0 0 0 0 0 0 0 0 141 141 141 140 0 0 0 0 0 0 0 0 0 0 0 0 0 0 0 0 0 0 0 0 0 0 0 0 0 0 0 0 0 0 0 0 0 0 0 
0 0 0 0 0 0 0 0 0 0 0 0 0 0 0 0 0 0 0 0 0 0 0 0 0 0 0 0 0 0 0 0 0 0 0 0 0 154 154 154 154 154 154 155 155 155 155 156 156 156 156 156 157 157 157 157 157 157 158 158 158 158 158 158 158 158 158 158 159 159 159 159 159 159 160 160 160 160 160 160 160 160 161 161 161 161 161 161 161 162 162 162 162 162 162 162 162 162 163 163 163 163 163 163 163 163 163 163 164 164 164 164 164 164 164 164 164 164 164 164 165 165 165 165 165 165 165 165 165 165 165 165 166 166 166 166 166 166 166 166 166 166 166 166 166 166 167 167 167 167 167 167 167 167 167 167 167 167 167 167 167 167 167 167 168 168 168 168 168 168 168 168 168 168 168 168 168 168 168 168 168 168 168 168 168 168 168 168 168 168 168 168 168 168 169 168 169 169 169 168 168 168 168 168 168 168 168 168 168 168 168 168 168 168 168 168 168 168 168 167 168 167 167 167 167 168 168 168 168 168 168 168 168 168 168 167 167 167 167 167 167 167 169 169 169 168 168 168 168 168 168 168 168 168 168 168 168 168 167 167 167 167 167 167 167 167 167 167 167 167 167 167 167 167 167 167 167 166 166 166 166 166 166 166 166 166 165 165 165 165 165 165 165 165 165 164 164 164 164 164 164 164 164 164 164 164 164 163 163 163 163 163 163 163 163 163 163 163 163 162 162 162 162 162 162 162 162 162 161 161 161 161 160 160 160 160 160 159 159 159 159 159 159 159 158 158 158 158 158 158 158 158 158 158 158 157 157 157 157 157 157 156 156 156 157 157 157 156 156 156 156 156 156 155 156 155 155 154 154 154 154 153 153 153 153 153 152 152 152 152 151 0 0 0 0 0 0 0 0 0 0 0 0 0 0 0 149 149 149 149 149 149 150 150 150 149 149 149 149 149 148 148 148 148 147 147 146 147 146 146 146 146 146 146 146 146 145 145 145 145 145 144 144 144 144 144 144 144 143 0 0 0 0 0 0 0 0 0 0 0 0 0 0 0 0 0 0 0 0 0 0 0 0 0 0 0 0 0 0 0 0 0 0 0 0 0 0 0 0 0 0 0 0 0 0 0 0 0 0 0 0 0 0 
0 0 0 0 0 0 0 0 0 0 0 0 0 0 0 0 0 0 0 0 0 0 0 0 0 0 0 0 0 0 0 0 0 0 0 0 0 154 154 154 154 154 154 154 154 155 155 156 156 156 156 156 156 157 157 157 157 157 158 158 158 158 158 158 158 158 158 158 158 159 159 159 159 159 159 160 160 160 160 160 160 160 161 161 161 161 161 161 161 162 162 162 161 162 162 162 162 162 162 162 162 163 163 163 163 163 163 163 163 163 164 164 164 164 164 164 164 164 164 164 164 164 164 165 165 165 165 165 165 165 165 165 165 166 166 166 166 166 166 166 166 166 166 166 166 166 166 166 167 167 167 167 167 167 167 167 167 167 167 167 167 167 167 167 167 167 167 167 168 168 168 168 168 168 168 168 168 168 168 168 168 168 168 168 168 168 168 168 168 168 168 168 168 168 168 168 168 168 168 168 168 168 168 168 168 168 168 168 168 168 168 168 168 168 168 167 168 167 167 167 167 167 167 167 167 167 168 168 168 168 168 168 168 168 167 167 167 167 167 167 167 167 169 169 168 168 168 168 168 168 168 168 168 168 168 168 168 167 168 168 167 167 167 167 167 167 167 167 167 167 167 167 167 167 167 167 166 166 166 166 166 166 166 166 166 166 165 165 165 165 165 165 165 165 165 165 164 164 164 164 164 164 164 164 164 164 164 163 164 163 163 163 163 162 162 163 163 163 162 162 162 162 162 162 162 162 162 162 162 161 161 161 160 160 160 160 159 159 159 159 160 160 159 159 158 158 158 158 158 158 158 158 158 158 158 157 157 157 157 157 156 157 157 157 157 157 157 156 156 156 156 156 156 156 155 155 154 154 154 154 154 154 153 154 154 153 152 153 152 151 151 0 0 0 0 0 0 0 0 0 0 0 0 0 0 0 148 149 149 149 149 150 150 150 149 149 149 149 149 149 148 148 148 148 147 147 146 146 146 146 146 146 146 146 145 145 145 145 144 144 145 144 144 144 144 144 144 143 143 0 0 0 0 0 0 0 0 0 0 0 0 0 0 0 0 0 0 0 0 0 0 0 0 0 0 0 0 0 0 0 0 0 0 0 0 0 0 0 0 0 0 0 0 0 0 0 0 0 0 0 0 0 0 
0 0 0 0 0 0 0 0 0 0 0 0 0 0 0 0 0 0 0 0 0 0 0 0 0 0 0 0 0 0 0 0 0 0 0 0 0 153 153 154 154 155 154 155 154 154 155 155 156 156 156 156 156 156 156 157 157 157 157 157 158 158 158 158 158 158 158 158 159 159 158 159 159 159 159 159 160 160 160 160 160 160 160 160 161 161 161 161 161 161 161 162 161 161 161 162 162 162 162 162 162 162 162 163 163 163 163 163 163 163 163 163 164 164 164 164 164 164 164 164 164 164 164 164 164 164 165 165 165 165 165 165 165 165 166 166 166 166 166 166 166 166 166 166 166 166 166 166 166 166 167 167 167 167 167 167 167 167 167 167 167 167 167 167 167 167 167 167 167 167 167 168 168 168 168 168 168 168 168 168 168 168 168 168 168 168 168 168 168 168 168 168 168 168 168 168 168 168 168 168 168 168 168 168 168 168 168 168 168 168 168 167 167 167 167 167 167 167 167 167 167 167 167 167 167 167 167 168 167 167 167 167 167 168 167 167 167 167 167 167 167 167 169 168 168 168 168 168 168 168 168 168 168 168 168 168 168 168 168 167 167 167 167 167 167 167 167 167 167 167 167 167 167 167 167 166 166 166 166 166 166 166 166 166 166 165 165 165 165 165 165 165 165 165 165 165 164 164 164 164 164 164 164 164 164 163 163 163 163 163 163 163 163 163 162 162 162 162 162 162 162 162 162 162 161 162 162 161 161 161 161 161 161 160 160 160 159 159 159 160 159 159 159 158 158 158 158 158 158 158 158 158 158 157 157 157 157 157 157 157 156 156 157 157 156 157 157 156 156 156 156 156 156 156 155 155 154 154 154 154 154 153 153 153 153 153 153 153 152 151 151 151 151 0 0 0 0 0 0 0 0 0 0 0 0 148 148 149 149 149 149 150 150 150 149 149 149 149 149 149 149 148 148 147 147 147 147 147 146 146 146 145 146 145 145 145 145 145 145 145 145 144 144 144 144 144 144 143 143 0 0 0 0 0 0 0 0 0 0 0 0 0 0 0 0 0 0 0 0 0 0 0 0 0 0 0 0 0 0 0 0 0 0 0 0 0 0 0 0 0 0 0 0 0 0 0 0 0 0 0 0 0 0 
0 0 0 0 0 0 0 0 0 0 0 0 0 0 0 0 0 0 0 0 0 0 0 0 0 0 0 0 0 0 0 0 0 0 0 0 0 0 153 153 154 155 155 156 155 155 155 155 155 156 156 156 156 156 156 157 157 157 157 157 158 157 158 158 158 158 158 158 159 158 158 159 159 159 159 159 159 160 160 160 160 160 160 160 161 161 161 161 161 161 161 161 161 161 161 161 161 162 162 162 162 162 162 162 162 163 163 163 163 163 163 163 163 163 163 163 164 164 164 164 164 164 164 164 164 164 164 164 165 165 165 165 165 165 165 165 165 166 166 166 166 166 166 166 166 166 166 166 166 166 166 167 167 167 167 166 167 167 167 167 167 167 167 167 167 167 167 167 167 167 167 167 167 167 168 168 168 168 168 168 168 168 168 168 168 168 168 168 168 168 168 168 168 168 168 168 168 168 168 168 168 168 168 168 168 168 168 168 168 168 167 167 167 167 167 167 167 167 167 167 167 167 167 167 167 167 167 167 167 167 167 167 167 167 167 167 167 167 167 167 167 167 168 168 168 168 168 168 168 168 168 168 168 168 168 167 167 167 167 167 167 167 167 167 167 167 167 167 167 167 167 167 167 166 166 166 166 166 166 166 166 166 166 166 166 165 165 165 165 165 165 165 165 165 165 165 164 164 164 164 164 164 164 164 164 164 163 163 163 163 163 163 163 163 162 162 162 162 162 162 162 162 162 162 162 161 161 161 161 161 161 161 161 160 160 159 159 159 159 159 159 159 158 158 158 158 158 158 158 158 158 158 158 157 157 157 157 157 156 156 156 156 156 156 156 157 156 156 156 156 156 155 155 156 155 154 154 154 154 154 154 153 153 153 153 153 153 153 153 152 152 151 151 150 150 0 0 0 0 0 0 0 0 0 148 148 149 149 149 149 149 150 150 149 149 149 149 149 149 149 148 148 148 148 147 147 147 147 146 146 146 145 145 145 145 145 145 145 145 145 145 144 144 144 144 143 143 143 0 0 0 0 0 0 0 0 0 0 0 0 0 0 0 0 0 0 0 0 0 0 0 0 0 0 0 0 0 0 0 0 0 0 0 0 0 0 0 0 0 0 0 0 0 0 0 0 0 0 0 0 0 0 0 
0 0 0 0 0 0 0 0 0 0 0 0 0 0 0 0 0 0 0 0 0 0 0 0 0 0 0 0 0 0 0 0 0 0 0 0 0 0 153 153 154 154 154 155 156 156 155 155 155 155 155 156 156 156 156 157 157 157 157 157 157 157 158 158 158 158 158 158 158 158 159 159 159 159 159 159 159 159 160 160 160 160 160 160 160 161 161 161 161 161 161 161 161 161 161 161 161 162 162 162 162 162 162 162 162 162 162 162 163 163 163 163 163 163 163 163 163 163 164 164 164 164 164 164 164 164 164 165 165 165 165 165 165 165 165 165 165 165 165 166 166 166 166 166 166 166 166 166 166 166 166 166 166 166 166 166 166 167 167 167 167 167 167 167 167 167 167 167 167 167 167 167 167 167 167 167 167 167 167 167 167 167 167 167 167 167 167 168 168 168 168 168 168 168 168 168 168 168 168 168 168 168 168 168 168 168 168 168 168 167 168 168 167 167 167 167 167 167 167 167 167 167 167 167 167 167 167 167 167 167 167 167 167 167 167 167 167 167 167 167 167 167 168 168 168 168 168 168 168 168 168 168 168 168 168 167 167 167 167 167 167 167 167 167 167 167 166 166 167 167 167 167 166 166 166 166 166 166 166 166 166 166 166 166 165 165 165 165 165 165 165 165 165 164 164 164 164 164 164 164 164 164 164 164 163 164 163 163 163 163 163 163 163 163 163 162 162 162 162 162 162 162 161 161 161 162 161 161 161 161 161 161 161 160 160 159 160 159 159 159 159 159 158 158 158 158 158 158 158 158 158 158 157 157 157 157 156 156 156 156 156 156 156 156 156 156 156 156 156 155 156 156 156 155 155 155 155 155 155 155 154 153 153 153 153 153 153 153 152 152 152 151 151 150 150 150 0 0 0 0 0 0 0 149 148 149 149 149 149 150 149 150 150 150 149 149 149 149 149 148 148 148 148 148 148 147 147 147 146 146 146 146 145 145 145 145 145 145 0 0 144 144 144 144 143 143 143 0 0 0 0 0 0 0 0 0 0 0 0 0 0 0 0 0 0 0 0 0 0 0 0 0 0 0 0 0 0 0 0 0 0 0 0 0 0 0 0 0 0 0 0 0 0 0 0 0 0 0 0 0 0 0 0 
0 0 0 0 0 0 0 0 0 0 0 0 0 0 0 0 0 0 0 0 0 0 0 0 0 0 0 0 0 0 0 0 0 0 0 0 0 0 0 153 153 153 154 154 155 155 155 156 155 155 155 156 156 156 156 156 156 157 157 157 157 157 158 158 158 158 158 158 158 159 158 159 159 159 159 159 159 159 159 160 160 160 160 160 160 160 161 161 161 161 162 162 161 161 161 161 161 161 162 162 162 162 162 162 162 162 162 162 162 162 162 162 163 163 163 163 163 163 163 163 163 163 164 164 164 164 164 165 165 165 165 165 165 165 165 165 165 165 165 165 165 166 166 166 166 166 166 166 166 166 166 166 166 166 166 166 166 167 167 167 167 167 167 167 167 167 167 167 167 167 167 167 167 167 167 167 167 167 167 167 167 167 167 167 167 167 168 168 167 167 167 167 168 168 168 168 168 168 168 168 168 168 168 168 168 167 167 167 167 168 168 168 167 167 167 167 167 167 167 167 167 167 167 167 167 167 167 167 167 167 167 167 167 167 167 167 167 167 166 166 167 166 168 168 168 168 168 168 168 168 168 168 168 168 167 167 167 167 167 167 167 167 167 167 167 167 166 166 166 166 166 166 166 166 166 166 166 166 166 166 166 166 166 166 165 165 165 165 165 165 165 165 165 164 164 164 164 164 164 164 164 164 164 163 163 163 163 163 163 163 163 163 163 163 163 162 162 162 162 162 162 162 162 161 161 162 162 161 161 161 161 161 160 160 160 159 159 159 160 159 159 159 158 158 158 158 158 158 158 158 158 157 157 157 157 157 157 157 157 157 157 156 156 156 156 156 156 156 155 155 155 155 155 155 155 155 155 155 155 155 154 154 154 154 153 153 152 152 152 152 151 151 151 151 150 150 150 150 149 149 149 149 149 149 149 149 149 149 149 150 150 150 149 149 149 149 149 149 149 148 148 148 148 148 147 147 147 147 146 146 146 145 145 145 145 145 145 0 0 0 0 0 0 0 0 0 0 0 0 0 0 0 0 0 0 0 0 0 0 0 0 0 0 0 0 0 0 0 0 0 0 0 0 0 0 0 0 0 0 0 0 0 0 0 0 0 0 0 0 0 0 0 0 0 0 0 0 0 0 0 0 0 0 
0 0 0 0 0 0 0 0 0 0 0 0 0 0 0 0 0 0 0 0 0 0 0 0 0 0 0 0 0 0 0 0 0 0 0 0 0 0 0 153 153 153 153 154 154 155 155 156 155 155 155 156 157 156 156 156 156 156 157 157 157 157 158 158 158 158 158 158 158 158 158 159 159 159 159 159 159 159 159 160 160 160 160 160 160 160 160 160 161 161 161 161 161 161 161 161 161 161 161 162 162 162 162 162 162 162 162 162 162 162 162 162 162 162 163 163 163 163 163 163 163 163 164 164 164 164 164 164 165 165 165 165 165 165 165 165 165 165 165 165 165 166 166 166 166 166 166 166 166 166 166 166 166 166 166 166 166 166 166 166 167 167 166 166 167 167 167 167 167 167 166 166 167 167 167 167 167 167 167 167 167 167 167 167 167 167 167 167 167 167 167 168 168 168 168 167 168 168 168 168 168 168 168 168 167 167 167 167 168 168 168 167 167 167 167 167 167 167 167 167 167 167 167 167 167 167 167 167 167 167 167 167 167 167 167 166 166 166 166 166 166 166 168 168 168 168 168 168 168 168 168 168 168 167 167 167 167 167 167 167 167 167 167 167 167 167 166 166 166 166 166 166 166 166 166 166 166 166 166 166 166 166 165 165 165 165 165 165 165 165 165 165 164 164 164 164 164 164 164 164 164 164 163 163 163 163 163 163 163 163 163 163 163 163 163 162 162 162 162 162 161 161 161 161 161 161 161 161 161 161 161 161 160 160 160 160 159 159 159 159 159 159 158 158 158 158 158 158 158 158 157 157 157 157 157 157 157 156 156 157 157 156 155 156 156 156 156 156 156 155 155 155 155 155 155 155 155 155 155 155 155 154 154 154 153 153 152 152 152 152 152 152 151 150 150 150 150 150 150 150 149 150 149 149 149 149 149 149 149 149 150 149 149 149 149 149 149 149 148 148 148 148 148 147 147 147 147 147 146 146 146 145 145 145 145 145 145 0 0 0 0 0 0 0 0 0 0 0 0 0 0 0 0 0 0 0 0 0 0 0 0 0 0 0 0 0 0 0 0 0 0 0 0 0 0 0 0 0 0 0 0 0 0 0 0 0 0 0 0 0 0 0 0 0 0 0 0 0 0 0 0 0 0 
0 0 0 0 0 0 0 0 0 0 0 0 0 0 0 0 0 0 0 0 0 0 0 0 0 0 0 0 0 0 0 0 0 0 0 0 0 0 0 153 153 153 153 154 154 154 154 155 155 155 155 155 156 156 157 156 156 156 157 157 157 157 158 158 158 158 158 158 158 158 159 159 159 159 159 159 159 159 159 159 159 160 160 160 160 160 160 161 161 161 161 161 161 161 161 161 161 161 161 161 162 162 162 162 162 162 162 162 162 162 162 162 162 162 163 163 163 163 163 163 163 163 164 164 164 164 164 164 164 165 165 165 165 165 165 165 165 165 165 165 165 165 165 165 165 165 165 166 165 165 166 166 166 166 166 166 166 166 166 166 166 166 166 166 167 167 167 167 167 167 166 166 167 167 167 167 167 167 167 167 167 167 167 167 167 167 167 167 167 167 167 167 167 167 167 167 168 168 168 168 167 168 167 167 167 167 167 167 167 167 167 167 167 167 167 167 167 167 167 167 167 167 166 167 166 167 166 167 167 167 167 167 167 166 166 166 166 166 166 166 166 166 168 168 168 168 168 168 168 168 168 168 167 167 167 167 167 167 167 167 167 167 167 167 167 166 166 166 166 166 166 166 166 166 166 166 166 166 166 166 166 165 165 165 165 165 165 164 164 165 165 165 165 164 164 164 164 164 164 164 164 163 163 163 163 163 163 163 163 163 163 163 163 163 163 162 162 162 162 161 161 161 161 161 161 161 161 161 161 161 161 161 160 160 160 160 159 159 159 159 159 159 158 158 158 157 157 157 158 157 157 157 157 157 157 157 157 157 157 157 157 157 155 155 155 155 156 156 156 156 155 155 155 155 155 155 154 155 155 155 155 155 154 154 154 153 153 152 152 152 151 151 151 151 150 150 150 150 150 150 150 149 149 149 149 149 149 149 149 149 149 149 149 149 149 149 148 148 148 148 148 148 148 147 147 147 147 147 146 146 146 145 145 145 145 145 144 144 0 0 0 0 0 0 0 0 0 0 0 0 0 0 0 0 0 0 0 0 0 0 0 0 0 0 0 0 0 0 0 0 0 0 0 0 0 0 0 0 0 0 0 0 0 0 0 0 0 0 0 0 0 0 0 0 0 0 0 0 0 0 0 0 0 
0 0 0 0 0 0 0 0 0 0 0 0 0 0 0 0 0 0 0 0 0 0 0 0 0 0 0 0 0 0 0 0 0 0 0 0 0 0 0 153 153 153 153 154 154 154 154 154 155 155 155 155 155 156 156 157 157 156 156 157 157 158 158 158 158 158 158 158 158 158 159 159 159 159 159 159 159 159 159 159 159 159 160 160 160 160 160 160 160 161 161 161 161 161 161 161 161 161 161 161 161 162 162 162 162 162 162 162 162 163 162 163 163 163 163 163 163 163 163 163 163 164 164 164 164 164 164 164 164 164 164 164 165 165 165 165 165 165 165 165 165 165 165 165 165 165 165 165 165 166 166 166 166 166 166 166 166 166 166 166 166 166 166 166 166 167 167 167 167 166 166 166 167 167 167 167 167 167 167 167 166 166 167 167 167 167 167 167 167 167 167 167 167 167 167 167 167 167 167 167 167 167 167 167 167 167 167 167 167 167 167 167 167 167 167 167 167 167 167 167 167 167 166 166 166 166 166 166 166 166 167 167 167 166 166 166 166 166 166 166 166 166 168 168 168 168 168 168 167 167 167 167 167 167 167 167 167 167 167 167 167 167 167 167 167 166 166 166 166 166 166 166 166 166 166 166 166 166 166 166 165 165 165 165 165 165 165 164 164 164 164 165 165 164 164 164 164 164 163 163 163 163 163 163 163 163 163 163 163 163 163 163 163 162 162 162 162 162 162 161 161 161 161 161 161 161 161 161 161 160 161 161 160 160 160 160 159 159 159 159 159 159 158 158 158 157 157 157 157 157 157 157 157 157 156 157 157 157 157 157 157 157 156 155 155 155 155 155 156 155 156 155 155 155 155 154 154 154 154 154 154 154 154 154 154 153 152 152 152 151 151 151 151 151 151 150 150 150 150 150 150 149 149 149 149 149 149 149 149 150 149 149 149 149 148 148 148 148 148 148 148 148 148 147 147 147 146 147 146 146 146 145 145 145 145 144 144 144 0 0 0 0 0 0 0 0 0 0 0 0 0 0 0 0 0 0 0 0 0 0 0 0 0 0 0 0 0 0 0 0 0 0 0 0 0 0 0 0 0 0 0 0 0 0 0 0 0 0 0 0 0 0 0 0 0 0 0 0 0 0 0 0 0 
0 0 0 0 0 0 0 0 0 0 0 0 0 0 0 0 0 0 0 0 0 0 0 0 0 0 0 0 0 0 0 0 0 0 0 0 0 0 0 0 153 153 153 153 153 154 154 154 155 155 155 155 156 156 156 157 156 156 157 157 157 157 157 158 158 158 158 158 158 158 158 158 158 158 158 158 158 159 159 159 159 159 160 160 160 160 160 160 160 160 160 161 160 161 161 161 161 161 161 161 161 161 161 162 162 162 162 162 163 163 163 163 163 163 163 163 163 163 163 163 163 164 164 164 164 164 164 164 164 164 164 164 164 164 165 165 165 165 165 165 165 165 165 165 165 165 165 165 165 166 166 166 166 166 166 166 166 166 166 166 166 166 166 166 166 166 166 166 166 166 166 166 167 167 167 167 167 167 167 166 166 166 166 166 167 167 167 167 167 167 167 167 167 167 167 167 167 167 167 167 167 167 167 167 167 167 167 167 167 167 167 167 167 167 167 167 167 167 167 167 167 167 167 166 166 166 166 166 166 166 166 166 166 166 166 166 166 166 166 166 166 166 167 167 167 168 168 167 167 167 167 167 167 167 167 167 167 167 167 167 167 167 167 167 166 166 166 166 166 166 166 166 166 166 166 166 166 166 166 165 165 165 165 165 165 165 164 164 164 164 164 164 164 164 164 164 164 164 163 163 163 163 163 163 163 163 163 163 163 163 163 163 163 162 162 162 162 162 161 161 161 161 161 161 161 161 161 160 160 160 160 160 160 160 160 160 159 159 159 159 159 159 158 158 158 158 158 158 157 157 157 157 157 157 156 156 157 156 156 156 156 157 156 155 155 155 155 155 155 155 155 155 155 155 155 154 154 155 154 154 154 154 154 153 154 153 152 152 152 152 151 152 151 151 151 150 150 150 150 150 150 149 149 149 149 149 149 149 149 150 149 149 149 148 148 148 148 148 148 148 148 148 147 147 147 147 146 146 146 146 146 145 145 145 145 144 144 144 144 0 0 0 0 0 0 0 0 0 0 0 0 0 0 0 0 0 0 0 0 0 0 0 0 0 0 0 0 0 0 0 0 0 0 0 0 0 0 0 0 0 0 0 0 0 0 0 0 0 0 0 0 0 0 0 0 0 0 0 0 0 0 0 0 
0 0 0 0 0 0 0 0 0 0 0 0 0 0 0 0 0 0 0 0 0 0 0 0 0 0 0 0 0 0 0 0 0 0 0 0 0 0 0 0 153 153 153 153 154 154 154 154 154 155 155 155 155 156 156 157 157 157 157 156 156 157 158 158 158 158 157 158 158 158 158 158 158 158 158 158 158 159 159 159 159 159 159 160 160 160 160 160 160 161 161 161 160 161 161 161 161 161 161 161 161 161 161 162 162 162 162 162 163 163 163 163 163 163 163 163 163 163 163 163 163 164 164 164 164 164 164 164 164 164 164 164 164 164 164 164 165 165 165 165 165 165 165 165 165 165 165 165 165 165 166 166 166 166 166 166 166 166 166 166 166 166 166 166 166 166 166 166 166 166 166 166 166 167 167 166 166 166 166 166 166 166 166 166 166 167 167 167 166 166 166 167 167 167 167 167 167 167 167 167 167 167 167 167 167 167 167 167 167 167 167 166 166 166 167 167 167 167 167 167 167 166 166 166 166 166 166 166 166 166 166 166 166 166 166 166 166 166 166 166 166 166 167 167 167 167 167 167 167 167 167 167 167 167 167 167 167 167 167 167 167 167 167 166 166 166 166 166 166 166 166 166 166 166 166 166 166 166 165 165 165 165 165 165 165 165 164 164 164 164 164 164 164 164 164 164 164 164 163 163 163 163 163 163 163 163 163 162 162 162 162 162 162 162 162 162 162 162 161 161 161 161 161 161 161 161 160 160 160 160 161 160 160 160 160 160 159 159 159 159 159 159 158 158 158 158 158 158 157 157 157 157 157 157 157 156 157 157 156 156 156 156 156 155 154 154 155 155 155 155 155 155 155 154 154 154 154 155 155 154 154 153 153 153 154 154 153 152 152 152 152 152 151 151 151 151 150 150 150 149 149 149 149 149 149 149 149 149 149 149 149 149 149 149 148 148 148 148 147 147 147 147 147 147 147 146 146 146 146 146 145 146 145 145 145 144 144 144 144 144 0 0 0 0 0 0 0 0 0 0 0 0 0 0 0 0 0 0 0 0 0 0 0 0 0 0 0 0 0 0 0 0 0 0 0 0 0 0 0 0 0 0 0 0 0 0 0 0 0 0 0 0 0 0 0 0 0 0 0 0 0 0 0 
0 0 0 0 0 0 0 0 0 0 0 0 0 0 0 0 0 0 0 0 0 0 0 0 0 0 0 0 0 0 0 0 0 0 0 0 0 0 0 0 153 153 153 153 154 154 154 154 155 155 155 155 155 155 156 156 156 157 157 156 156 157 157 158 158 157 157 158 158 158 158 158 158 158 158 158 158 159 159 159 159 159 159 159 160 160 160 160 160 160 161 161 160 161 161 161 161 161 161 161 161 161 161 162 162 162 162 162 162 163 162 162 163 163 163 163 163 163 163 163 163 163 163 164 164 164 164 164 164 164 164 164 164 164 164 164 164 164 165 165 165 165 165 165 165 165 165 165 165 165 165 165 165 165 165 166 166 166 166 166 166 166 166 166 166 166 166 166 166 166 166 166 166 166 166 166 166 166 166 166 166 166 166 166 166 167 167 166 166 166 166 166 167 167 167 167 167 167 167 167 167 167 167 167 167 166 167 167 167 166 166 166 166 167 166 166 167 167 167 167 167 166 166 166 166 166 166 166 166 166 166 166 166 166 166 166 166 166 166 166 166 166 167 167 167 167 167 167 167 167 167 167 167 167 167 167 166 167 167 167 167 167 166 166 166 166 166 166 166 166 166 166 166 166 166 166 165 165 165 165 165 165 165 165 165 165 164 164 164 164 164 164 164 164 164 164 163 163 163 163 163 163 163 163 163 163 162 162 162 162 162 162 162 162 162 162 162 161 161 161 161 161 161 161 161 161 160 160 160 160 160 160 160 160 160 160 160 159 159 159 159 159 158 158 158 158 158 158 157 157 157 157 157 157 157 156 156 157 156 156 156 156 156 155 154 154 155 155 155 155 155 155 155 154 154 154 154 155 154 154 153 153 154 153 154 153 153 153 153 152 152 152 151 151 151 151 151 150 150 149 149 149 149 149 149 149 149 149 149 149 149 149 149 148 148 148 148 148 148 147 147 147 147 147 147 147 146 146 145 146 145 145 145 145 145 144 144 144 144 144 144 0 0 0 0 0 0 0 0 0 0 0 0 0 0 0 0 0 0 0 0 0 0 0 0 0 0 0 0 0 0 0 0 0 0 0 0 0 0 0 0 0 0 0 0 0 0 0 0 0 0 0 0 0 0 0 0 0 0 0 0 0 0 
0 0 0 0 0 0 0 0 0 0 0 0 0 0 0 0 0 0 0 0 0 0 0 0 0 0 0 0 0 0 0 0 0 0 0 0 0 0 0 152 153 153 153 154 154 154 154 154 154 155 155 155 155 155 156 156 156 156 156 156 156 157 157 157 157 157 158 158 158 158 158 158 158 158 158 158 158 159 159 159 159 159 159 159 160 160 160 160 160 160 160 160 160 160 160 160 161 161 161 161 161 161 161 161 162 162 162 162 162 162 162 163 163 163 163 163 163 163 163 163 163 163 163 163 163 163 163 164 164 164 164 164 164 164 164 164 164 164 164 164 165 165 164 165 165 165 165 165 165 165 165 165 165 165 165 165 165 165 166 166 166 166 166 166 166 166 166 166 166 166 166 166 166 166 166 166 166 166 166 166 166 166 166 166 166 166 166 166 166 166 166 166 166 166 166 166 166 166 166 166 166 166 166 166 166 166 166 167 167 166 166 166 166 166 166 166 166 166 166 166 166 166 166 166 166 166 166 166 166 166 166 166 166 166 166 166 166 166 166 166 166 166 167 167 167 167 167 167 167 167 167 167 167 167 167 166 166 166 167 167 167 167 166 166 166 166 166 166 165 165 165 166 166 166 166 165 165 165 165 165 165 165 165 165 165 164 164 164 164 164 164 164 164 164 164 163 163 163 163 163 163 163 163 163 163 163 162 162 162 162 162 162 162 162 162 162 162 162 161 161 161 161 161 161 161 161 161 161 160 160 160 160 160 160 160 160 159 159 159 159 159 159 158 158 158 158 157 158 157 157 157 157 157 157 157 156 156 156 156 156 156 156 156 155 154 154 154 154 155 155 155 155 154 153 154 154 154 154 154 154 153 153 153 153 154 153 153 153 153 152 152 152 151 151 151 151 151 150 150 150 149 149 148 149 149 149 149 149 149 149 149 149 149 149 148 148 148 148 147 147 147 147 147 146 146 146 146 146 146 145 146 145 145 145 145 144 144 144 144 144 144 143 0 0 0 0 0 0 0 0 0 0 0 0 0 0 0 0 0 0 0 0 0 0 0 0 0 0 0 0 0 0 0 0 0 0 0 0 0 0 0 0 0 0 0 0 0 0 0 0 0 0 0 0 0 0 0 0 0 0 0 0 0 
0 0 0 0 0 0 0 0 0 0 0 0 0 0 0 0 0 0 0 0 0 0 0 0 0 0 0 0 0 0 0 0 0 0 0 0 0 152 152 152 152 152 153 153 153 154 153 154 154 154 154 155 155 156 156 156 156 157 157 157 156 157 157 157 157 158 158 158 158 158 158 158 158 158 158 158 158 159 159 159 159 159 159 159 159 160 160 160 160 160 160 160 160 160 160 160 161 161 161 161 161 161 161 162 162 162 162 162 162 162 162 162 162 163 163 163 163 163 163 163 163 163 163 163 163 163 163 163 163 163 164 164 164 164 164 164 164 164 164 164 164 164 164 165 165 165 165 165 165 165 165 165 165 165 165 165 165 165 166 166 166 166 166 166 166 166 166 166 166 166 166 166 166 166 166 166 166 166 166 166 166 166 166 166 166 166 166 166 166 166 166 166 166 166 166 166 166 166 166 166 166 166 166 166 166 166 166 166 166 166 166 166 166 166 166 166 166 166 166 166 166 166 166 166 166 166 166 166 166 166 166 166 166 166 166 166 166 166 165 165 165 165 167 167 167 167 167 167 167 167 167 167 167 167 166 166 166 166 166 166 166 166 166 166 166 166 166 166 166 165 165 165 166 165 165 165 165 165 165 165 165 165 165 165 165 164 164 164 164 164 164 164 164 163 163 163 163 163 163 163 163 163 163 163 162 162 162 162 162 162 162 162 162 162 162 162 162 161 161 161 161 161 161 161 161 161 161 160 160 160 160 160 160 160 160 160 160 159 159 159 159 159 158 158 158 157 157 158 157 157 157 157 157 157 157 157 156 156 156 156 156 156 156 156 155 155 155 154 154 155 155 154 154 154 154 154 154 154 154 153 153 153 153 153 153 153 153 153 152 152 152 152 151 151 150 150 150 150 150 150 149 149 148 149 149 149 149 149 149 149 149 149 149 149 148 148 148 148 147 147 147 147 147 147 147 146 146 145 146 145 145 145 145 144 144 144 144 144 144 144 144 143 0 0 0 0 0 0 0 0 0 0 0 0 0 0 0 0 0 0 0 0 0 0 0 0 0 0 0 0 0 0 0 0 0 0 0 0 0 0 0 0 0 0 0 0 0 0 0 0 0 0 0 0 0 0 0 0 0 0 0 0 0 
0 0 0 0 0 0 0 0 0 0 0 0 0 0 0 0 0 0 0 0 0 0 0 0 0 0 0 0 0 0 0 0 0 0 0 151 151 152 152 152 152 152 152 152 153 154 154 154 154 154 154 155 155 156 156 156 156 156 157 156 156 156 157 157 157 157 157 157 157 158 158 157 158 158 158 158 158 158 158 158 159 159 159 159 159 160 160 160 160 160 160 160 160 160 160 160 160 161 161 161 161 161 161 162 162 162 162 162 162 162 162 162 162 162 163 162 163 163 163 163 163 163 163 163 163 163 163 163 163 164 163 164 164 164 164 164 164 164 164 164 164 164 164 164 164 165 165 165 165 165 165 165 165 165 165 165 165 165 165 166 166 166 166 166 166 166 166 166 166 166 166 166 166 166 166 166 166 166 166 166 166 166 166 166 166 166 166 165 166 166 166 166 166 166 166 166 166 166 166 166 166 166 166 166 166 166 166 166 166 166 166 166 166 166 166 166 166 166 166 166 166 166 166 166 166 166 166 166 166 166 166 165 165 166 165 165 165 165 165 165 165 165 167 167 167 167 167 167 167 167 167 167 167 166 166 166 166 166 166 166 166 166 166 166 166 166 166 166 166 165 165 165 165 165 165 165 165 165 165 165 165 165 165 165 165 164 164 164 164 164 164 164 163 164 164 163 163 163 163 163 163 163 163 163 162 162 162 162 162 162 162 162 162 162 162 161 161 161 161 161 161 161 161 161 160 160 160 160 160 160 160 160 160 160 160 160 160 159 159 159 159 159 158 158 158 157 157 157 157 157 157 156 156 156 157 157 156 156 156 156 156 156 156 156 155 155 154 154 154 155 155 154 155 155 154 154 154 153 153 153 153 153 153 153 153 153 153 152 152 152 152 152 151 151 150 150 150 150 150 150 149 149 148 148 149 149 149 149 149 149 149 149 149 149 148 148 148 148 148 147 147 147 147 147 146 146 146 146 146 145 145 145 145 145 145 144 144 144 144 144 144 143 0 0 0 0 0 0 0 0 0 0 0 0 0 0 0 0 0 0 0 0 0 0 0 0 0 0 0 0 0 0 0 0 0 0 0 0 0 0 0 0 0 0 0 0 0 0 0 0 0 0 0 0 0 0 0 0 0 0 0 0 0 
0 0 0 0 0 0 0 0 0 0 0 0 0 0 0 0 0 0 0 0 0 0 0 0 0 0 0 0 0 0 0 0 0 0 0 151 152 152 152 152 152 152 152 153 153 153 153 154 154 154 154 155 155 155 156 156 156 156 156 156 156 157 157 156 157 157 158 158 158 158 158 158 158 157 158 158 158 158 158 158 158 159 159 159 159 159 160 160 160 160 160 160 160 160 160 160 160 160 161 161 161 161 161 161 162 162 162 162 162 162 162 162 162 162 162 162 162 162 163 163 163 163 163 163 163 163 163 163 163 163 163 164 164 164 164 164 164 164 164 164 164 164 164 164 164 164 164 164 164 164 165 165 165 165 165 165 165 165 165 165 165 165 165 165 165 165 165 166 166 166 166 166 166 166 166 166 166 166 166 166 166 166 166 166 166 166 166 166 165 166 166 166 166 166 166 166 166 166 166 166 166 166 166 166 166 166 166 166 166 166 166 166 166 166 166 166 166 166 166 166 166 166 166 166 166 166 166 166 166 166 165 165 165 165 165 165 165 165 165 165 165 165 167 167 167 167 167 167 167 167 167 167 166 166 166 166 166 166 166 166 166 166 166 166 166 166 166 166 165 165 165 165 165 165 165 165 165 165 165 165 165 165 165 165 164 164 164 164 164 164 164 164 164 164 163 163 163 163 163 163 163 163 163 163 162 162 162 162 162 162 162 162 162 162 161 161 161 161 161 161 161 161 161 161 160 160 160 160 160 160 160 160 160 160 160 160 159 159 159 159 158 158 158 158 157 157 157 157 157 157 157 157 156 156 156 156 156 156 156 155 156 156 156 155 155 155 155 154 154 154 154 154 155 154 154 154 154 154 153 153 153 153 153 153 153 153 152 152 152 152 152 152 152 151 151 150 150 150 150 150 149 149 148 148 149 149 149 149 149 149 149 149 148 148 148 148 148 147 147 147 147 147 147 146 146 146 146 146 146 145 145 145 145 145 145 145 144 144 144 144 144 143 143 0 0 0 0 0 0 0 0 0 0 0 0 0 0 0 0 0 0 0 0 0 0 0 0 0 0 0 0 0 0 0 0 0 0 0 0 0 0 0 0 0 0 0 0 0 0 0 0 0 0 0 0 0 0 0 0 0 0 0 0 
0 0 0 0 0 0 0 0 0 0 0 0 0 0 0 0 0 0 0 0 0 0 0 0 0 0 0 0 0 0 0 0 0 0 0 151 152 152 152 152 152 152 153 153 153 153 153 154 154 154 155 155 156 156 156 156 155 155 155 156 156 156 156 157 156 157 157 157 157 158 158 158 157 158 158 158 158 159 158 159 159 159 159 159 159 159 160 159 159 160 160 160 159 160 160 160 160 160 161 161 161 161 161 161 161 161 162 162 162 162 162 162 162 162 163 163 162 163 163 163 163 163 163 163 163 163 163 163 163 164 164 164 164 164 164 164 164 164 164 164 164 164 164 164 164 164 164 164 164 164 164 164 165 165 165 165 165 165 165 165 165 165 165 165 165 165 165 165 165 165 165 165 165 165 166 166 166 166 166 166 166 166 166 166 166 166 166 166 166 165 165 166 166 166 166 166 166 166 166 166 166 166 166 166 166 166 166 166 166 166 166 166 166 166 166 166 166 166 166 166 166 166 166 166 166 166 166 166 165 165 165 165 165 165 165 165 165 165 165 165 165 165 167 167 167 167 167 167 167 166 166 166 166 166 166 166 166 166 166 166 166 166 166 166 166 166 166 166 165 165 165 165 165 165 165 165 165 165 165 165 165 165 165 164 164 164 164 164 164 164 164 163 163 164 163 163 163 163 163 163 163 163 163 163 162 162 162 162 162 162 162 162 161 161 162 161 161 161 161 161 161 161 161 160 160 160 160 160 160 160 160 160 160 160 160 159 159 159 159 159 158 158 158 158 157 157 157 157 157 157 157 157 156 156 156 156 156 157 156 156 156 156 156 156 156 156 155 155 154 154 154 154 154 154 154 154 154 154 154 153 153 153 153 153 153 152 152 152 152 152 152 152 152 151 151 150 150 150 150 150 149 149 148 148 149 149 148 148 148 149 149 149 148 148 148 148 147 147 147 147 147 147 147 146 146 146 146 146 145 145 145 145 145 145 145 144 144 144 144 143 143 143 143 0 0 0 0 0 0 0 0 0 0 0 0 0 0 0 0 0 0 0 0 0 0 0 0 0 0 0 0 0 0 0 0 0 0 0 0 0 0 0 0 0 0 0 0 0 0 0 0 0 0 0 0 0 0 0 0 0 0 0 0 
0 0 0 0 0 0 0 0 0 0 0 0 0 0 0 0 0 0 0 0 0 0 0 0 0 0 0 0 0 0 0 0 0 0 150 151 151 152 152 152 153 153 153 153 153 154 154 154 154 154 155 155 155 156 156 156 155 155 155 156 156 156 156 156 156 156 157 157 157 157 157 157 158 158 158 158 158 158 159 159 159 158 159 159 159 159 159 159 160 160 160 160 159 159 159 160 160 160 160 160 160 161 161 161 161 161 162 162 162 162 162 162 162 162 162 163 163 163 163 163 163 163 163 163 163 163 163 163 163 163 164 164 164 164 164 164 164 164 164 164 164 164 164 164 164 165 165 165 165 164 164 164 164 165 165 165 165 165 165 165 165 165 165 165 165 165 165 165 165 165 165 165 165 165 165 165 165 166 166 166 166 166 166 166 166 165 165 166 166 165 166 165 166 166 166 166 166 166 166 166 166 166 166 166 166 166 166 166 166 166 166 166 166 166 166 166 166 166 166 166 166 166 166 166 166 166 166 165 165 165 165 165 165 165 165 165 165 165 165 165 165 165 166 166 166 166 166 166 166 166 166 166 166 166 166 166 166 166 166 166 166 166 166 166 165 165 165 165 165 165 165 165 165 165 165 165 165 165 165 165 165 165 164 164 164 164 164 164 163 164 163 163 163 164 163 163 163 163 163 163 162 162 162 163 163 162 162 162 162 162 162 162 161 161 161 161 161 161 161 161 161 161 161 160 160 160 160 160 160 159 160 160 160 160 160 159 159 159 159 158 158 158 158 158 157 157 157 157 157 157 157 156 156 156 156 156 156 157 156 156 156 156 156 156 155 155 155 155 155 154 154 154 154 154 154 154 154 154 154 153 153 153 153 153 153 152 152 152 152 152 152 152 151 151 151 151 150 150 150 150 150 149 148 148 148 148 148 148 148 148 149 149 148 148 148 148 147 147 147 147 147 147 147 146 146 146 146 145 145 145 145 145 145 145 145 144 144 144 143 143 143 143 142 0 0 0 0 0 0 0 0 0 0 0 0 0 0 0 0 0 0 0 0 0 0 0 0 0 0 0 0 0 0 0 0 0 0 0 0 0 0 0 0 0 0 0 0 0 0 0 0 0 0 0 0 0 0 0 0 0 0 0 0 
0 0 0 0 0 0 0 0 0 0 0 0 0 0 0 0 0 0 0 0 0 0 0 0 0 0 0 0 0 0 0 0 0 0 0 0 150 151 152 152 153 153 153 153 153 154 154 154 154 154 154 154 155 156 156 156 156 155 155 155 155 156 156 156 156 156 156 157 157 157 157 158 158 158 158 158 158 158 158 159 159 159 159 159 159 159 159 159 159 160 160 160 159 159 159 159 160 160 160 160 160 160 161 161 161 161 161 162 162 162 162 162 162 162 162 162 162 163 163 163 163 163 163 163 163 163 163 163 163 163 163 163 163 164 164 164 164 164 164 164 164 164 164 164 164 164 165 165 164 164 164 164 164 164 165 165 165 165 165 165 165 165 165 165 165 165 165 165 165 165 165 165 165 165 165 165 165 165 165 165 166 166 166 165 165 165 165 165 165 165 165 165 166 166 166 166 166 166 166 166 166 166 166 166 166 166 166 166 166 165 165 166 166 166 165 165 165 165 165 165 165 165 165 165 166 165 165 165 165 165 165 165 165 165 165 165 165 165 165 165 165 165 166 166 166 166 166 166 166 166 166 166 166 166 166 166 166 166 166 166 165 165 165 165 165 165 165 165 165 165 165 165 165 165 165 165 165 165 165 165 164 164 164 164 164 164 164 163 163 163 163 163 163 163 163 163 163 163 163 163 163 162 162 162 162 162 162 162 162 162 161 161 161 161 161 161 161 161 161 161 161 161 160 160 160 160 160 160 160 160 159 160 159 159 160 160 160 160 159 158 158 158 158 158 158 157 157 157 157 157 156 156 156 156 156 156 156 156 156 156 156 156 156 155 155 155 155 154 154 154 154 154 154 154 153 153 154 154 153 153 153 153 152 152 152 152 151 152 152 152 152 152 151 151 151 151 150 150 150 149 149 149 148 148 148 148 148 148 148 148 148 148 148 148 148 148 148 147 147 147 147 147 147 146 146 146 146 145 145 145 145 145 145 144 144 144 144 144 143 143 143 143 142 142 0 0 0 0 0 0 0 0 0 0 0 0 0 0 0 0 0 0 0 0 0 0 0 0 0 0 0 0 0 0 0 0 0 0 0 0 0 0 0 0 0 0 0 0 0 0 0 0 0 0 0 0 0 0 0 0 0 0 0 
0 0 0 0 0 0 0 0 0 0 0 0 0 0 0 0 0 0 0 0 0 0 0 0 0 0 0 0 0 0 0 0 0 0 0 150 151 151 152 152 152 153 153 153 153 153 154 154 154 154 154 154 155 155 155 156 156 156 155 155 155 156 156 156 156 156 156 156 157 157 157 158 158 158 158 158 158 158 158 158 159 159 159 159 159 159 159 159 159 159 160 160 159 159 160 160 159 159 160 160 160 160 160 161 161 161 161 161 161 162 162 162 162 162 162 162 162 162 163 163 163 163 163 163 163 163 163 163 163 163 163 163 163 164 163 163 164 164 164 164 164 164 164 164 164 164 164 164 164 164 164 164 164 164 164 164 165 165 165 165 165 165 165 165 165 165 165 165 165 165 165 165 165 165 165 165 165 165 165 166 166 166 165 165 165 165 165 165 165 165 165 165 166 165 166 165 165 166 166 166 166 166 166 166 166 166 166 166 165 165 165 165 165 165 165 165 165 165 165 165 165 165 165 165 165 165 165 165 165 165 165 165 165 165 165 165 165 165 165 165 165 165 166 166 166 166 166 166 166 166 166 166 166 166 166 166 166 166 166 165 165 165 165 165 165 165 165 165 165 165 165 165 165 165 165 165 165 165 165 165 164 164 164 164 164 164 164 163 163 163 163 163 163 163 163 163 163 163 162 162 162 162 162 162 162 162 162 162 162 161 161 161 161 161 161 161 161 161 161 161 161 160 160 160 160 160 160 160 160 160 160 160 159 159 159 159 159 160 160 159 158 158 158 158 158 158 157 157 157 157 157 156 156 156 156 156 155 156 156 156 156 156 155 155 155 154 155 155 155 155 154 154 155 154 154 154 154 153 154 153 153 153 152 152 152 152 151 151 151 151 151 151 151 150 151 151 151 150 150 150 149 149 148 148 148 148 148 148 148 148 148 149 148 148 148 148 148 147 147 147 147 147 146 146 146 146 146 145 145 145 145 145 145 144 144 144 144 144 143 143 143 143 142 142 0 0 0 0 0 0 0 0 0 0 0 0 0 0 0 0 0 0 0 0 0 0 0 0 0 0 0 0 0 0 0 0 0 0 0 0 0 0 0 0 0 0 0 0 0 0 0 0 0 0 0 0 0 0 0 0 0 0 0 
0 0 0 0 0 0 0 0 0 0 0 0 0 0 0 0 0 0 0 0 0 0 0 0 0 0 0 0 0 0 0 0 0 0 0 0 151 151 151 151 152 152 152 152 152 153 153 153 154 154 154 154 154 155 155 155 156 156 155 155 155 156 156 156 156 156 156 156 156 157 157 158 158 158 158 158 158 158 158 158 158 159 159 159 159 159 159 159 159 159 159 159 159 159 159 160 160 159 160 160 160 160 161 161 161 161 161 161 161 161 162 161 161 161 162 162 162 162 162 162 162 163 163 163 163 163 163 163 163 163 163 163 163 163 164 163 163 163 164 164 164 164 164 164 164 164 164 164 164 164 164 164 164 164 164 164 164 164 164 165 164 165 165 165 165 165 165 165 165 165 165 165 165 165 165 165 165 166 166 166 166 166 166 166 165 165 165 165 165 165 165 165 165 165 165 165 165 165 165 165 165 165 165 166 166 166 166 165 165 165 165 165 165 165 165 165 165 165 165 165 165 165 165 165 165 165 165 165 165 165 165 165 165 165 165 165 164 165 165 165 165 165 166 166 166 166 166 166 166 166 166 166 166 166 166 166 165 165 165 165 165 165 165 165 165 165 165 165 165 165 165 165 165 165 165 165 165 165 165 164 164 164 164 164 164 164 164 163 163 163 163 163 163 163 163 163 163 163 162 162 162 162 162 162 162 162 162 162 162 161 161 161 161 161 161 161 161 161 161 161 160 160 160 160 160 160 160 160 160 160 160 160 160 159 159 159 159 159 159 159 159 159 158 158 158 158 158 158 158 157 157 157 156 156 156 156 156 155 155 155 156 156 155 155 154 155 155 155 154 154 154 154 154 154 154 154 154 154 154 154 153 153 153 152 152 152 152 151 151 151 151 151 151 150 151 150 150 150 150 150 149 149 148 148 148 148 148 148 148 148 148 148 148 148 148 148 148 147 147 147 147 146 146 146 146 146 146 145 145 145 145 145 145 145 144 144 144 143 143 143 143 143 142 142 142 0 0 0 0 0 0 0 0 0 0 0 0 0 0 0 0 0 0 0 0 0 0 0 0 0 0 0 0 0 0 0 0 0 0 0 0 0 0 0 0 0 0 0 0 0 0 0 0 0 0 0 0 0 0 0 0 0 0 
0 0 0 0 0 0 0 0 0 0 0 0 0 0 0 0 0 0 0 0 0 0 0 0 0 0 0 0 0 0 0 0 0 0 0 0 0 0 151 152 152 152 152 152 152 153 153 154 154 154 154 154 155 155 155 155 155 156 155 156 156 156 157 157 157 157 157 157 157 157 157 157 158 158 158 158 158 158 158 158 158 159 158 158 158 159 159 159 159 159 159 160 159 159 159 159 160 160 159 160 160 160 160 160 161 161 161 161 161 161 161 161 161 161 161 161 162 162 162 162 162 162 163 163 163 163 163 163 163 163 163 163 163 163 163 163 163 163 163 164 164 164 164 164 164 164 164 164 164 164 164 164 164 164 164 164 164 164 164 164 164 164 165 165 165 164 164 165 165 165 165 165 165 165 165 165 165 165 165 165 165 165 165 165 165 165 165 165 165 165 165 165 165 165 165 165 165 165 165 165 165 165 165 165 165 165 165 165 165 165 165 165 165 165 165 165 165 165 165 165 165 165 165 165 165 165 165 165 165 165 165 165 165 165 164 164 164 165 165 165 165 165 166 166 166 166 166 166 166 166 166 166 166 165 165 165 165 165 165 165 165 165 165 165 165 165 165 165 165 165 165 165 165 165 165 165 165 164 164 164 164 164 164 164 164 164 164 163 163 163 163 163 163 163 163 163 163 163 162 162 162 162 162 162 162 162 162 162 162 161 161 161 161 161 161 161 161 161 161 161 160 160 160 160 160 160 160 160 160 160 160 160 159 159 159 159 159 159 158 159 159 159 159 158 158 158 158 158 157 157 157 157 157 157 156 156 156 156 155 155 156 155 155 155 155 155 155 154 154 154 154 155 154 154 154 154 154 154 154 154 153 153 153 153 152 152 151 151 151 151 150 150 150 150 151 150 150 150 150 149 149 149 148 148 148 148 148 148 148 148 148 148 148 148 147 147 147 147 147 147 147 146 146 146 146 146 146 146 145 145 145 144 144 144 144 144 144 144 143 143 143 143 142 142 142 142 0 0 0 0 0 0 0 0 0 0 0 0 0 0 0 0 0 0 0 0 0 0 0 0 0 0 0 0 0 0 0 0 0 0 0 0 0 0 0 0 0 0 0 0 0 0 0 0 0 0 0 0 0 0 0 0 0 
0 0 0 0 0 0 0 0 0 0 0 0 0 0 0 0 0 0 0 0 0 0 0 0 0 0 0 0 0 0 0 0 0 0 0 0 0 0 151 152 152 151 151 152 152 152 153 153 154 154 154 154 154 154 154 155 156 156 156 156 156 156 156 157 157 157 157 157 157 157 157 157 158 158 158 158 158 158 158 158 158 158 158 158 158 158 159 159 159 160 160 160 159 159 159 159 159 160 159 159 160 160 160 160 160 160 161 161 161 161 161 161 161 161 161 161 161 162 162 162 162 162 162 162 162 163 163 163 163 163 163 163 163 163 163 163 163 163 163 163 164 164 163 164 164 164 163 164 164 164 164 164 164 164 164 164 164 164 164 164 164 164 165 165 165 164 164 164 164 165 165 165 165 165 165 165 165 165 165 165 165 165 165 165 165 165 165 165 165 165 165 165 165 165 165 165 165 165 165 165 165 165 165 165 165 165 165 165 165 165 166 165 165 165 165 165 165 165 165 165 165 165 165 165 165 165 165 165 165 165 165 164 164 164 164 164 165 165 165 165 165 164 166 166 166 166 166 166 166 166 166 165 165 166 165 165 165 165 165 165 165 165 165 165 165 165 165 165 165 165 164 164 164 164 165 164 164 164 164 164 164 164 164 164 164 164 164 163 163 163 163 163 163 163 163 163 163 162 162 162 162 162 162 162 162 162 162 162 161 161 161 161 161 161 161 161 161 161 161 160 160 160 160 160 160 160 160 160 160 160 160 159 159 159 159 160 159 159 158 159 159 159 158 158 158 158 158 158 157 157 157 157 157 157 156 156 156 156 156 156 156 156 156 155 155 155 155 155 154 154 155 155 154 154 154 154 154 154 154 154 153 153 153 153 152 151 151 151 151 151 151 150 150 150 150 150 150 149 149 149 149 148 148 148 148 148 148 148 148 148 148 148 148 148 147 147 147 147 147 147 147 146 146 146 146 146 146 145 145 145 145 145 145 144 144 144 144 144 143 143 143 143 142 142 142 142 141 0 0 0 0 0 0 0 0 0 0 0 0 0 0 0 0 0 0 0 0 0 0 0 0 0 0 0 0 0 0 0 0 0 0 0 0 0 0 0 0 0 0 0 0 0 0 0 0 0 0 0 0 0 0 0 0 
0 0 0 0 0 0 0 0 0 0 0 0 0 0 0 0 0 0 0 0 0 0 0 0 0 0 0 0 0 0 0 0 0 0 0 0 0 0 151 151 151 151 151 152 153 153 153 153 153 154 154 154 153 153 154 155 155 156 156 156 156 156 155 156 156 157 157 158 158 158 157 157 157 158 158 157 158 158 158 158 158 158 158 158 158 158 159 159 159 159 159 159 159 159 159 159 159 160 160 160 160 160 160 160 160 160 161 161 161 161 161 161 161 161 161 161 161 161 162 162 162 162 162 162 162 163 163 163 163 163 163 163 163 163 163 163 163 163 163 163 163 163 163 163 163 163 163 163 164 163 163 164 164 164 164 164 164 164 164 164 164 164 165 165 164 164 164 164 164 164 165 165 165 165 165 165 165 165 165 165 165 165 165 165 165 165 165 165 165 165 165 165 165 166 165 165 165 165 166 165 165 165 165 165 165 164 165 165 165 165 165 165 165 165 165 165 165 165 165 165 165 165 165 165 165 165 165 165 165 165 164 164 165 164 164 165 165 165 165 164 164 164 166 166 166 166 166 166 166 166 165 165 165 166 166 165 165 165 165 165 165 165 165 165 165 165 165 165 165 165 164 164 164 164 164 164 164 164 164 164 164 164 164 164 164 164 163 163 163 163 163 163 163 163 163 163 163 162 162 162 162 162 162 162 162 162 162 161 161 161 161 161 161 161 161 161 161 161 160 160 160 160 160 160 160 159 159 160 160 160 160 159 159 159 159 158 159 159 159 158 158 159 158 158 158 158 158 158 157 157 157 157 157 157 157 157 156 157 156 156 156 156 155 155 156 155 155 155 154 154 154 154 155 154 153 154 154 154 154 154 154 154 153 153 152 152 152 151 151 151 151 151 150 149 150 150 150 150 150 149 149 149 148 148 149 148 148 148 148 148 148 148 148 148 148 147 147 147 147 147 146 146 146 146 146 145 145 145 145 145 145 145 145 145 144 144 144 144 143 143 143 143 142 142 142 142 141 141 0 0 0 0 0 0 0 0 0 0 0 0 0 0 0 0 0 0 0 0 0 0 0 0 0 0 0 0 0 0 0 0 0 0 0 0 0 0 0 0 0 0 0 0 0 0 0 0 0 0 0 0 0 0 0 
0 0 0 0 0 0 0 0 0 0 0 0 0 0 0 0 0 0 0 0 0 0 0 0 0 0 0 0 0 0 0 0 0 0 0 0 0 0 0 150 151 152 152 152 152 153 153 153 153 154 154 153 153 154 154 155 155 155 155 155 155 156 155 155 156 156 157 157 157 158 158 158 157 158 158 157 157 157 158 158 158 158 158 158 158 158 159 159 159 159 159 159 159 159 159 159 159 159 160 160 160 160 160 160 160 161 160 161 161 161 161 161 161 161 161 161 161 161 161 162 162 162 162 162 162 162 163 163 162 163 163 163 163 163 163 163 163 163 163 163 163 163 163 163 163 163 163 163 163 163 163 164 164 164 164 164 164 164 164 164 164 164 165 165 165 164 164 164 164 164 164 164 164 164 165 165 165 165 165 165 165 165 165 165 165 165 165 165 165 165 165 165 165 165 165 165 165 165 165 165 165 165 165 165 165 164 164 164 164 165 165 165 165 165 165 165 165 165 165 165 165 165 165 165 165 165 164 165 165 165 164 165 165 165 164 165 165 164 164 164 164 164 166 166 166 166 166 166 165 165 165 165 166 165 165 165 165 165 165 165 165 165 165 165 165 165 165 165 165 164 164 164 164 164 164 164 164 164 164 164 164 164 164 164 164 164 163 163 163 163 163 163 163 163 163 163 162 162 162 162 162 162 162 162 162 162 162 161 161 161 161 161 161 161 161 161 160 160 160 160 160 160 160 159 159 159 159 160 159 160 159 158 159 158 158 158 158 159 159 158 158 158 157 158 158 157 157 157 157 157 157 157 157 157 157 157 156 157 157 156 156 156 156 155 155 155 155 154 154 154 154 154 154 154 154 153 154 154 153 153 153 153 153 153 152 152 152 151 151 150 150 150 150 150 149 149 149 149 149 149 149 149 149 149 149 149 148 148 148 148 148 148 148 148 147 147 147 147 147 147 146 146 146 146 146 146 145 145 145 145 145 145 145 145 144 144 144 144 143 143 143 142 142 142 142 142 141 141 141 0 0 0 0 0 0 0 0 0 0 0 0 0 0 0 0 0 0 0 0 0 0 0 0 0 0 0 0 0 0 0 0 0 0 0 0 0 0 0 0 0 0 0 0 0 0 0 0 0 0 0 0 0 0 
0 0 0 0 0 0 0 0 0 0 0 0 0 0 0 0 0 0 0 0 0 0 0 0 0 0 0 0 0 0 0 0 0 0 0 0 0 0 0 0 0 151 152 152 152 152 153 153 153 153 153 153 153 154 154 155 154 155 155 154 155 155 156 155 155 156 156 157 157 157 158 158 158 158 158 157 158 157 157 158 158 158 158 158 158 158 158 159 159 159 160 160 159 159 159 159 159 159 160 160 160 160 160 160 160 161 161 161 160 161 161 161 161 161 161 161 161 161 161 161 162 162 162 162 162 162 162 162 162 162 162 163 163 163 163 163 163 163 163 163 163 163 163 163 163 163 163 163 163 163 163 164 164 164 164 164 164 164 164 164 164 164 164 164 164 164 164 164 164 164 164 164 164 164 164 164 164 165 165 165 165 165 165 165 165 165 165 165 165 165 165 165 165 165 165 165 165 165 165 165 165 165 165 165 165 165 165 164 164 164 164 165 165 165 165 165 165 165 165 165 165 165 165 165 165 164 164 164 164 164 164 165 165 164 164 164 164 164 164 164 164 164 166 166 166 166 165 165 165 165 165 165 165 165 165 165 165 165 165 165 165 165 165 165 165 165 165 165 165 164 164 164 164 164 164 164 164 164 164 164 164 164 164 164 164 163 163 163 163 163 163 163 163 163 163 163 163 162 162 162 162 162 162 162 162 162 162 161 161 161 161 161 161 161 161 160 160 160 160 160 160 160 159 159 159 160 160 159 159 159 158 158 158 158 158 158 159 159 159 159 158 158 157 157 158 157 157 157 156 157 157 157 157 157 157 156 156 156 156 156 156 156 156 156 155 154 154 154 154 154 154 154 154 154 154 153 154 154 153 153 153 153 153 153 152 152 152 151 150 150 150 150 150 150 150 150 149 149 149 149 149 149 149 149 149 149 149 148 148 148 148 148 147 147 147 147 147 147 146 146 146 146 146 146 145 145 145 145 145 145 145 145 145 144 144 144 144 143 143 143 142 142 142 142 142 142 141 141 141 141 0 0 0 0 0 0 0 0 0 0 0 0 0 0 0 0 0 0 0 0 0 0 0 0 0 0 0 0 0 0 0 0 0 0 0 0 0 0 0 0 0 0 0 0 0 0 0 0 0 0 0 0 0 
0 0 0 0 0 0 0 0 0 0 0 0 0 0 0 0 0 0 0 0 0 0 0 0 0 0 0 0 0 0 0 0 0 0 0 0 0 0 0 0 0 151 151 151 152 152 151 152 152 153 153 153 153 153 154 154 154 155 154 154 155 156 155 155 155 156 156 156 157 157 157 158 158 158 158 158 158 158 157 157 158 158 158 158 159 158 158 159 159 159 159 160 159 159 159 159 159 159 160 160 160 160 160 160 160 160 160 161 161 161 161 161 161 161 161 161 161 161 161 161 161 162 162 162 162 162 162 162 162 162 162 162 162 162 162 163 163 163 163 163 163 163 163 163 163 163 163 163 163 163 163 163 164 164 163 164 164 164 164 164 164 164 164 164 164 164 164 164 164 164 164 164 164 164 164 164 164 164 164 164 164 164 164 165 165 165 165 165 165 165 165 165 165 165 165 165 165 165 165 165 165 165 165 165 165 166 165 164 164 164 164 164 164 164 164 164 165 165 165 165 165 165 165 165 165 164 164 164 164 164 164 164 164 164 164 164 164 164 164 164 164 164 166 166 166 165 165 165 165 165 165 165 165 165 165 165 165 165 165 165 165 165 165 165 165 165 165 165 164 164 164 164 164 164 164 164 164 164 164 164 164 164 164 164 163 163 163 163 163 163 163 163 163 163 162 163 162 162 162 162 162 162 162 162 162 161 161 161 161 161 161 161 161 161 161 160 160 160 160 160 160 160 159 159 159 160 160 159 159 159 158 158 158 158 158 158 159 159 159 159 158 158 157 157 157 157 157 157 157 157 157 157 157 157 156 156 156 156 156 156 155 155 156 156 155 154 155 155 155 154 155 155 154 154 154 154 153 153 153 154 153 153 153 153 152 152 152 152 150 150 150 150 150 150 150 149 149 149 149 149 149 149 149 149 149 149 148 148 148 148 148 148 147 147 147 147 147 147 147 146 146 146 146 145 145 145 145 145 145 145 145 145 145 144 144 144 144 143 143 143 142 142 142 142 142 141 141 141 141 141 141 141 141 140 0 0 0 0 0 0 0 0 0 0 0 0 0 0 0 0 0 0 0 0 0 0 0 0 0 0 0 0 0 0 0 0 0 0 0 0 0 0 0 0 0 0 0 0 0 0 0 0 0 
0 0 0 0 0 0 0 0 0 0 0 0 0 0 0 0 0 0 0 0 0 0 0 0 0 0 0 0 0 0 0 0 0 0 0 0 0 0 0 0 0 150 151 151 151 0 0 0 151 152 153 153 154 154 154 153 154 154 154 154 155 156 155 155 155 156 156 156 157 157 157 157 157 158 158 158 158 158 158 158 158 158 158 158 158 158 158 158 159 159 160 160 159 159 159 159 159 159 160 160 160 160 160 160 160 160 161 161 160 160 160 161 161 161 161 161 161 161 161 161 161 162 162 162 162 162 162 162 162 162 162 162 162 162 162 163 163 163 163 163 163 163 163 163 163 163 163 163 163 163 163 163 164 164 163 163 164 164 164 164 164 164 164 164 164 164 164 164 164 164 164 164 164 164 164 164 164 164 164 164 164 164 164 164 164 164 165 165 165 165 165 165 165 165 165 165 165 165 165 165 165 165 165 165 165 165 165 164 164 164 164 164 164 164 164 164 164 164 164 164 164 164 164 164 164 164 164 164 164 164 164 164 164 164 164 164 164 164 164 164 164 164 166 166 165 165 165 165 165 165 165 165 165 165 165 165 165 165 165 165 165 165 165 165 165 165 165 164 164 164 164 164 164 164 164 164 164 164 164 164 164 164 164 163 163 163 163 163 163 163 162 162 162 162 162 162 162 162 162 162 162 162 162 162 162 162 161 161 161 161 161 161 161 161 161 160 160 160 160 160 160 159 159 159 159 160 160 159 158 158 158 158 159 158 158 158 158 158 159 159 158 157 157 157 157 157 156 156 157 157 156 156 156 156 156 156 156 156 156 155 155 155 156 156 155 155 155 155 155 155 155 154 154 154 154 154 153 153 154 153 153 153 153 154 153 153 153 152 150 150 150 151 150 150 150 149 150 150 149 149 149 149 148 148 149 149 149 148 148 147 147 147 147 147 147 147 147 147 147 146 146 146 146 145 145 145 145 145 145 145 145 145 144 144 144 144 144 143 143 143 143 142 142 142 141 141 141 141 141 141 141 141 141 140 140 140 140 140 140 139 139 139 0 0 0 0 0 0 0 0 0 0 0 0 0 0 0 0 0 0 0 0 0 0 0 0 0 0 0 0 0 0 0 0 0 0 0 0 0 0 0 0 0 
0 0 0 0 0 0 0 0 0 0 0 0 0 0 0 0 0 0 0 0 0 0 0 0 0 0 0 0 0 0 0 0 0 0 0 0 0 0 0 0 0 0 0 0 0 0 0 0 151 152 152 153 153 154 153 153 153 153 154 154 154 155 155 154 155 156 156 156 156 156 157 157 157 157 157 158 158 158 158 158 158 158 158 158 158 158 159 159 158 159 159 159 159 159 159 159 159 159 159 160 160 160 160 160 160 160 160 160 160 160 161 161 161 161 161 161 161 161 161 161 161 161 161 162 162 162 162 162 162 162 162 162 162 162 162 162 162 163 162 162 163 163 163 163 163 163 163 163 163 163 163 163 163 163 163 163 163 163 164 164 164 164 164 164 164 164 164 164 164 164 164 164 164 164 164 164 164 164 164 165 164 164 164 164 164 165 165 165 165 165 165 165 165 165 165 164 164 165 165 165 165 165 165 165 165 165 165 165 165 165 164 164 164 164 164 164 164 164 164 164 164 164 164 164 164 164 164 164 164 164 164 164 164 164 164 164 164 164 164 164 164 164 165 165 165 165 165 165 165 165 165 165 165 165 165 165 165 165 165 165 165 165 165 165 165 165 164 164 164 164 164 164 164 164 164 164 164 164 164 164 164 164 163 163 163 163 163 163 163 163 163 163 162 162 162 162 162 162 162 162 162 162 162 162 161 161 161 161 161 161 161 161 161 161 161 160 160 160 160 160 160 159 159 159 158 159 159 159 158 158 158 158 158 158 158 158 158 158 158 158 158 157 157 157 157 157 157 156 156 157 156 156 156 156 156 156 155 156 156 155 155 155 155 155 155 155 155 155 155 154 154 154 154 154 153 153 153 153 153 153 153 153 153 153 153 153 153 151 150 150 150 150 150 150 150 150 150 149 149 149 149 149 149 149 148 149 149 148 148 147 147 147 147 147 147 147 147 147 147 146 146 146 146 145 145 145 145 145 145 145 145 144 144 144 144 144 143 143 143 142 142 142 141 141 141 141 141 141 141 141 141 141 140 140 140 140 140 140 140 139 139 139 139 0 0 0 0 0 0 0 0 0 0 0 0 0 0 0 0 0 0 0 0 0 0 0 0 0 0 0 0 0 0 0 0 0 0 0 0 0 0 0 0 
0 0 0 0 0 0 0 0 0 0 0 0 0 0 0 0 0 0 0 0 0 0 0 0 0 0 0 0 0 0 0 0 0 0 0 0 0 0 0 0 0 0 0 0 0 0 0 0 0 152 152 152 152 153 152 0 0 153 153 0 0 154 155 154 155 155 156 156 156 156 156 156 156 156 157 157 158 158 158 159 159 158 159 158 158 158 159 158 158 159 159 159 158 158 159 159 159 159 159 159 160 159 160 160 160 160 160 160 160 161 161 161 161 161 161 161 161 161 161 161 161 161 161 161 161 161 161 161 162 162 162 162 162 162 162 162 162 162 162 163 163 163 163 163 163 163 163 163 163 163 163 163 163 163 163 163 163 163 163 164 164 164 164 164 164 164 164 164 164 164 164 164 164 164 164 164 164 164 164 164 164 164 164 164 164 164 164 164 164 164 164 164 165 165 165 164 165 165 165 165 165 165 165 165 165 165 165 165 165 165 165 164 164 164 164 164 164 164 164 164 164 164 164 164 164 164 164 164 164 164 164 164 164 164 164 164 164 164 164 164 164 164 165 165 165 165 165 165 165 165 165 165 165 165 165 165 165 165 165 165 165 165 165 165 165 165 164 164 164 164 164 164 164 164 164 164 164 164 164 164 164 163 163 163 163 163 163 163 163 163 162 162 162 162 162 162 162 162 162 161 161 162 162 162 161 161 161 161 161 161 161 161 161 161 160 160 160 160 160 160 159 159 159 159 159 159 158 158 158 158 158 158 158 158 158 158 158 158 158 158 158 157 157 157 157 157 157 156 156 156 156 156 156 156 156 156 155 156 155 156 155 155 155 155 155 155 155 155 154 154 154 154 154 154 154 154 153 153 153 153 153 153 153 153 153 152 152 151 150 150 150 150 150 150 150 150 150 149 149 149 149 149 149 149 149 149 148 148 147 147 147 147 147 147 147 147 147 147 147 147 146 146 146 146 146 145 145 145 145 145 145 144 144 144 143 143 143 143 143 143 142 142 141 141 141 141 141 141 141 141 141 141 140 140 140 140 140 140 140 139 139 139 139 139 0 0 0 0 0 0 0 0 0 0 0 0 0 0 0 0 0 0 0 0 0 0 0 0 0 0 0 0 0 0 0 0 0 0 0 0 0 0 0 
0 0 0 0 0 0 0 0 0 0 0 0 0 0 0 0 0 0 0 0 0 0 0 0 0 0 0 0 0 0 0 0 0 0 0 0 0 0 0 0 0 0 0 0 0 0 0 0 0 0 152 152 0 0 0 0 0 0 0 0 0 153 154 154 155 155 156 156 156 156 156 156 156 156 157 157 158 158 157 158 158 158 159 158 158 159 159 159 159 159 159 159 158 158 158 159 159 159 159 159 159 160 160 160 160 160 160 160 160 160 161 161 161 161 161 161 161 161 161 161 161 161 161 161 161 161 161 162 162 162 162 162 162 162 162 162 162 162 162 163 163 163 163 163 163 163 163 163 163 163 163 163 163 163 163 163 163 163 163 163 164 164 164 164 164 164 164 164 164 164 164 164 164 164 164 164 164 164 164 164 164 164 164 164 164 164 164 164 164 164 164 164 164 164 165 164 164 164 164 164 165 165 165 165 165 165 165 165 165 165 165 165 165 165 164 164 164 164 164 164 164 164 164 164 164 164 164 164 164 164 164 164 164 164 164 164 164 164 164 164 164 164 165 165 165 165 165 165 165 165 165 165 165 165 165 165 165 165 165 165 165 165 164 164 164 164 164 164 164 164 164 164 164 164 164 164 164 164 164 164 163 163 163 163 163 163 163 162 163 163 162 162 162 162 162 162 162 162 162 162 161 161 162 161 161 161 161 161 161 161 161 161 161 160 160 160 160 160 159 159 159 159 159 160 160 159 158 158 158 158 158 158 158 158 157 158 158 158 158 158 158 158 157 157 157 157 157 156 156 157 156 156 156 156 156 156 155 155 156 155 155 155 155 155 155 155 155 155 155 154 155 154 154 154 154 153 153 153 153 153 153 152 152 152 152 152 152 151 150 150 150 150 150 150 150 150 149 149 149 149 149 149 148 149 149 149 148 148 147 147 147 147 147 147 147 147 147 147 146 146 146 146 146 146 145 145 145 145 145 145 145 144 144 143 143 143 143 143 143 143 142 142 141 141 141 141 141 141 141 141 141 140 140 140 140 140 140 140 139 139 139 139 139 139 0 0 0 0 0 0 0 0 0 0 0 0 0 0 0 0 0 0 0 0 0 0 0 0 0 0 0 0 0 0 0 0 0 0 0 0 0 0 0 
0 0 0 0 0 0 0 0 0 0 0 0 0 0 0 0 0 0 0 0 0 0 0 0 0 0 0 0 0 0 0 0 0 0 0 0 0 0 0 0 0 0 0 0 0 0 0 0 0 0 0 0 0 0 0 0 0 0 0 0 0 153 153 154 155 155 155 156 155 156 156 156 157 157 157 157 157 157 157 157 158 157 157 157 158 159 160 160 160 160 160 159 158 158 159 159 159 159 159 159 159 160 160 160 159 160 160 160 161 161 161 161 160 160 160 160 161 161 161 161 161 161 161 161 161 161 161 161 161 162 162 162 162 162 162 162 162 162 162 162 162 162 163 163 163 163 163 163 163 163 163 163 163 163 163 163 163 163 163 163 163 163 164 164 164 164 164 164 164 164 164 164 164 164 164 164 164 164 164 164 164 164 164 164 164 164 164 164 164 164 164 164 164 164 164 165 164 164 164 164 164 164 164 164 164 164 165 165 165 165 165 165 165 165 164 164 164 164 164 164 164 164 164 164 164 164 164 164 164 164 164 164 164 164 164 164 164 163 163 163 163 163 165 165 165 165 165 165 165 165 165 165 165 165 165 165 164 165 165 165 165 165 165 164 164 164 164 164 164 164 164 164 164 164 164 164 164 164 163 163 163 163 163 163 163 163 163 162 162 162 162 162 162 162 162 162 162 162 162 162 162 161 161 161 161 161 161 161 161 161 161 160 160 160 160 160 160 159 159 159 159 159 159 160 159 159 158 158 158 158 158 158 158 158 157 157 157 157 157 158 158 158 157 157 157 157 156 156 156 156 156 156 156 156 156 155 155 155 155 155 155 155 155 155 155 155 155 154 154 154 155 155 154 154 154 153 153 153 153 153 153 152 152 152 152 152 152 151 150 150 150 150 150 150 150 150 150 150 149 149 149 149 148 148 149 149 149 149 148 147 147 147 147 147 147 147 147 147 146 146 146 146 146 145 145 145 145 145 145 145 144 144 144 144 143 143 143 143 143 143 142 142 141 141 141 141 141 141 141 141 141 140 140 140 140 140 140 139 139 139 139 139 139 138 0 0 0 0 0 0 0 0 0 0 0 0 0 0 0 0 0 0 0 0 0 0 0 0 0 0 0 0 0 0 0 0 0 0 0 0 0 0 0 
0 0 0 0 0 0 0 0 0 0 0 0 0 0 0 0 0 0 0 0 0 0 0 0 0 0 0 0 0 0 0 0 0 0 0 0 0 0 0 0 0 0 0 0 0 0 0 0 0 0 0 0 0 0 0 0 0 0 0 0 0 0 0 154 155 155 155 156 156 155 156 156 157 157 157 158 158 157 157 157 157 157 157 158 157 158 159 159 159 160 160 160 159 158 159 159 160 160 159 159 159 159 159 159 159 160 160 160 161 161 161 161 160 160 161 161 161 161 161 161 161 161 161 161 161 161 161 161 161 162 162 162 162 162 162 162 162 162 162 162 162 162 162 163 163 162 162 162 162 162 163 163 163 163 163 163 163 163 163 163 163 163 163 164 164 164 164 164 164 164 164 164 163 163 163 164 164 164 164 164 164 164 164 164 164 164 164 164 164 164 164 164 164 164 164 164 164 164 164 164 164 164 164 164 164 164 164 165 165 165 165 165 164 164 164 164 164 164 164 164 164 164 164 164 164 164 163 164 164 163 163 163 163 163 163 163 163 163 163 163 163 163 165 165 165 165 165 165 165 165 164 164 164 164 164 164 164 164 164 164 165 164 164 164 164 164 164 164 164 164 164 164 164 164 164 164 164 163 163 163 163 163 163 163 163 163 163 162 162 162 162 162 162 162 162 162 162 162 162 162 162 161 161 161 161 161 161 161 161 160 160 160 160 160 160 160 160 159 159 160 160 159 159 159 159 158 158 158 158 158 158 158 158 157 157 157 157 157 157 157 157 158 157 157 157 156 156 157 156 156 156 156 156 156 155 155 155 155 155 155 155 155 155 155 155 155 155 155 155 155 155 155 155 154 154 153 153 153 153 153 153 152 152 152 152 152 152 151 150 151 150 150 150 150 150 150 150 149 149 149 149 149 149 148 148 148 149 149 148 147 147 147 147 147 147 147 147 147 146 146 146 146 146 145 145 145 145 145 144 144 144 144 144 144 143 143 143 143 143 143 142 142 141 141 141 141 141 141 141 141 140 140 140 140 140 140 139 139 139 139 139 139 139 138 0 0 0 0 0 0 0 0 0 0 0 0 0 0 0 0 0 0 0 0 0 0 0 0 0 0 0 0 0 0 0 0 0 0 0 0 0 0 0 
0 0 0 0 0 0 0 0 0 0 0 0 0 0 0 0 0 0 0 0 0 0 0 0 0 0 0 0 0 0 0 0 0 0 0 0 0 0 0 0 0 0 0 0 0 0 0 0 0 0 0 0 0 0 0 0 0 0 0 0 0 0 0 0 154 155 155 155 155 156 156 156 156 157 157 157 157 157 157 157 158 158 159 158 158 158 158 158 159 159 159 160 160 159 159 159 160 160 160 160 159 159 159 159 160 160 160 160 160 160 160 160 160 161 161 161 161 161 161 161 161 162 162 162 162 161 161 161 161 161 162 162 162 162 162 162 162 162 162 162 162 162 162 162 162 162 162 162 162 162 162 163 163 162 163 163 163 163 163 163 163 163 163 163 163 163 164 164 164 164 163 163 163 163 164 164 164 164 164 164 164 164 164 164 164 164 164 164 164 164 164 164 164 164 164 164 164 164 164 164 164 164 164 164 164 164 164 164 164 164 164 164 164 164 164 164 164 164 164 164 164 164 164 164 164 163 163 164 164 163 163 163 163 163 163 163 163 163 163 163 163 163 165 165 165 165 165 165 164 165 165 165 164 164 164 164 164 164 164 164 164 164 164 164 164 164 164 164 164 164 164 164 164 164 164 163 163 163 163 163 163 163 163 163 163 163 163 162 162 162 162 162 162 162 162 162 162 162 161 161 161 161 161 161 161 161 161 161 161 160 160 160 160 160 160 160 160 160 160 160 160 160 159 159 159 158 158 158 159 158 158 157 157 157 157 157 157 158 158 158 157 157 156 156 156 156 156 156 156 156 156 156 156 155 155 155 155 155 155 155 155 155 154 154 155 155 155 154 154 154 154 154 154 154 154 153 153 153 153 153 153 152 152 152 152 152 152 151 151 150 150 150 150 150 150 150 150 150 149 149 149 149 149 148 148 148 148 149 148 147 147 147 147 146 146 146 146 146 146 146 146 146 146 145 145 145 145 145 144 144 144 144 144 144 143 143 143 143 143 143 142 142 141 141 141 141 141 141 141 140 140 140 140 140 140 139 139 139 139 139 139 139 138 0 0 0 0 0 0 0 0 0 0 0 0 0 0 0 0 0 0 0 0 0 0 0 0 0 0 0 0 0 0 0 0 0 0 0 0 0 0 0 0 
0 0 0 0 0 0 0 0 0 0 0 0 0 0 0 0 0 0 0 0 0 0 0 0 0 0 0 0 0 0 0 0 0 0 0 0 0 0 0 0 0 0 0 0 0 0 0 0 0 0 0 0 0 0 0 0 0 0 0 0 0 0 0 0 154 155 155 155 156 156 156 156 156 156 156 156 157 157 157 157 157 158 158 158 159 159 159 159 159 158 159 160 160 160 160 160 160 160 160 160 159 159 159 160 160 160 160 160 160 160 160 160 161 161 161 161 161 161 161 161 161 161 161 162 161 161 161 161 161 161 162 162 162 162 162 162 162 162 162 162 162 162 162 162 162 162 162 162 162 162 162 162 162 162 162 163 163 163 163 163 163 163 163 163 163 163 163 163 163 163 163 163 163 163 164 164 164 164 164 164 163 163 163 164 164 164 164 164 164 164 164 164 164 164 164 164 164 164 164 164 164 164 164 164 164 164 164 164 164 164 164 164 164 164 164 164 164 164 164 164 164 164 164 164 163 163 163 163 164 164 163 163 163 163 163 163 163 163 163 163 163 163 165 165 165 165 165 165 164 164 165 164 164 164 164 164 164 164 164 164 164 164 164 164 164 164 164 163 163 163 163 163 163 163 163 163 163 163 163 163 163 163 163 163 163 163 163 162 162 162 162 162 162 162 162 162 162 161 161 161 161 161 161 161 161 161 161 161 161 161 160 160 160 160 160 160 160 160 160 160 160 160 160 159 159 159 158 158 158 158 158 157 157 157 157 157 157 158 158 158 157 157 156 156 156 156 156 156 156 156 156 156 156 155 155 156 155 155 155 155 154 154 154 154 154 155 155 154 155 154 154 154 154 153 153 153 153 153 153 153 153 152 152 152 152 152 152 151 150 150 150 150 150 150 150 150 150 149 149 149 149 149 149 148 148 148 148 148 149 148 148 147 147 146 146 146 146 146 146 146 146 146 145 145 145 145 145 145 144 144 144 144 144 143 143 143 143 143 143 142 142 141 140 140 141 141 141 141 141 140 140 140 140 140 140 139 139 139 139 139 139 139 138 0 0 0 0 0 0 0 0 0 0 0 0 0 0 0 0 0 0 0 0 0 0 0 0 0 0 0 0 0 0 0 0 0 0 0 0 0 0 0 0 
0 0 0 0 0 0 0 0 0 0 0 0 0 0 0 0 0 0 0 0 0 0 0 0 0 0 0 0 0 0 0 0 0 0 0 0 0 0 0 0 0 0 0 0 0 0 0 0 0 0 0 0 0 0 0 0 0 0 0 0 0 0 0 154 154 155 156 156 156 155 155 156 156 156 156 156 157 157 157 158 158 158 158 158 159 159 160 159 159 159 159 159 159 159 159 160 159 159 160 160 160 159 160 160 160 160 160 160 159 160 160 160 160 161 161 161 161 161 161 161 161 161 161 161 161 161 161 161 161 161 161 161 162 162 162 162 162 162 162 162 162 162 162 162 162 162 162 162 162 163 162 163 163 162 163 163 163 163 163 163 163 163 163 163 163 163 163 163 163 163 163 163 163 163 163 163 163 163 163 163 163 164 164 164 164 164 164 164 164 164 163 164 164 164 164 164 163 164 164 164 164 164 164 164 164 164 164 164 164 164 164 164 164 164 164 164 164 164 164 164 164 164 163 163 163 163 163 163 163 164 164 163 163 163 163 163 163 163 163 163 163 163 165 165 165 165 165 165 164 164 164 164 164 164 164 164 164 164 164 164 164 164 164 164 164 163 163 163 163 163 163 163 163 163 163 163 163 163 163 163 163 163 163 163 163 163 162 162 162 162 162 162 162 162 162 161 161 161 161 161 161 161 161 161 161 161 161 161 161 161 160 160 160 160 160 160 160 160 160 160 160 160 160 159 159 159 159 158 158 158 158 158 157 157 157 157 157 158 158 158 158 157 156 156 156 156 156 156 156 156 156 156 155 155 156 155 155 155 155 155 155 155 154 154 154 155 155 155 155 155 155 154 154 153 153 153 153 153 153 153 153 152 152 152 152 152 152 151 150 150 150 150 150 150 150 150 149 149 149 149 149 149 149 148 148 148 148 149 149 148 147 147 147 147 146 146 146 146 146 146 146 146 145 145 145 145 145 145 144 144 144 144 144 144 143 143 143 143 143 142 142 141 140 140 141 141 141 141 140 140 140 140 140 140 140 139 139 139 139 139 139 139 138 0 0 0 0 0 0 0 0 0 0 0 0 0 0 0 0 0 0 0 0 0 0 0 0 0 0 0 0 0 0 0 0 0 0 0 0 0 0 0 0 
0 0 0 0 0 0 0 0 0 0 0 0 0 0 0 0 0 0 0 0 0 0 0 0 0 0 0 0 0 0 0 0 0 0 0 0 0 0 0 0 0 0 0 0 0 0 0 0 0 0 0 0 0 0 0 0 0 0 0 0 0 0 0 0 0 155 155 155 155 155 155 155 156 156 156 157 157 157 157 157 157 157 157 158 158 158 159 160 160 159 159 159 158 158 159 159 159 160 161 160 160 160 160 160 160 160 159 159 159 160 160 160 160 160 161 161 161 161 161 161 161 161 161 161 161 161 161 161 161 161 161 161 161 162 162 162 162 162 162 162 162 162 162 162 162 162 162 162 163 163 163 163 162 162 163 163 163 162 162 162 162 163 163 163 163 163 163 163 163 163 163 163 163 163 163 163 163 163 163 163 163 163 163 163 163 163 163 164 164 164 163 163 164 164 164 164 163 163 164 164 164 164 164 164 164 164 164 164 164 164 164 164 164 164 164 164 164 164 164 163 163 163 163 163 163 163 163 163 163 163 164 163 163 163 163 163 163 163 163 163 163 163 164 165 165 165 165 165 164 164 164 164 164 164 164 164 164 164 164 164 164 164 164 163 163 163 163 163 163 163 163 163 163 163 163 163 163 163 163 163 163 163 163 163 162 162 162 162 162 162 162 162 162 162 162 161 161 161 161 161 161 161 161 161 161 161 161 161 161 161 161 160 160 160 160 160 160 160 160 160 160 160 160 159 159 159 159 158 158 158 158 158 157 157 157 156 157 157 157 157 157 157 157 157 156 156 156 155 155 155 155 155 155 155 155 155 155 155 155 155 154 154 154 154 155 154 154 154 155 154 154 154 154 154 153 153 153 153 153 153 153 152 152 152 152 152 152 152 150 150 150 150 149 150 150 150 149 149 149 149 148 148 148 148 148 148 148 148 148 148 147 147 147 147 146 146 146 146 146 146 146 146 145 145 145 145 145 145 145 144 144 144 144 144 143 143 143 143 143 142 142 142 141 140 140 140 141 140 140 140 140 140 140 140 139 139 139 139 139 139 139 138 0 0 0 0 0 0 0 0 0 0 0 0 0 0 0 0 0 0 0 0 0 0 0 0 0 0 0 0 0 0 0 0 0 0 0 0 0 0 0 0 0 
0 0 0 0 0 0 0 0 0 0 0 0 0 0 0 0 0 0 0 0 0 0 0 0 0 0 0 0 0 0 0 0 0 0 0 0 0 0 0 0 0 0 0 0 0 0 0 0 0 0 0 0 0 0 0 0 0 0 0 0 0 0 0 0 0 155 155 155 155 155 155 156 156 156 157 157 156 157 157 157 158 158 158 157 157 158 158 159 160 160 159 159 158 158 159 159 159 160 160 161 160 160 159 160 160 160 159 160 160 160 160 160 160 160 160 161 161 161 161 161 161 161 161 161 161 161 161 161 161 161 161 161 161 161 162 162 162 162 162 162 162 162 162 162 162 162 162 163 162 163 163 163 163 162 163 163 162 162 162 163 163 163 163 163 163 163 163 163 163 163 163 163 163 163 163 163 163 164 163 163 163 163 163 163 163 164 163 163 164 164 164 163 164 164 164 164 164 164 163 164 164 164 164 164 164 164 164 164 164 164 164 164 164 164 164 164 164 164 164 163 163 163 163 163 163 163 163 163 163 163 163 163 163 163 163 163 163 163 163 163 163 163 164 165 165 165 164 164 164 164 164 164 164 164 164 164 164 164 164 164 164 164 164 163 163 163 164 164 163 163 163 163 163 163 163 163 163 163 163 163 163 163 163 162 162 162 162 162 162 162 162 162 162 162 161 161 161 161 161 161 161 161 161 161 161 161 161 161 161 161 160 160 160 160 160 160 160 160 160 160 160 160 160 159 159 159 159 158 158 158 158 158 157 157 157 157 157 157 157 158 157 157 157 157 156 156 156 156 155 155 155 155 155 155 155 155 155 154 154 154 154 154 154 154 155 154 154 154 154 154 154 154 154 154 153 153 153 153 153 153 153 152 152 152 152 152 152 152 151 150 150 149 149 149 149 149 149 149 149 148 148 148 148 148 148 148 148 148 148 148 148 147 147 146 146 146 146 146 146 146 146 146 145 145 145 145 145 145 144 144 144 144 144 143 143 143 143 143 142 142 142 142 141 140 140 140 140 140 140 140 140 140 140 140 139 139 139 139 139 139 0 0 0 0 0 0 0 0 0 0 0 0 0 0 0 0 0 0 0 0 0 0 0 0 0 0 0 0 0 0 0 0 0 0 0 0 0 0 0 0 0 0 0 
0 0 0 0 0 0 0 0 0 0 0 0 0 0 0 0 0 0 0 0 0 0 0 0 0 0 0 0 0 0 0 0 0 0 0 0 0 0 0 0 0 0 0 0 0 0 0 0 0 0 0 0 0 0 0 0 0 0 0 0 0 0 0 0 0 155 155 155 155 155 156 156 156 156 157 157 157 157 158 158 158 158 158 158 157 157 158 159 160 160 161 160 158 158 159 160 160 160 160 160 160 159 159 159 159 159 160 160 160 160 160 160 160 161 161 161 161 161 161 161 161 161 161 161 160 161 161 161 161 161 162 162 161 161 161 161 161 162 162 162 162 162 162 162 162 162 162 162 162 163 163 163 163 162 163 162 163 162 162 162 162 163 163 163 163 163 163 162 162 162 163 163 163 163 163 163 163 163 163 163 163 163 163 163 164 164 163 163 164 164 164 163 164 164 164 164 164 164 164 163 164 165 164 164 164 164 164 164 164 164 164 164 164 164 164 164 164 164 164 164 163 163 163 163 163 163 163 163 163 163 163 163 163 163 163 163 163 163 163 163 163 163 164 165 165 164 164 164 164 164 164 164 164 164 164 164 164 164 164 164 164 164 163 163 163 163 163 164 164 163 163 163 163 163 163 163 163 163 163 163 163 162 162 162 162 162 162 162 162 162 162 162 162 161 161 161 161 161 161 161 161 161 161 161 161 160 160 160 160 160 160 160 160 160 160 160 160 160 160 160 160 160 160 159 159 159 159 158 158 158 158 157 157 157 156 157 157 157 158 158 158 158 157 157 157 156 156 156 156 155 155 155 155 155 154 154 154 154 154 154 154 154 154 154 154 154 154 154 154 154 153 153 153 153 153 153 153 153 153 153 152 152 152 152 152 152 152 151 152 151 150 149 149 149 149 149 149 149 149 148 148 148 148 148 148 148 148 147 148 148 148 148 147 147 146 146 146 146 146 146 146 146 145 145 145 145 145 144 144 144 144 144 143 143 143 143 142 142 142 142 142 141 141 140 140 140 140 140 140 140 140 140 140 139 139 139 139 139 139 0 0 0 0 0 0 0 0 0 0 0 0 0 0 0 0 0 0 0 0 0 0 0 0 0 0 0 0 0 0 0 0 0 0 0 0 0 0 0 0 0 0 0 0 
0 0 0 0 0 0 0 0 0 0 0 0 0 0 0 0 0 0 0 0 0 0 0 0 0 0 0 0 0 0 0 0 0 0 0 0 0 0 0 0 0 0 0 0 0 0 0 0 0 0 0 0 0 0 0 0 0 0 0 0 0 0 0 0 0 155 155 155 155 155 155 155 156 156 157 157 157 157 157 157 157 157 158 158 158 158 158 159 159 160 161 161 159 158 158 159 159 160 160 160 160 160 160 159 159 159 160 161 160 161 161 161 160 160 161 161 161 161 161 161 161 161 161 160 161 160 160 161 161 161 162 162 161 161 161 161 161 161 162 162 162 162 162 162 162 162 162 162 162 162 162 162 162 162 162 162 163 162 162 163 163 163 163 163 163 162 162 162 162 163 163 163 163 163 163 163 163 163 163 163 163 163 163 163 163 163 163 163 163 164 164 163 164 164 164 164 164 164 164 164 164 164 164 164 164 163 163 163 163 163 163 163 163 163 163 163 164 164 164 163 163 163 163 163 163 163 163 163 163 163 163 163 163 163 163 163 163 163 163 163 163 163 165 164 164 164 164 164 164 164 164 164 164 164 164 164 164 164 164 164 164 164 163 164 163 163 163 163 163 163 163 163 163 163 163 163 163 163 163 163 162 162 162 162 162 162 162 162 162 162 161 161 161 161 161 161 161 161 161 161 161 161 161 161 160 160 160 160 160 160 160 160 160 160 160 160 160 160 160 160 160 160 159 159 159 159 158 158 158 158 158 158 157 157 156 156 157 158 158 158 158 158 157 157 156 156 156 156 156 155 155 155 155 155 155 154 154 154 154 154 154 154 154 154 154 154 155 154 153 154 153 153 153 153 153 153 153 153 153 153 152 152 152 152 152 152 151 151 151 152 151 150 149 149 149 149 149 150 149 148 148 148 148 148 148 148 147 147 147 147 147 147 147 146 146 146 146 146 146 146 146 146 145 145 145 145 145 144 144 144 144 143 143 143 143 142 142 142 142 142 142 142 141 140 140 140 140 140 140 140 139 139 139 139 139 139 139 139 139 0 0 0 0 0 0 0 0 0 0 0 0 0 0 0 0 0 0 0 0 0 0 0 0 0 0 0 0 0 0 0 0 0 0 0 0 0 0 0 0 0 0 0 0 
0 0 0 0 0 0 0 0 0 0 0 0 0 0 0 0 0 0 0 0 0 0 0 0 0 0 0 0 0 0 0 0 0 0 0 0 0 0 0 0 0 0 0 0 0 0 0 0 0 0 0 0 0 0 0 0 0 0 0 0 0 0 0 0 0 0 0 0 155 155 155 155 156 156 157 156 156 156 156 156 157 158 159 159 159 159 159 159 159 159 160 160 160 159 159 159 159 159 160 161 161 161 161 160 160 159 159 160 161 161 161 160 161 161 160 160 161 161 161 161 161 161 161 160 160 160 160 161 161 162 162 162 162 162 162 161 161 161 161 162 162 162 162 162 162 162 162 162 162 162 162 162 162 162 162 163 163 163 163 163 163 162 162 162 162 162 162 162 162 162 162 163 163 163 163 163 163 163 163 163 163 163 163 163 163 163 163 163 163 163 163 163 164 163 164 164 164 164 164 164 164 164 164 164 163 163 163 163 163 163 163 163 163 163 163 163 163 163 163 163 163 163 163 163 163 163 163 163 163 163 163 163 163 163 163 163 163 163 163 163 163 163 164 164 164 164 164 164 164 164 164 164 164 164 164 164 164 164 164 164 164 163 163 164 164 163 163 163 163 163 163 163 163 163 163 163 163 163 163 162 162 162 162 162 162 162 162 162 162 162 161 161 161 161 161 161 161 161 161 161 161 161 161 160 160 160 160 160 160 160 160 160 160 159 159 159 159 159 160 160 160 159 159 159 159 159 158 158 158 158 158 157 157 157 156 157 157 157 158 158 158 158 157 156 156 156 156 156 156 155 155 155 155 155 155 155 155 154 154 154 154 154 154 154 154 154 154 154 153 153 154 153 153 153 153 154 153 152 152 152 152 152 151 152 151 151 151 151 151 150 151 151 150 149 150 150 150 150 150 149 148 148 148 148 148 148 147 147 147 147 147 147 147 147 146 146 146 146 146 146 146 146 145 145 145 145 145 144 144 144 144 143 143 143 143 143 143 142 142 142 142 142 141 141 140 140 140 140 140 139 139 139 139 139 139 139 139 139 0 0 0 0 0 0 0 0 0 0 0 0 0 0 0 0 0 0 0 0 0 0 0 0 0 0 0 0 0 0 0 0 0 0 0 0 0 0 0 0 0 0 0 0 0 
0 0 0 0 0 0 0 0 0 0 0 0 0 0 0 0 0 0 0 0 0 0 0 0 0 0 0 0 0 0 0 0 0 0 0 0 0 0 0 0 0 0 0 0 0 0 0 0 0 0 0 0 0 0 0 0 0 0 0 0 0 0 0 0 0 0 0 0 0 0 155 155 155 156 156 156 156 156 156 157 157 158 159 159 159 159 159 159 159 159 160 160 160 160 160 160 160 159 160 160 161 161 161 160 159 159 160 160 161 160 160 160 160 160 160 161 161 161 161 161 161 161 161 161 161 160 160 161 161 161 162 162 162 162 162 162 162 161 161 162 162 162 162 162 162 162 162 162 162 162 162 162 163 163 163 163 163 162 162 162 162 162 162 162 162 162 162 163 162 162 162 162 162 163 163 163 163 162 162 163 163 163 163 163 164 163 163 163 163 163 163 163 163 163 163 163 164 164 164 164 164 164 164 163 163 163 163 163 163 163 163 163 163 163 163 163 163 163 163 163 163 163 163 163 163 163 162 163 163 163 163 163 163 163 163 163 163 163 163 163 163 163 164 164 164 164 164 164 164 164 164 164 164 164 164 164 164 164 164 163 163 163 164 163 163 163 163 163 163 163 163 163 163 163 163 163 163 163 162 162 162 162 162 162 162 162 162 162 162 162 162 161 161 161 161 161 161 161 161 161 161 161 160 160 160 160 160 160 160 160 160 160 159 159 159 160 160 160 160 160 160 159 159 159 158 159 158 158 158 158 157 157 157 156 156 157 157 158 158 158 158 157 156 156 156 156 156 156 155 155 155 155 155 155 155 155 155 155 155 154 154 155 155 155 154 154 154 154 154 154 153 153 153 153 153 153 153 153 152 152 152 152 151 151 151 151 151 151 151 151 150 151 151 150 149 149 150 149 150 148 148 148 148 148 148 147 148 147 147 147 147 147 147 147 147 146 146 146 145 145 145 145 145 145 145 145 145 144 144 144 144 143 143 143 143 143 143 142 142 142 142 142 141 141 140 140 140 140 140 139 139 139 139 139 139 139 0 0 0 0 0 0 0 0 0 0 0 0 0 0 0 0 0 0 0 0 0 0 0 0 0 0 0 0 0 0 0 0 0 0 0 0 0 0 0 0 0 0 0 0 0 0 0 
0 0 0 0 0 0 0 0 0 0 0 0 0 0 0 0 0 0 0 0 0 0 0 0 0 0 0 0 0 0 0 0 0 0 0 0 0 0 0 0 0 0 0 0 0 0 0 0 0 0 0 0 0 0 0 0 0 0 0 0 0 0 0 0 0 0 0 0 0 0 0 154 154 155 155 156 155 156 156 156 156 156 157 158 158 158 157 158 159 160 160 160 160 159 160 160 160 160 161 161 161 161 161 160 160 160 160 160 160 160 161 161 161 161 161 160 161 161 161 161 161 161 161 161 161 161 160 160 161 161 162 162 162 162 162 162 162 161 161 161 161 161 161 161 161 161 161 162 162 162 161 162 162 162 163 162 162 162 162 161 162 161 161 162 161 161 162 162 162 162 162 161 161 162 162 162 162 162 162 162 162 162 162 163 163 163 163 163 163 162 162 162 163 163 163 163 163 163 164 164 164 163 164 163 163 164 163 163 163 163 164 163 163 163 163 163 163 163 163 163 163 163 163 163 162 162 162 162 162 163 163 163 162 162 162 163 162 162 162 162 162 162 162 162 162 162 162 162 162 162 162 162 162 162 162 162 161 161 161 161 161 162 161 161 161 161 161 161 161 161 161 161 161 161 161 161 161 160 160 160 160 160 160 160 160 160 160 159 159 159 160 159 161 161 161 161 161 161 161 160 160 160 160 160 160 160 160 160 160 160 159 159 159 159 159 159 159 159 159 159 159 158 158 158 158 158 158 158 158 157 157 157 156 156 156 157 157 157 157 157 157 157 157 157 156 156 156 156 156 156 155 155 155 155 155 155 155 155 156 156 155 155 155 155 154 155 155 154 154 154 154 153 153 153 153 153 153 153 152 152 152 151 151 151 151 151 151 151 151 150 150 150 151 151 151 150 150 150 150 149 148 149 149 149 148 148 148 148 148 148 148 148 148 148 147 147 146 146 146 146 146 146 146 145 145 145 145 145 145 144 144 144 144 144 143 143 143 143 142 142 142 142 141 141 141 140 140 140 140 140 140 139 139 139 139 139 0 0 0 0 0 0 0 0 0 0 0 0 0 0 0 0 0 0 0 0 0 0 0 0 0 0 0 0 0 0 0 0 0 0 0 0 0 0 0 0 0 0 0 0 0 0 0 
0 0 0 0 0 0 0 0 0 0 0 0 0 0 0 0 0 0 0 0 0 0 0 0 0 0 0 0 0 0 0 0 0 0 0 0 0 0 0 0 0 0 0 0 0 0 0 0 0 0 0 0 0 0 0 0 0 0 0 0 0 0 0 0 0 0 0 0 0 0 0 0 154 155 155 156 155 156 156 156 156 156 157 158 159 159 158 158 159 159 160 160 159 160 160 160 160 160 161 161 161 161 161 161 161 161 160 160 160 160 160 161 161 160 160 161 161 161 161 162 162 162 162 161 161 161 161 160 160 161 161 161 162 162 162 162 162 161 161 161 161 161 161 161 161 161 161 161 161 161 161 161 161 162 162 162 162 162 162 162 162 161 162 162 161 161 161 161 161 161 161 161 161 162 162 162 162 162 162 162 162 162 162 162 162 162 163 162 162 162 162 162 163 163 163 162 163 163 163 163 164 164 163 163 163 164 163 163 163 164 164 163 163 163 163 163 163 163 163 163 163 162 162 162 162 162 162 162 162 162 163 163 162 162 162 162 162 162 162 162 162 162 162 162 162 162 162 162 162 162 162 162 162 162 162 162 162 161 161 161 161 161 161 161 161 161 161 161 161 161 161 160 161 161 160 160 160 160 160 160 160 160 160 160 160 160 160 159 159 159 160 159 161 161 161 161 161 161 160 160 160 160 160 160 160 160 160 160 160 159 159 159 159 159 159 159 159 159 159 159 159 158 158 158 158 158 158 158 158 157 157 157 156 156 156 157 157 157 157 157 157 157 157 157 157 156 157 156 157 156 156 155 155 155 155 155 155 155 155 155 155 155 155 154 154 155 155 154 154 154 154 154 153 153 153 153 153 153 152 152 152 152 151 151 151 151 150 150 150 150 150 150 150 150 150 149 149 149 150 150 149 149 148 148 148 148 148 148 148 148 148 148 147 147 147 147 146 146 146 146 146 146 146 145 145 145 145 145 145 144 144 144 144 144 143 143 143 143 142 142 142 142 141 141 141 141 140 140 140 140 139 139 139 139 139 139 139 0 0 0 0 0 0 0 0 0 0 0 0 0 0 0 0 0 0 0 0 0 0 0 0 0 0 0 0 0 0 0 0 0 0 0 0 0 0 0 0 0 0 0 0 0 0 
0 0 0 0 0 0 0 0 0 0 0 0 0 0 0 0 0 0 0 0 0 0 0 0 0 0 0 0 0 0 0 0 0 0 0 0 0 0 0 0 0 0 0 0 0 0 0 0 0 0 0 0 0 0 0 0 0 0 0 0 0 0 0 0 0 0 0 0 0 0 0 0 154 154 155 155 155 0 0 0 156 156 157 157 157 157 157 157 158 158 159 159 159 160 160 160 160 160 160 160 160 160 160 161 161 161 161 161 161 161 161 161 161 161 161 161 161 161 161 161 161 161 162 162 161 161 160 160 161 161 161 161 161 161 161 161 161 162 161 161 162 162 162 162 161 161 162 161 161 161 161 162 161 161 162 162 162 162 162 162 162 162 162 162 162 162 163 162 162 162 162 162 162 162 163 163 163 162 162 162 162 162 162 162 162 162 163 163 162 162 162 163 163 163 163 163 163 163 163 163 164 163 163 163 163 163 164 163 163 164 164 163 163 163 163 163 163 162 162 162 162 162 162 163 163 162 162 162 162 162 163 163 162 162 162 163 162 162 163 162 162 162 162 162 162 162 162 162 162 162 162 162 162 162 162 162 161 161 161 161 161 161 161 161 161 161 161 161 160 160 160 160 160 160 160 160 160 160 160 160 160 160 160 159 160 160 160 159 159 159 159 159 161 161 161 161 161 160 160 160 160 160 160 160 160 160 160 160 159 159 159 159 159 159 159 159 159 159 159 159 159 158 158 158 158 158 158 158 158 157 157 157 156 157 157 156 157 157 157 158 157 158 158 158 157 157 157 157 156 156 156 156 156 156 155 155 155 155 155 155 155 155 154 154 154 154 155 154 154 154 154 154 153 153 153 153 153 153 152 152 152 152 152 152 152 151 150 150 150 150 150 150 150 149 150 149 149 149 149 149 150 149 148 148 148 148 148 148 148 148 148 148 147 147 147 147 146 146 146 146 146 146 146 145 145 145 145 144 144 144 144 144 144 143 143 143 143 142 142 142 142 142 141 141 141 141 141 140 140 140 140 140 139 139 139 139 0 0 0 0 0 0 0 0 0 0 0 0 0 0 0 0 0 0 0 0 0 0 0 0 0 0 0 0 0 0 0 0 0 0 0 0 0 0 0 0 0 0 0 0 0 0 0 
0 0 0 0 0 0 0 0 0 0 0 0 0 0 0 0 0 0 0 0 0 0 0 0 0 0 0 0 0 0 0 0 0 0 0 0 0 0 0 0 0 0 0 0 0 0 0 0 0 0 0 0 0 0 0 0 0 0 0 0 0 0 0 0 0 0 0 0 0 0 0 0 0 0 154 155 0 0 0 0 156 156 157 156 156 157 157 158 158 158 158 159 158 159 159 160 160 160 160 160 160 160 160 160 161 161 161 161 162 162 162 162 161 161 161 161 161 161 161 161 161 161 161 161 161 160 160 161 162 161 161 161 161 161 161 162 162 162 162 162 162 162 162 163 162 162 162 162 161 161 162 162 161 161 161 161 162 162 162 162 162 162 163 163 163 163 163 163 163 163 163 163 163 163 163 162 162 162 162 163 162 162 162 162 162 162 162 163 162 162 162 162 163 163 163 163 163 163 163 163 163 163 164 164 163 163 164 164 164 164 163 163 163 163 163 163 162 162 162 162 162 162 162 162 163 163 163 162 163 162 163 163 162 162 162 163 163 163 163 162 162 162 162 162 162 162 162 162 162 162 162 162 162 162 162 161 161 161 161 161 161 161 161 161 161 160 161 161 161 160 160 160 160 160 160 160 160 160 160 160 160 160 159 159 159 159 159 159 159 159 159 159 161 161 161 161 160 160 160 160 160 160 160 160 160 160 160 159 159 159 159 159 159 159 159 159 159 159 159 159 159 158 158 158 158 158 158 157 158 158 157 157 157 157 157 157 157 157 157 158 158 158 158 158 158 157 157 157 157 157 157 156 157 156 156 156 156 155 155 155 155 155 154 154 154 154 154 154 154 154 154 154 154 153 153 153 153 153 152 152 152 152 152 152 151 151 150 150 150 150 150 150 149 149 149 149 149 149 149 149 149 149 149 148 148 148 148 148 148 148 148 148 147 147 147 147 146 146 146 145 145 145 145 145 145 145 145 144 144 144 144 144 144 143 143 143 142 142 142 142 142 142 141 141 141 141 140 140 140 140 140 140 139 139 139 139 0 0 0 0 0 0 0 0 0 0 0 0 0 0 0 0 0 0 0 0 0 0 0 0 0 0 0 0 0 0 0 0 0 0 0 0 0 0 0 0 0 0 0 0 0 0 0 
0 0 0 0 0 0 0 0 0 0 0 0 0 0 0 0 0 0 0 0 0 0 0 0 0 0 0 0 0 0 0 0 0 0 0 0 0 0 0 0 0 0 0 0 0 0 0 0 0 0 0 0 0 0 0 0 0 0 0 0 0 0 0 0 0 0 0 0 0 0 0 0 0 0 0 0 0 0 0 156 156 156 156 156 156 157 158 159 159 159 159 160 159 159 159 160 160 160 160 160 160 160 160 161 161 161 161 161 161 161 162 162 161 161 161 160 161 161 161 161 161 161 161 161 160 161 161 161 161 161 161 161 162 161 161 161 162 162 162 162 162 163 163 163 163 163 162 162 162 162 162 161 161 161 161 162 162 162 162 162 162 163 163 163 163 163 163 163 163 163 163 163 163 163 162 162 162 162 162 162 162 162 162 162 162 162 162 162 162 162 162 162 162 162 163 163 163 163 163 163 163 163 164 164 164 164 164 164 164 163 163 162 162 163 163 162 162 163 162 162 162 162 162 162 162 163 163 163 163 163 163 163 162 162 162 162 162 162 162 162 162 162 162 162 162 162 162 162 162 162 162 162 162 161 161 161 161 161 161 161 161 161 161 160 160 160 161 161 161 160 160 160 160 160 160 160 160 160 160 160 160 160 159 159 159 159 159 159 159 159 159 159 161 161 161 161 160 160 160 160 160 160 160 160 160 160 160 159 159 159 159 159 159 158 159 159 159 159 158 158 158 158 158 158 158 157 157 157 157 158 158 157 157 157 157 157 157 157 158 158 158 158 158 158 158 157 157 157 157 157 157 157 156 156 156 156 156 155 155 155 155 155 154 154 154 154 154 154 154 153 153 153 153 153 153 153 153 153 152 152 151 151 151 151 151 151 150 150 150 150 150 150 150 149 149 149 149 149 149 149 149 149 149 149 148 148 147 148 148 148 148 148 147 147 147 146 146 146 146 146 145 145 145 145 145 145 145 144 144 144 144 144 143 143 143 143 142 142 142 142 142 142 141 141 141 140 140 140 140 140 140 139 139 139 139 139 0 0 0 0 0 0 0 0 0 0 0 0 0 0 0 0 0 0 0 0 0 0 0 0 0 0 0 0 0 0 0 0 0 0 0 0 0 0 0 0 0 0 0 0 0 0 0 
0 0 0 0 0 0 0 0 0 0 0 0 0 0 0 0 0 0 0 0 0 0 0 0 0 0 0 0 0 0 0 0 0 0 0 0 0 0 0 0 0 0 0 0 0 0 0 0 0 0 0 0 0 0 0 0 0 0 0 0 0 0 0 0 0 0 0 0 0 0 0 0 0 0 0 0 0 0 155 155 156 156 156 156 157 157 157 158 159 159 159 160 159 159 159 159 160 160 160 160 160 160 160 160 160 160 160 161 161 161 161 161 161 161 161 161 161 160 160 160 160 160 160 160 160 160 161 161 162 162 161 162 162 161 161 161 161 162 163 162 162 163 163 163 163 163 163 162 162 162 162 162 162 162 161 161 162 162 162 163 163 163 163 163 163 163 163 163 163 163 163 163 162 163 163 163 162 162 162 162 162 162 162 162 162 162 162 162 162 162 162 162 162 162 162 163 163 163 163 163 163 163 163 163 163 163 163 164 164 163 163 162 162 162 162 162 163 163 163 162 162 163 162 162 162 163 163 163 163 163 163 163 162 162 162 162 162 162 162 162 162 162 162 162 162 162 162 162 162 162 162 161 161 161 161 161 161 161 161 161 161 161 160 160 160 160 161 161 160 160 160 160 160 160 160 160 160 160 159 159 160 160 159 159 159 159 159 159 159 159 159 159 161 161 161 161 161 160 160 160 160 160 160 160 160 159 159 159 159 159 159 159 159 158 158 158 159 158 158 158 158 158 158 158 157 157 158 158 157 157 157 157 157 157 157 157 157 158 158 158 158 158 158 158 158 158 158 158 157 157 157 157 156 156 156 156 155 155 155 155 155 155 155 155 154 154 154 154 154 153 153 153 153 153 153 153 153 152 152 151 151 151 151 151 151 151 150 150 150 150 150 150 150 149 149 148 148 149 149 149 149 148 148 149 148 148 148 147 147 147 147 148 147 147 146 146 146 146 146 145 145 145 145 145 145 145 145 144 144 144 144 144 143 143 143 142 142 142 142 141 141 141 140 140 140 140 140 140 139 139 139 139 139 139 139 139 0 0 0 0 0 0 0 0 0 0 0 0 0 0 0 0 0 0 0 0 0 0 0 0 0 0 0 0 0 0 0 0 0 0 0 0 0 0 0 0 0 0 0 0 0 0 0 
0 0 0 0 0 0 0 0 0 0 0 0 0 0 0 0 0 0 0 0 0 0 0 0 0 0 0 0 0 0 0 0 0 0 0 0 0 0 0 0 0 0 0 0 0 0 0 0 0 0 0 0 0 0 0 0 0 0 0 0 0 0 0 0 0 0 0 0 0 0 0 0 0 0 0 0 0 0 0 0 0 156 156 157 157 157 157 157 157 158 158 159 159 160 160 160 160 160 160 160 160 160 160 160 159 160 159 160 160 161 161 161 161 161 161 162 161 162 161 161 160 161 160 161 161 161 161 162 162 162 162 162 161 162 162 162 162 162 162 163 163 163 163 163 163 163 163 163 162 163 163 163 162 162 162 162 162 162 162 163 163 163 163 163 163 163 162 162 163 163 163 163 163 162 162 162 162 162 162 162 162 162 163 162 162 162 162 162 162 162 162 162 163 163 163 163 163 163 164 163 163 163 163 163 163 163 163 164 164 164 163 163 163 163 163 163 163 163 163 162 162 163 163 162 162 163 163 163 163 163 163 162 162 162 162 162 162 162 162 162 162 162 162 162 162 162 162 162 162 162 162 161 161 161 161 161 161 161 161 161 161 161 161 160 160 160 161 160 160 160 160 160 160 160 160 160 160 160 159 159 159 159 159 159 159 159 159 159 159 159 159 159 160 160 161 160 160 160 160 160 160 160 160 160 159 159 159 159 159 159 159 159 159 158 158 158 158 158 158 158 158 158 158 158 158 158 157 157 157 157 157 157 156 156 156 157 157 157 157 157 157 157 157 157 158 158 158 158 158 157 157 157 156 156 155 155 155 156 155 155 155 155 155 155 155 154 154 154 154 153 153 153 152 152 152 152 152 151 151 151 151 151 151 151 151 151 150 150 150 150 150 150 150 150 149 149 148 149 149 149 149 148 148 148 149 148 148 147 147 147 147 147 147 147 146 146 146 146 146 145 145 145 145 145 145 145 145 144 144 144 144 143 143 143 142 142 142 142 141 141 141 141 140 140 140 140 140 140 139 139 139 139 139 139 139 0 0 0 0 0 0 0 0 0 0 0 0 0 0 0 0 0 0 0 0 0 0 0 0 0 0 0 0 0 0 0 0 0 0 0 0 0 0 0 0 0 0 0 0 0 0 0 0 
0 0 0 0 0 0 0 0 0 0 0 0 0 0 0 0 0 0 0 0 0 0 0 0 0 0 0 0 0 0 0 0 0 0 0 0 0 0 0 0 0 0 0 0 0 0 0 0 0 0 0 0 0 0 0 0 0 0 0 0 0 0 0 0 0 0 0 0 0 0 0 0 0 0 0 0 0 0 0 0 0 155 156 156 157 157 157 156 157 157 158 158 158 158 159 160 160 160 160 160 160 160 160 160 160 159 159 160 160 161 161 161 161 161 161 161 161 161 161 161 161 161 161 161 161 161 161 161 161 161 162 161 161 161 161 162 162 162 162 163 163 163 163 163 162 163 162 162 162 163 163 163 163 162 163 163 162 162 162 163 163 163 163 162 163 163 163 163 162 162 162 162 162 162 162 162 162 162 162 162 162 162 162 162 162 162 162 162 162 162 162 162 163 163 163 163 163 163 163 163 163 163 163 163 163 163 163 164 163 163 163 163 163 163 163 163 163 163 163 163 163 163 163 162 162 162 163 163 162 162 162 162 162 162 162 162 162 162 162 162 162 162 162 162 162 162 162 162 162 162 162 161 161 161 161 161 161 161 161 161 160 160 160 160 160 161 161 160 160 160 160 160 160 160 160 160 160 160 159 159 159 159 159 159 159 159 159 159 159 159 159 159 160 160 160 160 160 160 160 160 160 160 160 160 159 159 159 159 159 159 159 159 159 158 158 158 158 158 158 158 158 158 158 157 157 157 157 157 157 157 157 157 156 156 156 155 155 156 155 155 155 156 156 156 156 157 157 157 156 156 156 156 156 156 156 156 155 156 156 156 156 155 155 155 155 155 155 154 154 154 153 153 152 152 152 151 151 152 151 151 151 151 150 151 151 151 150 150 150 150 149 149 149 149 149 149 148 148 148 148 148 148 148 148 148 148 148 147 147 147 147 147 147 147 146 146 146 145 145 145 145 145 145 144 144 144 144 144 144 144 144 143 143 143 142 142 142 141 141 141 141 141 140 140 140 140 140 140 140 139 139 139 139 138 138 0 0 0 0 0 0 0 0 0 0 0 0 0 0 0 0 0 0 0 0 0 0 0 0 0 0 0 0 0 0 0 0 0 0 0 0 0 0 0 0 0 0 0 0 0 0 0 0 
0 0 0 0 0 0 0 0 0 0 0 0 0 0 0 0 0 0 0 0 0 0 0 0 0 0 0 0 0 0 0 0 0 0 0 0 0 0 0 0 0 0 0 0 0 0 0 0 0 0 0 0 0 0 0 0 0 0 0 0 0 0 0 0 0 0 0 0 0 0 0 0 0 0 0 0 0 0 0 0 0 0 155 156 156 156 156 157 157 158 158 158 156 157 158 158 158 159 159 160 160 160 159 159 159 159 160 160 160 161 161 161 161 161 161 161 161 161 161 161 161 161 161 161 161 161 161 161 161 161 161 161 161 161 162 162 162 162 162 162 162 163 163 162 162 162 162 162 162 163 163 163 163 162 162 163 162 162 162 163 163 162 162 162 163 163 163 163 163 163 163 162 162 162 162 162 162 162 162 162 162 162 162 162 162 162 162 162 162 162 162 162 163 163 163 163 163 163 163 163 163 163 163 163 163 163 163 163 163 163 163 163 163 163 163 163 163 163 162 163 163 163 162 162 162 162 162 162 162 162 162 162 162 162 162 162 162 162 162 162 162 162 162 162 162 162 162 162 161 161 161 161 161 161 161 161 161 161 161 160 160 160 160 160 160 160 160 160 160 160 160 160 160 160 160 160 159 159 159 160 159 159 159 159 159 159 159 159 159 159 158 158 160 160 160 160 160 160 160 160 160 159 160 160 159 159 159 159 159 159 159 159 159 158 158 158 158 158 158 158 158 157 157 157 157 157 157 157 157 157 157 156 157 157 157 156 156 156 155 155 156 156 156 156 156 156 156 156 156 155 156 157 156 156 155 156 156 156 155 156 156 156 156 156 155 155 155 155 154 154 154 153 152 152 151 151 151 152 151 151 151 151 150 150 150 151 150 150 150 150 150 149 149 149 149 149 149 148 148 148 148 148 148 148 148 148 147 147 147 147 147 147 147 147 147 146 146 146 145 145 145 145 145 144 144 144 144 144 144 144 144 143 143 143 142 142 141 141 141 141 141 141 140 140 140 140 140 140 139 139 139 139 139 139 138 138 0 0 0 0 0 0 0 0 0 0 0 0 0 0 0 0 0 0 0 0 0 0 0 0 0 0 0 0 0 0 0 0 0 0 0 0 0 0 0 0 0 0 0 0 0 0 0 
0 0 0 0 0 0 0 0 0 0 0 0 0 0 0 0 0 0 0 0 0 0 0 0 0 0 0 0 0 0 0 0 0 0 0 0 0 0 0 0 0 0 0 0 0 0 0 0 0 0 0 0 0 0 0 0 0 0 0 0 0 0 0 0 0 0 0 0 0 0 0 0 0 0 0 0 0 0 0 0 0 0 0 155 156 156 157 157 157 157 158 157 156 157 157 157 157 158 158 158 158 159 159 159 159 159 159 160 160 160 160 161 161 161 161 161 161 161 160 160 160 161 161 161 161 161 161 161 161 161 161 161 161 161 162 162 161 161 161 161 162 162 162 162 162 162 162 162 162 163 163 163 163 162 162 162 162 162 162 162 162 162 162 162 162 162 163 162 163 163 163 163 163 162 162 162 162 162 162 162 162 162 162 162 162 162 162 162 162 162 162 162 163 163 163 163 163 163 163 163 163 163 163 163 163 163 163 163 163 162 163 163 163 163 163 163 162 162 162 162 162 162 162 162 162 162 162 162 162 162 162 162 162 162 162 162 162 161 161 161 162 162 162 161 161 162 162 161 161 161 161 161 161 161 161 161 161 161 161 160 160 160 160 160 160 160 160 160 160 160 160 160 160 160 160 160 160 160 159 159 159 159 159 159 159 159 159 159 158 158 159 159 160 160 160 160 160 160 160 159 159 159 159 159 159 159 159 159 159 159 159 159 158 158 158 158 158 158 158 158 158 158 157 157 157 157 157 157 157 157 157 157 156 156 156 157 157 156 155 155 155 155 155 155 156 156 155 155 155 155 156 156 156 156 155 155 155 155 155 155 156 156 155 155 155 155 155 155 155 154 154 154 153 151 151 151 151 151 151 151 151 151 150 150 150 150 150 150 150 150 150 149 149 148 148 149 149 149 148 148 148 148 148 148 148 147 147 147 147 147 147 147 147 147 147 146 146 146 145 145 145 144 144 144 144 144 144 144 144 144 143 143 143 143 142 141 141 141 141 141 141 141 140 140 139 139 139 139 139 139 138 138 139 139 138 138 0 0 0 0 0 0 0 0 0 0 0 0 0 0 0 0 0 0 0 0 0 0 0 0 0 0 0 0 0 0 0 0 0 0 0 0 0 0 0 0 0 0 0 0 0 0 0 
0 0 0 0 0 0 0 0 0 0 0 0 0 0 0 0 0 0 0 0 0 0 0 0 0 0 0 0 0 0 0 0 0 0 0 0 0 0 0 0 0 0 0 0 0 0 0 0 0 0 0 0 0 0 0 0 0 0 0 0 0 0 0 0 0 0 0 0 0 0 0 0 0 0 0 0 0 0 0 0 0 0 0 0 155 155 156 156 156 157 157 157 156 156 157 157 157 157 157 157 158 159 160 159 159 159 159 159 159 159 160 161 161 160 161 161 161 161 161 160 160 160 161 161 161 161 161 161 161 161 161 161 161 161 162 162 161 161 161 162 162 162 161 161 162 162 162 162 162 162 162 162 163 162 162 162 162 162 162 162 162 162 162 162 162 162 162 162 163 163 163 163 163 162 162 162 162 162 162 162 162 162 162 162 162 162 162 162 162 162 162 162 163 163 163 163 163 163 163 163 163 163 163 163 163 163 163 163 163 162 162 163 163 163 163 163 163 162 162 162 162 162 162 162 162 162 162 162 162 162 162 162 162 162 162 162 162 162 162 161 161 161 161 161 161 161 161 161 161 161 161 161 161 161 161 161 161 161 161 160 160 160 160 160 160 160 160 160 160 160 160 160 160 160 160 160 160 160 159 159 159 159 159 159 159 158 158 158 159 158 158 158 160 160 160 160 160 159 159 159 159 159 159 159 159 159 159 159 159 159 159 159 158 158 158 158 158 158 158 158 158 158 158 157 157 157 157 156 157 157 157 157 156 156 156 156 156 156 156 156 156 156 156 155 156 155 155 155 155 156 155 155 155 155 155 155 155 155 155 155 156 156 155 155 155 155 155 155 155 154 154 154 153 152 151 151 151 151 151 151 151 151 151 150 150 150 150 150 150 150 150 149 149 149 149 149 149 149 149 148 148 148 147 148 148 147 147 147 147 147 147 147 146 146 146 146 146 146 145 145 145 145 144 144 144 144 144 144 144 144 143 143 143 142 142 141 141 141 141 141 141 141 140 140 139 139 139 139 139 138 138 138 139 139 139 139 0 0 0 0 0 0 0 0 0 0 0 0 0 0 0 0 0 0 0 0 0 0 0 0 0 0 0 0 0 0 0 0 0 0 0 0 0 0 0 0 0 0 0 0 0 0 0 
0 0 0 0 0 0 0 0 0 0 0 0 0 0 0 0 0 0 0 0 0 0 0 0 0 0 0 0 0 0 0 0 0 0 0 0 0 0 0 0 0 0 0 0 0 0 0 0 0 0 0 0 0 0 0 0 0 0 0 0 0 0 0 0 0 0 0 0 0 0 0 0 0 0 0 0 0 0 0 0 0 0 0 0 0 0 0 0 0 156 157 156 0 0 156 157 156 157 157 158 158 159 160 160 159 159 159 159 159 160 160 160 160 160 161 161 160 160 161 161 161 160 160 161 161 161 161 161 161 161 161 161 161 161 161 161 161 161 161 161 161 162 162 161 161 162 162 162 162 162 162 162 162 162 162 162 163 162 162 162 162 162 162 162 162 162 162 162 162 162 162 163 162 162 162 162 162 162 162 162 162 162 162 162 162 162 162 162 162 162 162 162 163 163 163 163 163 163 163 163 163 163 163 163 162 163 163 163 163 162 162 162 162 162 162 163 163 162 162 162 162 162 162 162 162 162 162 162 162 162 162 162 162 162 162 162 162 161 161 161 161 161 161 161 161 161 161 161 161 161 161 161 161 161 161 161 161 161 160 160 160 160 160 160 160 160 160 160 160 160 160 160 160 160 160 159 159 159 159 159 159 159 159 158 159 158 158 158 158 158 158 158 160 160 159 159 159 159 159 159 159 159 159 159 159 159 159 159 159 159 159 158 158 158 158 158 158 158 158 158 158 158 158 157 157 157 157 157 156 157 157 157 157 157 157 156 156 155 156 156 156 156 156 156 156 155 155 155 155 155 155 155 155 155 155 155 155 155 155 155 155 155 155 155 155 155 155 155 155 155 154 154 153 153 151 150 151 151 151 151 151 151 151 150 150 150 150 150 150 149 149 149 150 149 149 149 149 149 149 148 148 148 147 147 147 147 147 147 147 147 147 147 146 146 146 146 146 146 145 145 145 145 145 144 144 144 144 144 144 144 143 143 142 142 142 141 141 141 141 141 141 141 140 139 139 139 139 139 139 138 139 139 139 139 139 138 138 0 0 0 0 0 0 0 0 0 0 0 0 0 0 0 0 0 0 0 0 0 0 0 0 0 0 0 0 0 0 0 0 0 0 0 0 0 0 0 0 0 0 0 0 0 0 
0 0 0 0 0 0 0 0 0 0 0 0 0 0 0 0 0 0 0 0 0 0 0 0 0 0 0 0 0 0 0 0 0 0 0 0 0 0 0 0 0 0 0 0 0 0 0 0 0 0 0 0 0 0 0 0 0 0 0 0 0 0 0 0 0 0 0 0 0 0 0 0 0 0 0 0 0 0 0 0 0 0 0 0 0 0 0 0 0 0 156 156 0 0 156 156 157 157 158 158 158 158 159 159 159 159 159 159 159 160 160 160 160 160 160 160 160 160 160 161 161 161 160 160 161 161 161 161 161 161 161 161 161 161 161 161 161 161 161 161 161 162 161 161 161 162 162 162 162 162 162 162 162 162 162 162 163 162 162 162 162 162 162 162 162 162 162 162 162 162 162 162 163 163 162 162 162 162 162 161 161 162 162 162 162 162 162 162 162 162 162 162 163 163 163 163 163 163 163 163 163 162 163 163 163 163 163 162 162 162 162 162 163 163 162 162 162 162 162 162 162 162 162 162 162 162 162 162 162 162 162 162 162 162 162 162 162 162 161 162 161 161 161 161 161 161 161 161 161 161 161 161 161 161 161 161 161 161 160 160 160 160 160 160 160 160 160 160 160 160 160 160 160 159 159 159 159 159 159 159 159 159 159 158 159 159 158 158 158 158 158 158 160 160 159 159 159 159 159 159 159 159 159 159 159 159 159 159 159 159 159 159 158 158 158 158 158 158 158 158 158 157 157 157 157 157 157 157 157 157 157 157 157 157 157 156 156 156 156 156 156 156 156 156 156 156 156 156 156 156 156 156 156 155 155 155 155 156 155 155 155 155 155 155 155 155 155 155 154 154 154 154 153 152 151 150 151 151 151 151 151 151 151 150 150 150 150 150 149 149 149 149 150 149 149 149 149 148 148 148 148 148 147 147 147 147 147 147 147 147 147 147 146 146 146 146 145 145 145 144 144 144 144 144 144 144 144 144 143 143 143 143 142 142 142 141 141 142 141 141 141 141 140 140 139 139 139 139 139 139 139 139 0 139 139 138 0 0 0 0 0 0 0 0 0 0 0 0 0 0 0 0 0 0 0 0 0 0 0 0 0 0 0 0 0 0 0 0 0 0 0 0 0 0 0 0 0 0 0 0 0 0 0 
0 0 0 0 0 0 0 0 0 0 0 0 0 0 0 0 0 0 0 0 0 0 0 0 0 0 0 0 0 0 0 0 0 0 0 0 0 0 0 0 0 0 0 0 0 0 0 0 0 0 0 0 0 0 0 0 0 0 0 0 0 0 0 0 0 0 0 0 0 0 0 0 0 0 0 0 0 0 0 0 0 0 0 0 0 0 0 0 0 0 156 156 0 0 156 156 156 157 158 157 157 158 159 159 160 159 159 158 159 159 160 160 160 160 160 160 160 160 161 160 161 161 161 161 160 161 161 161 161 161 161 161 161 161 161 161 161 161 161 161 161 162 162 162 162 162 162 162 162 162 162 162 162 162 162 162 162 162 162 162 162 162 162 162 162 162 162 162 162 162 162 162 162 162 162 162 162 162 162 162 161 161 162 162 162 162 162 162 162 162 162 162 163 163 163 163 162 163 162 163 162 162 163 163 163 163 163 162 162 162 162 162 162 162 162 162 162 162 162 162 162 162 162 162 162 162 162 162 162 162 162 161 162 162 162 162 162 162 162 162 161 161 161 161 161 161 161 161 161 161 161 161 161 161 161 161 160 160 160 160 160 160 160 160 160 160 160 160 160 160 159 159 159 159 159 159 159 159 159 159 159 159 158 158 159 159 158 158 158 158 157 157 159 159 159 159 159 159 159 159 159 159 159 159 159 159 159 159 158 158 158 158 158 158 158 158 158 158 157 157 157 157 157 157 157 157 157 157 157 157 156 157 157 157 157 156 156 157 156 156 156 156 156 156 156 156 156 156 156 156 156 156 156 156 155 155 155 156 156 155 155 155 155 155 155 155 155 154 154 154 154 154 153 153 151 150 150 150 151 151 151 151 151 151 150 150 150 150 149 149 149 149 149 149 149 149 149 148 148 148 148 148 147 147 147 147 147 146 147 147 147 146 146 146 145 145 145 145 144 144 144 144 144 144 144 144 144 144 143 143 142 142 142 142 142 142 142 142 141 141 141 140 140 140 140 140 139 139 139 0 0 0 0 0 0 0 0 0 0 0 0 0 0 0 0 0 0 0 0 0 0 0 0 0 0 0 0 0 0 0 0 0 0 0 0 0 0 0 0 0 0 0 0 0 0 0 0 0 0 0 0 0 0 
0 0 0 0 0 0 0 0 0 0 0 0 0 0 0 0 0 0 0 0 0 0 0 0 0 0 0 0 0 0 0 0 0 0 0 0 0 0 0 0 0 0 0 0 0 0 0 0 0 0 0 0 0 0 0 0 0 0 0 0 0 0 0 0 0 0 0 0 0 0 0 0 0 0 0 0 0 0 0 0 0 0 0 0 0 0 0 0 0 0 0 0 0 0 0 0 0 157 157 157 158 158 158 158 159 160 159 159 158 159 159 160 160 160 160 160 160 160 160 161 160 160 160 160 160 161 161 161 161 161 161 161 161 161 161 161 161 161 161 161 161 162 162 162 162 162 162 162 162 162 162 162 162 162 162 162 162 162 162 162 162 162 162 162 162 162 162 162 162 162 162 162 162 162 162 163 162 162 162 162 162 162 162 162 162 162 162 161 162 162 162 162 163 163 163 162 162 162 162 162 162 162 162 162 162 163 163 162 163 163 162 162 162 162 162 162 162 162 162 162 162 162 162 162 162 162 162 162 162 162 162 161 161 162 162 162 162 162 162 162 162 161 161 161 161 161 161 161 161 160 160 160 161 161 160 160 160 160 160 160 160 160 160 160 160 160 160 160 159 159 160 159 159 159 159 159 159 159 159 159 159 159 158 158 158 159 158 158 158 158 157 157 159 159 159 159 159 159 159 159 159 159 159 158 159 159 158 158 158 158 158 158 158 158 158 158 158 158 158 157 157 157 157 157 157 156 157 156 156 156 156 156 156 156 156 156 156 156 156 156 157 157 157 157 156 156 155 156 156 156 155 156 156 156 156 155 155 155 156 156 155 155 155 155 155 154 154 154 154 154 154 154 153 153 151 151 150 150 150 151 151 151 151 151 151 151 150 150 150 149 149 149 149 149 149 149 149 148 148 148 147 147 147 147 147 147 146 147 147 147 146 146 146 146 145 145 145 145 144 144 144 144 144 144 144 144 144 143 143 142 142 142 142 142 142 142 142 142 141 141 141 141 139 140 139 140 0 0 0 0 0 0 0 0 0 0 0 0 0 0 0 0 0 0 0 0 0 0 0 0 0 0 0 0 0 0 0 0 0 0 0 0 0 0 0 0 0 0 0 0 0 0 0 0 0 0 0 0 0 0 0 0 0 
0 0 0 0 0 0 0 0 0 0 0 0 0 0 0 0 0 0 0 0 0 0 0 0 0 0 0 0 0 0 0 0 0 0 0 0 0 0 0 0 0 0 0 0 0 0 0 0 0 0 0 0 0 0 0 0 0 0 0 0 0 0 0 0 0 0 0 0 0 0 0 0 0 0 0 0 0 0 0 0 0 0 0 0 0 0 0 0 0 0 0 0 0 0 0 0 156 156 156 156 157 158 158 157 158 159 159 158 159 159 160 160 160 160 160 160 160 160 160 160 160 160 160 160 160 161 161 160 160 161 161 161 161 161 161 161 161 161 161 161 161 162 162 162 162 162 162 162 162 161 162 162 162 162 162 162 162 162 162 162 162 162 162 162 162 162 162 162 162 162 162 162 162 162 162 162 163 163 162 162 162 162 161 162 162 161 161 162 162 162 162 162 163 163 162 162 162 162 162 162 162 162 162 162 162 162 162 162 162 162 162 162 162 162 162 162 162 162 162 162 162 162 162 162 162 162 162 162 162 162 162 162 161 161 162 161 161 162 162 161 161 161 161 161 161 161 161 161 161 161 160 160 160 160 160 160 160 160 160 160 160 160 160 160 160 160 160 160 160 160 160 159 159 159 159 159 159 159 159 159 158 158 158 158 158 158 159 158 158 158 157 157 159 159 159 159 159 159 159 159 159 159 158 158 158 158 158 158 158 158 158 158 158 158 158 158 158 158 158 158 157 157 157 157 157 157 156 156 157 157 156 156 156 156 156 156 156 156 156 156 157 157 157 157 156 156 156 156 156 155 155 155 156 156 156 156 156 156 156 155 155 155 155 155 155 154 154 154 154 154 154 154 153 153 152 151 150 150 150 151 150 150 150 150 150 150 150 150 150 149 149 149 149 149 149 149 149 148 148 148 147 147 147 147 147 147 146 146 147 147 146 146 146 146 145 145 145 145 144 144 144 144 144 144 144 144 143 143 142 142 142 142 142 142 142 142 142 142 141 141 141 141 140 140 140 139 140 0 0 0 0 0 0 0 0 0 0 0 0 0 0 0 0 0 0 0 0 0 0 0 0 0 0 0 0 0 0 0 0 0 0 0 0 0 0 0 0 0 0 0 0 0 0 0 0 0 0 0 0 0 0 0 0 
0 0 0 0 0 0 0 0 0 0 0 0 0 0 0 0 0 0 0 0 0 0 0 0 0 0 0 0 0 0 0 0 0 0 0 0 0 0 0 0 0 0 0 0 0 0 0 0 0 0 0 0 0 0 0 0 0 0 0 0 0 0 0 0 0 0 0 0 0 0 0 0 0 0 0 0 0 0 0 0 0 0 0 0 0 0 0 0 0 0 0 0 0 0 0 0 156 157 158 157 157 157 157 158 158 159 159 158 159 159 159 160 160 160 160 160 160 160 160 160 160 160 160 160 160 160 161 161 160 160 161 161 161 161 161 161 161 161 161 161 162 162 162 162 162 162 162 162 162 161 161 161 161 161 162 162 162 161 162 162 162 162 162 162 162 162 162 161 162 161 162 162 162 162 162 162 162 162 162 162 162 161 161 161 161 161 162 162 162 162 162 162 162 162 162 162 162 162 162 162 162 162 162 162 162 162 162 162 162 162 162 161 161 161 162 162 162 162 162 162 162 162 162 162 162 162 162 161 162 162 162 162 162 161 161 161 161 161 161 161 161 161 161 161 161 161 161 161 161 161 160 160 160 160 160 160 160 160 160 160 160 160 160 160 160 160 160 160 160 160 159 159 159 159 159 159 159 159 159 159 158 158 158 158 158 158 158 158 158 157 157 157 159 159 159 159 159 159 159 159 159 159 158 158 158 158 158 158 158 158 158 158 158 158 158 158 158 157 157 157 157 157 157 157 157 157 157 157 157 157 157 156 156 156 156 156 156 156 156 156 156 156 156 156 156 156 156 156 156 156 156 155 155 155 156 156 156 156 156 155 155 155 154 154 154 154 154 154 154 154 154 153 153 152 152 151 150 150 150 150 150 150 150 150 150 150 150 150 150 149 149 149 149 149 149 149 149 149 148 148 148 147 147 147 147 147 146 146 146 146 146 146 145 145 145 145 145 145 145 144 144 144 144 144 144 143 143 143 143 142 143 143 143 143 142 142 142 142 142 141 141 141 140 140 140 140 140 0 0 0 0 0 0 0 0 0 0 0 0 0 0 0 0 0 0 0 0 0 0 0 0 0 0 0 0 0 0 0 0 0 0 0 0 0 0 0 0 0 0 0 0 0 0 0 0 0 0 0 0 0 0 0 0 
0 0 0 0 0 0 0 0 0 0 0 0 0 0 0 0 0 0 0 0 0 0 0 0 0 0 0 0 0 0 0 0 0 0 0 0 0 0 0 0 0 0 0 0 0 0 0 0 0 0 0 0 0 0 0 0 0 0 0 0 0 0 0 0 0 0 0 0 0 0 0 0 0 0 0 0 0 0 0 0 0 0 0 0 0 0 0 0 0 0 0 0 0 0 0 0 0 157 158 158 158 157 157 157 158 159 158 158 159 159 159 159 159 160 160 160 160 160 160 160 160 160 160 160 160 160 160 160 160 160 161 161 161 161 161 161 161 161 161 161 161 162 162 161 162 162 162 162 161 161 161 161 161 161 161 161 161 161 161 161 161 162 162 161 161 162 162 162 161 161 161 162 162 162 162 162 162 162 162 162 162 162 161 161 161 161 162 162 162 161 162 162 162 162 162 162 162 162 162 162 163 163 162 162 162 162 162 162 162 161 161 161 161 161 161 162 162 162 162 162 162 162 162 161 161 161 162 162 162 162 162 162 162 162 161 161 161 161 161 161 161 161 161 161 161 161 161 161 161 160 160 160 160 160 160 160 160 160 160 160 160 160 160 160 160 160 160 160 160 160 160 159 159 159 160 159 159 159 159 159 158 159 159 158 158 158 158 158 157 157 157 157 159 159 159 159 159 159 159 159 159 159 158 158 158 158 158 158 158 158 158 158 158 158 158 157 157 157 157 157 157 157 157 157 157 157 157 157 157 157 157 156 156 156 156 156 156 156 156 156 156 156 156 157 157 156 156 156 156 155 155 156 156 155 155 156 155 155 155 155 155 155 155 155 154 154 154 154 154 153 153 153 152 151 151 151 150 150 150 150 150 150 150 150 150 150 150 149 150 149 149 149 149 149 149 148 149 149 148 148 148 147 147 147 147 147 147 146 146 146 146 145 145 145 145 145 145 145 145 144 144 144 144 143 143 143 143 143 143 143 143 143 143 143 142 142 142 142 142 141 141 141 140 140 140 140 0 0 0 0 0 0 0 0 0 0 0 0 0 0 0 0 0 0 0 0 0 0 0 0 0 0 0 0 0 0 0 0 0 0 0 0 0 0 0 0 0 0 0 0 0 0 0 0 0 0 0 0 0 0 0 0 0 
0 0 0 0 0 0 0 0 0 0 0 0 0 0 0 0 0 0 0 0 0 0 0 0 0 0 0 0 0 0 0 0 0 0 0 0 0 0 0 0 0 0 0 0 0 0 0 0 0 0 151 152 0 0 0 0 0 0 0 0 0 0 0 0 0 0 0 0 0 0 0 0 0 0 0 0 0 0 0 0 0 0 0 0 0 0 0 0 0 0 0 0 0 0 0 0 156 157 158 157 157 158 157 157 157 158 158 158 158 158 158 159 159 160 160 160 160 160 160 160 160 160 160 160 160 160 160 160 160 160 160 160 160 161 161 161 161 161 161 162 162 162 161 161 161 161 161 162 162 162 162 162 161 161 161 161 161 161 161 161 161 162 162 161 161 161 162 162 162 161 161 162 162 162 162 162 162 162 162 162 162 162 162 161 161 161 162 161 161 161 161 162 162 162 162 162 162 162 162 162 162 162 162 162 162 162 162 162 162 162 162 162 162 162 161 161 161 162 162 162 162 162 161 161 161 161 161 162 161 162 161 161 162 162 162 161 161 161 161 161 161 161 161 161 161 161 161 161 160 160 160 160 160 160 160 160 160 160 160 160 160 160 160 160 160 160 160 160 160 160 160 160 160 160 160 160 159 159 158 158 158 158 158 158 158 158 158 158 157 157 157 157 159 159 159 159 159 159 159 159 159 159 158 158 158 158 158 158 158 158 158 158 158 158 157 157 157 157 157 157 157 157 157 157 157 157 157 156 156 157 157 157 157 157 156 156 156 156 156 156 156 156 156 156 156 156 156 156 156 156 156 156 156 156 156 156 155 155 154 154 154 154 154 154 154 154 154 154 153 153 153 152 152 152 152 151 151 150 150 150 150 150 150 150 150 150 150 149 149 149 149 149 149 149 149 148 148 148 148 148 148 148 147 147 147 147 147 146 146 146 146 146 145 145 145 145 145 145 145 144 144 144 144 144 143 143 143 143 143 143 143 143 143 143 142 0 0 0 0 0 0 0 0 0 0 0 0 0 0 0 0 0 0 0 0 0 0 0 0 0 0 0 0 0 0 0 0 0 0 0 0 0 0 0 0 0 0 0 0 0 0 0 0 0 0 0 0 0 0 0 0 0 0 0 0 0 0 0 0 0 0 0 0 
0 0 0 0 0 0 0 0 0 0 0 0 0 0 0 0 0 0 0 0 0 0 0 0 0 0 0 0 0 0 0 0 0 0 0 0 0 0 0 0 0 0 0 0 0 0 0 0 0 0 152 154 153 0 0 0 0 0 0 0 0 0 0 0 0 0 0 0 0 0 0 0 0 0 0 0 0 0 0 0 0 0 0 0 0 0 0 0 0 0 0 0 0 156 156 156 156 157 157 158 158 158 158 157 157 157 158 158 158 158 159 159 159 160 160 160 160 160 160 159 159 160 160 160 160 160 160 160 160 160 160 160 160 161 161 161 161 161 161 161 161 161 161 161 161 161 161 161 162 162 162 162 161 162 161 161 161 161 161 161 161 161 162 162 161 161 161 161 162 161 161 162 162 162 162 162 162 162 162 162 162 162 162 161 161 161 162 162 161 161 161 161 162 162 162 162 162 162 162 162 162 162 162 162 162 162 162 163 163 162 162 162 162 162 162 162 162 161 161 162 162 162 162 161 161 162 161 161 161 161 161 161 161 161 161 161 161 161 161 161 161 161 161 161 161 161 160 160 160 160 160 160 160 160 160 160 160 160 160 160 160 160 160 160 159 159 159 160 160 160 159 160 159 159 159 160 159 159 158 158 158 158 158 158 158 158 158 158 157 157 157 157 159 159 159 159 159 159 159 159 159 158 158 158 158 158 158 158 158 158 158 158 158 158 157 157 157 157 157 157 157 157 157 157 156 156 156 156 157 157 157 157 157 157 157 156 156 156 156 156 156 156 156 156 156 156 156 156 156 156 156 155 155 155 156 156 155 155 155 155 155 154 154 154 154 154 154 154 153 153 153 152 153 153 152 151 150 150 150 150 150 150 150 150 150 150 150 149 149 149 149 149 149 149 149 148 148 148 148 148 148 148 147 147 147 147 147 146 146 146 146 146 145 145 145 145 145 145 145 144 144 144 143 143 143 143 143 143 143 143 143 0 0 0 0 0 0 0 0 0 0 0 0 0 0 0 0 0 0 0 0 0 0 0 0 0 0 0 0 0 0 0 0 0 0 0 0 0 0 0 0 0 0 0 0 0 0 0 0 0 0 0 0 0 0 0 0 0 0 0 0 0 0 0 0 0 0 0 0 0 0 0 0 
0 0 0 0 0 0 0 0 0 0 0 0 0 0 0 0 0 0 0 0 0 0 0 0 0 0 0 0 0 0 0 0 0 0 0 0 0 0 0 0 0 0 0 0 0 0 0 0 0 0 151 154 155 153 152 152 152 152 152 0 0 0 0 0 0 0 0 0 0 0 0 0 0 0 0 0 0 0 0 0 0 0 0 0 0 0 0 0 0 0 156 156 156 157 157 156 157 157 158 158 157 157 158 158 157 158 158 158 158 158 158 159 159 160 160 160 160 159 159 160 160 160 160 160 160 160 161 161 160 160 160 160 160 160 161 161 161 161 161 161 161 161 161 161 161 161 161 161 161 162 161 162 162 161 161 162 162 162 161 161 161 161 161 161 161 161 161 161 161 161 161 161 161 162 162 162 161 162 162 162 162 162 162 162 162 161 161 161 161 161 161 161 162 162 162 162 162 162 161 161 162 162 161 162 162 162 162 163 162 162 162 162 162 162 162 162 162 161 161 161 161 162 162 161 161 162 162 162 161 161 161 161 161 161 161 161 161 161 161 161 161 161 161 160 160 160 160 160 160 160 160 160 160 160 160 160 160 160 160 160 160 160 160 160 159 159 160 160 160 159 159 159 159 159 159 159 159 159 158 158 158 158 158 158 158 158 158 158 158 157 157 157 159 159 159 159 159 159 159 159 159 158 158 158 158 158 158 158 158 158 158 157 157 157 157 157 157 157 157 157 157 157 156 156 156 156 156 156 157 157 156 157 157 156 156 156 156 156 156 156 156 156 156 156 156 156 156 156 155 155 155 155 155 155 155 156 155 155 154 154 154 154 154 154 154 154 154 153 153 153 153 153 153 153 152 151 150 150 150 150 150 150 150 150 150 150 149 149 149 149 149 149 149 149 149 148 148 148 148 148 148 148 147 148 147 147 147 147 146 146 146 146 145 145 145 145 145 145 145 144 144 144 143 143 143 143 143 143 143 143 143 0 0 0 0 0 0 0 0 0 0 0 0 0 0 0 0 0 0 0 0 0 0 0 0 0 0 0 0 0 0 0 0 0 0 0 0 0 0 0 0 0 0 0 0 0 0 0 0 0 0 0 0 0 0 0 0 0 0 0 0 0 0 0 0 0 0 0 0 0 0 0 0 
0 0 0 0 0 0 0 0 0 0 0 0 0 0 0 0 0 0 0 0 0 0 0 0 0 0 0 0 0 0 0 0 0 0 0 0 0 0 0 0 0 0 0 0 0 0 0 0 0 0 151 153 155 155 154 153 154 155 154 153 152 0 0 0 0 0 0 0 0 0 0 0 0 0 0 0 0 0 0 0 0 0 0 0 0 0 0 0 0 0 156 157 157 157 157 157 157 158 158 158 158 157 157 157 157 158 158 158 158 158 158 159 159 160 160 160 160 160 160 160 160 160 161 161 161 160 160 160 160 160 160 160 160 160 160 161 160 160 160 161 161 161 161 161 161 161 161 161 161 161 161 161 161 161 161 161 161 161 162 162 161 161 160 161 161 161 161 161 161 161 161 161 161 161 161 161 161 161 161 162 161 161 162 162 162 162 161 161 161 161 161 162 162 162 162 162 162 162 162 161 162 162 162 162 162 162 162 162 162 162 162 162 162 162 162 162 162 161 161 161 161 161 162 161 161 161 162 161 161 161 161 161 161 161 161 161 161 161 161 161 161 161 161 160 160 160 160 160 160 160 160 160 160 160 160 160 159 159 160 160 160 160 159 160 160 160 160 160 160 159 159 158 159 159 159 158 159 159 158 158 158 158 158 158 158 158 158 158 157 157 157 157 159 159 159 159 159 159 159 159 158 158 158 158 158 158 158 158 158 157 157 157 157 157 157 157 157 157 157 157 157 157 157 157 157 157 157 157 157 156 156 157 157 156 156 156 156 156 156 156 156 156 156 156 156 156 156 156 156 156 156 155 155 155 155 155 155 155 155 154 154 154 154 154 154 154 153 153 153 153 153 153 153 152 152 151 150 150 150 150 150 150 150 149 149 150 149 149 149 149 149 149 149 149 149 148 148 148 148 148 148 147 147 147 147 147 147 146 146 146 146 146 145 145 145 145 144 144 145 144 144 144 143 143 143 143 143 143 143 143 143 0 0 0 0 0 0 0 0 0 0 0 0 0 0 0 0 0 0 0 0 0 0 0 0 0 0 0 0 0 0 0 0 0 0 0 0 0 0 0 0 0 0 0 0 0 0 0 0 0 0 0 0 0 0 0 0 0 0 0 0 0 0 0 0 0 0 0 0 0 0 0 0 
0 0 0 0 0 0 0 0 0 0 0 0 0 0 0 0 0 0 0 0 0 0 0 0 0 0 0 0 0 0 0 0 0 0 0 0 0 0 0 0 0 0 0 0 0 0 0 0 0 0 0 152 153 154 154 154 154 155 156 155 154 153 153 153 153 0 0 0 0 0 0 0 0 0 0 0 0 0 0 0 0 0 0 0 0 0 0 0 156 156 156 157 156 156 157 157 158 157 158 158 158 158 157 157 158 158 158 158 159 158 158 158 158 159 159 160 160 160 160 160 160 161 161 160 160 160 160 160 160 160 160 160 161 160 160 160 160 160 161 161 161 161 161 161 161 161 161 161 161 161 161 161 161 161 161 161 161 161 161 161 161 161 161 161 161 161 161 161 161 161 161 161 161 161 161 161 161 161 161 161 161 161 161 161 161 161 162 161 161 161 161 161 162 162 162 162 162 163 162 162 162 162 162 162 162 162 162 162 162 162 162 161 161 161 162 162 161 161 161 161 161 161 161 161 161 161 161 161 161 161 161 161 161 161 161 161 161 161 161 160 160 161 160 160 160 160 160 160 160 160 160 160 160 159 160 160 160 160 159 160 160 160 160 160 160 160 160 159 159 159 159 159 158 158 158 159 158 158 158 158 158 158 158 158 158 158 157 157 157 157 157 157 159 159 159 159 159 159 159 158 158 158 158 158 158 158 158 158 157 157 157 157 157 157 157 157 157 157 157 157 156 156 156 156 157 157 157 157 156 156 156 156 157 156 155 156 156 156 156 156 156 156 156 156 156 156 156 156 156 156 156 156 156 155 156 155 155 155 155 154 154 155 155 154 154 154 154 154 153 153 153 152 152 152 151 151 151 150 150 150 150 150 149 149 149 149 149 149 149 149 149 149 149 149 148 148 148 148 148 148 147 147 147 147 147 147 147 146 146 146 146 146 145 145 145 145 144 144 144 144 144 144 144 144 143 143 143 143 143 143 143 0 0 0 0 0 0 0 0 0 0 0 0 0 0 0 0 0 0 0 0 0 0 0 0 0 0 0 0 0 0 0 0 0 0 0 0 0 0 0 0 0 0 0 0 0 0 0 0 0 0 0 0 0 0 0 0 0 0 0 0 0 0 0 0 0 0 0 0 0 0 0 0 
0 0 0 0 0 0 0 0 0 0 0 0 0 0 0 0 0 0 0 0 0 0 0 0 0 0 0 0 0 0 0 0 0 0 0 0 0 0 0 0 0 0 0 0 0 0 0 0 0 0 0 0 152 153 154 154 155 155 156 156 155 155 155 155 154 153 0 0 0 0 0 0 0 0 0 0 0 0 0 0 0 0 0 0 0 0 156 156 156 156 156 157 156 157 157 157 157 157 157 158 158 158 157 157 158 158 158 159 158 158 158 159 158 159 159 159 159 160 160 160 160 160 160 160 160 160 160 160 160 160 160 161 161 160 160 160 160 160 160 160 161 161 161 161 161 161 161 160 161 161 161 161 161 161 161 161 161 161 160 160 161 161 161 160 160 161 161 162 161 161 161 161 161 161 161 161 161 161 161 161 161 161 161 161 161 161 161 161 161 161 161 161 161 162 162 162 162 162 163 162 162 162 162 162 162 162 162 162 162 162 162 162 161 161 161 161 161 161 161 161 161 161 161 161 161 161 161 161 161 161 161 161 161 161 161 161 161 161 160 160 160 160 160 160 160 160 160 160 160 160 160 160 160 159 159 160 160 160 160 160 160 160 160 160 160 160 160 159 159 159 159 159 158 158 158 158 159 158 158 158 158 158 158 158 158 158 157 157 157 157 157 157 159 159 159 159 158 158 158 158 158 158 158 158 158 158 158 157 157 157 157 157 157 157 157 157 157 157 156 156 156 156 156 156 156 156 156 156 156 156 157 156 156 156 155 155 155 156 156 156 156 156 156 156 156 156 156 156 156 156 156 156 156 156 155 155 155 155 155 154 154 154 154 154 154 154 154 153 153 152 152 152 152 151 151 150 150 150 150 150 150 150 149 149 149 149 149 149 149 149 149 149 149 149 149 148 148 148 148 148 148 147 147 147 147 147 146 146 146 146 146 145 145 145 145 145 145 144 144 144 144 144 144 143 143 143 143 143 143 143 143 143 0 0 0 0 0 0 0 0 0 0 0 0 0 0 0 0 0 0 0 0 0 0 0 0 0 0 0 0 0 0 0 0 0 0 0 0 0 0 0 0 0 0 0 0 0 0 0 0 0 0 0 0 0 0 0 0 0 0 0 0 0 0 0 0 0 0 0 0 0 0 0 
0 0 0 0 0 0 0 0 0 0 0 0 0 0 0 0 0 0 0 0 0 0 0 0 0 0 0 0 0 0 0 0 0 0 0 0 0 0 0 0 0 0 0 0 0 0 0 0 0 0 0 0 0 153 154 154 155 155 156 156 156 155 155 155 154 154 153 0 0 0 153 153 0 0 0 0 0 0 0 0 0 0 0 0 0 0 156 156 157 157 157 157 157 157 157 157 157 157 157 158 158 157 157 157 158 159 159 159 158 158 159 159 159 159 159 160 160 160 160 159 159 159 159 159 159 159 159 160 160 160 160 160 161 161 161 160 160 160 160 160 160 160 160 161 160 160 160 160 161 161 160 160 161 161 161 161 161 161 161 160 160 160 160 160 160 161 161 161 161 161 161 161 161 161 161 161 161 161 161 161 161 161 161 161 161 161 161 161 161 161 161 161 162 162 162 162 162 162 162 162 162 162 162 162 162 162 162 162 161 161 161 161 161 161 161 161 161 161 161 161 161 161 161 161 161 161 161 161 161 161 161 161 161 161 161 161 161 161 160 160 160 160 160 160 160 160 160 160 160 160 160 160 160 159 159 159 159 160 159 159 160 160 159 159 159 159 159 159 159 158 158 158 158 158 158 158 158 158 158 158 158 158 157 157 157 157 157 157 157 157 157 157 159 159 159 158 158 158 158 158 158 158 158 158 158 158 158 157 157 157 157 157 157 157 157 157 157 156 156 156 156 156 156 156 157 156 157 156 156 156 156 155 156 155 155 156 155 156 156 156 156 156 156 156 156 156 156 156 156 155 155 155 155 155 155 155 155 155 154 154 154 154 154 154 153 153 153 153 153 153 152 151 151 151 151 150 150 150 150 150 150 150 149 149 149 149 149 149 149 149 148 148 149 149 149 148 148 148 148 148 147 147 147 147 147 147 146 146 146 146 145 145 145 145 145 145 145 145 144 144 144 144 143 143 143 143 143 143 143 143 143 0 0 0 0 0 0 0 0 0 0 0 0 0 0 0 0 0 0 0 0 0 0 0 0 0 0 0 0 0 0 0 0 0 0 0 0 0 0 0 0 0 0 0 0 0 0 0 0 0 0 0 0 0 0 0 0 0 0 0 0 0 0 0 0 0 0 0 0 0 0 0 0 
0 0 0 0 0 0 0 0 0 0 0 0 0 0 0 0 0 0 0 0 0 0 0 0 0 0 0 0 0 0 0 0 0 0 0 0 0 0 0 0 0 0 0 0 0 0 0 0 0 0 0 0 152 154 155 155 155 156 155 156 156 155 155 154 154 155 155 155 155 155 155 155 154 154 154 154 155 155 155 154 154 155 155 155 155 156 156 156 157 157 157 156 156 157 156 157 157 157 157 158 158 157 157 157 158 158 158 158 159 159 159 159 159 160 160 160 160 160 160 159 159 159 159 159 159 159 160 160 160 160 160 160 160 160 161 161 161 161 160 160 160 161 160 160 160 160 160 160 161 161 160 160 161 161 161 161 161 161 161 161 161 160 160 160 160 161 161 161 161 161 161 161 161 161 161 161 161 161 161 161 161 161 161 161 161 161 161 161 161 161 161 161 162 162 162 162 162 162 162 162 161 162 162 162 163 162 162 162 161 161 161 161 161 161 161 161 161 161 161 161 161 161 161 161 161 161 161 161 161 161 161 161 161 161 161 160 161 161 160 161 160 160 160 160 160 160 160 160 160 160 160 160 160 160 159 159 159 159 159 159 159 159 159 159 159 159 159 159 159 159 158 158 158 158 158 158 158 158 158 158 158 158 157 157 157 157 157 157 157 157 157 157 159 159 159 158 158 158 158 158 158 158 158 158 158 158 158 157 157 157 157 157 157 157 157 157 156 156 156 156 156 156 156 156 156 156 156 155 156 155 155 155 155 155 155 155 156 156 156 156 156 156 156 156 156 156 156 155 155 155 155 155 155 155 155 155 155 154 154 153 153 154 154 153 153 152 153 153 153 152 152 152 151 151 151 150 150 150 150 150 150 150 149 149 149 149 149 149 149 149 148 148 149 149 148 148 148 148 148 148 147 147 147 147 147 147 146 146 146 146 146 146 145 145 145 145 145 144 144 144 144 144 143 143 143 143 143 143 143 143 143 0 0 0 0 0 0 0 0 0 0 0 0 0 0 0 0 0 0 0 0 0 0 0 0 0 0 0 0 0 0 0 0 0 0 0 0 0 0 0 0 0 0 0 0 0 0 0 0 0 0 0 0 0 0 0 0 0 0 0 0 0 0 0 0 0 0 0 0 0 0 0 0 
0 0 0 0 0 0 0 0 0 0 0 0 0 0 0 0 0 0 0 0 0 0 0 0 0 0 0 0 0 0 0 0 0 0 0 0 0 0 0 0 0 0 0 0 0 0 0 0 0 0 0 0 0 0 154 155 155 155 155 156 155 155 154 154 154 154 155 156 156 156 156 156 156 156 155 156 156 156 156 155 155 155 155 156 156 156 157 156 157 157 157 157 156 156 156 157 157 157 157 157 158 158 158 157 157 158 158 158 158 158 158 158 159 160 160 160 160 160 160 159 159 160 160 159 159 159 160 160 160 160 160 160 160 160 160 161 161 161 160 160 160 160 161 160 160 160 161 161 161 160 160 160 161 161 161 161 161 161 161 161 161 161 161 160 160 160 160 160 161 161 161 161 161 161 161 161 161 161 161 161 161 161 161 161 161 161 161 161 161 161 161 161 162 162 162 162 162 162 162 161 161 162 162 162 162 162 162 162 162 161 161 162 162 161 161 161 161 161 161 161 161 161 161 161 161 161 161 161 161 161 161 161 161 161 160 160 161 161 160 160 160 161 160 160 160 160 160 160 160 160 160 160 160 160 159 159 159 159 159 159 159 159 159 159 159 159 159 159 159 158 158 158 158 158 158 158 157 158 158 158 158 158 157 157 157 157 157 157 157 157 157 157 159 158 158 158 158 158 158 158 158 158 158 158 158 158 157 157 157 157 157 157 157 157 157 157 156 156 156 156 156 156 156 156 156 156 155 156 156 156 156 155 155 155 155 155 155 155 155 156 156 156 156 156 156 156 156 155 156 155 155 155 155 155 155 155 154 154 153 153 153 153 153 153 153 152 152 153 153 153 152 151 151 150 150 150 150 150 150 150 150 150 149 149 149 149 149 149 149 149 148 148 149 149 148 148 148 148 148 147 147 147 147 147 147 147 146 146 146 146 146 145 145 145 145 145 145 144 144 144 144 144 143 143 143 143 143 143 143 143 143 0 0 0 0 0 0 0 0 0 0 0 0 0 0 0 0 0 0 0 0 0 0 0 0 0 0 0 0 0 0 0 0 0 0 0 0 0 0 0 0 0 0 0 0 0 0 0 0 0 0 0 0 0 0 0 0 0 0 0 0 0 0 0 0 0 0 0 0 0 0 0 0 
0 0 0 0 0 0 0 0 0 0 0 0 0 0 0 0 0 0 0 0 0 0 0 0 0 0 0 0 0 0 0 0 0 0 0 0 0 0 0 0 0 0 0 0 0 0 0 0 0 0 0 0 0 0 0 154 155 155 156 156 155 155 154 154 154 154 154 156 157 157 157 157 157 157 157 157 157 157 157 157 157 156 156 156 156 157 157 156 156 157 157 158 157 157 156 156 157 157 157 157 157 157 158 158 157 158 158 158 158 158 159 159 159 160 160 160 160 160 160 160 159 159 160 160 159 159 159 160 160 160 160 160 160 160 160 160 160 161 160 160 159 160 160 160 160 160 160 160 160 160 160 160 161 161 161 161 161 161 161 161 161 161 161 161 160 160 160 160 160 160 161 161 161 161 161 161 161 161 161 161 161 161 161 161 161 161 161 161 161 161 161 161 162 162 162 162 162 162 162 161 162 162 162 162 162 162 162 162 162 162 162 162 162 161 161 161 161 161 161 161 161 161 161 161 161 161 161 161 161 161 160 160 160 160 160 160 160 160 160 160 160 161 160 160 160 160 159 159 160 160 160 160 160 160 160 160 159 159 159 159 159 159 159 159 159 159 159 159 158 158 158 158 158 158 158 158 157 157 157 158 158 157 157 157 157 157 157 157 157 157 157 157 159 158 158 158 158 158 158 158 157 157 158 158 158 158 157 157 157 157 157 157 157 157 157 156 156 156 156 156 156 156 156 156 155 155 156 156 156 156 156 156 156 155 156 155 156 156 156 156 155 155 155 155 155 155 155 155 156 156 155 155 155 155 155 154 154 153 153 153 153 153 153 153 152 152 152 152 152 152 151 151 151 150 150 150 150 150 150 150 150 150 149 149 149 149 149 149 149 149 148 148 149 149 148 148 148 148 148 147 147 147 147 147 147 146 146 146 146 145 145 145 145 145 145 145 145 144 144 144 144 143 143 143 143 143 143 143 143 143 143 0 0 0 0 0 0 0 0 0 0 0 0 0 0 0 0 0 0 0 0 0 0 0 0 0 0 0 0 0 0 0 0 0 0 0 0 0 0 0 0 0 0 0 0 0 0 0 0 0 0 0 0 0 0 0 0 0 0 0 0 0 0 0 0 0 0 0 0 0 0 0 0 
0 0 0 0 0 0 0 0 0 0 0 0 0 0 0 0 0 0 0 0 0 0 0 0 0 0 0 0 0 0 0 0 0 0 0 0 0 0 0 0 0 0 0 0 0 0 0 0 0 0 0 0 0 0 0 0 154 155 156 157 157 155 154 155 155 155 155 156 157 157 158 158 157 157 158 158 157 157 158 158 158 157 157 157 157 156 156 156 157 157 157 157 156 157 157 157 157 157 157 157 157 157 157 158 157 158 158 158 158 158 158 158 158 159 159 160 160 160 160 159 159 159 159 159 159 159 160 160 159 160 160 160 160 160 160 160 160 160 160 160 160 160 160 160 160 160 160 160 160 160 160 161 161 160 160 161 161 160 160 160 160 161 161 160 160 160 161 161 160 160 161 161 161 161 161 161 161 161 161 161 161 161 161 161 161 161 161 161 161 161 161 161 162 162 162 162 162 162 162 161 161 161 161 161 162 162 162 162 162 162 162 162 162 162 161 161 161 161 161 161 161 161 161 161 161 161 161 161 161 161 160 160 160 160 160 160 160 160 160 160 160 160 160 160 160 160 160 159 159 159 160 160 160 160 160 160 159 159 159 159 159 159 159 159 159 159 159 158 158 159 159 158 158 158 158 158 158 157 157 157 157 157 157 157 157 157 157 157 157 157 157 157 158 158 158 158 158 158 158 157 157 157 158 158 158 158 157 157 157 157 157 157 157 157 157 157 156 156 156 156 156 156 156 156 155 155 156 156 156 156 156 156 156 156 155 155 155 156 155 155 155 155 155 155 155 155 155 155 155 155 155 155 155 154 154 153 153 153 153 154 154 154 153 153 152 151 151 152 152 151 151 151 151 150 150 150 150 150 150 150 150 149 149 149 149 149 149 149 148 148 148 148 148 148 148 148 148 148 147 147 147 147 146 146 146 146 146 146 146 146 145 145 145 145 145 145 144 144 144 144 144 143 143 143 143 143 143 143 143 0 0 0 0 0 0 0 0 0 0 0 0 0 0 0 0 0 0 0 0 0 0 0 0 0 0 0 0 0 0 0 0 0 0 0 0 0 0 0 0 0 0 0 0 0 0 0 0 0 0 0 0 0 0 0 0 0 0 0 0 0 0 0 0 0 0 0 0 0 0 0 0 0 0 
0 0 0 0 0 0 0 0 0 0 0 0 0 0 0 0 0 0 0 0 0 0 0 0 0 0 0 0 0 0 0 0 0 0 0 0 0 0 0 0 0 0 0 0 0 0 0 0 0 0 0 0 0 0 0 0 0 156 156 157 157 156 156 156 156 156 156 156 157 158 158 158 158 158 158 158 158 158 158 158 158 158 157 157 156 156 157 157 157 157 157 157 156 157 157 157 157 157 157 157 157 157 158 157 158 158 158 158 158 158 158 159 159 159 160 160 160 160 160 159 159 159 159 159 159 159 159 160 159 160 159 160 160 160 160 160 160 160 160 160 160 160 160 160 160 160 160 160 160 160 160 161 161 160 160 160 160 160 160 161 161 161 161 161 161 160 160 160 160 160 160 161 161 160 161 161 161 161 161 161 161 161 161 161 161 161 161 161 161 161 161 161 162 162 162 162 162 162 161 161 161 161 161 161 161 161 161 161 162 162 161 161 162 162 161 161 161 161 161 161 161 161 161 161 161 161 161 161 161 160 160 160 160 160 160 160 160 160 160 160 160 160 160 160 160 160 160 160 159 159 159 159 160 160 160 160 159 159 159 159 159 159 159 159 159 159 158 158 159 159 158 158 158 158 158 158 158 157 157 157 157 157 157 157 157 157 157 157 157 157 156 156 158 158 158 158 158 158 158 157 157 157 157 158 158 157 157 157 157 157 157 157 157 157 156 156 156 156 156 156 156 156 156 156 156 155 155 156 156 156 156 156 156 155 155 155 156 156 155 155 155 155 155 155 155 155 155 155 155 155 155 155 154 154 153 153 153 154 154 154 154 153 153 152 152 152 151 151 151 151 151 150 150 150 150 150 150 150 150 150 150 149 149 149 149 149 149 149 148 148 148 148 148 148 148 148 148 147 147 147 147 147 146 146 146 146 145 146 146 145 145 145 145 145 145 144 144 144 144 144 144 143 143 143 143 143 143 143 143 0 0 0 0 0 0 0 0 0 0 0 0 0 0 0 0 0 0 0 0 0 0 0 0 0 0 0 0 0 0 0 0 0 0 0 0 0 0 0 0 0 0 0 0 0 0 0 0 0 0 0 0 0 0 0 0 0 0 0 0 0 0 0 0 0 0 0 0 0 0 0 0 0 0 
0 0 0 0 0 0 0 0 0 0 0 0 0 0 0 0 0 0 0 0 0 0 0 0 0 0 0 0 0 0 0 0 0 0 0 0 0 0 0 0 0 0 0 0 0 0 0 0 0 0 0 0 0 0 0 0 0 0 157 157 157 156 156 156 156 156 156 157 157 158 158 158 158 158 159 158 158 159 159 159 158 158 158 157 158 158 158 158 158 158 158 157 156 156 157 157 158 157 157 157 157 158 159 158 158 158 159 159 159 158 159 159 159 159 159 159 159 160 160 160 160 159 159 159 159 159 160 160 160 160 160 159 159 160 160 160 160 161 160 160 160 160 160 160 161 160 160 160 160 160 160 161 161 161 160 160 159 160 160 161 161 160 160 161 161 161 159 159 159 160 160 161 161 160 160 161 161 161 161 161 161 161 161 161 161 161 161 161 161 161 161 161 161 161 161 162 161 161 161 162 162 161 161 161 161 161 161 161 161 161 161 161 161 161 161 161 161 161 161 161 161 161 161 161 161 161 161 161 161 160 160 160 160 160 160 160 160 160 160 160 160 160 160 160 160 160 160 160 159 159 159 159 159 160 160 159 159 159 159 159 159 159 159 159 159 158 158 158 158 158 158 158 158 158 158 158 158 158 158 157 157 157 157 157 157 157 157 157 157 157 156 156 158 158 158 158 158 158 157 157 157 157 157 158 158 157 157 157 157 157 157 157 157 157 157 156 156 156 156 156 156 156 156 155 155 155 155 155 155 156 156 156 155 155 155 156 156 155 155 155 155 155 155 156 155 155 155 155 155 155 155 155 154 153 153 153 153 154 153 153 153 152 152 152 152 152 152 152 151 151 151 150 150 150 150 150 150 150 150 150 149 149 149 149 149 149 149 148 148 148 148 148 148 148 148 148 148 147 147 147 147 146 146 146 146 146 145 145 145 145 145 145 145 144 144 144 144 144 144 144 143 143 143 143 143 143 143 143 143 0 0 0 0 0 0 0 0 0 0 0 0 0 0 0 0 0 0 0 0 0 0 0 0 0 0 0 0 0 0 0 0 0 0 0 0 0 0 0 0 0 0 0 0 0 0 0 0 0 0 0 0 0 0 0 0 0 0 0 0 0 0 0 0 0 0 0 0 0 0 0 0 0 0 
0 0 0 0 0 0 0 0 0 0 0 0 0 0 0 0 0 0 0 0 0 0 0 0 0 0 0 0 0 0 0 0 0 0 0 0 0 0 0 0 0 0 0 0 0 0 0 0 0 0 0 0 0 0 0 0 0 0 157 157 157 157 157 157 157 157 157 156 157 157 158 158 158 159 159 158 159 159 159 159 159 159 158 158 158 159 159 159 159 159 159 159 158 157 157 157 158 158 159 159 159 159 159 159 159 159 159 160 160 159 159 159 159 159 159 159 159 159 160 160 160 160 160 160 159 160 160 160 160 160 160 160 159 159 160 160 160 160 160 161 160 160 160 160 160 160 161 161 161 161 161 161 161 160 161 160 160 159 159 160 160 160 159 159 159 159 160 160 160 160 160 160 160 160 160 160 160 160 160 161 161 161 161 161 161 161 161 161 161 161 161 161 161 161 161 161 161 161 161 161 161 161 161 161 161 161 161 161 161 161 161 161 161 161 161 161 161 161 161 161 161 161 161 161 160 160 160 160 161 160 160 160 160 160 160 160 160 160 160 160 160 160 160 160 160 160 160 160 160 160 159 159 159 159 160 159 159 159 158 158 158 158 158 159 159 159 158 158 158 158 158 158 158 158 158 158 158 157 157 157 157 157 157 157 157 157 157 157 157 156 156 156 158 158 158 158 158 158 157 157 157 157 157 157 157 157 157 157 157 157 157 157 156 156 157 157 156 156 156 156 156 156 156 155 155 155 155 155 155 155 156 156 155 155 155 155 155 155 154 154 155 155 155 155 155 155 155 155 155 155 155 154 154 153 153 153 153 153 153 152 152 152 152 151 152 152 151 152 151 151 150 150 150 150 150 150 150 150 150 149 149 149 149 149 149 148 148 148 148 148 148 148 148 148 148 148 148 147 147 147 147 146 146 146 146 146 145 145 145 145 145 145 145 144 144 144 144 144 144 144 143 143 143 143 143 143 143 143 143 0 0 0 0 0 0 0 0 0 0 0 0 0 0 0 0 0 0 0 0 0 0 0 0 0 0 0 0 0 0 0 0 0 0 0 0 0 0 0 0 0 0 0 0 0 0 0 0 0 0 0 0 0 0 0 0 0 0 0 0 0 0 0 0 0 0 0 0 0 0 0 0 0 0 
0 0 0 0 0 0 0 0 0 0 0 0 0 0 0 0 0 0 0 0 0 0 0 0 0 0 0 0 0 0 0 0 0 0 0 0 0 0 0 0 0 0 0 0 0 0 0 0 0 0 0 0 0 0 0 0 0 0 0 157 157 156 156 157 157 157 157 157 157 157 157 157 158 159 159 159 159 159 159 159 159 159 159 159 159 159 159 159 159 159 159 159 158 158 158 158 159 159 159 159 159 159 159 159 159 160 160 160 160 159 159 159 159 159 159 159 159 159 160 160 160 160 160 160 160 160 160 160 160 160 160 160 159 159 160 160 160 160 160 160 160 160 160 160 160 161 161 161 161 161 161 161 160 160 160 160 159 159 159 159 159 159 160 159 159 160 160 161 161 160 160 160 160 160 160 160 160 160 160 160 160 161 161 161 161 161 161 161 161 161 161 161 161 161 161 161 161 161 161 161 161 161 161 161 161 161 161 161 161 161 161 161 161 161 161 161 161 161 161 161 161 161 161 161 160 160 160 160 160 160 160 160 160 160 160 160 160 160 160 160 160 160 159 160 160 160 160 160 160 160 159 159 159 159 159 160 159 159 159 158 158 158 158 158 158 158 158 158 158 158 158 158 158 157 158 158 158 158 157 157 157 157 157 157 157 157 157 157 157 156 156 156 158 158 158 158 158 158 157 157 157 157 157 157 157 157 157 157 157 157 157 157 156 156 156 156 157 157 156 156 156 156 156 156 156 155 155 155 155 155 155 155 155 155 155 155 155 155 154 154 154 154 155 155 155 155 155 155 155 155 155 155 154 154 153 152 152 152 153 152 152 152 152 152 151 152 151 151 151 151 151 151 150 150 150 150 150 150 149 149 149 149 149 149 148 148 148 148 148 148 148 148 148 148 148 148 148 148 147 147 147 147 146 146 146 146 145 145 145 145 145 145 145 144 144 144 144 144 144 143 143 143 143 143 143 143 143 143 143 0 0 0 0 0 0 0 0 0 0 0 0 0 0 0 0 0 0 0 0 0 0 0 0 0 0 0 0 0 0 0 0 0 0 0 0 0 0 0 0 0 0 0 0 0 0 0 0 0 0 0 0 0 0 0 0 0 0 0 0 0 0 0 0 0 0 0 0 0 0 0 0 0 0 
0 0 0 0 0 0 0 0 0 0 0 0 0 0 0 0 0 0 0 0 0 0 0 0 0 0 0 0 0 0 0 0 0 0 0 0 0 0 0 0 0 0 0 0 0 0 0 0 0 0 0 0 0 0 0 0 0 0 0 0 157 157 156 156 157 157 157 157 157 157 157 157 158 158 158 159 159 159 159 159 159 159 159 159 159 159 159 160 160 160 160 160 159 159 159 159 159 159 159 159 159 159 159 159 159 159 160 160 160 159 159 159 159 159 159 159 159 160 160 159 159 160 160 160 160 160 160 160 160 160 160 160 160 160 159 160 160 160 160 160 160 160 160 160 160 160 160 160 161 161 161 161 161 161 160 160 159 160 160 160 160 161 161 160 159 159 160 160 160 160 160 160 160 160 160 160 160 160 160 160 160 160 160 160 160 161 161 161 161 161 161 161 162 162 161 161 161 161 161 161 161 161 161 161 161 161 161 161 161 161 161 161 161 161 161 161 161 161 161 161 161 161 161 160 160 160 160 160 160 160 160 160 160 160 160 160 160 160 159 160 159 160 159 159 159 159 160 160 160 159 159 159 159 160 159 159 159 159 158 158 158 158 158 158 158 158 158 158 158 158 158 158 158 158 158 157 158 158 157 157 157 157 157 157 157 157 156 156 156 156 156 156 158 158 158 158 158 157 157 157 157 157 157 157 157 157 157 157 157 157 156 156 156 156 156 156 156 156 156 156 156 156 156 156 156 155 155 155 155 155 155 155 155 154 155 155 155 155 154 154 154 154 154 155 154 154 154 154 155 155 155 155 154 154 154 153 152 152 152 153 152 151 151 151 151 151 151 151 151 151 151 150 150 150 150 150 150 150 149 149 149 149 149 149 149 149 148 148 149 148 148 148 148 148 148 148 148 148 147 147 147 146 146 146 146 146 146 145 145 145 145 145 145 145 144 144 144 144 144 143 143 143 143 143 143 143 143 143 143 0 0 0 0 0 0 0 0 0 0 0 0 0 0 0 0 0 0 0 0 0 0 0 0 0 0 0 0 0 0 0 0 0 0 0 0 0 0 0 0 0 0 0 0 0 0 0 0 0 0 0 0 0 0 0 0 0 0 0 0 0 0 0 0 0 0 0 0 0 0 0 0 0 0 
0 0 0 0 0 0 0 0 0 0 0 0 0 0 0 0 0 0 0 0 0 0 0 0 0 0 0 0 0 0 0 0 0 0 0 0 0 0 0 0 0 0 0 0 0 0 0 0 0 0 0 0 0 0 0 0 0 0 0 0 0 157 156 157 157 157 157 157 157 157 157 157 157 158 159 159 159 159 159 159 159 159 159 159 159 160 159 159 160 159 160 160 159 159 159 159 159 159 159 159 159 159 159 159 159 159 160 160 160 160 160 159 159 159 159 159 159 159 160 159 159 159 159 159 160 160 160 160 160 159 159 160 160 159 160 160 160 160 160 160 160 160 160 160 160 160 160 160 160 160 160 161 161 160 160 159 160 160 160 160 160 161 161 160 160 159 160 160 160 160 160 161 160 161 160 160 160 160 160 160 160 160 160 160 160 160 160 161 161 161 161 161 162 161 161 161 161 161 161 161 161 161 161 161 161 161 161 161 161 161 161 161 161 161 161 161 161 161 161 161 161 161 161 160 160 160 160 160 160 159 159 160 160 160 160 160 160 159 159 159 160 160 159 159 159 159 159 160 160 159 159 159 159 159 159 159 159 159 159 159 159 158 158 158 158 158 158 158 158 158 157 157 157 157 158 158 157 157 157 157 157 157 157 157 157 156 156 156 156 156 156 156 158 158 158 158 158 157 157 157 157 157 157 157 157 157 157 157 157 157 156 156 156 156 156 156 156 156 156 156 156 156 156 156 156 155 155 155 155 155 155 154 154 155 155 155 155 154 154 154 154 154 154 155 155 154 154 154 154 154 154 154 154 154 154 153 153 153 152 151 152 152 151 151 151 151 151 151 151 151 150 150 150 150 150 150 150 149 149 149 149 149 149 149 149 149 148 148 149 148 148 148 148 148 148 148 148 148 147 147 147 146 146 146 146 146 146 145 145 145 145 145 145 145 144 144 144 144 144 143 143 143 143 143 143 143 143 143 143 0 0 0 0 0 0 0 0 0 0 0 0 0 0 0 0 0 0 0 0 0 0 0 0 0 0 0 0 0 0 0 0 0 0 0 0 0 0 0 0 0 0 0 0 0 0 0 0 0 0 0 0 0 0 0 0 0 0 0 0 0 0 0 0 0 0 0 0 0 0 0 0 0 0 
0 0 0 0 0 0 0 0 0 0 0 0 0 0 0 0 0 0 0 0 0 0 0 0 0 0 0 0 0 0 0 0 0 0 0 0 0 0 0 0 0 0 0 0 0 0 0 0 0 0 0 0 0 0 0 0 0 0 0 0 0 0 156 156 157 157 157 157 157 157 157 157 157 158 159 159 159 159 159 159 159 159 159 159 159 159 159 159 159 159 159 159 159 159 159 159 159 159 159 159 159 159 159 159 159 159 159 159 160 160 160 160 160 160 159 160 159 159 159 159 159 159 159 159 159 160 160 160 160 160 160 160 160 160 160 160 160 160 160 160 160 160 160 160 160 160 160 160 160 160 160 160 160 159 159 159 160 160 160 160 160 160 160 160 160 160 160 160 160 160 160 160 161 161 161 160 160 160 160 160 160 160 160 160 160 160 160 160 160 161 161 161 161 161 161 161 161 161 161 161 161 161 161 161 161 161 161 161 161 161 161 161 161 161 161 161 161 161 161 161 161 161 161 161 161 161 160 160 160 159 159 160 159 160 160 160 160 159 159 159 160 160 159 159 159 159 160 160 160 160 159 159 159 159 159 159 159 159 159 159 158 159 158 158 158 159 159 158 158 158 157 157 157 157 157 158 158 157 157 157 157 157 157 157 157 156 156 156 156 156 156 156 158 158 158 158 157 157 157 157 157 157 157 157 157 157 157 157 157 157 156 156 156 156 156 156 156 156 156 156 156 156 156 156 156 155 155 155 155 155 155 154 154 154 155 155 155 154 155 154 154 154 154 154 155 154 154 154 154 154 154 154 154 154 154 153 153 153 152 152 152 151 151 151 150 151 151 151 151 150 150 150 150 150 150 150 150 150 149 149 149 149 149 149 149 149 148 148 148 148 148 147 148 148 148 148 148 147 147 147 147 147 146 146 146 146 145 145 145 145 145 145 145 144 144 144 144 144 143 143 143 143 143 143 143 143 143 143 0 0 0 0 0 0 0 0 0 0 0 0 0 0 0 0 0 0 0 0 0 0 0 0 0 0 0 0 0 0 0 0 0 0 0 0 0 0 0 0 0 0 0 0 0 0 0 0 0 0 0 0 0 0 0 0 0 0 0 0 0 0 0 0 0 0 0 0 0 0 0 0 0 0 0 
0 0 0 0 0 0 0 0 0 0 0 0 0 0 0 0 0 0 0 0 0 0 0 0 0 0 0 0 0 0 0 0 0 0 0 0 0 0 0 0 0 0 0 0 0 0 0 0 0 0 0 0 0 0 0 0 0 0 0 0 0 0 0 157 157 158 158 158 158 158 157 157 157 157 158 159 159 159 159 159 159 159 159 159 159 159 159 159 159 159 159 159 159 159 159 159 159 159 159 159 158 158 158 158 159 159 159 159 159 159 160 160 160 160 160 160 160 159 159 158 159 159 159 159 159 159 159 160 160 160 160 160 160 160 160 160 160 160 160 160 160 160 160 160 160 160 160 160 160 160 160 160 159 159 159 160 160 159 159 159 160 159 160 160 160 160 160 160 160 160 160 160 160 160 161 160 160 160 160 160 160 160 160 160 160 160 160 160 160 160 160 160 161 161 161 161 161 161 161 161 161 161 161 161 161 161 161 161 161 161 161 161 161 161 161 161 161 161 161 161 161 161 161 161 161 161 160 160 159 159 159 159 159 160 160 160 159 159 159 159 159 160 159 160 160 160 160 159 159 160 160 160 159 159 159 159 159 159 159 159 159 159 159 158 158 158 158 158 158 157 157 157 157 157 157 157 157 157 157 157 157 157 157 157 156 156 156 156 156 156 156 156 158 158 158 157 157 157 157 157 157 157 157 157 157 157 157 157 157 157 156 156 156 156 156 156 156 156 156 156 156 156 155 155 155 155 155 155 155 154 154 154 154 154 154 154 154 154 154 154 154 154 154 154 154 154 154 154 154 154 154 154 154 154 153 153 153 153 153 152 152 151 151 151 150 150 151 151 150 150 150 150 150 150 150 150 150 150 149 149 149 149 149 149 149 149 148 148 148 148 148 147 148 148 148 148 148 147 147 147 147 146 146 146 146 146 145 145 145 145 145 144 144 144 144 144 144 143 143 143 143 143 143 143 143 143 143 143 0 0 0 0 0 0 0 0 0 0 0 0 0 0 0 0 0 0 0 0 0 0 0 0 0 0 0 0 0 0 0 0 0 0 0 0 0 0 0 0 0 0 0 0 0 0 0 0 0 0 0 0 0 0 0 0 0 0 0 0 0 0 0 0 0 0 0 0 0 0 0 0 0 0 0 
0 0 0 0 0 0 0 0 0 0 0 0 0 0 0 0 0 0 0 0 0 0 0 0 0 0 0 0 0 0 0 0 0 0 0 0 0 0 0 0 0 0 0 0 0 0 0 0 0 0 0 0 0 0 0 0 0 0 0 0 0 0 0 0 157 157 157 157 157 158 157 157 158 158 158 158 159 159 159 159 159 159 159 159 159 159 159 159 159 159 159 159 158 159 159 159 159 159 159 159 159 158 158 158 159 159 159 159 159 159 159 159 159 159 160 159 159 159 159 159 158 159 158 158 158 159 159 159 159 159 159 160 160 160 160 160 160 160 160 160 160 160 160 160 160 160 160 160 160 160 160 160 160 160 160 160 160 160 159 159 159 159 159 160 160 160 160 160 160 160 160 160 160 160 161 161 160 160 160 160 160 160 160 160 160 160 160 160 160 160 160 160 161 161 161 161 161 161 161 161 161 161 161 161 161 161 161 161 161 161 161 161 161 161 161 161 161 161 161 161 161 161 161 161 161 161 160 160 160 159 159 159 159 159 159 159 159 159 159 159 159 159 159 159 159 159 159 159 159 159 160 160 159 159 159 159 159 159 159 159 159 159 159 159 158 158 158 158 157 157 157 157 157 157 157 157 157 157 157 157 157 157 156 156 156 156 156 156 156 156 156 156 158 158 158 157 157 157 157 157 156 156 157 157 157 157 157 157 157 157 156 156 156 156 156 156 156 156 156 156 155 155 155 155 155 155 155 155 154 154 154 154 154 154 154 154 154 154 154 153 154 154 154 154 154 154 153 153 154 154 154 153 153 153 153 153 153 153 153 152 152 152 151 151 150 150 150 150 150 150 150 150 150 150 150 150 149 150 149 149 149 149 149 149 149 149 149 149 148 148 147 148 148 148 148 148 148 147 147 147 147 147 146 146 146 146 145 145 145 145 145 145 144 144 144 144 143 143 143 143 143 143 143 143 143 142 142 142 0 0 0 0 0 0 0 0 0 0 0 0 0 0 0 0 0 0 0 0 0 0 0 0 0 0 0 0 0 0 0 0 0 0 0 0 0 0 0 0 0 0 0 0 0 0 0 0 0 0 0 0 0 0 0 0 0 0 0 0 0 0 0 0 0 0 0 0 0 0 0 0 0 0 0 
0 0 0 0 0 0 0 0 0 0 0 0 0 0 0 0 0 0 0 0 0 0 0 0 0 0 0 0 0 0 0 0 0 0 0 0 0 0 0 0 0 0 0 0 0 0 0 0 0 0 0 0 0 0 0 0 0 0 0 0 0 0 0 0 0 157 157 157 157 157 157 157 158 159 158 158 159 160 159 159 159 159 159 159 159 159 159 159 159 159 159 159 159 159 159 159 159 159 159 159 159 159 158 158 159 159 159 159 159 159 159 159 159 159 159 159 159 159 159 159 159 159 159 159 158 158 159 159 158 158 159 159 160 160 160 160 160 160 160 160 160 160 160 160 160 160 160 160 160 160 160 160 160 160 160 160 160 160 159 159 159 159 159 159 160 160 160 160 160 160 160 160 160 160 160 161 160 160 160 160 160 160 160 160 160 160 160 160 160 160 160 160 161 161 161 161 161 161 161 161 161 161 161 161 161 161 161 161 161 161 161 161 161 161 161 161 161 161 161 161 160 161 161 161 161 161 161 160 160 159 159 159 159 159 159 159 159 159 159 159 159 159 159 159 159 159 159 159 159 159 159 159 159 159 159 159 159 159 159 159 159 159 159 159 158 158 158 158 157 158 157 157 157 157 157 157 157 157 157 157 157 156 156 156 156 156 156 156 156 156 156 156 158 158 158 157 157 157 157 157 156 156 157 157 157 157 157 157 157 157 156 156 156 156 156 156 156 156 156 156 156 155 155 155 155 155 155 155 155 154 154 154 154 154 154 154 154 154 154 153 153 153 153 154 154 154 153 153 153 153 153 153 153 153 153 152 153 153 152 152 152 151 151 151 151 151 150 150 150 150 150 150 150 150 150 150 149 150 149 149 149 149 149 148 148 148 148 149 148 148 148 148 148 148 148 148 148 147 147 147 147 147 146 146 146 145 145 145 145 145 145 144 145 144 144 144 143 143 143 143 143 143 143 142 143 142 142 0 0 0 0 0 0 0 0 0 0 0 0 0 0 0 0 0 0 0 0 0 0 0 0 0 0 0 0 0 0 0 0 0 0 0 0 0 0 0 0 0 0 0 0 0 0 0 0 0 0 0 0 0 0 0 0 0 0 0 0 0 0 0 0 0 0 0 0 0 0 0 0 0 0 0 0 
0 0 0 0 0 0 0 0 0 0 0 0 0 0 0 0 0 0 0 0 0 0 0 0 0 0 0 0 0 0 0 0 0 0 0 0 0 0 0 0 0 0 0 0 0 0 0 0 0 0 0 0 0 0 0 0 0 0 0 0 0 0 0 0 0 0 157 158 158 157 157 157 158 158 158 158 159 159 159 159 159 159 158 159 159 159 159 158 158 159 159 159 159 159 159 159 159 159 159 159 159 159 159 158 158 159 159 159 159 159 159 159 159 159 159 160 160 160 160 160 160 160 159 159 159 158 159 158 158 158 158 158 159 160 160 160 160 160 160 160 160 160 160 160 160 160 160 160 160 160 160 160 160 160 160 160 160 160 160 159 159 159 160 160 160 160 160 160 160 160 160 160 160 160 160 160 160 161 160 160 160 160 160 160 159 160 160 160 160 160 160 160 161 161 161 161 161 161 161 161 161 161 161 161 161 161 161 161 161 161 161 161 161 161 161 161 161 161 161 161 161 161 161 161 161 161 161 160 160 159 159 159 159 159 159 159 159 159 159 159 159 159 159 159 160 159 159 159 159 159 159 159 159 159 159 159 159 159 159 159 159 159 158 158 158 158 158 158 157 157 157 157 157 157 157 157 157 157 157 157 156 156 156 156 156 156 156 156 156 156 156 156 158 158 157 157 157 157 156 156 156 156 157 157 157 157 157 157 157 156 156 156 156 156 156 156 156 156 156 156 156 156 155 155 155 155 155 155 155 154 154 154 154 154 154 155 155 154 154 153 153 154 154 154 154 154 153 153 153 153 153 153 153 153 152 152 152 152 152 152 152 151 151 151 151 150 150 150 150 150 150 150 150 150 150 149 149 149 149 149 149 149 149 149 149 148 148 148 149 148 148 148 148 148 148 148 147 147 147 147 147 146 146 146 146 146 145 145 145 145 145 145 145 144 144 144 143 143 143 143 143 143 143 143 143 143 143 0 0 0 0 0 0 0 0 0 0 0 0 0 0 0 0 0 0 0 0 0 0 0 0 0 0 0 0 0 0 0 0 0 0 0 0 0 0 0 0 0 0 0 0 0 0 0 0 0 0 0 0 0 0 0 0 0 0 0 0 0 0 0 0 0 0 0 0 0 0 0 0 0 0 0 0 
0 0 0 0 0 0 0 0 0 0 0 0 0 0 0 0 0 0 0 0 0 0 0 0 0 0 0 0 0 0 0 0 0 0 0 0 0 0 0 0 0 0 0 0 0 0 0 0 0 0 0 0 0 0 0 0 0 0 0 0 0 0 0 0 0 0 0 157 157 157 157 158 158 158 158 159 159 159 158 158 158 159 159 158 158 158 158 158 159 159 159 159 159 159 159 159 159 159 159 160 160 160 159 159 159 159 159 159 159 159 159 159 159 160 160 160 160 160 160 160 160 160 159 159 159 159 159 159 159 159 158 158 159 159 160 160 160 160 160 160 160 160 160 160 160 160 160 160 160 160 160 160 160 160 160 160 160 160 160 159 159 159 159 160 160 160 160 160 159 160 160 160 160 160 160 160 160 160 161 160 161 161 160 160 160 159 159 160 160 160 160 160 161 161 161 161 161 161 161 161 161 161 161 161 161 161 161 161 161 161 161 161 161 161 161 161 161 160 160 160 160 161 161 161 161 161 160 160 160 159 159 159 159 159 159 159 159 159 159 159 159 159 159 159 160 159 159 159 159 159 159 159 159 159 159 159 159 159 159 159 159 159 159 158 158 158 158 158 158 157 157 157 157 157 157 157 157 157 157 156 157 156 157 156 156 156 156 156 156 156 156 156 158 158 157 157 157 157 157 157 156 156 157 157 157 157 157 157 156 156 156 156 156 156 156 156 156 156 156 156 156 156 156 155 155 155 155 155 155 155 155 155 154 154 154 154 155 155 154 154 154 154 154 154 154 154 154 153 153 153 152 152 152 152 152 152 152 152 152 151 151 151 151 151 151 150 150 150 150 150 150 150 150 150 150 149 149 149 149 149 149 149 149 149 148 148 148 148 148 148 147 147 148 148 148 148 147 147 147 147 147 146 146 146 146 146 145 145 145 145 145 144 144 144 144 144 143 143 143 143 143 143 143 143 142 143 0 0 0 0 0 0 0 0 0 0 0 0 0 0 0 0 0 0 0 0 0 0 0 0 0 0 0 0 0 0 0 0 0 0 0 0 0 0 0 0 0 0 0 0 0 0 0 0 0 0 0 0 0 0 0 0 0 0 0 0 0 0 0 0 0 0 0 0 0 0 0 0 0 0 0 0 0 
0 0 0 0 0 0 0 0 0 0 0 0 0 0 0 0 0 0 0 0 0 0 0 0 0 0 0 0 0 0 0 0 0 0 0 0 0 0 0 0 0 0 0 0 0 0 0 0 0 0 0 0 0 0 0 0 0 0 0 0 0 0 0 0 0 0 0 157 157 157 156 157 157 157 157 158 158 158 158 158 157 158 158 158 158 159 159 159 159 160 159 159 158 158 159 159 159 159 159 160 160 159 159 159 159 159 159 159 159 159 159 159 159 159 159 160 160 160 160 160 160 160 160 160 160 160 160 159 159 159 159 158 158 159 159 160 160 160 160 160 160 160 160 160 160 160 160 160 160 160 160 160 160 160 160 160 160 160 160 160 160 159 159 159 160 160 160 159 159 159 159 159 160 160 159 160 159 160 160 160 161 160 161 161 160 160 159 159 160 160 160 160 161 161 161 161 161 161 161 161 161 161 161 161 161 161 161 161 161 161 161 161 161 161 161 161 161 161 160 160 160 160 160 161 161 161 161 160 160 160 159 159 159 159 159 159 159 159 159 159 159 159 158 159 159 159 158 159 159 159 159 159 159 159 159 159 159 159 159 159 159 158 158 158 158 158 157 158 158 158 157 157 157 157 157 157 157 157 157 157 157 157 156 156 156 156 156 156 156 156 156 156 158 158 157 157 157 156 157 156 156 156 156 157 157 157 157 156 156 156 156 156 156 156 156 156 156 156 156 156 156 155 155 155 155 155 155 155 155 155 155 155 154 154 154 154 154 154 154 154 154 154 154 153 153 153 153 153 153 153 152 152 152 152 152 152 152 152 151 151 151 151 151 151 151 150 150 150 150 150 150 150 150 150 149 149 149 149 149 149 149 149 149 149 149 148 148 148 148 147 147 147 148 148 147 147 147 147 147 147 147 147 146 146 145 145 145 145 145 145 144 144 144 144 144 144 143 143 143 143 143 143 143 143 143 0 0 0 0 0 0 0 0 0 0 0 0 0 0 0 0 0 0 0 0 0 0 0 0 0 0 0 0 0 0 0 0 0 0 0 0 0 0 0 0 0 0 0 0 0 0 0 0 0 0 0 0 0 0 0 0 0 0 0 0 0 0 0 0 0 0 0 0 0 0 0 0 0 0 0 0 0 0 
0 0 0 0 0 0 0 0 0 0 0 0 0 0 0 0 0 0 0 0 0 0 0 0 0 0 0 0 0 0 0 0 0 0 0 0 0 0 0 0 0 0 0 0 0 0 0 0 0 0 0 0 0 0 0 0 0 0 0 0 0 0 0 0 0 0 0 0 157 157 157 156 157 157 156 157 157 157 158 158 157 158 158 157 158 158 159 160 160 160 160 160 159 159 159 159 159 159 159 159 160 160 160 160 159 159 160 160 159 159 159 159 159 159 160 160 160 160 160 160 160 160 160 160 160 160 160 160 160 160 159 159 159 158 159 159 159 159 159 159 160 160 159 160 160 160 160 160 160 160 160 160 160 160 160 160 160 160 160 160 160 160 159 159 159 159 159 159 159 159 160 160 160 160 159 159 159 159 160 160 160 160 161 160 160 160 160 160 159 159 160 160 161 161 161 161 161 161 161 161 161 161 161 161 161 161 161 161 161 161 161 161 161 161 161 161 161 160 160 160 160 160 160 160 161 161 161 161 160 160 159 159 159 159 159 159 159 159 159 159 159 159 158 159 159 159 158 159 159 159 159 159 159 159 159 158 158 158 158 159 158 158 158 158 157 157 157 157 158 158 158 157 157 157 157 157 157 157 157 157 157 156 156 156 156 156 156 156 156 156 156 157 158 158 157 157 157 156 156 156 156 156 156 157 157 157 157 156 156 156 156 156 156 156 156 155 155 156 155 155 155 155 155 155 155 155 155 155 155 155 155 154 154 154 154 154 154 154 154 154 154 154 153 153 153 153 153 153 153 153 152 152 152 152 152 152 152 151 151 151 151 151 151 151 150 150 150 150 150 150 150 150 150 150 149 149 149 149 149 149 149 148 148 149 149 149 148 148 147 147 147 147 147 147 147 147 147 147 146 146 146 146 146 146 145 145 145 145 145 144 144 144 144 143 143 143 143 143 143 143 143 143 143 143 143 0 0 0 0 0 0 0 0 0 0 0 0 0 0 0 0 0 0 0 0 0 0 0 0 0 0 0 0 0 0 0 0 0 0 0 0 0 0 0 0 0 0 0 0 0 0 0 0 0 0 0 0 0 0 0 0 0 0 0 0 0 0 0 0 0 0 0 0 0 0 0 0 0 0 0 0 0 0 
0 0 0 0 0 0 0 0 0 0 0 0 0 0 0 0 0 0 0 0 0 0 0 0 0 0 0 0 0 0 0 0 0 0 0 0 0 0 0 0 0 0 0 0 0 0 0 0 0 0 0 0 0 0 0 0 0 0 0 0 0 0 0 0 0 0 0 0 0 157 157 157 157 157 156 156 157 158 157 158 158 157 157 157 158 158 159 159 159 159 160 160 159 159 159 159 159 159 159 159 159 160 159 159 159 159 159 159 159 159 159 159 160 160 160 160 160 160 160 160 160 160 160 160 160 160 160 160 160 160 160 160 159 159 158 159 159 159 159 159 160 160 159 159 160 159 159 160 160 160 160 160 160 160 160 160 160 160 160 160 160 160 159 159 160 159 159 159 159 160 159 160 160 159 159 159 160 160 159 159 160 160 160 160 161 160 160 160 159 159 160 160 161 161 161 161 161 161 161 161 161 161 161 161 161 161 161 161 161 161 161 161 161 161 161 161 160 160 160 160 160 160 160 160 161 160 161 161 161 160 160 159 159 159 159 159 159 159 159 159 159 159 158 159 159 158 158 159 159 159 159 159 159 159 159 158 158 158 158 158 158 158 158 158 158 157 157 157 157 157 157 158 157 157 157 157 157 157 157 157 157 156 156 156 156 156 156 156 156 156 156 156 158 157 157 156 156 156 156 156 156 156 156 157 157 157 156 156 156 156 156 156 156 155 156 156 156 155 155 155 155 155 155 155 155 155 155 155 155 154 154 154 154 154 154 154 154 154 154 154 154 154 154 153 153 153 153 153 153 152 152 152 152 151 151 151 151 151 151 151 151 151 151 150 150 150 150 150 149 149 149 150 149 149 149 149 149 149 149 149 148 148 148 148 148 148 148 148 147 147 147 147 147 147 147 147 147 147 147 146 146 146 146 146 145 145 145 145 145 144 144 144 144 144 143 143 143 143 142 143 142 142 143 143 142 0 0 0 0 0 0 0 0 0 0 0 0 0 0 0 0 0 0 0 0 0 0 0 0 0 0 0 0 0 0 0 0 0 0 0 0 0 0 0 0 0 0 0 0 0 0 0 0 0 0 0 0 0 0 0 0 0 0 0 0 0 0 0 0 0 0 0 0 0 0 0 0 0 0 0 0 0 0 
0 0 0 0 0 0 0 0 0 0 0 0 0 0 0 0 0 0 0 0 0 0 0 0 0 0 0 0 0 0 0 0 0 0 0 0 0 0 0 0 0 0 0 0 0 0 0 0 0 0 0 0 0 0 0 0 0 0 0 0 0 0 0 0 0 0 0 0 0 0 0 157 0 158 156 156 157 158 158 157 158 157 157 157 157 158 158 158 158 159 159 160 159 159 159 159 159 159 159 159 159 159 159 159 159 159 159 160 160 160 160 160 160 160 160 160 160 160 160 160 160 160 160 160 160 160 160 160 160 160 160 160 159 159 159 159 159 159 160 160 160 160 159 159 159 159 159 159 160 160 160 160 160 160 160 160 160 160 160 160 160 160 160 160 160 160 159 159 159 159 159 160 159 160 159 160 160 160 159 159 159 160 160 160 161 160 160 160 160 160 160 159 160 161 161 161 161 161 161 161 161 161 161 161 161 161 161 161 161 161 161 161 161 161 161 161 160 160 160 160 160 160 160 160 161 160 160 160 160 160 160 159 159 159 159 159 159 159 159 159 159 159 159 159 158 158 159 159 158 159 159 158 159 159 159 159 158 158 158 158 159 159 158 158 158 158 157 157 157 157 157 157 157 157 157 157 157 157 157 157 156 156 156 156 156 156 156 156 156 156 156 156 158 157 157 156 156 156 156 156 156 156 156 156 156 156 156 156 156 156 156 156 156 155 155 155 155 155 155 155 155 155 155 155 155 155 155 155 155 154 154 154 154 154 154 154 154 153 153 153 153 153 154 154 154 153 153 153 153 153 152 152 151 151 151 151 151 151 151 151 151 151 150 150 150 150 150 150 149 149 149 149 149 149 149 149 149 149 148 148 148 149 148 148 148 148 148 148 147 147 147 147 147 147 147 147 147 147 147 146 146 146 146 146 146 145 145 145 145 145 144 144 144 144 143 144 143 143 142 143 143 143 143 142 142 142 0 0 0 0 0 0 0 0 0 0 0 0 0 0 0 0 0 0 0 0 0 0 0 0 0 0 0 0 0 0 0 0 0 0 0 0 0 0 0 0 0 0 0 0 0 0 0 0 0 0 0 0 0 0 0 0 0 0 0 0 0 0 0 0 0 0 0 0 0 0 0 0 0 0 0 0 0 
0 0 0 0 0 0 0 0 0 0 0 0 0 0 0 0 0 0 0 0 0 0 0 0 0 0 0 0 0 0 0 0 0 0 0 0 0 0 0 0 0 0 0 0 0 0 0 0 0 0 0 0 0 0 0 0 0 0 0 0 0 0 0 0 0 0 0 0 0 0 0 0 0 0 157 156 156 158 158 157 157 157 157 157 158 158 158 158 158 158 159 160 159 160 160 159 159 159 159 159 159 159 159 159 159 159 159 159 159 159 160 160 160 160 160 160 160 160 160 160 160 160 160 160 160 160 160 160 160 160 160 160 160 160 160 160 160 160 160 160 160 160 159 159 159 159 159 159 159 160 160 160 160 160 160 160 160 160 160 160 160 160 160 160 160 160 160 159 159 159 159 159 159 159 159 160 160 160 160 160 160 160 160 160 160 161 160 160 160 160 160 160 161 161 161 161 161 161 161 161 161 161 161 161 161 161 161 161 161 161 161 161 161 161 161 161 160 160 160 160 160 160 160 160 160 160 160 160 160 160 160 160 160 159 159 159 159 159 159 159 159 159 159 159 158 159 159 159 159 158 158 158 159 159 159 159 159 158 158 159 158 158 158 158 158 157 157 157 157 157 157 157 157 157 157 157 157 157 157 156 156 156 156 156 156 156 156 156 156 156 156 156 158 157 157 157 156 156 156 156 156 156 156 156 156 156 156 156 156 156 156 156 156 155 155 155 155 155 155 155 155 155 155 155 155 155 155 155 155 154 154 154 154 154 154 154 154 154 153 153 153 153 153 153 153 154 153 153 153 153 153 153 152 152 151 151 151 151 151 151 151 151 150 150 150 150 150 150 150 150 150 149 149 149 149 149 149 148 148 148 148 148 148 148 148 148 148 148 147 147 147 147 147 147 147 147 147 147 147 147 146 146 146 146 145 145 145 145 145 144 144 144 144 144 144 144 143 143 143 142 142 142 142 142 142 142 0 0 0 0 0 0 0 0 0 0 0 0 0 0 0 0 0 0 0 0 0 0 0 0 0 0 0 0 0 0 0 0 0 0 0 0 0 0 0 0 0 0 0 0 0 0 0 0 0 0 0 0 0 0 0 0 0 0 0 0 0 0 0 0 0 0 0 0 0 0 0 0 0 0 0 0 0 
0 0 0 0 0 0 0 0 0 0 0 0 0 0 0 0 0 0 0 0 0 0 0 0 0 0 0 0 0 0 0 0 0 0 0 0 0 0 0 0 0 0 0 0 0 0 0 0 0 0 0 0 0 0 0 0 0 0 0 0 0 0 0 0 0 0 0 0 0 0 0 0 0 0 157 157 156 157 158 157 157 157 157 158 158 159 159 159 159 159 160 160 159 160 160 160 160 160 160 159 159 159 159 159 159 159 159 159 159 159 159 159 160 160 160 160 160 160 160 160 160 160 160 160 160 160 160 160 160 159 159 159 159 159 160 160 160 160 160 160 160 160 160 160 160 159 159 159 159 159 160 160 160 160 159 159 160 160 160 160 160 160 160 160 160 160 160 159 159 159 159 159 159 159 160 160 160 160 160 160 160 160 160 160 160 160 160 160 160 160 160 160 161 161 161 161 161 161 161 161 161 161 161 161 161 161 161 161 161 161 161 161 161 161 161 161 160 160 160 160 160 160 160 160 160 160 160 160 160 160 160 160 160 159 159 159 159 159 159 159 159 159 159 159 158 158 159 158 159 159 159 159 158 159 159 159 159 158 158 158 158 158 158 158 158 158 157 157 157 157 157 157 157 157 157 157 157 157 157 157 156 157 157 156 156 156 156 156 156 156 156 156 157 157 157 157 156 156 156 156 156 156 156 156 156 156 156 156 156 156 156 156 156 155 155 155 155 155 155 155 155 155 155 155 155 155 155 154 154 154 154 154 154 154 154 154 154 154 154 154 154 153 153 153 153 153 153 153 153 153 153 153 153 152 152 151 151 151 151 151 151 151 151 151 151 151 152 152 152 152 151 150 149 149 149 150 149 149 149 149 148 148 148 148 148 148 148 148 147 147 147 147 147 147 147 147 147 147 147 146 146 146 146 145 145 145 145 145 145 145 144 144 144 144 144 143 143 143 143 142 142 142 142 142 142 142 142 0 0 0 0 0 0 0 0 0 0 0 0 0 0 0 0 0 0 0 0 0 0 0 0 0 0 0 0 0 0 0 0 0 0 0 0 0 0 0 0 0 0 0 0 0 0 0 0 0 0 0 0 0 0 0 0 0 0 0 0 0 0 0 0 0 0 0 0 0 0 0 0 0 0 0 0 
0 0 0 0 0 0 0 0 0 0 0 0 0 0 0 0 0 0 0 0 0 0 0 0 0 0 0 0 0 0 0 0 0 0 0 0 0 0 0 0 0 0 0 0 0 0 0 0 0 0 0 0 0 0 0 0 0 0 0 0 0 0 0 0 0 0 0 0 0 0 0 0 0 0 0 0 0 156 157 157 157 157 158 158 158 158 159 159 160 160 160 160 159 160 160 160 160 160 160 160 160 159 159 159 159 159 159 159 159 159 159 159 159 160 160 160 160 160 160 160 160 160 160 160 160 160 160 160 160 160 160 159 159 159 159 159 159 159 159 159 159 160 160 160 160 160 159 160 160 160 159 159 159 159 159 160 160 160 160 160 160 160 160 159 160 160 160 159 159 159 159 159 159 159 160 160 160 160 160 160 160 160 160 159 160 160 160 160 161 160 160 160 161 161 160 161 161 161 161 161 161 161 161 161 161 161 161 161 161 161 160 160 160 160 160 160 160 160 160 160 160 160 160 160 160 160 160 160 160 160 160 160 160 160 159 159 159 159 159 159 159 159 159 159 158 158 158 158 158 159 159 159 158 158 159 158 158 158 158 158 157 157 157 158 158 158 158 157 157 157 157 157 157 157 157 157 157 157 157 157 157 157 157 156 156 156 156 155 155 156 156 155 157 157 157 157 157 157 157 156 156 156 156 156 156 156 156 156 156 156 156 156 156 155 155 155 155 155 155 155 155 155 155 155 155 155 155 154 154 154 154 154 154 154 154 153 153 153 153 153 154 154 153 153 153 153 153 153 153 153 153 153 153 153 152 152 152 152 151 151 151 151 151 151 152 152 152 152 152 152 151 150 150 149 149 150 149 149 149 149 149 148 148 148 148 147 147 147 148 147 147 147 148 148 147 147 147 146 147 146 146 145 145 145 145 144 145 144 145 145 144 144 144 144 143 143 143 143 142 142 143 142 142 142 142 142 142 142 0 0 0 0 0 0 0 0 0 0 0 0 0 0 0 0 0 0 0 0 0 0 0 0 0 0 0 0 0 0 0 0 0 0 0 0 0 0 0 0 0 0 0 0 0 0 0 0 0 0 0 0 0 0 0 0 0 0 0 0 0 0 0 0 0 0 0 0 0 0 0 0 0 0 0 
0 0 0 0 0 0 0 0 0 0 0 0 0 0 0 0 0 0 0 0 0 0 0 0 0 0 0 0 0 0 0 0 0 0 0 0 0 0 0 0 0 0 0 0 0 0 0 0 0 0 0 0 0 0 0 0 0 0 0 0 0 0 0 0 0 0 0 0 0 0 0 0 0 0 0 0 0 0 157 157 158 157 158 158 159 159 159 160 160 160 160 160 160 160 160 160 160 160 160 160 160 160 160 160 160 159 159 159 159 159 159 159 159 159 160 160 160 160 160 160 160 160 160 160 160 160 160 160 160 160 160 160 159 159 160 160 160 159 159 159 159 159 159 159 160 160 160 160 160 160 159 159 159 159 159 159 160 160 160 160 160 160 160 160 159 159 160 160 160 159 159 159 159 159 159 160 159 160 160 160 160 160 160 160 160 160 160 160 160 160 160 159 160 160 160 160 160 161 161 161 161 161 161 161 160 161 161 160 160 160 160 160 160 160 160 160 160 160 160 160 160 160 160 160 160 160 160 160 159 159 160 160 160 160 159 159 159 159 159 159 159 159 159 158 158 158 158 158 158 158 158 158 158 158 158 158 158 158 158 158 158 158 157 157 157 157 157 157 157 157 157 157 157 157 157 157 157 157 156 157 156 157 157 156 156 156 155 155 155 155 156 155 157 157 157 157 156 157 156 156 156 156 156 156 156 156 156 156 156 156 156 156 156 155 155 155 155 155 155 155 155 155 155 154 155 154 154 154 154 154 154 154 154 154 153 153 153 153 153 153 153 153 153 153 153 153 153 153 153 153 153 153 153 152 152 152 152 152 152 151 151 151 151 151 151 151 151 151 151 151 151 151 151 150 149 149 149 150 150 149 148 148 149 148 147 147 147 148 148 148 147 147 147 147 147 147 147 146 146 146 146 145 145 145 145 144 144 144 145 145 145 144 144 144 144 144 143 143 143 142 143 143 142 142 142 142 141 141 142 0 0 0 0 0 0 0 0 0 0 0 0 0 0 0 0 0 0 0 0 0 0 0 0 0 0 0 0 0 0 0 0 0 0 0 0 0 0 0 0 0 0 0 0 0 0 0 0 0 0 0 0 0 0 0 0 0 0 0 0 0 0 0 0 0 0 0 0 0 0 0 0 0 0 
0 0 0 0 0 0 0 0 0 0 0 0 0 0 0 0 0 0 0 0 0 0 0 0 0 0 0 0 0 0 0 0 0 0 0 0 0 0 0 0 0 0 0 0 0 0 0 0 0 0 0 0 0 0 0 0 0 0 0 0 0 0 0 0 0 0 0 0 0 0 0 0 0 0 0 0 0 0 157 158 158 158 159 159 159 159 159 160 160 160 160 160 160 160 160 160 160 160 160 160 160 160 160 160 160 160 159 160 159 159 159 159 159 159 159 159 160 160 160 160 160 160 160 160 160 160 160 159 159 160 160 160 159 159 159 160 160 160 159 159 158 158 158 158 159 159 159 160 160 159 159 159 159 159 159 159 159 160 160 160 160 160 160 160 160 160 160 160 160 160 159 159 159 159 159 159 159 160 160 160 160 160 160 160 160 160 159 160 160 160 160 160 161 161 161 160 161 161 160 160 160 160 160 160 160 160 160 160 160 160 160 160 160 160 160 160 160 160 160 160 160 160 160 160 160 160 160 159 159 160 160 160 160 159 159 159 159 159 159 159 159 159 158 158 158 158 158 158 158 158 158 158 158 158 158 158 159 159 158 158 158 158 158 158 157 157 157 157 157 157 157 157 157 157 157 157 156 156 156 156 156 156 156 156 156 156 155 155 155 155 155 155 157 157 157 157 156 156 157 156 156 156 156 156 156 156 156 156 156 156 156 156 155 155 155 155 155 155 155 155 155 155 155 154 154 154 154 154 154 154 154 154 154 154 153 153 153 153 153 153 153 153 153 153 152 152 152 152 152 152 152 153 152 152 152 152 152 152 152 152 151 151 151 151 151 151 151 151 151 151 151 151 151 150 150 149 149 150 150 149 149 148 149 148 148 148 147 147 147 148 147 147 147 147 147 147 147 146 146 147 146 145 145 145 145 145 145 145 145 145 145 145 144 144 144 143 143 143 142 142 142 142 142 142 142 142 141 142 142 142 0 0 0 0 0 0 0 0 0 0 0 0 0 0 0 0 0 0 0 0 0 0 0 0 0 0 0 0 0 0 0 0 0 0 0 0 0 0 0 0 0 0 0 0 0 0 0 0 0 0 0 0 0 0 0 0 0 0 0 0 0 0 0 0 0 0 0 0 0 0 0 0 0 
0 0 0 0 0 0 0 0 0 0 0 0 0 0 0 0 0 0 0 0 0 0 0 0 0 0 0 0 0 0 0 0 0 0 0 0 0 0 0 0 0 0 0 0 0 0 0 0 0 0 0 0 0 0 0 0 0 0 0 0 0 0 0 0 0 0 0 0 0 0 0 0 0 0 0 0 0 0 0 157 157 158 158 158 158 159 159 159 159 159 160 160 160 160 160 160 160 160 161 161 161 161 161 161 161 161 160 160 160 160 160 160 160 160 160 160 160 160 161 161 161 160 160 161 160 160 160 160 160 160 160 160 160 159 160 160 161 161 160 160 160 160 159 159 159 159 159 159 159 159 159 159 159 159 159 159 159 160 160 160 160 161 161 160 160 160 160 160 160 160 160 160 159 159 159 159 160 160 160 160 160 160 160 160 160 160 160 160 160 161 161 160 160 160 160 160 159 160 160 160 160 160 160 160 160 160 160 160 160 160 160 160 160 160 159 159 159 159 159 159 159 159 159 159 159 159 159 159 159 159 159 159 159 159 158 158 158 158 158 158 158 158 158 158 158 158 158 158 158 158 158 158 158 159 158 159 159 158 158 158 158 158 157 157 157 157 157 157 157 157 157 157 157 156 156 156 156 156 156 156 156 156 156 156 156 155 155 155 156 155 155 155 155 155 155 155 155 155 155 155 155 154 154 154 154 154 154 154 154 154 154 154 154 154 153 153 153 153 153 153 153 153 153 153 153 153 152 152 152 152 152 152 152 152 152 152 152 152 152 152 151 151 153 152 153 153 153 153 153 153 153 153 152 152 152 152 152 152 152 152 152 152 152 151 151 151 151 152 152 152 152 151 151 151 150 150 149 149 150 150 150 149 149 149 149 148 148 148 148 148 148 147 147 147 147 146 146 146 146 147 146 145 145 145 145 145 144 144 144 144 145 144 144 143 143 143 143 142 142 142 142 142 142 142 142 142 141 141 142 142 0 0 0 0 0 0 0 0 0 0 0 0 0 0 0 0 0 0 0 0 0 0 0 0 0 0 0 0 0 0 0 0 0 0 0 0 0 0 0 0 0 0 0 0 0 0 0 0 0 0 0 0 0 0 0 0 0 0 0 0 0 0 0 0 0 0 0 0 0 0 0 0 0 
0 0 0 0 0 0 0 0 0 0 0 0 0 0 0 0 0 0 0 0 0 0 0 0 0 0 0 0 0 0 0 0 0 0 0 0 0 0 0 0 0 0 0 0 0 0 0 0 0 0 0 0 0 0 0 0 0 0 0 0 0 0 0 0 0 0 0 0 0 0 0 0 0 0 0 0 0 0 0 0 157 157 157 157 158 158 158 159 159 159 160 160 160 160 160 160 160 160 161 161 161 161 161 161 161 161 161 161 161 161 161 161 161 160 160 160 160 160 161 161 161 161 161 161 160 160 160 160 160 160 161 160 160 160 160 160 160 161 161 161 161 161 159 159 159 159 159 159 159 160 160 160 160 160 159 159 160 160 160 160 160 160 160 161 161 161 160 160 160 160 160 159 159 159 160 159 160 160 160 160 160 160 160 160 160 160 160 160 160 160 161 160 160 160 160 159 160 160 160 160 160 160 160 160 160 160 160 160 160 160 160 160 159 159 159 159 159 159 159 159 159 159 159 159 159 159 159 159 159 158 158 159 159 159 158 158 158 158 158 158 158 158 158 158 158 158 158 158 158 158 158 158 158 158 158 158 158 158 158 158 158 158 158 158 157 157 156 157 157 157 157 157 157 157 157 156 156 156 156 156 156 156 155 155 155 155 155 156 156 155 155 155 155 155 154 154 154 154 154 154 154 154 154 154 154 154 154 154 154 154 154 154 154 153 153 153 153 153 153 153 153 153 153 153 152 153 152 152 152 152 152 152 152 152 152 152 152 152 151 151 151 151 153 153 152 152 153 153 153 153 153 153 152 152 152 152 152 152 152 152 152 152 151 152 151 151 151 151 151 151 151 151 151 150 150 150 149 149 149 149 149 149 149 149 149 148 148 148 148 147 147 147 147 147 147 146 146 146 145 146 147 146 145 145 144 144 144 144 144 144 144 144 144 144 143 143 143 142 142 142 142 142 142 142 142 142 142 141 141 142 0 0 0 0 0 0 0 0 0 0 0 0 0 0 0 0 0 0 0 0 0 0 0 0 0 0 0 0 0 0 0 0 0 0 0 0 0 0 0 0 0 0 0 0 0 0 0 0 0 0 0 0 0 0 0 0 0 0 0 0 0 0 0 0 0 0 0 0 0 0 0 0 0 
0 0 0 0 0 0 0 0 0 0 0 0 0 0 0 0 0 0 0 0 0 0 0 0 0 0 0 0 0 0 0 0 0 0 0 0 0 0 0 0 0 0 0 0 0 0 0 0 0 0 0 0 0 0 0 0 0 0 0 0 0 0 0 0 0 0 0 0 0 0 0 0 0 0 0 0 0 0 0 0 0 158 157 157 158 158 158 159 159 159 160 160 160 160 160 160 161 160 160 161 161 161 161 161 161 161 161 161 161 161 161 161 161 161 160 160 160 160 161 161 161 161 161 161 161 160 160 160 160 160 160 161 161 160 160 160 160 161 161 161 161 161 160 160 160 160 160 159 159 160 160 160 160 159 159 159 159 160 160 160 160 160 160 160 160 161 160 160 160 160 160 160 160 160 160 160 159 160 160 160 160 160 160 160 160 160 160 160 160 160 160 161 160 160 160 160 160 160 160 160 160 160 160 160 160 160 160 160 160 160 160 159 159 159 159 159 159 159 159 159 159 159 159 159 159 159 159 159 159 159 158 158 158 158 158 158 158 158 158 158 158 158 158 158 158 158 158 158 158 158 158 158 158 158 158 158 158 157 157 157 158 158 157 157 157 157 157 156 156 157 157 157 157 156 157 157 157 157 156 156 156 156 155 155 155 155 155 155 155 156 156 155 155 155 154 154 154 154 154 154 154 154 154 154 154 154 154 154 154 154 154 154 154 153 153 153 153 153 153 153 153 153 153 153 153 152 152 152 152 152 152 152 152 151 151 151 151 151 151 151 151 151 153 153 153 153 153 153 153 153 153 152 152 152 151 152 152 152 152 152 152 151 151 151 151 151 151 151 151 151 150 150 150 150 150 150 149 149 149 149 149 149 149 149 148 148 148 148 148 147 147 147 147 147 147 146 146 146 145 146 147 147 146 146 145 145 144 144 144 144 144 143 143 144 143 143 143 142 142 142 142 142 142 142 142 141 142 141 142 0 0 0 0 0 0 0 0 0 0 0 0 0 0 0 0 0 0 0 0 0 0 0 0 0 0 0 0 0 0 0 0 0 0 0 0 0 0 0 0 0 0 0 0 0 0 0 0 0 0 0 0 0 0 0 0 0 0 0 0 0 0 0 0 0 0 0 0 0 0 0 0 0 0 
0 0 0 0 0 0 0 0 0 0 0 0 0 0 0 0 0 0 0 0 0 0 0 0 0 0 0 0 0 0 0 0 0 0 0 0 0 0 0 0 0 0 0 0 0 0 0 0 0 0 0 0 0 0 0 0 0 0 0 0 0 0 0 0 0 0 0 0 0 0 0 0 0 0 0 0 0 0 0 0 0 0 0 158 158 158 158 158 159 159 160 160 160 160 159 160 160 160 160 161 160 161 161 161 161 161 161 161 161 161 161 161 161 161 161 161 161 161 161 161 161 161 161 161 161 160 160 160 160 160 160 161 161 161 160 159 159 161 161 161 161 161 161 161 161 160 159 160 160 160 160 160 160 159 159 159 159 159 160 160 160 160 160 160 160 160 160 160 160 160 160 160 160 160 160 160 160 160 159 160 160 160 160 160 160 160 160 160 160 160 160 161 161 161 161 160 160 160 160 160 160 160 160 160 160 160 160 160 159 159 159 159 159 159 159 159 159 159 159 159 159 159 159 159 159 159 159 159 159 159 159 158 158 158 158 158 158 158 158 158 158 158 158 158 158 158 158 158 158 158 158 158 158 158 157 157 157 157 157 157 158 157 157 157 157 157 157 157 157 156 157 156 156 156 156 156 156 156 156 156 156 156 156 155 155 155 155 156 156 156 155 155 155 155 155 155 155 154 154 154 154 154 154 154 154 154 154 154 154 154 154 154 154 153 153 153 153 153 153 153 153 153 153 153 153 153 152 152 152 152 152 152 152 152 152 151 151 151 151 151 150 150 153 153 154 154 153 153 153 153 153 152 152 152 152 151 152 152 151 152 151 151 151 151 151 151 151 151 151 150 150 150 150 150 150 150 150 149 149 149 149 149 149 149 149 148 148 148 148 148 147 147 146 147 147 146 146 145 145 146 147 146 146 146 146 145 144 144 144 144 144 143 143 143 143 143 143 142 142 142 142 142 142 142 141 141 141 141 141 142 0 0 0 0 0 0 0 0 0 0 0 0 0 0 0 0 0 0 0 0 0 0 0 0 0 0 0 0 0 0 0 0 0 0 0 0 0 0 0 0 0 0 0 0 0 0 0 0 0 0 0 0 0 0 0 0 0 0 0 0 0 0 0 0 0 0 0 0 0 0 0 0 0 
0 0 0 0 0 0 0 0 0 0 0 0 0 0 0 0 0 0 0 0 0 0 0 0 0 0 0 0 0 0 0 0 0 0 0 0 0 0 0 0 0 0 0 0 0 0 0 0 0 0 0 0 0 0 0 0 0 0 0 0 0 0 0 0 0 0 0 0 0 0 0 0 0 0 0 0 0 0 0 0 0 0 0 0 159 159 158 158 159 159 159 158 158 159 159 160 160 160 160 161 161 161 161 161 161 161 161 161 161 161 161 161 161 161 161 161 161 161 161 161 160 160 160 161 161 161 160 160 160 160 160 160 160 160 160 160 160 161 161 161 161 161 160 160 160 160 160 160 159 160 160 160 160 159 159 159 159 159 159 159 160 160 160 160 160 160 160 160 159 160 159 160 160 160 160 160 160 160 160 160 160 160 160 160 160 160 160 160 160 160 160 160 160 160 160 160 160 160 160 159 160 160 160 160 160 159 159 159 159 159 159 159 159 159 159 159 159 159 159 159 159 159 159 159 159 159 159 159 159 159 159 158 158 158 158 158 158 158 158 158 158 158 158 158 158 158 158 158 157 158 158 158 158 158 157 157 157 157 158 158 158 157 157 157 157 157 157 156 156 156 156 156 156 156 156 156 156 156 156 156 156 156 156 156 156 156 156 156 156 155 155 155 155 155 155 155 155 154 154 154 154 154 154 154 154 154 154 154 154 154 154 154 153 153 153 153 153 153 153 153 153 153 153 153 153 153 153 152 152 152 152 152 152 152 152 152 151 151 151 151 151 151 153 153 154 154 153 153 153 152 152 153 152 152 151 151 151 151 151 151 151 151 151 151 151 151 150 150 150 150 150 150 150 150 150 150 150 150 149 149 149 149 149 149 149 148 148 148 148 148 148 147 147 147 146 146 146 145 145 146 146 146 146 146 145 145 145 144 144 144 143 143 143 143 143 143 142 142 142 142 142 142 142 142 142 142 141 141 141 141 0 0 0 0 0 0 0 0 0 0 0 0 0 0 0 0 0 0 0 0 0 0 0 0 0 0 0 0 0 0 0 0 0 0 0 0 0 0 0 0 0 0 0 0 0 0 0 0 0 0 0 0 0 0 0 0 0 0 0 0 0 0 0 0 0 0 0 0 0 0 0 0 0 
0 0 0 0 0 0 0 0 0 0 0 0 0 0 0 0 0 0 0 0 0 0 0 0 0 0 0 0 0 0 0 0 0 0 0 0 0 0 0 0 0 0 0 0 0 0 0 0 0 0 0 0 0 0 0 0 0 0 0 0 0 0 0 0 0 0 0 0 0 0 0 0 0 0 0 0 0 0 0 0 0 0 0 0 158 158 159 159 158 158 159 159 159 159 160 160 161 161 161 161 161 161 161 161 161 161 161 161 161 161 161 161 161 161 161 161 161 161 161 161 161 161 161 160 160 160 161 161 160 160 160 160 159 159 160 160 161 161 161 161 161 160 161 161 160 160 160 160 160 160 160 160 159 159 159 159 159 159 159 159 160 160 160 160 160 160 160 160 160 159 159 160 160 160 160 160 160 160 160 160 160 160 159 160 160 160 160 160 160 160 160 160 160 160 160 160 160 160 160 160 159 159 159 159 159 159 159 159 159 159 159 159 159 159 159 159 159 159 159 159 159 159 159 159 159 159 159 159 159 158 158 158 158 158 158 158 158 158 158 158 158 158 158 158 158 158 158 157 157 158 158 158 158 158 158 157 156 157 157 157 157 157 157 157 157 157 157 157 156 156 156 156 156 156 156 156 156 156 156 156 156 156 156 156 156 156 156 156 155 155 155 155 155 155 155 155 155 155 155 154 154 154 154 154 154 154 154 154 154 154 154 153 153 153 153 153 153 153 153 153 153 153 153 153 153 153 153 153 152 152 153 152 152 152 152 152 152 152 152 152 152 152 153 153 153 153 153 153 153 152 152 152 152 152 151 151 151 151 151 151 151 151 151 151 150 150 150 150 150 151 150 150 150 150 150 150 150 149 149 149 149 149 149 149 149 149 148 148 148 148 148 147 147 147 146 146 146 146 146 146 147 146 146 146 145 144 144 144 144 143 143 144 144 143 143 143 142 142 142 142 142 142 142 142 141 141 141 141 141 141 142 0 0 0 0 0 0 0 0 0 0 0 0 0 0 0 0 0 0 0 0 0 0 0 0 0 0 0 0 0 0 0 0 0 0 0 0 0 0 0 0 0 0 0 0 0 0 0 0 0 0 0 0 0 0 0 0 0 0 0 0 0 0 0 0 0 0 0 0 0 0 0 0 
0 0 0 0 0 0 0 0 0 0 0 0 0 0 0 0 0 0 0 0 0 0 0 0 0 0 0 0 0 0 0 0 0 0 0 0 0 0 0 0 0 0 0 0 0 0 0 0 0 0 0 0 0 0 0 0 0 0 0 0 0 0 0 0 0 0 0 0 0 0 0 0 0 0 0 0 0 0 0 0 0 0 0 0 158 158 159 159 158 158 159 159 159 159 159 160 160 161 161 161 161 161 161 161 161 161 161 161 161 161 160 160 160 160 161 161 161 161 161 161 161 161 161 160 161 160 161 160 160 161 161 160 160 159 159 160 161 161 161 161 160 160 160 160 161 160 160 160 160 160 160 159 159 159 159 159 159 159 160 160 160 160 160 160 160 160 160 160 160 159 160 160 160 160 160 160 160 160 160 160 160 160 159 159 160 160 160 160 160 160 160 160 160 160 160 160 160 160 160 160 160 159 159 160 160 160 159 159 159 159 159 159 159 159 159 159 159 159 159 159 159 159 159 159 159 158 159 159 158 158 158 158 158 158 158 158 158 158 158 158 158 158 158 158 158 158 157 157 157 157 157 157 157 158 158 157 156 157 157 157 157 157 157 157 157 157 157 157 157 156 156 156 156 156 156 156 156 156 156 156 156 156 156 156 156 156 155 155 155 155 155 155 155 155 155 155 155 154 154 154 154 154 154 154 154 154 154 154 154 154 153 153 153 153 153 153 153 153 153 153 153 153 153 153 153 153 153 153 153 152 152 152 152 152 152 152 152 152 152 152 152 151 153 153 153 154 153 153 153 152 152 152 152 151 152 152 151 151 151 151 151 151 151 151 150 150 150 150 150 150 150 150 150 150 150 150 150 149 149 149 149 149 149 149 149 149 149 149 149 148 148 147 147 147 146 146 146 146 146 146 147 147 145 145 145 145 144 144 144 143 144 143 143 143 143 143 142 142 142 142 142 142 142 141 142 142 142 142 141 141 142 0 0 0 0 0 0 0 0 0 0 0 0 0 0 0 0 0 0 0 0 0 0 0 0 0 0 0 0 0 0 0 0 0 0 0 0 0 0 0 0 0 0 0 0 0 0 0 0 0 0 0 0 0 0 0 0 0 0 0 0 0 0 0 0 0 0 0 0 0 0 0 0 
0 0 0 0 0 0 0 0 0 0 0 0 0 0 0 0 0 0 0 0 0 0 0 0 0 0 0 0 0 0 0 0 0 0 0 0 0 0 0 0 0 0 0 0 0 0 0 0 0 0 0 0 0 0 0 0 0 0 0 0 0 0 0 0 0 0 0 0 0 0 0 0 0 0 0 0 0 0 0 0 0 0 0 0 159 159 159 159 159 158 159 159 159 159 160 160 160 160 161 161 161 161 161 161 161 161 161 161 162 161 161 161 160 160 160 161 161 161 161 161 161 161 161 161 161 160 161 161 161 161 161 160 160 159 160 160 160 160 160 161 161 160 160 160 160 160 160 160 160 160 160 160 160 159 159 159 159 159 159 159 160 160 160 160 160 160 160 160 159 159 159 160 160 160 160 160 160 160 160 160 160 160 160 159 160 160 160 159 160 160 160 160 160 160 159 159 159 159 159 159 159 159 159 160 160 160 159 159 159 159 159 158 158 158 158 158 158 158 158 158 159 159 158 158 158 158 158 158 158 158 158 158 158 158 158 158 158 158 158 158 158 158 158 158 158 158 158 157 157 157 157 157 157 157 158 157 156 157 157 157 157 157 156 157 157 157 157 156 156 156 156 156 156 156 156 156 156 156 156 156 156 156 156 156 156 156 156 155 155 155 155 155 155 155 155 155 155 154 154 154 154 154 154 154 154 154 154 154 154 153 153 153 153 153 153 153 153 153 153 152 152 152 152 153 153 152 153 153 153 152 152 152 152 152 152 152 152 152 152 152 152 151 153 153 153 154 153 153 153 152 152 152 152 151 152 152 152 151 151 151 151 151 151 150 150 150 150 150 150 150 150 150 150 150 150 150 150 149 149 149 149 149 148 149 149 148 148 149 149 148 148 147 147 147 146 146 146 146 146 146 146 146 146 145 144 144 144 144 144 144 144 143 143 143 143 143 142 142 142 142 142 142 142 142 141 141 141 142 142 141 141 141 0 0 0 0 0 0 0 0 0 0 0 0 0 0 0 0 0 0 0 0 0 0 0 0 0 0 0 0 0 0 0 0 0 0 0 0 0 0 0 0 0 0 0 0 0 0 0 0 0 0 0 0 0 0 0 0 0 0 0 0 0 0 0 0 0 0 0 0 0 0 0 
0 0 0 0 0 0 0 0 0 0 0 0 0 0 0 0 0 0 0 0 0 0 0 0 0 0 0 0 0 0 0 0 0 0 0 0 0 0 0 0 0 0 0 0 0 0 0 0 0 0 0 0 0 0 0 0 0 0 0 0 0 0 0 0 0 0 0 0 0 0 0 0 0 0 0 0 0 0 0 0 0 0 0 0 0 159 160 159 159 159 159 159 159 160 160 160 160 160 160 160 161 161 161 161 161 161 161 161 161 161 161 161 161 160 160 160 160 161 161 161 161 161 161 161 161 161 161 161 161 161 160 160 160 160 160 161 161 160 160 161 160 161 160 160 160 160 161 160 160 160 160 160 160 160 160 160 159 159 159 159 160 160 160 160 160 160 160 160 159 159 159 159 159 160 160 160 160 160 160 160 160 160 160 160 160 160 160 160 159 160 160 160 160 160 160 159 159 159 159 159 159 159 159 159 159 159 159 159 159 159 158 158 159 159 158 158 158 158 158 158 158 158 158 158 158 158 158 158 158 158 158 158 158 158 158 158 158 158 158 158 158 158 158 158 158 158 158 157 157 157 157 157 157 157 157 157 157 156 156 156 157 156 156 157 157 157 156 156 156 156 156 156 156 156 156 156 156 156 156 156 156 156 156 155 156 156 156 155 155 155 155 155 155 155 155 155 154 154 154 154 154 154 154 154 154 154 154 154 153 153 153 153 153 153 153 153 153 153 152 152 152 152 153 153 153 152 152 152 152 152 152 152 152 152 152 152 152 152 152 152 151 151 153 153 153 153 153 153 153 152 153 152 151 151 151 152 151 151 151 151 151 151 151 151 150 150 150 150 150 150 150 149 149 149 150 150 150 149 149 148 149 149 148 148 148 148 148 148 148 148 147 147 146 146 146 146 146 146 146 146 146 146 145 145 145 144 144 144 144 144 144 143 143 143 143 143 142 142 142 142 142 142 142 141 141 141 141 141 141 140 140 141 141 0 0 0 0 0 0 0 0 0 0 0 0 0 0 0 0 0 0 0 0 0 0 0 0 0 0 0 0 0 0 0 0 0 0 0 0 0 0 0 0 0 0 0 0 0 0 0 0 0 0 0 0 0 0 0 0 0 0 0 0 0 0 0 0 0 0 0 0 0 0 
0 0 0 0 0 0 0 0 0 0 0 0 0 0 0 0 0 0 0 0 0 0 0 0 0 0 0 0 0 0 0 0 0 0 0 0 0 0 0 0 0 0 0 0 0 0 0 0 0 0 0 0 0 0 0 0 0 0 0 0 0 0 0 0 0 0 0 0 0 0 0 0 0 0 0 0 0 0 0 0 0 0 0 0 0 159 159 159 159 159 159 159 159 160 160 161 160 161 161 161 161 161 161 161 161 161 161 161 161 161 161 162 161 161 160 161 161 160 161 160 160 160 160 161 161 161 161 161 161 161 161 161 160 159 160 160 160 161 161 161 161 161 160 160 160 160 160 160 160 160 160 160 160 159 158 159 159 159 159 159 159 159 160 160 160 160 160 160 159 160 160 160 160 160 159 160 160 160 160 160 160 160 160 160 160 160 160 159 160 160 160 160 161 160 159 159 159 160 160 159 159 159 159 159 159 158 159 159 159 159 158 158 158 159 158 158 158 158 158 158 158 158 158 158 158 158 159 158 158 158 158 158 158 158 158 158 158 158 158 158 157 157 158 158 158 158 158 157 157 157 157 157 157 157 157 157 157 157 157 156 156 156 156 157 157 157 156 156 156 156 156 156 156 156 156 156 156 156 156 156 156 156 156 155 155 155 155 155 155 155 155 155 155 155 155 155 154 154 154 154 154 154 154 153 153 153 153 153 153 153 153 153 153 153 153 153 153 153 152 152 152 152 152 153 153 153 152 152 152 152 152 152 152 152 152 152 152 151 151 151 151 151 153 153 153 153 153 153 152 152 152 152 152 151 151 151 151 151 151 151 151 151 151 150 150 150 150 150 150 150 150 149 150 150 150 149 149 149 149 148 149 149 148 148 148 148 148 148 148 148 147 147 146 146 146 146 146 146 146 145 145 145 145 145 144 144 144 144 144 144 143 143 143 143 142 142 142 142 142 142 142 142 142 142 142 141 141 141 141 141 141 140 140 140 141 0 0 0 0 0 0 0 0 0 0 0 0 0 0 0 0 0 0 0 0 0 0 0 0 0 0 0 0 0 0 0 0 0 0 0 0 0 0 0 0 0 0 0 0 0 0 0 0 0 0 0 0 0 0 0 0 0 0 0 0 0 0 0 0 0 0 0 0 
0 0 0 0 0 0 0 0 0 0 0 0 0 0 0 0 0 0 0 0 0 0 0 0 0 0 0 0 0 0 0 0 0 0 0 0 0 0 0 0 0 0 0 0 0 0 0 0 0 0 0 0 0 0 0 0 0 0 0 0 0 0 0 0 0 0 0 0 0 0 0 0 0 0 0 0 0 0 0 0 0 0 0 0 0 0 159 159 160 159 159 159 159 160 160 160 160 161 161 161 161 161 161 161 161 161 161 161 161 161 161 162 162 161 161 161 161 160 161 161 160 160 160 160 161 161 161 161 161 161 160 160 159 160 160 160 160 161 161 161 161 160 160 160 161 160 160 159 159 159 159 159 159 158 158 159 159 159 159 159 159 159 159 160 160 160 160 160 160 160 160 160 159 159 159 160 160 160 160 160 160 160 160 160 160 160 160 160 160 160 160 160 159 159 159 160 160 161 160 159 159 159 159 159 158 158 158 159 159 158 158 158 158 158 158 159 159 158 158 158 158 159 159 158 158 158 158 159 158 158 158 158 158 158 158 158 158 157 157 157 157 157 157 157 157 157 157 157 157 157 157 157 157 157 157 156 157 157 157 157 156 156 157 157 156 156 156 156 156 156 156 156 156 156 156 156 156 155 156 156 156 155 156 155 155 155 155 155 155 155 155 155 155 155 155 154 154 154 154 154 154 154 154 154 153 153 153 153 153 153 153 152 153 153 153 153 153 152 152 152 152 152 152 152 153 152 152 152 152 152 152 152 152 152 152 152 152 152 151 151 151 151 153 153 153 152 153 153 152 153 153 152 152 151 151 151 151 151 151 151 151 151 150 150 150 150 150 150 150 150 150 149 150 149 149 149 149 149 149 149 148 148 148 148 148 148 148 148 149 148 147 147 146 146 146 146 146 146 145 145 145 145 145 145 145 144 144 144 144 143 143 143 143 143 142 142 142 142 142 142 142 141 141 141 141 141 141 141 141 140 140 140 140 140 140 140 0 0 0 0 0 0 0 0 0 0 0 0 0 0 0 0 0 0 0 0 0 0 0 0 0 0 0 0 0 0 0 0 0 0 0 0 0 0 0 0 0 0 0 0 0 0 0 0 0 0 0 0 0 0 0 0 0 0 0 0 0 0 0 0 0 0 0 
0 0 0 0 0 0 0 0 0 0 0 0 0 0 0 0 0 0 0 0 0 0 0 0 0 0 0 0 0 0 0 0 0 0 0 0 0 0 0 0 0 0 0 0 0 0 0 0 0 0 0 0 0 0 0 0 0 0 0 0 0 0 0 0 0 0 0 0 0 0 0 0 0 0 0 0 0 0 0 0 0 0 0 0 0 159 159 159 159 160 159 159 159 159 159 159 160 160 161 161 161 161 161 161 161 161 161 161 161 161 161 162 162 162 161 161 161 161 161 161 160 160 160 160 160 161 160 161 161 161 160 160 160 161 161 161 161 160 161 161 161 160 160 161 160 160 160 160 160 159 159 159 160 160 160 159 158 159 159 160 160 160 160 160 160 160 160 160 161 160 160 161 160 160 160 160 160 160 160 160 160 160 160 160 160 160 160 160 160 160 159 159 160 160 159 159 159 160 160 160 160 159 158 158 158 158 158 158 158 158 158 158 158 158 158 158 159 159 159 158 158 159 159 159 158 158 158 158 158 158 158 158 157 157 158 158 158 157 157 157 157 157 157 157 157 157 157 157 157 157 157 157 157 156 156 157 157 157 156 156 157 156 156 156 156 156 156 156 156 156 156 156 156 156 156 156 156 155 155 155 156 155 155 155 155 155 155 155 155 155 155 155 155 154 154 155 155 154 154 154 154 154 154 154 154 153 153 153 153 153 153 153 152 152 152 152 152 152 152 152 152 152 153 153 153 152 152 152 152 152 152 152 152 152 152 152 151 152 151 151 151 151 153 153 153 152 153 152 152 152 152 152 151 151 151 151 151 151 151 151 151 150 150 150 150 150 150 150 150 150 149 149 149 149 149 149 149 149 149 149 149 148 148 148 148 148 148 148 148 148 147 147 146 146 146 146 146 146 145 145 145 145 145 144 145 145 144 144 144 144 143 143 143 142 142 142 142 142 142 142 142 141 141 142 141 141 141 141 140 140 140 140 140 140 140 140 140 140 140 140 0 0 0 0 0 0 0 0 0 0 0 0 0 0 0 0 0 0 0 0 0 0 0 0 0 0 0 0 0 0 0 0 0 0 0 0 0 0 0 0 0 0 0 0 0 0 0 0 0 0 0 0 0 0 0 0 0 0 0 0 0 0 0 
0 0 0 0 0 0 0 0 0 0 0 0 0 0 0 0 0 0 0 0 0 0 0 0 0 0 0 0 0 0 0 0 0 0 0 0 0 0 0 0 0 0 0 0 0 0 0 0 0 0 0 0 0 0 0 0 0 0 0 0 0 0 0 0 0 0 0 0 0 0 0 0 0 0 0 0 0 0 0 0 0 0 0 0 158 158 158 158 159 160 160 159 159 159 159 159 159 160 161 160 160 160 161 162 162 161 161 161 161 161 161 161 162 162 162 162 161 161 161 161 161 161 160 160 160 160 160 160 160 160 160 160 160 161 161 161 161 161 161 161 161 160 160 160 160 160 160 161 161 160 159 159 160 160 160 159 158 158 159 159 159 159 159 160 160 160 160 160 160 160 160 161 160 160 160 160 161 161 160 160 160 160 160 160 161 161 161 161 161 160 160 160 161 160 159 160 160 160 160 161 160 159 159 158 158 159 159 158 157 158 158 158 158 158 158 158 159 159 158 158 158 158 159 159 159 158 158 158 159 158 158 158 158 157 157 158 158 157 157 157 157 157 158 157 157 157 157 157 157 157 157 157 157 157 156 156 156 156 156 156 157 156 156 156 156 156 156 156 156 156 156 156 156 156 156 156 156 155 155 155 155 155 155 155 155 155 155 155 155 155 155 154 154 154 155 155 155 155 155 154 154 154 154 154 154 153 153 153 153 153 153 153 152 152 152 152 152 152 152 152 152 152 152 153 153 152 152 152 152 152 152 152 152 152 152 152 152 152 151 151 151 151 153 153 153 153 152 152 153 152 152 152 152 152 151 151 151 151 151 151 150 150 150 150 150 150 149 149 149 149 149 149 149 149 149 149 149 149 149 149 148 148 148 148 148 148 148 148 148 147 147 147 147 146 146 146 146 146 146 145 145 145 145 145 144 144 144 144 144 144 143 143 143 142 142 142 142 142 142 142 142 142 141 141 142 141 141 140 140 140 139 139 140 139 139 139 139 139 139 140 0 0 0 0 0 0 0 0 0 0 0 0 0 0 0 0 0 0 0 0 0 0 0 0 0 0 0 0 0 0 0 0 0 0 0 0 0 0 0 0 0 0 0 0 0 0 0 0 0 0 0 0 0 0 0 0 0 0 0 0 0 0 0 
0 0 0 0 0 0 0 0 0 0 0 0 0 0 0 0 0 0 0 0 0 0 0 0 0 0 0 0 0 0 0 0 0 0 0 0 0 0 0 0 0 0 0 0 0 0 0 0 0 0 0 0 0 0 0 0 0 0 0 0 0 0 0 0 0 0 0 0 0 0 0 0 0 0 0 0 0 0 0 0 0 157 0 0 158 158 158 159 159 160 160 160 160 159 160 160 160 161 161 161 160 160 160 160 160 161 161 161 161 162 162 161 162 162 162 162 162 161 161 161 162 162 162 161 161 161 161 161 161 161 160 160 160 160 161 161 161 161 161 161 161 161 161 160 160 160 159 160 160 159 159 159 160 160 160 159 159 159 159 159 159 159 159 160 160 159 160 160 160 160 160 160 160 160 160 160 160 160 160 160 160 160 160 160 160 160 160 161 161 161 160 160 160 160 159 160 161 160 160 160 161 160 159 159 158 158 158 158 157 158 159 158 158 158 158 159 159 159 159 159 159 159 159 159 159 158 158 158 158 158 159 159 158 158 157 157 157 157 157 157 157 157 157 157 157 157 157 157 157 157 157 157 157 157 156 156 156 156 156 156 156 156 156 156 156 156 156 156 156 156 156 156 156 156 156 155 155 155 155 155 155 155 155 155 155 155 155 155 155 155 155 155 155 154 154 154 154 154 154 154 154 154 154 154 154 153 153 153 153 153 153 153 153 153 153 153 152 152 152 152 152 152 152 153 153 152 152 152 152 152 152 152 152 152 152 152 152 152 151 151 151 151 153 153 153 153 152 152 152 152 152 152 152 152 152 151 151 151 151 150 150 150 150 150 150 149 149 149 149 149 149 149 149 149 148 148 148 148 148 148 148 148 148 148 148 148 148 147 147 147 147 147 147 147 146 146 146 146 146 145 145 145 145 145 144 144 144 144 144 144 143 143 143 142 142 142 142 142 142 142 142 142 141 141 141 141 141 141 141 141 140 139 139 139 139 139 139 139 139 139 140 0 0 0 0 0 0 0 0 0 0 0 0 0 0 0 0 0 0 0 0 0 0 0 0 0 0 0 0 0 0 0 0 0 0 0 0 0 0 0 0 0 0 0 0 0 0 0 0 0 0 0 0 0 0 0 0 0 0 0 0 0 0 
0 0 0 0 0 0 0 0 0 0 0 0 0 0 0 0 0 0 0 0 0 0 0 0 0 0 0 0 0 0 0 0 0 0 0 0 0 0 0 0 0 0 0 0 0 0 0 0 0 0 0 0 0 0 0 0 0 0 0 0 0 0 0 0 0 0 0 0 0 0 0 0 0 0 0 0 0 0 0 0 0 157 157 157 157 157 158 158 158 158 158 159 159 159 159 159 160 160 160 161 161 161 160 160 160 160 161 161 161 161 161 161 161 161 162 161 161 161 161 161 161 161 162 161 161 161 162 162 162 161 161 161 160 161 161 161 161 160 161 161 161 161 161 161 161 161 160 159 160 160 160 159 159 159 159 159 159 159 159 159 159 159 159 160 159 159 159 160 160 160 160 160 160 160 160 161 160 160 160 160 161 161 161 161 161 161 160 160 161 161 161 160 160 159 159 160 161 161 161 161 160 160 159 159 158 158 158 157 158 159 159 159 159 159 159 159 159 159 158 159 159 159 158 158 158 158 158 158 158 158 158 159 159 158 157 157 157 157 157 157 157 157 157 157 157 157 157 157 157 157 157 157 157 157 156 156 156 156 156 156 156 156 156 156 156 156 156 156 156 156 156 156 156 155 155 155 155 155 155 155 155 155 155 155 155 155 155 155 155 155 155 155 155 154 154 154 154 154 154 154 154 154 154 154 153 153 153 153 153 153 153 153 153 153 153 153 153 153 152 152 152 152 152 152 152 152 152 152 152 152 152 152 152 152 152 152 151 151 151 151 151 151 153 153 152 152 152 152 152 151 151 152 152 152 152 152 151 151 150 151 151 150 150 150 150 150 150 150 150 149 149 149 149 148 148 148 148 148 148 148 148 148 148 147 147 147 148 147 147 147 147 147 147 146 146 146 146 146 145 145 145 145 145 144 144 144 144 144 144 144 143 143 143 142 142 142 142 142 142 141 141 141 141 141 141 141 141 141 141 141 141 140 140 140 139 139 139 138 139 139 0 0 0 0 0 0 0 0 0 0 0 0 0 0 0 0 0 0 0 0 0 0 0 0 0 0 0 0 0 0 0 0 0 0 0 0 0 0 0 0 0 0 0 0 0 0 0 0 0 0 0 0 0 0 0 0 0 0 0 0 0 0 0 
0 0 0 0 0 0 0 0 0 0 0 0 0 0 0 0 0 0 0 0 0 0 0 0 0 0 0 0 0 0 0 0 0 0 0 0 0 0 0 0 0 0 0 0 0 0 0 0 0 0 0 0 0 0 0 0 0 0 0 0 0 0 0 0 0 0 0 0 0 0 0 0 0 0 0 0 0 0 0 0 0 157 157 158 158 157 157 157 157 157 157 158 158 159 158 159 159 160 160 160 160 161 160 160 160 160 160 161 161 161 161 161 162 162 162 162 161 161 160 160 161 161 161 160 161 161 161 161 161 161 161 161 160 161 161 161 161 160 160 160 160 161 160 161 161 160 159 160 160 161 160 159 159 159 159 159 159 159 159 159 159 159 159 159 159 159 160 160 160 160 159 159 159 160 160 160 160 160 160 160 161 160 160 161 161 161 161 161 161 161 161 160 159 159 159 159 160 161 161 160 160 159 159 159 159 159 158 157 157 158 158 158 158 159 160 160 160 159 159 158 158 159 159 158 158 158 158 158 158 158 159 159 159 158 157 157 157 157 157 157 157 157 157 157 157 157 157 157 157 157 157 157 156 156 156 157 156 156 156 156 156 156 156 156 156 156 156 156 156 156 156 156 156 156 156 156 155 155 155 155 155 155 155 155 155 155 155 154 155 155 155 155 155 154 154 154 154 154 154 154 154 154 154 153 153 153 153 153 153 153 153 153 153 154 153 153 153 153 152 152 152 152 152 152 152 152 152 152 152 152 152 152 152 152 152 151 151 151 151 151 151 151 153 153 152 152 152 152 152 152 151 151 152 152 152 151 151 150 150 151 151 151 150 150 149 149 150 150 150 150 149 149 149 149 148 148 148 148 148 149 149 149 148 148 147 147 147 147 147 147 147 147 147 146 146 145 146 146 145 145 145 145 145 145 144 144 144 144 144 144 143 143 143 142 142 142 142 142 142 141 141 141 142 142 141 141 140 141 140 141 141 141 141 140 140 139 139 138 138 138 0 0 0 0 0 0 0 0 0 0 0 0 0 0 0 0 0 0 0 0 0 0 0 0 0 0 0 0 0 0 0 0 0 0 0 0 0 0 0 0 0 0 0 0 0 0 0 0 0 0 0 0 0 0 0 0 0 0 0 0 0 0 0 
0 0 0 0 0 0 0 0 0 0 0 0 0 0 0 0 0 0 0 0 0 0 0 0 0 0 0 0 0 0 0 0 0 0 0 0 0 0 0 0 0 0 0 0 0 0 0 0 0 0 0 0 0 0 0 0 0 0 0 0 0 0 0 0 0 0 0 0 0 0 0 0 0 0 0 0 0 0 0 0 0 0 157 157 158 158 158 158 159 158 157 157 157 157 158 159 159 159 160 160 160 160 160 160 160 160 160 160 161 161 161 161 162 162 162 162 162 161 161 161 161 162 161 161 161 161 161 161 160 160 160 160 160 160 161 161 161 161 160 161 161 160 160 160 161 160 160 159 160 160 160 159 159 159 159 159 159 159 159 160 159 159 159 159 159 159 159 159 160 159 159 159 159 160 160 160 160 160 160 161 160 160 160 160 160 160 161 161 161 161 160 160 159 159 159 159 159 160 161 161 160 159 159 158 159 158 158 157 157 158 158 158 158 158 159 160 159 158 158 158 158 158 158 158 158 158 158 158 158 159 158 158 158 159 158 158 157 157 157 157 157 157 157 157 157 157 157 157 157 157 157 156 157 156 156 157 156 156 156 156 156 156 156 156 156 156 156 156 156 156 156 156 156 156 156 156 156 156 155 155 155 155 155 155 155 155 154 154 154 154 154 154 155 154 154 154 154 154 154 154 154 154 154 154 153 153 153 153 153 153 153 153 153 153 153 153 153 152 152 152 152 152 152 152 152 152 152 152 152 152 152 152 152 151 151 151 151 151 151 151 151 151 153 153 152 152 152 152 152 152 152 151 152 152 152 151 151 151 150 151 152 151 150 150 150 150 150 150 150 150 150 150 150 150 149 149 149 149 149 149 149 149 149 148 147 147 147 147 147 147 147 147 147 147 146 145 145 145 145 145 145 145 145 145 145 144 144 144 143 144 143 143 143 142 142 142 142 142 142 142 142 142 142 142 142 142 141 141 141 141 140 140 141 141 140 139 140 139 139 139 139 0 0 0 0 0 0 0 0 0 0 0 0 0 0 0 0 0 0 0 0 0 0 0 0 0 0 0 0 0 0 0 0 0 0 0 0 0 0 0 0 0 0 0 0 0 0 0 0 0 0 0 0 0 0 0 0 0 0 0 0 0 0 
0 0 0 0 0 0 0 0 0 0 0 0 0 0 0 0 0 0 0 0 0 0 0 0 0 0 0 0 0 0 0 0 0 0 0 0 0 0 0 0 0 0 0 0 0 0 0 0 0 0 0 0 0 157 0 0 0 0 0 0 0 0 0 0 0 156 155 0 0 0 0 0 0 0 0 0 0 0 0 0 0 157 157 158 158 158 158 158 159 159 159 158 158 158 158 157 158 159 160 160 160 160 160 160 160 160 161 161 161 161 161 161 161 162 162 162 162 161 161 161 162 162 162 161 161 162 162 161 161 161 161 162 161 160 160 161 161 161 161 161 161 161 160 161 162 162 161 160 160 160 160 159 159 159 160 160 160 160 160 159 159 159 159 159 159 159 159 159 159 159 159 159 159 160 160 160 160 160 160 161 160 160 160 160 160 160 161 161 161 161 160 160 160 160 160 160 159 159 160 160 160 159 159 159 158 158 158 158 158 158 158 158 158 159 160 160 160 160 159 158 158 158 158 158 158 158 158 158 158 158 158 158 158 158 158 158 157 157 157 157 157 157 157 157 157 157 157 157 157 156 157 157 157 157 156 156 156 156 156 157 156 156 156 156 156 156 156 156 156 156 156 156 156 156 156 156 156 155 155 155 155 155 155 155 155 155 155 154 154 154 154 154 154 154 154 154 154 154 154 154 154 154 154 154 153 153 153 153 153 153 153 153 153 153 153 153 153 152 152 152 152 152 152 152 152 152 152 152 152 152 152 152 152 152 151 151 151 151 151 151 151 151 153 152 152 152 152 152 152 152 153 152 152 152 152 152 152 151 151 150 151 151 151 150 151 150 150 150 150 150 151 151 151 151 150 150 150 150 150 149 149 149 149 148 148 147 147 147 147 147 147 147 147 147 146 145 145 145 145 145 145 145 144 144 144 144 144 144 143 144 143 143 143 142 142 142 142 142 142 142 142 142 141 141 142 142 141 141 141 141 141 141 141 141 141 140 140 139 140 140 139 0 0 0 0 0 0 0 0 0 0 0 0 0 0 0 0 0 0 0 0 0 0 0 0 0 0 0 0 0 0 0 0 0 0 0 0 0 0 0 0 0 0 0 0 0 0 0 0 0 0 0 0 0 0 0 0 0 0 0 0 0 0 
0 0 0 0 0 0 0 0 0 0 0 0 0 0 0 0 0 0 0 0 0 0 0 0 0 0 0 0 0 0 0 0 0 0 0 0 0 0 0 0 0 0 0 0 0 0 0 0 0 0 0 0 0 0 0 157 0 157 0 0 0 0 0 157 156 156 155 155 0 0 0 0 0 0 0 0 0 0 0 0 0 0 157 157 158 158 158 158 158 159 159 159 159 159 159 158 158 158 159 159 160 160 160 160 160 160 160 161 161 161 161 161 161 161 161 161 162 162 161 162 161 161 161 161 161 162 162 162 162 162 162 162 162 162 161 161 161 162 162 162 162 161 160 160 161 161 161 161 161 161 161 160 160 160 160 159 159 159 159 159 159 160 159 159 160 160 159 159 159 159 159 159 160 160 160 160 160 161 160 159 159 160 160 160 160 160 161 161 161 161 161 161 161 161 161 161 160 160 160 160 160 159 160 159 158 158 158 158 158 157 157 158 158 159 160 159 159 159 159 159 159 159 159 158 158 157 157 158 158 158 158 158 158 158 158 158 157 157 157 157 157 157 157 157 157 157 156 157 156 156 157 157 157 157 156 156 156 156 156 156 156 156 156 156 156 155 155 155 155 155 156 156 156 156 155 155 155 155 155 155 155 155 155 155 155 155 155 155 154 154 154 154 154 154 154 154 154 154 154 154 154 154 154 154 153 153 153 153 153 153 153 153 153 153 153 153 153 152 152 152 152 152 152 152 152 152 152 151 151 151 152 152 152 152 152 151 151 151 151 151 151 151 153 152 152 152 152 152 152 152 152 153 152 152 152 152 152 151 151 151 151 152 151 151 151 151 151 151 150 151 150 151 151 151 151 151 150 150 150 150 149 149 149 148 148 148 147 147 147 147 147 147 146 146 146 145 145 145 145 145 145 145 144 144 144 144 144 144 143 143 143 143 143 142 142 142 142 142 142 142 141 141 142 142 142 142 142 141 141 141 140 140 140 140 140 140 140 140 140 140 140 0 0 0 0 0 0 0 0 0 0 0 0 0 0 0 0 0 0 0 0 0 0 0 0 0 0 0 0 0 0 0 0 0 0 0 0 0 0 0 0 0 0 0 0 0 0 0 0 0 0 0 0 0 0 0 0 0 0 0 0 0 0 
0 0 0 0 0 0 0 0 0 0 0 0 0 0 0 0 0 0 0 0 0 0 0 0 0 0 0 0 0 0 0 0 0 0 0 0 0 0 0 0 0 0 0 0 0 0 0 0 0 0 0 0 156 156 156 157 157 157 158 158 158 158 158 157 156 156 156 156 155 156 0 0 0 0 0 0 0 0 0 0 0 0 0 156 157 157 157 157 158 158 159 159 159 160 159 159 159 159 158 159 160 160 159 160 160 160 161 161 160 160 161 161 161 161 161 161 162 162 162 162 161 161 161 161 161 161 161 161 161 161 161 161 161 162 161 161 160 161 162 162 162 162 161 161 160 160 161 161 161 161 161 160 160 159 159 159 159 159 159 160 160 159 159 159 159 160 160 160 159 159 159 159 160 161 160 160 160 160 160 160 160 160 160 160 160 160 161 161 161 162 162 162 162 162 162 161 161 161 161 160 159 160 160 159 158 158 158 158 158 158 158 157 158 159 159 159 159 158 158 158 158 159 159 158 158 157 158 158 158 158 158 158 158 158 158 158 158 158 158 157 157 157 157 157 157 157 157 156 156 156 156 156 157 157 156 156 156 156 156 156 156 156 156 156 156 156 156 156 155 155 155 155 155 155 155 155 155 155 155 155 155 155 155 155 155 155 155 155 155 154 154 154 154 154 154 154 154 154 154 154 154 154 154 154 154 153 153 153 153 153 153 153 153 153 153 153 153 153 152 152 152 152 152 152 152 152 152 152 151 151 151 152 152 152 152 151 151 151 151 151 151 151 153 152 152 152 152 152 152 152 152 152 152 152 152 152 152 152 151 151 151 151 152 152 152 152 152 151 151 150 150 150 150 150 150 150 150 150 150 150 149 149 149 149 149 148 148 147 147 147 147 147 146 146 146 145 145 145 145 145 145 145 144 144 144 144 144 144 144 143 143 143 143 142 142 142 142 142 142 141 141 142 142 141 142 141 142 141 141 141 141 140 140 140 141 140 140 139 139 140 140 0 0 0 0 0 0 0 0 0 0 0 0 0 0 0 0 0 0 0 0 0 0 0 0 0 0 0 0 0 0 0 0 0 0 0 0 0 0 0 0 0 0 0 0 0 0 0 0 0 0 0 0 0 0 0 0 0 0 0 0 0 0 
0 0 0 0 0 0 0 0 0 0 0 0 0 0 0 0 0 0 0 0 0 0 0 0 0 0 0 0 0 0 0 0 0 0 0 0 0 0 0 0 0 0 0 0 0 0 0 0 0 0 0 0 156 156 156 157 158 157 157 157 156 156 156 156 156 156 156 156 156 0 0 0 0 157 158 158 0 0 0 0 0 0 157 157 157 157 157 158 158 158 158 159 159 160 160 160 159 159 159 159 159 159 159 160 160 160 160 160 160 160 161 161 161 161 161 161 162 162 162 162 162 161 161 162 162 162 162 161 161 161 161 161 161 161 161 161 161 161 161 162 162 162 162 161 161 161 160 161 161 161 161 161 160 160 160 159 159 159 160 160 160 160 160 160 159 159 159 159 159 159 159 160 160 160 160 159 160 160 160 161 161 160 160 160 160 160 161 161 161 161 161 162 162 162 162 162 162 161 161 161 160 160 160 159 159 158 159 158 158 158 157 158 157 158 158 158 158 158 158 158 158 159 159 159 158 158 158 158 158 157 158 158 158 158 159 159 159 159 158 157 157 157 157 156 157 157 157 157 156 156 156 156 156 156 156 156 156 156 156 156 157 156 156 156 156 155 155 155 155 155 155 155 155 155 155 155 155 155 155 155 155 155 155 155 155 155 155 154 154 154 154 154 154 154 154 154 154 154 154 154 154 154 154 154 153 153 153 153 153 153 153 153 153 153 153 153 153 153 152 152 152 152 152 152 152 152 152 152 152 151 151 151 151 151 151 151 151 151 151 151 151 151 152 153 153 152 152 152 152 152 152 152 152 152 151 151 151 151 151 151 151 151 151 151 151 151 151 151 151 150 150 150 150 150 150 150 150 150 149 149 149 149 149 149 149 148 148 147 147 147 147 147 147 146 146 145 145 145 145 145 145 145 145 145 144 144 144 144 143 143 143 143 143 142 142 142 142 142 142 141 141 142 141 141 141 141 141 142 142 141 141 140 140 140 140 140 139 140 139 139 140 0 0 0 0 0 0 0 0 0 0 0 0 0 0 0 0 0 0 0 0 0 0 0 0 0 0 0 0 0 0 0 0 0 0 0 0 0 0 0 0 0 0 0 0 0 0 0 0 0 0 0 0 0 0 0 0 0 0 0 0 0 0 
0 0 0 0 0 0 0 0 0 0 0 0 0 0 0 0 0 0 0 0 0 0 0 0 0 0 0 0 0 0 0 0 0 0 0 0 0 0 0 0 0 0 0 0 0 0 0 0 0 0 0 0 157 156 157 157 157 158 157 157 156 156 156 157 157 157 158 157 157 156 0 157 156 156 157 158 158 158 159 159 160 159 158 157 157 157 158 158 158 158 158 158 158 159 160 160 160 160 159 160 159 159 160 161 160 160 160 160 160 160 161 161 161 161 161 161 162 162 162 162 162 162 162 161 162 162 162 162 161 161 161 161 161 161 161 161 161 162 161 161 162 162 162 162 162 162 161 161 160 161 161 160 160 160 159 159 160 160 160 160 159 160 160 160 160 160 160 160 160 159 159 159 159 160 160 159 159 159 159 160 160 160 160 160 161 161 161 161 161 161 161 161 161 161 161 161 161 161 161 161 161 161 161 159 158 158 158 158 158 158 158 157 157 157 157 157 158 158 157 158 158 159 159 158 158 158 158 158 158 158 158 158 158 158 158 158 158 159 159 158 158 158 158 157 157 158 157 157 156 156 156 157 156 156 156 156 156 156 156 156 156 156 156 155 155 155 156 156 156 155 155 155 155 155 155 155 155 155 155 155 155 155 155 155 155 154 154 154 154 154 154 154 154 154 154 154 154 154 154 154 154 154 154 154 153 153 153 153 153 153 153 153 153 153 153 153 153 153 152 152 152 152 152 152 152 152 152 152 152 152 151 151 151 151 151 151 151 151 151 151 151 151 152 152 152 152 152 152 152 151 152 152 152 152 151 151 151 151 151 151 151 150 151 150 150 150 151 151 151 150 150 150 150 150 150 150 150 150 149 149 149 149 149 149 149 148 148 148 147 147 147 147 147 147 146 146 145 145 144 145 145 144 144 144 144 144 144 144 143 143 143 143 142 142 142 142 142 142 142 142 142 141 141 141 141 141 141 141 141 141 141 141 140 140 140 140 140 140 140 140 140 0 0 0 0 0 0 0 0 0 0 0 0 0 0 0 0 0 0 0 0 0 0 0 0 0 0 0 0 0 0 0 0 0 0 0 0 0 0 0 0 0 0 0 0 0 0 0 0 0 0 0 0 0 0 0 0 0 0 0 0 0 0 
0 0 0 0 0 0 0 0 0 0 0 0 0 0 0 0 0 0 0 0 0 0 0 0 0 0 0 0 0 0 0 0 0 0 0 0 0 0 0 0 0 0 0 0 0 0 0 0 0 0 0 0 157 156 157 157 158 158 157 157 156 157 157 157 157 157 158 158 157 157 157 0 0 157 157 157 157 157 158 158 159 158 158 158 158 157 157 157 158 158 158 158 158 159 159 159 159 159 160 160 160 160 160 160 160 160 160 160 160 161 161 161 161 161 161 161 161 161 161 161 162 162 162 162 162 162 162 162 162 161 162 162 162 162 162 162 162 162 161 161 161 161 161 161 161 161 161 160 160 160 160 160 160 159 159 160 160 161 160 160 159 160 160 161 160 160 160 160 160 160 159 159 159 159 159 159 160 160 160 160 159 160 160 160 161 161 161 161 161 161 161 161 161 161 161 160 160 160 161 161 161 161 161 160 159 158 158 158 158 158 158 158 158 158 157 156 157 157 157 158 158 158 158 158 158 158 158 158 158 158 158 159 158 158 158 158 158 158 158 159 159 159 159 158 158 159 159 158 157 157 157 157 156 156 156 156 156 156 156 156 156 156 155 156 156 156 155 155 155 155 155 155 155 155 155 155 155 155 155 155 155 155 155 155 154 154 154 154 154 154 154 154 154 154 154 154 154 154 154 154 154 153 153 153 153 153 153 153 153 153 153 153 153 153 153 153 152 153 152 152 152 152 152 152 152 152 152 152 152 152 151 151 151 151 151 151 151 151 151 151 151 151 152 152 152 152 152 152 151 152 152 151 152 152 152 151 151 151 151 151 151 150 150 150 150 151 151 150 150 150 150 150 150 150 150 150 150 150 150 149 149 149 149 148 149 149 148 148 147 147 147 147 147 147 147 146 145 145 145 144 144 144 144 144 144 144 144 143 143 143 143 143 142 142 142 142 142 142 142 141 141 141 141 141 141 141 141 141 140 140 140 141 141 140 140 140 140 140 139 140 140 0 0 0 0 0 0 0 0 0 0 0 0 0 0 0 0 0 0 0 0 0 0 0 0 0 0 0 0 0 0 0 0 0 0 0 0 0 0 0 0 0 0 0 0 0 0 0 0 0 0 0 0 0 0 0 0 0 0 0 0 0 0 
0 0 0 0 0 0 0 0 0 0 0 0 0 0 0 0 0 0 0 0 0 0 0 0 0 0 0 0 0 0 0 0 0 0 0 0 0 0 0 0 0 0 0 0 0 0 0 0 0 0 0 0 157 157 158 157 158 158 158 158 157 157 157 158 159 158 158 157 157 156 0 0 0 157 157 157 157 157 157 158 158 158 158 157 158 158 157 157 158 158 158 158 158 159 159 159 159 159 159 160 160 160 160 160 160 160 160 160 160 161 161 161 161 162 161 161 161 161 161 161 161 162 162 162 162 162 162 162 162 162 162 162 162 162 162 162 162 161 161 162 162 162 161 161 161 161 161 160 159 159 160 160 160 160 160 160 161 161 160 160 159 160 160 160 160 160 160 160 159 160 160 160 159 159 160 160 160 160 161 160 160 160 161 161 161 161 161 161 160 161 161 161 161 161 160 160 160 160 160 160 161 161 161 160 160 159 159 159 158 158 158 158 158 158 157 156 157 157 157 158 159 158 158 158 158 158 158 158 158 158 158 158 158 158 159 159 159 159 159 159 159 159 159 159 159 159 159 159 158 158 157 157 157 157 157 156 156 155 156 156 156 156 156 156 156 156 155 155 155 155 155 155 155 155 155 155 155 155 155 155 155 155 155 155 154 154 154 154 154 154 154 154 154 154 154 154 154 154 154 154 154 153 153 153 153 153 153 153 153 153 153 153 153 153 153 153 152 152 152 152 152 152 152 152 152 152 152 152 152 152 151 151 151 151 151 151 151 151 151 151 151 151 153 152 152 152 152 152 151 151 151 151 151 151 151 151 151 151 151 151 150 150 150 151 151 150 150 150 150 150 150 150 150 150 150 150 150 149 149 149 149 149 148 148 148 148 148 148 148 148 148 147 147 147 147 146 146 145 145 145 145 144 144 144 144 143 143 143 143 143 143 142 142 142 142 142 141 142 141 141 141 141 141 141 141 141 140 140 140 140 140 140 140 140 140 140 140 139 139 139 140 0 0 0 0 0 0 0 0 0 0 0 0 0 0 0 0 0 0 0 0 0 0 0 0 0 0 0 0 0 0 0 0 0 0 0 0 0 0 0 0 0 0 0 0 0 0 0 0 0 0 0 0 0 0 0 0 0 0 0 0 0 0 
0 0 0 0 0 0 0 0 0 0 0 0 0 0 0 0 0 0 0 0 0 0 0 0 0 0 0 0 0 0 0 0 0 0 0 0 0 0 0 0 0 0 0 0 0 0 0 0 0 0 0 0 157 157 157 157 158 159 159 159 158 158 158 158 159 158 158 157 157 157 156 0 0 157 157 158 157 158 158 158 158 158 158 158 157 157 157 157 157 158 158 158 159 159 159 159 158 159 159 160 160 160 161 161 161 160 160 159 160 160 161 161 161 161 161 161 161 161 161 161 161 161 161 161 161 162 162 162 162 162 162 162 162 162 161 161 161 161 162 162 163 163 162 163 162 162 162 161 160 159 160 160 160 160 160 160 161 161 160 160 160 160 160 160 160 160 160 160 159 160 160 159 159 159 159 160 160 160 161 161 161 161 161 161 161 160 160 160 160 160 160 161 161 161 161 160 160 160 159 159 159 160 160 160 160 160 160 159 159 159 159 159 158 158 157 157 157 157 158 158 159 159 158 158 158 159 158 159 159 158 158 159 158 158 159 159 159 159 159 159 159 159 159 159 158 158 158 158 158 158 158 158 158 157 157 156 156 156 156 156 156 156 156 156 156 155 155 155 155 155 155 155 155 155 155 155 155 155 155 155 155 155 155 155 154 154 154 154 154 154 154 154 154 154 154 154 154 154 154 154 153 153 153 153 153 153 153 153 153 153 153 153 153 153 153 153 152 152 152 152 152 152 152 152 152 152 152 152 152 151 152 151 152 151 151 151 151 151 151 151 151 151 153 152 152 152 152 152 152 152 151 151 151 151 151 151 151 151 151 151 151 150 151 151 151 150 150 150 150 150 150 150 150 150 150 150 149 149 149 149 148 148 149 149 149 148 148 148 148 147 147 147 147 147 146 146 146 146 145 145 144 144 143 143 143 143 143 143 143 142 142 142 142 142 142 142 141 141 142 142 141 141 141 141 141 140 140 140 140 140 140 140 140 140 140 140 140 139 139 139 140 140 0 0 0 0 0 0 0 0 0 0 0 0 0 0 0 0 0 0 0 0 0 0 0 0 0 0 0 0 0 0 0 0 0 0 0 0 0 0 0 0 0 0 0 0 0 0 0 0 0 0 0 0 0 0 0 0 0 0 0 0 0 
0 0 0 0 0 0 0 0 0 0 0 0 0 0 0 0 0 0 0 0 0 0 0 0 0 0 0 0 0 0 0 0 0 0 0 0 0 0 0 0 0 0 0 0 0 0 0 0 0 0 0 0 157 157 158 158 159 159 158 158 157 157 158 158 159 159 158 157 157 157 156 158 158 157 158 158 158 158 158 159 159 158 158 158 158 158 157 157 157 157 157 158 158 160 160 159 158 159 159 159 160 160 160 161 161 161 160 160 160 160 161 161 161 161 161 161 161 161 161 161 161 161 161 162 162 162 162 162 162 162 162 162 162 162 162 161 161 161 161 161 161 161 161 162 162 162 161 160 160 160 160 160 160 160 160 161 161 161 161 161 160 161 160 160 159 160 160 160 159 159 159 159 159 159 159 159 159 160 160 161 161 161 161 161 161 161 161 161 160 160 160 161 160 161 161 160 160 160 160 159 159 159 160 159 159 160 161 160 160 160 159 158 157 157 156 156 157 157 157 157 158 159 159 159 159 159 159 159 159 159 159 159 159 159 159 159 159 159 159 159 159 159 159 159 159 158 158 158 158 158 158 158 158 157 157 156 156 156 156 156 156 156 156 156 156 156 156 156 155 155 155 155 155 155 155 155 155 155 155 155 155 155 155 155 155 154 154 154 154 154 154 154 154 154 154 154 154 154 154 154 153 153 153 153 153 153 153 153 153 153 153 153 153 153 153 153 152 152 152 152 152 152 152 152 152 152 152 152 152 152 152 152 151 151 151 151 151 151 151 151 151 151 153 152 152 152 152 152 152 152 151 151 151 151 151 151 151 151 151 150 150 150 150 150 150 150 150 150 150 150 150 150 150 150 150 150 149 149 149 148 148 149 149 149 148 148 148 148 147 147 147 146 146 146 146 146 146 145 145 145 144 144 143 143 143 143 143 143 143 143 142 142 143 142 142 141 141 141 141 141 141 141 141 141 140 141 141 140 140 140 140 140 139 139 139 139 139 139 139 139 139 139 0 0 0 0 0 0 0 0 0 0 0 0 0 0 0 0 0 0 0 0 0 0 0 0 0 0 0 0 0 0 0 0 0 0 0 0 0 0 0 0 0 0 0 0 0 0 0 0 0 0 0 0 0 0 0 0 0 0 0 0 0 
0 0 0 0 0 0 0 0 0 0 0 0 0 0 0 0 0 0 0 0 0 0 0 0 0 0 0 0 0 0 0 0 0 0 0 0 0 0 0 0 0 0 0 0 0 0 0 0 0 0 0 158 158 157 158 158 158 159 158 157 157 157 157 158 158 158 158 157 157 156 158 158 158 157 158 158 159 158 158 158 159 159 159 158 158 158 157 157 157 157 157 158 158 158 159 158 158 159 159 159 159 159 160 160 160 160 160 160 160 160 161 161 161 161 161 161 161 161 161 162 162 162 162 162 162 162 162 162 162 162 162 162 162 162 162 162 162 161 162 162 162 162 161 161 161 161 160 160 160 160 161 160 160 161 161 161 161 160 160 160 160 159 159 159 159 159 159 159 159 159 159 159 160 160 159 159 159 159 159 160 161 161 161 161 161 161 161 161 160 159 159 159 160 160 160 160 159 159 160 159 159 159 160 159 159 159 160 160 160 160 159 158 157 157 156 156 157 157 158 158 158 158 159 160 160 159 159 159 159 159 159 159 159 160 160 160 159 159 158 158 158 158 159 159 159 158 158 158 158 158 158 158 158 158 158 157 157 157 156 156 156 156 156 156 156 156 156 155 155 155 155 155 155 155 155 155 155 155 155 155 155 155 155 154 154 154 154 154 154 154 154 154 154 154 154 154 154 154 154 153 153 153 153 153 153 153 153 153 153 153 153 153 153 153 152 153 152 152 152 152 152 152 152 151 151 152 152 152 152 152 151 151 151 151 151 151 151 151 150 150 150 150 152 152 152 152 152 152 152 151 151 151 151 151 151 151 151 151 150 150 150 150 150 150 150 150 150 150 150 150 150 150 150 150 149 149 148 148 149 149 149 149 149 148 148 148 147 147 147 147 146 146 146 146 146 146 146 146 145 145 144 144 144 144 143 143 143 143 143 143 142 142 142 142 142 142 141 141 141 141 141 141 141 141 141 140 140 140 139 139 139 139 139 139 139 139 139 139 139 139 139 139 0 0 0 0 0 0 0 0 0 0 0 0 0 0 0 0 0 0 0 0 0 0 0 0 0 0 0 0 0 0 0 0 0 0 0 0 0 0 0 0 0 0 0 0 0 0 0 0 0 0 0 0 0 0 0 0 0 0 0 0 0 
0 0 0 0 0 0 0 0 0 0 0 0 0 0 0 0 0 0 0 0 0 0 0 0 0 0 0 0 0 0 0 0 0 0 0 0 0 0 0 0 0 0 0 0 0 0 0 0 0 0 158 158 158 158 158 157 157 158 158 158 158 158 157 157 157 157 157 157 156 157 158 159 158 158 158 159 159 159 159 159 160 160 159 159 159 158 158 158 158 158 157 157 158 158 158 159 160 160 160 160 160 159 159 159 159 160 160 160 160 160 160 160 161 161 161 161 161 161 161 161 161 162 162 162 162 162 162 162 161 161 162 162 162 162 162 163 162 162 162 163 163 163 162 161 161 161 160 160 160 160 160 160 160 161 161 161 161 160 160 160 160 159 159 159 159 159 160 159 159 159 159 159 160 160 160 159 159 159 160 160 161 160 160 160 160 161 161 161 160 160 160 159 159 159 160 160 159 158 158 158 158 158 159 158 158 159 159 159 159 159 159 159 158 157 156 156 157 157 158 158 158 159 159 159 159 158 158 159 159 158 158 159 159 159 159 160 159 159 158 158 158 158 158 158 158 158 158 158 158 158 158 158 158 158 157 157 157 157 157 157 156 156 156 156 157 156 156 156 156 155 155 155 155 155 155 155 155 155 155 155 155 154 154 154 154 154 154 154 154 154 154 154 153 154 154 154 154 154 153 153 153 153 153 153 153 153 153 153 153 153 153 153 153 152 153 153 153 152 152 152 152 152 152 152 151 151 151 152 152 152 152 151 151 151 151 151 151 151 151 150 150 150 152 152 152 152 152 152 152 151 151 151 151 151 151 151 151 151 150 150 150 150 150 150 150 150 150 150 150 150 150 150 149 149 149 149 149 149 149 149 149 149 148 148 148 148 147 147 147 146 146 146 146 146 146 146 146 145 145 145 144 143 144 144 143 143 143 143 143 143 142 142 142 142 142 142 141 141 141 141 141 141 140 140 140 140 140 140 140 140 140 140 140 139 139 139 139 139 139 139 139 139 139 0 0 0 0 0 0 0 0 0 0 0 0 0 0 0 0 0 0 0 0 0 0 0 0 0 0 0 0 0 0 0 0 0 0 0 0 0 0 0 0 0 0 0 0 0 0 0 0 0 0 0 0 0 0 0 0 0 0 0 0 
0 0 0 0 0 0 0 0 0 0 0 0 0 0 0 0 0 0 0 0 0 0 0 0 0 0 0 0 0 0 0 0 0 0 0 0 0 0 0 0 0 0 0 0 0 0 0 0 0 158 157 158 158 159 158 157 157 158 158 157 157 158 157 157 156 156 156 156 157 157 158 158 158 158 158 158 159 159 160 160 160 160 160 160 160 159 160 159 158 158 158 158 158 158 158 159 159 159 160 160 160 160 159 159 159 159 159 160 160 160 160 160 160 160 161 161 161 161 161 161 161 161 161 161 161 161 161 161 161 161 161 161 162 162 162 162 162 162 162 163 163 163 162 162 162 161 160 160 160 160 160 160 160 161 161 160 160 160 159 159 160 159 159 160 160 160 160 159 159 159 159 160 160 160 160 160 160 160 160 160 161 160 160 160 160 161 161 161 161 161 160 160 159 159 159 158 158 159 159 159 158 158 158 158 158 159 159 159 159 159 159 159 159 158 157 156 157 157 158 158 158 159 159 159 158 157 158 158 158 158 158 158 158 158 159 159 159 158 158 158 158 158 158 158 158 158 158 158 158 159 158 158 158 158 157 157 157 157 157 157 157 157 156 156 156 156 156 156 156 156 156 155 155 155 155 155 155 155 155 155 154 154 154 154 154 154 154 154 154 154 154 154 153 154 154 154 154 153 153 153 153 153 153 153 153 153 153 153 153 153 153 153 153 152 153 153 152 152 152 152 152 152 152 152 151 151 151 152 151 152 151 151 151 151 151 151 151 151 151 150 150 150 152 152 152 152 152 152 152 152 151 151 151 151 151 151 151 151 150 150 150 150 150 150 150 150 150 150 150 150 150 150 149 149 149 149 149 149 149 149 148 148 148 148 147 147 147 147 147 147 146 146 146 146 146 146 145 145 145 144 144 143 144 144 144 143 143 144 143 143 143 142 142 142 142 142 142 141 140 140 140 141 141 141 141 140 140 140 140 140 140 140 140 140 140 140 139 139 139 139 139 138 139 0 0 0 0 0 0 0 0 0 0 0 0 0 0 0 0 0 0 0 0 0 0 0 0 0 0 0 0 0 0 0 0 0 0 0 0 0 0 0 0 0 0 0 0 0 0 0 0 0 0 0 0 0 0 0 0 0 0 0 0 
0 0 0 0 0 0 0 0 0 0 0 0 0 0 0 0 0 0 0 0 0 0 0 0 0 0 0 0 0 0 0 0 0 0 0 0 0 0 0 0 0 0 0 0 0 0 0 0 0 157 157 157 158 159 158 157 157 157 158 157 157 157 157 156 156 157 157 158 158 159 158 158 157 157 158 158 158 159 159 159 159 159 159 160 160 160 160 160 159 159 159 158 158 158 158 158 158 159 159 159 160 160 160 160 160 160 160 160 160 160 161 161 161 161 161 161 161 161 161 161 161 161 161 161 161 161 161 162 161 161 161 162 162 162 162 162 162 162 162 162 163 163 162 162 162 162 161 160 160 160 160 160 160 160 161 161 161 161 160 160 159 160 160 159 160 160 160 160 159 159 159 160 160 160 160 161 161 161 161 160 160 160 160 160 160 160 161 160 160 160 160 159 159 159 159 159 159 159 160 159 159 159 158 158 158 159 159 159 159 159 158 158 158 157 157 157 157 158 158 158 158 158 158 158 158 157 158 158 158 157 158 158 158 158 158 158 159 159 158 158 158 158 158 158 157 158 157 157 157 158 158 158 158 157 157 157 157 157 157 157 157 156 157 156 156 156 156 156 155 155 155 155 155 155 155 155 155 155 155 155 154 154 154 154 154 154 154 154 154 154 154 154 154 154 154 154 153 153 153 153 153 153 153 153 153 153 153 153 153 153 153 152 152 152 153 153 152 152 152 152 152 152 152 152 152 152 151 152 151 152 151 151 151 151 151 151 151 151 151 150 151 150 152 152 152 152 152 152 152 152 152 151 151 151 151 151 151 150 150 150 151 150 150 150 150 150 150 150 150 150 150 150 149 149 149 148 148 148 148 148 148 148 148 148 147 147 147 147 147 147 147 146 146 146 146 145 145 145 145 144 144 144 144 144 144 144 143 144 144 143 143 142 142 142 142 142 142 141 141 140 140 140 140 141 141 141 140 140 140 140 140 139 139 139 140 140 139 139 138 138 138 138 138 139 0 0 0 0 0 0 0 0 0 0 0 0 0 0 0 0 0 0 0 0 0 0 0 0 0 0 0 0 0 0 0 0 0 0 0 0 0 0 0 0 0 0 0 0 0 0 0 0 0 0 0 0 0 0 0 0 0 0 0 
0 0 0 0 0 0 0 0 0 0 0 0 0 0 0 0 0 0 0 0 0 0 0 0 0 0 0 0 0 0 0 0 0 0 0 0 0 0 0 0 0 0 0 0 0 0 0 0 0 157 157 157 157 158 158 158 157 157 158 158 157 157 157 157 157 158 158 159 159 160 159 158 158 158 159 158 158 159 159 159 159 159 159 159 160 160 161 161 160 159 158 158 158 158 158 157 157 158 158 158 159 159 160 160 160 161 161 161 161 161 161 161 161 162 161 161 161 161 161 161 161 162 162 162 162 161 161 161 161 162 161 161 162 162 162 162 162 162 162 162 162 162 162 162 162 162 162 162 161 160 160 161 161 161 161 161 161 160 160 159 160 160 161 160 160 160 159 159 159 160 159 159 159 159 160 161 161 161 161 160 160 160 160 160 160 160 160 160 160 160 159 159 159 159 160 159 159 160 160 160 159 158 158 158 157 158 158 158 159 159 159 158 157 157 157 156 157 157 157 157 157 157 158 158 158 157 158 157 157 158 158 158 158 158 158 159 159 159 159 158 158 158 158 158 158 158 158 158 157 157 157 157 157 157 157 157 157 157 157 157 157 156 156 156 156 156 156 156 156 155 155 155 155 155 155 155 155 155 155 155 154 154 154 154 154 154 154 154 154 154 154 154 154 154 154 153 153 153 153 153 153 153 153 153 153 153 153 153 153 153 152 152 152 152 152 152 152 152 152 152 152 152 152 152 152 152 151 151 152 152 151 151 151 151 151 151 151 151 151 151 151 150 152 152 152 152 152 152 152 152 152 151 151 151 151 151 151 150 151 151 150 150 150 150 150 150 150 149 149 149 149 149 149 149 149 148 148 148 148 148 148 148 148 147 147 147 147 147 147 146 147 146 146 145 145 145 145 145 144 144 144 144 144 144 144 144 144 143 144 143 143 143 142 142 142 142 142 142 141 140 140 140 140 140 140 140 140 140 139 140 140 139 139 139 140 139 139 139 138 138 138 138 139 139 139 0 0 0 0 0 0 0 0 0 0 0 0 0 0 0 0 0 0 0 0 0 0 0 0 0 0 0 0 0 0 0 0 0 0 0 0 0 0 0 0 0 0 0 0 0 0 0 0 0 0 0 0 0 0 0 0 0 0 
0 0 0 0 0 0 0 0 0 0 0 0 0 0 0 0 0 0 0 0 0 0 0 0 0 0 0 0 0 0 0 0 0 0 0 0 0 0 0 0 0 0 0 0 0 0 0 0 0 158 157 157 157 157 157 158 158 157 157 158 157 157 158 158 158 159 160 160 159 159 160 159 159 160 159 159 158 158 158 159 159 160 160 160 160 160 161 161 160 159 159 159 159 158 158 158 158 158 157 158 158 159 160 160 160 160 161 162 161 161 161 162 162 161 161 162 162 162 162 162 161 161 162 162 162 162 161 161 161 161 162 161 161 162 162 162 162 162 162 162 162 162 162 162 162 162 162 162 162 161 160 160 160 160 160 161 161 160 160 160 159 160 160 161 161 160 160 159 160 160 159 160 160 160 160 160 161 161 161 161 161 161 161 161 161 160 160 160 160 159 159 159 159 159 160 160 160 160 161 160 159 159 158 158 158 157 157 158 158 159 159 158 158 157 157 156 157 157 157 158 158 158 158 158 158 158 157 157 157 157 157 158 158 159 159 159 159 159 159 159 159 158 158 158 158 159 158 158 158 157 157 157 157 157 157 157 157 157 156 157 157 156 156 156 156 156 155 156 155 155 155 155 155 155 155 155 155 155 155 155 154 154 154 154 154 154 154 154 154 154 154 154 154 154 153 153 153 153 153 153 153 153 153 153 153 153 153 153 152 152 152 152 152 152 152 152 152 152 152 152 152 151 151 151 152 152 151 151 152 151 151 151 151 151 151 151 151 151 151 151 150 150 152 152 152 152 151 151 152 152 152 151 151 151 151 151 150 151 151 150 150 150 150 150 150 150 149 149 149 149 149 149 149 149 149 148 148 148 148 148 148 148 148 147 147 147 147 147 147 146 146 146 145 145 145 144 144 144 144 144 144 144 144 144 144 144 144 144 144 144 143 143 142 142 142 142 142 142 141 141 140 140 140 140 140 139 140 140 139 139 139 139 139 139 139 139 138 138 138 139 138 138 138 138 139 0 0 0 0 0 0 0 0 0 0 0 0 0 0 0 0 0 0 0 0 0 0 0 0 0 0 0 0 0 0 0 0 0 0 0 0 0 0 0 0 0 0 0 0 0 0 0 0 0 0 0 0 0 0 0 0 0 0 
0 0 0 0 0 0 0 0 0 0 0 0 0 0 0 0 0 0 0 0 0 0 0 0 0 0 0 0 0 0 0 0 0 0 0 0 0 0 0 0 0 0 0 0 0 0 0 0 0 159 158 158 157 157 157 157 157 157 157 157 158 157 158 158 158 159 160 159 159 159 159 159 158 160 160 160 160 159 158 159 160 160 160 160 160 161 161 161 161 161 160 160 160 159 159 159 159 159 158 157 158 159 159 160 160 160 160 160 161 160 161 161 161 161 161 161 162 162 162 162 162 161 162 162 162 162 162 162 161 161 161 162 162 162 162 163 162 162 162 162 162 162 162 162 162 162 162 162 162 161 160 160 160 160 160 160 160 160 160 160 160 160 160 160 161 160 160 160 160 160 159 159 160 160 160 160 161 161 161 162 161 161 161 161 160 160 160 160 159 159 159 159 159 160 160 161 161 161 161 161 160 159 159 158 158 158 157 158 159 159 159 158 157 157 157 157 157 157 158 158 158 158 158 158 157 157 157 157 158 158 158 158 158 159 159 160 160 160 161 160 159 158 158 158 159 158 158 157 157 157 157 157 156 157 157 157 157 157 157 156 157 156 156 156 156 156 156 155 155 155 155 155 155 155 155 155 155 155 155 155 155 154 154 154 154 154 154 154 154 154 154 154 153 153 153 153 153 153 153 153 153 153 153 153 152 153 152 152 152 152 152 152 152 152 152 152 152 152 152 152 151 152 151 151 152 152 151 151 151 151 151 151 151 151 151 151 151 151 151 150 150 150 152 152 152 152 151 151 151 151 151 151 151 151 151 151 151 151 151 150 150 150 150 150 150 150 149 149 149 149 149 149 148 148 148 148 147 147 148 148 148 148 147 147 147 147 147 147 146 146 146 146 145 145 145 145 145 145 145 145 144 144 144 144 144 144 144 144 144 144 144 143 143 142 142 143 142 142 141 141 140 140 140 140 140 140 140 140 139 139 139 139 139 139 138 138 138 138 138 138 138 138 138 138 138 139 0 0 0 0 0 0 0 0 0 0 0 0 0 0 0 0 0 0 0 0 0 0 0 0 0 0 0 0 0 0 0 0 0 0 0 0 0 0 0 0 0 0 0 0 0 0 0 0 0 0 0 0 0 0 0 0 0 
0 0 0 0 0 0 0 0 0 0 0 0 0 0 0 0 0 0 0 0 0 0 0 0 0 0 0 0 0 0 0 0 0 0 0 0 0 0 0 0 0 0 0 0 0 0 0 0 0 0 0 159 158 158 157 157 157 157 157 157 158 158 158 158 158 159 160 160 160 159 159 159 159 159 160 160 160 160 159 159 159 160 160 160 160 160 161 161 161 160 161 161 160 160 159 159 159 159 158 158 158 158 158 159 159 159 159 159 160 160 160 160 160 161 161 162 162 162 162 162 162 162 161 162 162 162 162 162 162 161 161 161 162 162 162 162 162 162 162 163 162 162 162 161 162 162 162 162 162 162 161 161 160 160 160 160 160 160 161 160 159 160 160 160 161 161 160 160 160 160 159 159 160 160 161 161 161 161 161 161 161 161 160 160 160 160 160 160 160 160 160 160 160 160 160 161 161 161 162 161 160 160 160 159 158 158 158 157 158 158 158 158 157 157 157 157 157 157 157 157 157 157 157 157 156 157 157 157 158 158 158 158 158 159 159 159 160 160 160 160 159 159 158 159 159 158 158 158 157 157 157 157 157 156 157 157 157 157 156 157 156 156 156 156 155 155 156 155 155 155 155 155 155 155 155 155 155 154 154 154 154 154 154 154 154 154 154 154 154 154 154 153 153 153 153 153 153 153 153 153 153 153 153 153 152 152 152 153 152 152 152 152 152 152 152 152 152 152 152 152 151 151 151 151 152 152 151 151 151 151 151 151 151 151 151 151 151 151 151 150 150 150 152 152 152 152 152 151 151 151 151 151 151 151 151 151 151 151 150 150 150 150 150 150 150 149 149 149 149 149 149 149 148 148 148 147 147 147 147 148 148 148 147 147 147 147 147 146 146 146 146 146 145 145 145 145 145 145 145 145 145 145 144 144 144 144 144 144 144 144 144 143 143 143 143 143 142 142 142 140 140 140 140 139 139 139 139 139 139 139 139 139 139 139 139 139 139 139 138 138 138 138 137 138 138 139 0 0 0 0 0 0 0 0 0 0 0 0 0 0 0 0 0 0 0 0 0 0 0 0 0 0 0 0 0 0 0 0 0 0 0 0 0 0 0 0 0 0 0 0 0 0 0 0 0 0 0 0 0 0 0 0 0 
0 0 0 0 0 0 0 0 0 0 0 0 0 0 0 0 0 0 0 0 0 0 0 0 0 0 0 0 0 0 0 0 0 0 0 0 0 0 0 0 0 0 0 0 0 0 0 0 0 0 0 0 0 159 158 158 158 158 157 157 158 157 158 158 159 159 160 160 160 159 159 160 159 159 159 160 160 161 160 160 160 160 160 160 160 160 161 161 160 160 160 160 160 160 160 159 158 158 158 158 158 159 159 159 159 159 160 160 160 160 160 160 160 160 160 160 161 161 161 161 162 162 162 162 162 162 162 162 162 161 161 161 162 162 162 162 162 162 163 163 163 163 162 162 162 162 162 162 162 162 161 160 160 160 160 161 160 161 161 160 159 159 160 160 161 160 160 160 159 159 160 159 160 160 161 161 162 161 161 161 160 160 160 161 161 160 159 160 161 161 161 161 161 160 160 161 161 161 161 160 160 159 159 159 158 158 158 158 157 157 157 158 157 157 156 156 157 156 156 156 156 156 156 156 157 157 158 158 158 158 159 159 159 159 159 159 159 160 160 159 159 158 159 159 159 159 159 159 158 157 157 157 157 156 156 156 156 156 156 156 156 156 156 156 156 155 155 155 155 155 155 155 155 155 155 155 155 155 154 154 154 154 154 154 154 154 154 154 154 154 153 153 153 153 153 153 153 153 153 153 153 153 153 153 152 152 152 153 152 153 152 152 152 152 152 152 152 152 152 152 152 151 151 152 152 151 151 151 151 151 151 151 151 151 151 151 151 151 151 151 151 150 152 152 152 152 152 151 151 151 151 151 151 151 151 151 151 151 150 150 150 150 150 150 150 149 150 150 149 149 149 148 148 148 148 147 147 147 147 148 148 148 147 147 147 147 147 147 147 147 146 146 146 145 144 144 144 144 144 144 144 145 144 144 144 144 144 143 144 144 144 143 143 143 143 143 142 142 142 141 140 140 140 139 139 139 139 138 138 139 139 138 139 139 139 138 138 138 138 138 138 138 137 138 138 138 138 139 0 139 139 0 0 0 0 0 0 0 0 0 0 0 0 0 0 0 0 0 0 0 0 0 0 0 0 0 0 0 0 0 0 0 0 0 0 0 0 0 0 0 0 0 0 0 0 0 0 0 0 0 0 0 0 
0 0 0 0 0 0 0 0 0 0 0 0 0 0 0 0 0 0 0 0 0 0 0 0 0 0 0 0 0 0 0 0 0 0 0 0 0 0 0 0 0 0 0 0 0 0 0 0 0 0 0 0 0 0 0 159 159 158 158 157 158 158 158 159 159 160 159 159 160 160 159 159 159 160 161 161 161 161 161 160 160 160 161 161 161 161 161 160 160 159 159 159 160 160 160 159 158 158 158 158 159 160 160 160 160 160 160 160 160 160 160 160 160 160 160 160 161 161 162 162 162 162 162 162 162 162 162 162 161 161 161 161 161 162 162 162 162 162 162 162 163 163 162 162 162 162 162 162 162 162 162 161 160 160 161 161 160 161 160 160 159 159 160 160 161 160 160 159 159 160 160 161 160 160 161 162 162 161 160 160 160 160 161 161 160 159 159 160 161 161 161 162 161 161 161 161 161 161 161 161 160 159 158 158 158 158 159 159 158 157 157 157 157 157 157 157 157 157 157 157 157 156 156 156 157 157 157 157 158 158 158 159 159 159 159 159 160 160 160 159 160 159 159 159 159 159 159 159 159 158 157 157 156 156 157 157 156 156 156 156 156 156 156 156 156 155 155 155 155 155 155 155 155 155 155 155 155 154 154 154 154 154 154 154 154 154 154 154 154 153 153 153 153 153 153 153 153 153 153 153 153 153 153 153 152 152 152 153 153 153 152 152 153 152 152 152 152 152 152 152 152 151 152 152 151 151 151 151 151 151 151 151 151 151 151 151 151 151 151 151 151 150 152 152 152 152 152 152 151 151 151 151 151 151 151 151 150 150 150 150 150 150 150 150 150 150 150 149 149 149 148 148 148 148 148 148 148 148 148 147 148 147 147 147 147 147 147 147 146 146 146 145 145 145 144 144 144 144 144 144 144 144 144 144 144 143 143 143 144 144 144 143 143 143 142 142 142 142 142 141 141 141 140 140 140 140 140 139 138 138 138 138 138 138 138 138 138 138 138 138 138 138 138 138 138 138 138 138 138 137 137 137 0 0 0 0 0 0 0 0 0 0 0 0 0 0 0 0 0 0 0 0 0 0 0 0 0 0 0 0 0 0 0 0 0 0 0 0 0 0 0 0 0 0 0 0 0 0 0 0 0 0 0 
0 0 0 0 0 0 0 0 0 0 0 0 0 0 0 0 0 0 0 0 0 0 0 0 0 0 0 0 0 0 0 0 0 0 0 0 0 0 0 0 0 0 0 0 0 0 0 0 0 0 0 0 0 0 0 0 0 159 159 159 159 159 159 159 159 159 159 159 159 159 159 159 159 160 161 161 162 162 161 161 160 160 160 160 161 161 161 160 160 160 159 159 159 160 160 159 159 158 158 158 159 159 160 160 161 161 161 160 161 161 161 161 161 161 161 160 160 161 161 162 162 162 162 162 162 162 162 162 162 162 162 162 162 161 162 162 162 162 162 162 162 162 162 162 163 163 163 163 163 162 162 161 161 161 161 161 161 161 161 161 160 159 159 160 161 160 160 159 160 159 160 160 161 160 161 162 162 161 161 161 161 160 160 161 161 160 159 160 160 160 160 161 161 161 161 161 161 161 161 161 160 159 158 158 159 159 159 158 158 158 157 157 157 158 157 157 157 158 158 158 157 157 156 157 157 157 157 158 158 158 158 158 158 158 158 158 159 159 159 158 159 159 159 159 159 158 159 159 158 158 157 157 157 157 157 157 156 156 156 156 156 156 156 156 156 156 155 155 155 155 155 155 155 155 155 155 155 154 154 154 154 154 154 154 154 154 154 154 153 153 153 153 153 153 153 153 153 153 153 153 153 153 153 153 153 152 153 153 153 154 153 153 153 152 152 152 152 152 152 152 152 152 152 152 151 151 151 151 151 151 151 151 151 151 151 151 151 151 151 150 150 150 152 152 152 151 151 151 151 151 151 151 151 151 151 151 151 150 150 150 150 150 150 150 150 150 149 149 150 150 149 149 149 149 149 149 148 148 148 147 148 147 147 147 146 146 146 146 146 146 145 145 145 145 144 144 144 144 144 144 144 144 144 144 144 144 143 143 143 143 144 143 143 143 142 142 142 142 142 142 142 141 141 140 140 140 140 139 139 138 138 138 138 138 138 138 138 138 138 138 138 138 138 138 137 137 137 137 137 136 136 137 137 0 0 0 0 0 0 0 0 0 0 0 0 0 0 0 0 0 0 0 0 0 0 0 0 0 0 0 0 0 0 0 0 0 0 0 0 0 0 0 0 0 0 0 0 0 0 0 0 0 0 
0 0 0 0 0 0 0 0 0 0 0 0 0 0 0 0 0 0 0 0 0 0 0 0 0 0 0 0 0 0 0 0 0 0 0 0 0 0 0 0 0 0 0 0 0 0 0 0 0 0 0 0 0 0 0 0 0 0 0 0 0 0 160 159 159 159 159 159 159 160 160 160 160 161 161 161 162 162 162 162 161 161 161 161 161 161 161 160 160 160 160 159 159 159 160 159 159 159 158 159 159 159 159 159 160 160 161 161 161 162 161 161 161 161 161 161 161 161 162 162 162 162 162 162 162 162 162 162 162 162 162 162 162 161 162 162 162 162 162 163 162 162 162 162 162 163 163 163 163 163 163 162 162 162 161 161 161 161 161 161 160 159 160 160 160 160 160 160 160 160 160 161 161 161 162 162 161 161 162 162 162 161 161 161 161 160 159 159 160 160 160 160 161 161 161 161 161 161 161 161 161 160 159 159 159 159 158 158 158 158 158 158 158 158 157 157 157 157 157 157 156 156 156 157 157 158 158 158 158 158 157 158 158 157 157 158 158 158 158 158 158 159 159 159 159 158 159 159 159 159 159 158 157 157 156 156 156 156 156 156 156 156 156 156 155 155 156 155 155 155 155 155 155 155 155 154 154 154 154 154 154 154 154 154 154 154 154 153 153 153 153 153 153 153 153 153 153 153 153 153 153 153 153 154 153 152 152 152 152 153 153 154 153 153 152 152 152 152 152 151 152 151 152 152 151 151 151 151 151 151 151 151 151 151 151 151 151 150 150 150 150 150 151 151 151 151 151 151 151 151 151 151 151 151 151 151 151 150 150 150 150 150 150 150 150 149 149 149 150 150 149 149 149 149 149 149 149 148 148 148 148 147 147 146 146 146 146 146 146 146 145 145 145 145 145 144 144 144 144 144 144 144 144 144 143 144 143 143 143 143 143 143 143 142 142 142 142 142 142 142 142 141 141 141 141 140 140 140 139 139 138 138 138 138 138 138 138 138 137 137 137 138 138 137 137 137 137 137 136 136 136 137 137 0 0 0 0 0 0 0 0 0 0 0 0 0 0 0 0 0 0 0 0 0 0 0 0 0 0 0 0 0 0 0 0 0 0 0 0 0 0 0 0 0 0 0 0 0 0 0 0 0 0 
0 0 0 0 0 0 0 0 0 0 0 0 0 0 0 0 0 0 0 0 0 0 0 0 0 0 0 0 0 0 0 0 0 0 0 0 0 0 0 0 0 0 0 0 0 0 0 0 0 0 0 0 0 0 0 0 0 0 0 0 0 0 0 160 160 160 159 159 159 160 161 161 161 161 161 162 162 162 162 162 162 162 162 162 162 162 161 161 161 161 160 159 159 159 159 159 159 158 159 159 159 159 159 159 159 160 160 161 161 161 161 161 162 162 162 161 161 162 162 162 162 162 162 162 162 162 162 162 162 162 162 162 162 161 162 162 162 162 162 163 163 163 162 162 162 162 162 162 162 163 163 162 163 163 162 161 161 161 161 160 160 160 161 161 160 160 160 161 160 160 160 161 161 162 162 162 162 161 162 162 162 162 161 161 161 160 160 160 160 160 160 160 161 161 161 161 161 161 161 161 161 160 159 159 159 159 158 159 159 159 158 158 158 157 157 157 157 157 157 156 156 157 157 157 157 157 158 157 158 158 157 157 157 157 157 158 158 158 158 158 158 158 159 159 159 158 159 159 159 159 159 158 157 157 156 156 156 156 156 156 156 156 156 156 156 155 155 155 155 155 155 155 155 154 155 154 154 154 154 154 154 154 154 154 154 154 153 153 153 153 153 153 153 153 153 153 153 153 153 153 152 153 153 154 153 152 152 152 152 152 153 153 153 152 153 153 153 152 152 152 151 152 152 151 151 151 151 151 151 151 151 151 151 151 151 150 150 150 150 149 149 149 151 151 151 151 151 151 151 151 151 151 151 151 151 151 151 150 150 150 150 150 150 150 149 149 149 149 149 149 149 149 149 149 149 149 149 149 148 148 148 147 147 147 146 146 146 146 146 146 146 145 145 145 145 145 144 144 144 144 144 144 144 144 143 143 143 143 143 143 143 143 143 142 142 142 142 142 142 142 141 141 141 141 141 141 140 140 139 139 138 138 138 138 138 138 137 137 137 137 138 138 138 137 137 137 137 136 136 136 137 137 137 137 137 138 0 0 138 138 0 0 0 0 0 0 0 0 0 0 0 0 0 0 0 0 0 0 0 0 0 0 0 0 0 0 0 0 0 0 0 0 0 0 0 0 0 0 0 0 0 0 0 
0 0 0 0 0 0 0 0 0 0 0 0 0 0 0 0 0 0 0 0 0 0 0 0 0 0 0 0 0 0 0 0 0 0 0 0 0 0 0 0 0 0 0 0 0 0 0 0 0 0 0 0 0 0 0 0 0 0 0 0 0 0 0 0 161 161 161 160 160 160 161 161 161 161 162 162 162 162 162 162 162 162 162 162 162 162 162 162 162 161 161 160 159 159 159 158 159 158 159 160 159 159 159 160 160 160 161 161 161 161 160 160 161 162 162 162 162 162 162 162 162 162 162 162 161 162 162 162 162 162 162 162 162 161 162 162 162 163 163 163 163 163 163 162 163 163 162 162 162 162 162 163 163 163 162 161 160 161 161 160 160 161 162 162 161 160 160 161 161 160 160 160 161 162 162 162 162 162 162 162 162 161 161 161 161 161 160 159 160 160 160 160 160 161 161 161 161 161 161 161 160 161 160 159 159 159 159 159 159 158 158 158 158 158 157 157 158 157 157 157 157 156 157 157 157 157 157 157 158 158 157 157 157 157 158 158 158 158 157 157 158 158 159 158 158 159 159 159 159 159 159 158 157 156 156 157 157 156 156 156 156 156 156 156 156 155 155 155 155 155 155 155 155 155 154 154 155 154 154 154 154 154 154 154 153 153 153 153 153 153 153 153 153 153 153 153 153 153 153 153 153 153 153 153 153 152 152 152 152 152 152 153 154 153 154 154 153 152 152 151 151 151 151 151 151 151 151 151 151 151 151 151 151 151 151 150 150 150 150 150 149 150 151 151 151 151 151 151 151 151 151 150 150 151 151 151 151 150 150 150 150 150 150 150 150 149 149 149 149 149 150 149 149 149 149 149 149 149 148 148 148 148 147 147 146 146 146 146 146 146 146 146 145 145 145 144 144 144 144 144 144 144 144 144 143 143 143 143 143 143 143 143 143 142 142 142 142 142 142 141 141 141 141 141 141 140 140 140 139 138 138 138 137 138 138 137 138 138 138 138 138 138 137 137 136 137 136 136 137 137 137 136 136 136 136 137 137 137 137 137 137 0 0 0 0 0 0 0 0 0 0 0 0 0 0 0 0 0 0 0 0 0 0 0 0 0 0 0 0 0 0 0 0 0 0 0 0 0 0 0 0 0 0 
0 0 0 0 0 0 0 0 0 0 0 0 0 0 0 0 0 0 0 0 0 0 0 0 0 0 0 0 0 0 0 0 0 0 0 0 0 0 0 0 0 0 0 0 0 0 0 0 0 0 0 0 0 0 0 0 0 0 0 0 0 0 0 0 0 161 0 0 161 161 161 161 161 162 162 162 162 162 162 162 162 162 162 162 162 162 162 162 162 162 161 161 160 159 159 159 159 158 159 160 160 160 160 160 160 160 160 161 161 160 160 160 161 162 162 163 163 163 163 162 162 162 162 162 162 162 162 162 162 162 162 162 162 162 162 162 162 162 162 163 163 163 163 163 163 163 162 162 162 163 162 162 163 163 162 161 161 160 161 160 160 161 162 162 161 160 160 160 161 160 160 160 161 161 162 162 162 162 162 162 162 161 160 160 160 160 160 160 159 160 160 161 161 161 161 161 161 161 161 161 161 160 160 159 159 159 159 159 158 158 158 158 157 157 158 158 158 158 157 157 156 156 157 157 157 156 157 157 158 158 157 157 157 158 158 159 158 158 158 158 158 158 158 158 158 159 159 159 159 159 158 158 158 157 157 156 156 156 156 156 156 155 156 156 156 156 155 155 155 155 155 155 155 155 155 154 155 155 154 154 154 154 154 153 154 153 153 153 153 153 153 153 153 153 153 153 153 153 153 153 153 152 153 153 154 153 153 152 152 152 152 153 154 154 153 153 152 152 152 152 152 152 151 151 151 151 151 151 151 151 151 151 151 150 150 150 150 150 150 150 150 150 151 151 151 151 151 151 151 151 151 150 150 150 150 151 151 150 150 150 150 150 150 150 150 150 150 150 150 150 150 150 149 149 149 149 149 149 149 148 148 148 147 147 147 146 146 146 146 146 146 146 145 145 144 144 144 144 144 144 144 144 144 144 143 143 143 143 143 143 143 143 143 142 142 142 142 142 141 141 141 141 141 141 140 140 140 140 139 139 138 138 138 137 137 137 137 137 137 137 138 137 138 137 137 136 137 137 136 136 136 136 136 136 136 136 136 136 136 136 136 137 0 0 0 0 0 0 0 0 0 0 0 0 0 0 0 0 0 0 0 0 0 0 0 0 0 0 0 0 0 0 0 0 0 0 0 0 0 0 0 0 0 
0 0 0 0 0 0 0 0 0 0 0 0 0 0 0 0 0 0 0 0 0 0 0 0 0 0 0 0 0 0 0 0 0 0 0 0 0 0 0 0 0 0 0 0 0 0 0 0 0 0 0 0 0 0 0 0 0 0 0 0 0 0 0 0 0 0 0 0 0 162 162 162 162 162 162 162 162 162 162 162 162 162 162 162 162 162 162 162 162 161 161 161 160 160 160 159 159 158 158 159 159 160 159 159 159 159 160 161 161 160 160 160 161 162 162 163 163 163 163 163 163 163 163 162 162 162 162 162 162 161 162 162 162 162 162 162 162 162 162 162 162 162 162 162 162 162 162 162 162 162 162 162 162 162 162 161 161 161 161 160 160 161 161 161 161 160 160 161 162 161 160 160 161 162 161 161 162 162 161 161 161 161 160 162 161 160 161 161 160 160 160 161 161 161 161 161 161 160 160 160 160 160 159 159 159 159 159 159 159 158 158 158 158 158 157 157 157 157 157 157 156 157 157 156 156 156 156 156 156 157 157 157 158 158 158 158 158 158 158 159 158 158 158 158 158 158 158 158 159 159 158 157 157 156 156 156 156 156 156 156 156 155 155 156 156 156 156 156 155 155 155 155 154 154 154 154 155 154 154 154 154 154 154 154 154 154 154 154 153 154 154 153 153 153 153 153 153 153 153 153 153 153 153 154 154 154 153 153 153 153 153 154 154 153 153 153 153 152 153 152 152 152 151 151 151 151 151 151 151 151 151 151 150 150 150 150 151 150 150 150 150 150 151 151 151 151 151 151 151 151 151 151 150 150 150 150 150 150 150 150 150 150 150 149 150 150 150 150 150 149 149 149 149 149 149 149 149 149 149 149 148 148 148 147 147 146 146 146 146 146 146 145 145 144 144 144 144 144 144 143 143 143 143 143 143 143 143 143 143 143 143 143 143 142 142 142 142 141 141 141 141 141 141 140 140 140 140 139 139 139 139 138 138 138 137 137 136 136 136 137 137 136 137 136 136 136 137 137 137 137 136 136 136 136 136 136 136 136 137 137 137 138 0 0 0 0 0 0 0 0 0 0 0 0 0 0 0 0 0 0 0 0 0 0 0 0 0 0 0 0 0 0 0 0 0 0 0 0 0 0 0 0 0 
0 0 0 0 0 0 0 0 0 0 0 0 0 0 0 0 0 0 0 0 0 0 0 0 0 0 0 0 0 0 0 0 0 0 0 0 0 0 0 0 0 0 0 0 0 0 0 0 0 0 0 0 0 0 0 0 0 0 0 0 0 0 0 0 0 0 0 0 0 0 0 162 162 162 162 162 162 162 162 162 162 162 162 162 162 162 162 162 161 161 161 160 160 160 160 160 159 159 158 158 159 159 159 159 159 160 160 160 160 160 160 160 160 161 162 163 163 163 163 163 163 163 163 162 162 162 162 162 162 162 162 162 162 162 162 162 162 163 163 163 163 163 162 162 162 162 162 162 162 163 163 163 163 163 162 162 161 161 161 160 161 161 161 161 161 160 160 161 162 161 160 160 161 161 161 161 161 162 162 161 161 161 161 162 161 161 161 161 160 160 161 161 161 161 161 161 161 160 160 160 161 160 159 159 158 158 158 159 159 159 159 158 158 157 157 157 157 157 156 156 156 157 156 156 157 157 157 157 157 157 156 157 157 157 158 157 157 157 158 158 158 159 158 158 159 159 159 158 159 159 158 158 158 157 156 157 156 156 156 156 156 155 155 155 156 156 156 156 156 155 155 154 154 154 154 154 154 154 154 154 154 153 154 154 153 153 153 153 153 154 153 153 153 153 153 154 153 153 153 154 154 154 154 154 154 154 154 154 153 153 154 154 154 154 154 154 153 152 153 153 153 152 152 152 152 151 151 151 150 150 150 150 150 151 151 150 151 151 151 151 150 150 152 152 151 152 151 151 151 151 151 151 150 150 150 150 150 150 150 150 150 150 150 150 150 150 150 149 149 149 149 149 149 149 149 149 149 148 148 148 148 148 148 147 147 147 146 146 146 146 145 145 145 144 144 144 144 143 143 143 143 143 143 143 143 143 143 143 143 143 143 143 143 142 142 142 142 141 141 141 141 141 141 140 140 140 139 139 139 139 139 138 137 138 138 137 137 137 136 136 136 136 137 137 137 136 136 136 136 136 136 137 137 136 136 136 136 137 138 137 137 137 138 0 0 0 0 0 0 0 0 0 0 0 0 0 0 0 0 0 0 0 0 0 0 0 0 0 0 0 0 0 0 0 0 0 0 0 0 0 0 0 0 
0 0 0 0 0 0 0 0 0 0 0 0 0 0 0 0 0 0 0 0 0 0 0 0 0 0 0 0 0 0 0 0 0 0 0 0 0 0 0 0 0 0 0 0 0 0 0 0 0 0 0 0 0 0 0 0 0 0 0 0 0 0 0 0 0 0 0 0 0 0 0 0 0 0 0 0 162 162 162 162 162 162 162 162 162 162 162 162 161 160 160 160 159 160 161 160 160 159 158 158 159 158 158 159 159 160 160 160 160 160 160 161 161 162 162 163 162 162 163 163 163 163 163 163 162 162 162 162 162 162 162 162 162 162 162 162 162 162 163 163 163 163 163 162 163 163 163 163 162 163 162 163 163 163 162 161 161 161 160 161 160 161 161 161 161 160 160 160 161 161 161 160 161 161 162 161 161 161 161 161 161 161 162 162 161 161 161 161 161 160 161 161 161 161 161 161 161 160 160 160 160 160 159 159 158 158 158 158 158 159 158 159 158 157 157 157 156 156 156 156 156 157 157 157 157 157 157 158 158 157 157 156 156 157 157 157 157 157 158 158 158 159 159 158 159 159 159 158 158 159 159 159 158 157 156 156 156 156 156 156 156 156 156 155 155 155 155 156 156 156 155 155 154 154 154 154 154 154 154 154 154 153 153 153 153 153 153 154 154 154 154 153 153 153 153 154 154 154 154 154 153 154 153 153 154 154 153 153 153 153 154 154 153 153 154 154 154 153 154 154 153 152 152 152 151 151 151 151 150 150 150 150 151 150 151 151 151 151 151 151 150 150 152 152 152 152 152 152 151 151 151 151 150 150 150 150 150 150 150 150 150 150 150 150 150 150 149 149 149 149 149 149 149 149 149 148 148 148 148 148 148 148 148 148 147 147 147 146 146 146 146 146 145 145 144 144 144 144 143 143 143 143 143 143 142 142 142 142 143 142 143 143 142 142 142 141 141 141 141 141 141 141 141 140 140 140 140 139 139 138 138 138 137 137 138 138 137 137 137 136 136 136 136 136 137 137 136 136 136 137 136 136 136 136 136 136 136 137 137 136 136 136 137 137 137 137 136 136 135 136 136 0 0 0 0 0 0 0 0 0 0 0 0 0 0 0 0 0 0 0 0 0 0 0 0 0 0 0 0 0 0 0 0 
0 0 0 0 0 0 0 0 0 0 0 0 0 0 0 0 0 0 0 0 0 0 0 0 0 0 0 0 0 0 0 0 0 0 0 0 0 0 0 0 0 0 0 0 0 0 0 0 0 0 0 0 0 0 0 0 0 0 0 0 0 0 0 0 0 0 0 0 0 0 0 0 0 0 0 0 162 162 162 162 162 162 162 162 162 162 162 162 161 160 159 159 159 160 160 160 159 159 159 159 159 159 159 159 159 160 160 159 159 160 161 162 162 162 163 163 162 162 162 163 163 163 163 163 163 163 163 163 163 162 162 162 162 162 162 162 163 163 163 163 163 163 163 163 163 163 163 163 163 163 163 162 162 162 162 162 162 162 160 160 161 161 161 161 161 160 161 161 161 162 161 161 161 162 162 161 161 161 161 162 161 161 162 161 161 161 162 162 161 160 160 160 160 161 161 161 161 161 160 160 160 160 159 159 158 158 158 158 158 158 158 158 158 158 157 157 157 156 156 156 157 157 156 157 157 158 158 158 158 157 157 156 157 157 157 158 157 157 157 158 158 159 159 159 159 159 159 159 158 158 158 159 158 157 157 156 156 156 156 157 156 156 156 155 155 155 155 155 155 156 155 155 154 154 154 154 154 154 154 154 154 153 153 153 153 153 154 154 154 154 154 153 154 154 154 154 154 154 154 153 153 154 153 153 154 153 153 153 153 154 154 153 153 153 153 153 153 154 153 153 153 152 152 152 151 151 151 151 151 150 150 150 151 151 151 151 151 151 151 151 150 150 152 152 152 152 152 152 151 151 151 150 150 150 150 150 150 150 150 150 150 150 150 150 150 149 149 149 149 149 149 149 149 148 148 148 148 148 148 148 148 148 148 147 147 147 147 146 146 146 146 146 145 145 144 145 144 144 144 143 143 143 143 143 142 142 142 142 142 142 142 142 142 142 141 141 141 141 141 141 140 140 140 140 140 140 140 139 139 139 138 138 137 137 137 138 137 137 137 137 137 136 136 136 136 136 136 137 136 136 137 136 136 136 136 136 136 137 136 136 135 135 135 136 136 136 135 134 134 135 134 135 135 0 0 0 0 0 0 0 0 0 0 0 0 0 0 0 0 0 0 0 0 0 0 0 0 0 0 0 0 0 0 
0 0 0 0 0 0 0 0 0 0 0 0 0 0 0 0 0 0 0 0 0 0 0 0 0 0 0 0 0 0 0 0 0 0 0 0 0 0 0 0 0 0 0 0 0 0 0 0 0 0 0 0 0 0 0 0 0 0 0 0 0 0 0 0 0 0 0 0 0 0 0 0 0 0 0 0 163 162 162 162 162 162 162 162 162 162 162 162 161 161 160 159 159 159 159 159 159 158 159 160 160 160 160 160 159 159 159 159 160 160 161 161 162 162 162 163 162 162 162 163 163 163 163 163 163 163 163 163 163 162 162 162 163 163 162 162 162 163 163 163 163 163 162 162 163 163 162 162 163 162 162 162 162 162 162 162 162 162 161 160 160 161 161 161 161 160 160 160 160 161 162 162 161 162 162 162 162 161 161 161 161 161 161 161 161 161 162 161 161 160 161 161 161 160 161 161 161 160 160 159 159 159 158 159 158 158 158 157 158 158 158 158 158 157 157 157 157 157 156 156 156 156 156 157 157 157 158 158 157 157 157 157 158 158 158 158 157 158 158 157 158 158 159 159 159 159 159 158 158 159 158 159 158 157 157 156 157 157 156 157 156 156 155 156 156 156 155 155 155 155 155 155 155 154 154 154 154 154 154 154 154 153 153 153 153 153 153 154 154 154 154 154 154 154 154 154 154 154 154 153 153 154 153 153 153 153 153 153 153 154 153 153 152 153 153 152 152 152 153 153 153 153 153 152 152 152 152 151 151 151 150 150 151 151 151 151 150 150 151 151 151 150 152 152 151 151 151 151 151 150 150 150 150 150 150 150 150 150 150 150 150 150 150 150 150 150 149 149 149 149 149 149 149 149 148 148 148 148 148 148 147 147 147 147 147 147 146 146 146 146 145 146 145 145 145 145 145 144 143 143 143 143 143 142 142 142 142 142 142 142 142 142 142 141 141 141 140 140 140 140 140 140 140 140 140 140 140 139 139 139 139 138 138 137 137 137 138 137 137 137 138 137 136 136 136 136 136 136 136 136 136 136 136 136 137 137 137 136 135 134 134 134 135 134 135 135 135 134 133 133 133 133 134 134 0 0 0 0 0 0 0 0 0 0 0 0 0 0 0 0 0 0 0 0 0 0 0 0 0 0 0 0 0 
0 0 0 0 0 0 0 0 0 0 0 0 0 0 0 0 0 0 0 0 0 0 0 0 0 0 0 0 0 0 0 0 0 0 0 0 0 0 0 0 0 0 0 0 0 0 0 0 0 0 0 0 0 0 0 0 0 0 0 0 0 0 0 0 0 0 0 0 0 0 0 0 0 0 0 0 0 163 163 162 162 162 162 162 162 162 162 161 160 160 159 159 159 159 159 159 159 159 159 159 160 160 160 160 160 160 160 160 160 159 160 161 161 161 162 162 162 162 162 163 163 162 163 163 163 163 162 162 162 162 162 162 163 163 163 162 162 163 163 163 163 163 162 163 163 162 162 162 162 162 162 162 162 162 162 162 162 161 160 160 160 160 161 161 161 161 160 161 161 161 162 162 162 162 162 162 162 161 162 161 162 162 161 161 161 161 161 161 160 160 161 161 161 161 161 161 160 160 160 159 158 158 158 158 158 158 158 157 157 157 158 158 158 157 157 157 157 157 157 156 156 156 156 157 157 158 158 158 157 157 157 157 158 158 159 158 158 158 158 158 158 158 159 159 159 159 158 158 158 159 159 159 158 157 157 156 156 156 156 156 156 156 156 156 156 156 156 155 155 155 154 155 155 155 154 154 154 154 154 154 154 154 153 153 153 153 154 154 154 154 154 154 154 153 154 154 154 154 154 153 153 153 153 153 153 152 153 153 153 153 153 152 152 153 153 152 152 152 153 152 152 152 152 152 152 152 152 152 151 151 151 151 151 151 151 151 150 150 150 150 150 150 152 152 151 151 151 151 150 150 150 150 150 150 150 150 150 150 150 150 150 150 150 150 150 149 149 149 149 149 149 149 149 149 148 148 148 147 147 147 147 147 147 147 147 146 146 146 146 146 146 146 146 145 145 145 145 144 144 144 144 144 144 143 143 143 143 142 142 142 142 142 141 141 141 141 140 140 140 140 140 140 140 139 139 139 139 139 139 139 139 138 138 137 137 137 138 137 137 137 137 137 136 136 136 135 136 136 136 136 137 137 137 137 137 137 137 136 135 134 134 133 134 134 135 134 134 135 134 133 133 133 133 134 135 0 0 0 0 0 0 0 0 0 0 0 0 0 0 0 0 0 0 0 0 0 0 0 0 0 0 0 0 
0 0 0 0 0 0 0 0 0 0 0 0 0 0 0 0 0 0 0 0 0 0 0 0 0 0 0 0 0 0 0 0 0 0 0 0 0 0 0 0 0 0 0 0 0 0 0 0 0 0 0 0 0 0 0 0 0 0 0 0 0 0 0 0 0 0 0 0 0 0 0 0 0 0 0 0 0 163 162 162 162 163 163 162 162 162 160 160 159 159 159 160 160 160 160 159 159 159 159 159 159 159 160 160 160 160 160 161 160 160 161 161 161 161 161 162 162 162 162 162 162 162 162 162 163 163 163 162 162 162 162 162 163 163 163 163 162 162 162 163 163 163 162 162 162 163 163 162 162 162 162 162 162 162 162 162 162 162 161 161 161 161 161 161 161 162 161 161 162 162 162 162 162 162 162 162 161 162 161 161 162 162 162 161 160 161 161 161 161 160 160 161 161 161 161 161 160 160 159 159 158 158 158 158 159 159 159 158 158 157 157 157 157 157 157 157 157 157 156 156 156 156 157 157 157 157 157 158 158 158 158 157 158 158 159 159 159 159 159 158 158 158 159 159 160 159 159 159 158 159 159 158 158 157 157 157 157 156 156 156 156 156 156 156 156 156 155 155 155 155 155 154 155 155 155 154 154 154 154 154 154 153 153 153 153 153 153 154 153 154 154 154 154 154 154 154 154 153 153 153 153 153 153 153 153 152 152 152 152 153 152 152 152 152 152 152 152 153 152 152 152 152 152 152 152 151 151 151 151 151 151 151 151 151 151 150 150 150 150 150 150 150 151 151 151 151 151 151 151 151 150 150 150 150 150 150 150 150 150 150 150 150 150 150 149 149 149 149 149 149 149 149 149 148 148 148 148 148 147 147 147 147 147 147 147 146 146 146 146 146 146 145 145 145 145 145 145 144 144 144 144 144 144 144 144 144 143 143 142 141 141 141 141 141 141 141 141 141 142 141 140 141 140 139 139 139 139 139 139 139 139 139 138 137 137 136 137 137 137 137 137 137 137 136 136 135 135 135 135 135 136 137 137 137 137 136 136 136 136 135 135 134 133 134 134 133 134 134 134 133 133 133 133 133 133 134 0 0 0 0 0 0 0 0 0 0 0 0 0 0 0 0 0 0 0 0 0 0 0 0 0 0 0 
0 0 0 0 0 0 0 0 0 0 0 0 0 0 0 0 0 0 0 0 0 0 0 0 0 0 0 0 0 0 0 0 0 0 0 0 0 0 0 0 0 0 0 0 0 0 0 0 0 0 0 0 0 0 0 0 0 0 0 0 0 0 0 0 0 0 0 0 0 0 0 0 0 0 0 0 0 0 162 162 162 163 163 162 162 161 160 159 160 159 160 161 160 160 160 160 159 159 159 159 159 159 159 159 159 159 160 161 161 161 162 162 162 161 161 162 162 161 161 161 161 162 162 162 163 163 163 163 163 163 163 163 163 163 163 163 162 163 162 162 163 163 162 162 162 162 163 163 163 163 162 162 162 163 163 162 163 162 161 161 161 162 162 161 161 161 162 161 162 163 163 162 162 163 163 162 162 162 162 161 162 161 161 160 161 161 161 161 160 160 160 161 161 161 161 161 160 160 159 159 158 158 158 158 159 159 158 158 158 157 157 157 157 157 157 157 157 157 157 156 156 156 156 156 156 156 157 158 158 158 158 158 159 159 159 159 160 159 159 159 158 158 159 159 160 159 159 159 158 159 158 158 157 156 156 156 157 157 156 156 156 156 156 156 156 155 155 155 155 155 155 154 154 154 154 154 154 154 153 153 153 153 153 153 153 153 153 153 153 153 153 153 154 153 153 153 153 153 153 153 153 152 153 152 152 152 152 152 152 152 152 152 153 152 152 152 152 152 152 152 152 152 151 151 151 151 151 151 151 151 151 151 150 151 151 151 150 150 150 150 150 149 151 151 151 151 151 151 151 151 150 150 150 150 150 150 150 150 150 150 150 150 150 150 150 149 149 149 149 149 149 149 148 148 148 148 148 148 148 147 147 147 147 147 146 146 146 146 146 145 145 145 144 144 144 144 143 143 144 144 144 143 143 142 143 143 143 143 143 142 142 141 141 141 142 142 142 142 142 141 140 140 140 139 139 139 139 139 139 139 139 139 138 137 136 137 136 137 137 136 136 136 137 137 136 136 135 136 136 135 136 136 136 136 136 136 135 135 136 135 135 134 133 133 133 133 133 133 133 132 133 132 132 132 133 133 134 0 0 0 0 0 0 0 0 0 0 0 0 0 0 0 0 0 0 0 0 0 0 0 0 0 0 
0 0 0 0 0 0 0 0 0 0 0 0 0 0 0 0 0 0 0 0 0 0 0 0 0 0 0 0 0 0 0 0 0 0 0 0 0 0 0 0 0 0 0 0 0 0 0 0 0 0 0 0 0 0 0 0 0 0 0 0 0 0 0 0 0 0 0 0 0 0 0 0 0 0 0 0 0 0 0 162 162 163 163 163 162 161 160 160 160 160 161 161 161 161 161 160 159 159 159 159 159 159 159 160 160 159 160 160 160 161 161 161 162 162 161 161 161 162 162 162 162 162 162 162 162 162 162 163 163 163 163 163 163 163 162 162 163 163 163 163 162 163 162 163 163 163 163 163 162 162 162 162 162 163 163 163 163 162 161 161 161 162 162 161 161 161 162 162 162 163 163 162 162 162 163 163 162 162 162 162 161 161 161 161 161 161 161 161 161 161 161 161 161 161 161 161 160 159 159 158 158 159 159 158 159 159 159 158 157 157 157 157 157 158 157 157 157 156 156 156 156 156 157 156 157 157 157 158 158 158 159 159 159 159 159 160 160 160 160 160 159 159 159 160 159 159 159 158 158 158 157 157 156 156 156 156 156 156 156 156 156 156 156 157 156 155 155 155 155 155 154 154 155 154 154 154 154 154 154 154 153 153 153 153 153 153 153 153 153 153 153 153 153 153 153 153 153 153 153 153 153 152 152 152 152 152 152 152 152 152 152 152 152 152 152 152 152 152 152 152 152 151 151 151 151 151 151 151 151 151 151 151 150 151 150 150 150 150 150 150 149 149 151 151 151 151 151 151 151 151 150 150 150 150 150 150 150 150 150 150 150 150 150 150 150 149 149 149 149 149 149 149 148 148 148 148 148 148 147 147 147 147 147 147 146 146 146 146 146 146 145 144 143 143 143 143 142 142 142 142 142 142 142 141 141 142 142 143 143 143 143 143 143 142 142 142 142 142 142 141 141 141 140 140 139 138 139 139 138 138 138 139 139 138 137 137 136 136 136 136 137 136 136 136 136 136 136 135 135 135 136 136 135 135 135 135 134 135 135 134 134 134 133 133 133 133 133 132 133 133 133 133 133 133 133 133 134 134 134 0 0 0 0 0 0 0 0 0 0 0 0 0 0 0 0 0 0 0 0 0 0 0 0 
0 0 0 0 0 0 0 0 0 0 0 0 0 0 0 0 0 0 0 0 0 0 0 0 0 0 0 0 0 0 0 0 0 0 0 0 0 0 0 0 0 0 0 0 0 0 0 0 0 0 0 0 0 0 0 0 0 0 0 0 0 0 0 0 0 0 0 0 0 0 0 0 0 0 0 0 0 0 0 0 162 163 163 163 163 162 161 161 160 160 161 161 161 161 160 160 159 159 159 159 159 159 159 159 160 160 160 160 160 160 160 161 161 162 162 162 161 162 163 163 162 162 162 162 162 162 162 162 162 162 163 163 163 163 162 162 162 162 162 163 162 162 162 163 163 163 163 163 163 163 163 163 163 163 163 163 163 163 162 162 161 162 162 162 162 162 162 162 162 163 163 162 162 162 162 163 163 163 163 163 163 162 162 162 162 162 162 162 162 162 162 161 161 161 161 160 160 160 159 159 159 159 159 159 159 159 159 159 158 158 158 158 157 157 157 157 157 156 156 157 157 157 157 157 157 157 157 158 158 158 160 160 160 160 160 160 161 160 160 161 160 160 160 160 159 159 159 158 157 157 157 157 156 156 157 156 156 156 156 156 156 156 156 156 156 155 155 154 154 154 154 154 154 154 155 154 154 154 154 153 153 153 153 153 153 153 153 152 152 153 153 153 153 153 153 153 153 153 153 153 152 152 152 152 152 152 152 152 152 152 152 152 152 152 152 151 151 151 151 151 151 151 151 151 151 151 151 151 151 151 150 150 150 150 150 150 150 150 150 150 149 149 150 150 150 150 149 149 149 149 149 149 149 149 148 148 148 148 148 148 148 148 148 148 148 148 148 147 147 147 147 147 147 147 146 146 146 146 146 145 145 145 145 145 144 144 144 144 143 143 142 143 144 144 143 142 142 142 143 142 142 141 141 141 141 141 142 142 142 142 142 143 143 143 142 142 142 142 142 142 142 141 140 140 139 138 139 139 139 138 138 138 139 138 137 137 137 136 136 136 136 136 136 136 137 136 135 135 135 135 136 136 135 135 134 134 134 135 135 134 133 133 134 134 134 134 133 133 133 134 134 134 134 134 134 134 134 134 133 133 133 0 0 0 0 0 0 0 0 0 0 0 0 0 0 0 0 0 0 0 0 0 0 
0 0 0 0 0 0 0 0 0 0 0 0 0 0 0 0 0 0 0 0 0 0 0 0 0 0 0 0 0 0 0 0 0 0 0 0 0 0 0 0 0 0 0 0 0 0 0 0 0 0 0 0 0 0 0 0 0 0 0 0 0 0 0 0 0 0 0 0 0 0 0 0 0 0 0 0 0 0 0 0 0 0 0 163 163 163 162 161 161 161 161 161 161 160 160 159 160 160 159 159 159 160 159 158 159 160 160 160 161 161 161 161 161 162 162 162 161 161 161 162 162 163 163 162 162 162 162 162 163 163 163 163 163 162 162 162 162 162 162 162 163 162 162 163 163 163 163 163 163 163 163 163 163 163 163 163 163 163 163 162 162 162 163 163 163 163 162 162 163 162 162 161 161 162 161 162 163 163 163 162 162 162 162 163 162 162 162 162 163 163 162 162 161 161 161 160 160 160 159 159 159 159 159 159 159 159 159 159 158 159 158 158 157 157 157 156 156 156 156 157 157 157 157 157 157 158 158 158 157 158 159 160 160 160 160 160 160 160 160 161 161 160 160 159 159 159 158 158 158 158 157 157 156 157 157 157 156 156 156 156 156 155 155 155 155 154 154 154 155 154 154 155 154 154 154 154 154 154 153 153 153 153 154 154 154 153 153 152 152 153 153 153 153 153 153 153 153 153 153 153 152 152 152 152 152 152 152 152 152 152 152 152 152 152 151 151 151 151 151 151 151 151 151 151 151 151 151 150 151 151 151 150 150 150 150 150 150 150 150 149 149 149 150 149 149 149 149 149 149 149 149 149 149 149 148 148 148 148 148 148 148 148 148 148 148 148 147 147 147 147 147 147 147 146 146 146 146 146 145 145 145 145 145 144 144 144 144 144 143 143 144 144 145 144 143 142 142 143 143 144 143 142 141 141 141 141 141 141 141 141 141 141 141 142 142 142 141 141 141 141 141 140 140 139 139 138 138 139 139 138 138 138 138 138 138 137 137 136 136 136 136 136 136 136 136 135 135 135 135 135 135 136 136 135 135 135 134 134 134 134 133 134 134 134 134 135 134 134 134 134 134 135 135 135 135 134 134 133 133 133 133 0 0 0 0 0 0 0 0 0 0 0 0 0 0 0 0 0 0 0 0 0 0 
0 0 0 0 0 0 0 0 0 0 0 0 0 0 0 0 0 0 0 0 0 0 0 0 0 0 0 0 0 0 0 0 0 0 0 0 0 0 0 0 0 0 0 0 0 0 0 0 0 0 0 0 0 0 0 0 0 0 0 0 0 0 0 0 0 0 0 0 0 0 0 0 0 0 0 0 0 0 0 0 0 0 0 0 0 0 162 161 161 161 161 161 161 160 160 159 160 160 159 159 160 160 159 158 158 158 159 160 160 160 161 161 162 162 162 162 162 161 161 161 161 162 162 163 163 163 162 163 163 163 163 163 163 163 162 162 162 162 162 163 163 163 163 163 163 163 163 163 163 163 163 163 163 163 163 163 163 163 163 163 162 163 162 163 163 163 163 162 162 162 162 161 161 161 161 161 162 163 163 163 162 162 163 163 163 162 162 163 163 163 162 161 160 160 160 160 160 160 160 159 159 159 159 159 158 158 158 158 158 158 158 158 158 157 157 156 156 157 157 157 157 157 157 158 158 157 157 157 157 158 158 159 160 160 160 160 160 160 160 160 161 161 160 159 158 158 158 158 158 157 157 157 157 157 157 157 157 157 157 156 155 155 155 155 155 155 155 154 154 154 154 154 154 154 155 154 153 153 153 153 153 153 154 154 153 153 153 152 153 153 153 153 153 153 153 153 153 153 153 152 152 152 152 152 152 152 152 152 152 152 152 152 152 152 151 151 151 151 151 151 151 151 151 151 151 151 150 150 150 150 150 150 150 150 150 150 150 150 150 149 149 149 150 149 149 149 149 149 149 149 149 149 149 149 148 148 148 148 148 148 148 148 148 148 148 147 147 147 147 147 147 146 146 146 146 146 146 145 145 145 145 145 144 144 144 144 144 143 143 143 144 143 145 144 143 143 143 142 143 143 143 142 141 141 141 141 140 141 141 141 141 141 141 141 141 140 140 140 140 140 140 140 140 139 139 139 138 138 138 138 138 138 137 137 137 137 137 136 136 136 135 135 135 136 136 135 135 135 135 135 135 134 135 134 135 134 134 134 133 133 133 134 134 134 134 135 135 135 135 135 135 134 134 134 134 133 133 132 133 134 134 134 0 0 0 0 0 0 0 0 0 0 0 0 0 0 0 0 0 0 0 0 0 
0 0 0 0 0 0 0 0 0 0 0 0 0 0 0 0 0 0 0 0 0 0 0 0 0 0 0 0 0 0 0 0 0 0 0 0 0 0 0 0 0 0 0 0 0 0 0 0 0 0 0 0 0 0 0 0 0 0 0 0 0 0 0 0 0 0 0 0 0 0 0 0 0 0 0 0 0 0 0 0 0 0 0 0 0 0 0 162 161 161 161 161 160 160 160 160 160 160 160 160 160 160 159 159 159 159 158 158 159 160 160 161 162 163 163 163 163 162 162 161 162 162 162 162 163 163 162 163 163 163 163 163 163 163 163 163 163 163 163 163 162 162 163 163 163 163 163 163 163 163 163 162 163 162 163 163 163 163 163 163 163 162 162 162 163 162 162 163 162 162 161 161 161 161 161 162 162 162 163 163 162 163 163 163 163 162 162 163 163 162 162 161 160 159 159 160 160 160 160 160 159 159 158 158 158 158 158 157 158 158 158 157 157 157 157 157 157 157 157 157 157 157 157 157 157 157 157 157 157 157 158 159 159 160 160 160 160 160 160 160 160 160 159 159 158 157 157 157 157 157 157 157 157 158 158 157 157 157 157 156 156 156 156 155 155 156 155 154 154 154 154 154 154 154 155 154 153 153 153 153 153 153 154 153 153 153 152 152 153 153 153 153 153 153 153 153 153 153 153 152 152 152 152 152 152 152 152 152 152 152 152 152 152 152 151 151 151 151 151 151 151 151 151 150 150 150 150 150 150 150 150 150 150 150 150 150 150 150 149 149 149 149 149 149 149 149 149 149 149 149 149 149 149 149 148 148 148 148 148 148 148 148 148 148 147 147 147 147 147 147 147 146 146 146 146 146 145 145 145 145 145 145 144 144 144 143 143 143 143 143 143 143 144 144 144 144 143 143 142 143 143 142 142 141 140 140 140 140 140 141 141 141 141 141 140 140 141 140 140 140 140 140 140 140 139 139 139 138 138 138 137 137 137 137 137 137 137 137 137 136 136 135 135 135 135 135 135 135 135 135 135 134 134 134 134 134 133 133 133 134 134 133 134 134 135 134 134 134 134 134 134 134 134 133 133 132 132 133 133 134 134 133 133 0 0 0 0 0 0 0 0 0 0 0 0 0 0 0 0 0 0 0 0 
0 0 0 0 0 0 0 0 0 0 0 0 0 0 0 0 0 0 0 0 0 0 0 0 0 0 0 0 0 0 0 0 0 0 0 0 0 0 0 0 0 0 0 0 0 0 0 0 0 0 0 0 0 0 0 0 0 0 0 0 0 0 0 0 0 0 0 0 0 0 0 0 0 0 0 0 0 0 0 0 0 0 0 0 0 0 163 163 162 161 161 161 160 160 160 160 160 160 161 161 160 160 160 160 160 160 159 158 159 159 160 161 162 163 163 163 163 163 162 162 162 162 162 163 163 163 163 163 162 162 162 162 162 162 162 163 163 163 162 162 162 162 163 163 163 163 163 163 163 163 163 163 162 162 162 163 163 163 162 162 162 162 162 162 162 162 163 163 162 162 161 161 161 161 161 161 161 161 162 162 163 162 163 163 163 163 162 163 163 163 162 161 160 159 159 160 160 160 160 159 159 158 158 158 158 158 158 158 157 158 158 157 157 157 157 157 157 157 157 158 158 157 157 157 157 157 157 157 157 158 158 159 159 159 159 160 160 160 160 160 161 161 160 160 159 158 158 157 158 158 158 157 158 157 157 157 156 156 156 156 156 156 156 156 156 156 155 155 154 154 154 154 154 154 154 154 154 153 153 153 153 154 153 153 153 153 152 153 153 153 153 153 153 153 153 153 153 153 152 152 152 152 152 152 152 152 152 152 152 152 152 152 151 151 151 151 151 151 151 151 151 151 151 150 150 150 150 150 150 150 150 150 150 150 150 150 149 150 149 149 149 149 149 149 149 149 149 149 149 149 149 149 149 148 148 148 148 148 148 148 148 148 148 147 147 147 147 147 147 147 147 146 146 146 146 146 145 145 145 145 144 144 144 143 143 143 143 143 143 143 143 142 144 144 144 144 144 143 143 143 143 143 142 141 141 141 140 140 140 140 140 140 141 140 140 141 141 140 140 140 140 140 140 140 139 139 139 138 138 138 137 137 137 136 137 137 137 137 136 136 136 135 135 134 135 135 134 135 135 135 134 134 133 133 133 133 134 134 134 134 134 134 134 135 134 133 133 133 134 134 134 134 133 133 132 132 133 133 134 133 133 132 132 0 0 0 0 0 0 0 0 0 0 0 0 0 0 0 0 0 0 0 0 
0 0 0 0 0 0 0 0 0 0 0 0 0 0 0 0 0 0 0 0 0 0 0 0 0 0 0 0 0 0 0 0 0 0 0 0 0 0 0 0 0 0 0 0 0 0 0 0 0 0 0 0 0 0 0 0 0 0 0 0 0 0 0 0 0 0 0 0 0 0 0 0 0 0 0 0 0 0 0 0 0 0 0 0 0 163 163 162 162 162 161 161 160 160 160 160 161 161 161 161 160 161 161 161 160 160 160 159 159 160 160 161 162 162 163 163 163 163 163 163 163 163 163 162 162 162 162 162 162 162 162 162 163 162 162 162 163 162 162 162 162 163 163 163 163 163 163 163 162 162 162 162 163 163 163 162 162 162 162 162 162 162 162 162 162 162 162 162 162 162 161 160 161 162 162 162 161 161 162 162 162 163 163 163 163 162 162 163 162 161 161 160 159 159 159 159 160 160 160 159 159 158 158 158 158 158 158 158 157 157 157 157 157 157 157 157 157 157 157 157 157 157 157 157 157 157 157 158 158 157 158 159 159 159 159 159 160 160 160 160 161 161 160 159 158 158 158 157 158 158 157 157 157 157 156 157 156 156 156 155 155 156 156 156 155 156 156 155 154 154 154 154 154 154 154 154 154 154 154 154 154 154 154 154 153 153 153 153 153 153 153 153 153 153 153 153 153 153 152 152 152 152 152 152 152 152 152 152 152 152 152 151 151 151 151 151 151 151 151 151 151 150 150 150 150 150 150 150 150 150 150 150 150 150 150 149 149 149 149 149 149 149 149 149 149 149 149 149 149 149 149 149 148 148 148 148 148 148 148 148 148 148 148 147 147 147 147 147 147 147 147 146 146 146 146 146 146 145 145 144 144 144 144 144 144 143 143 143 142 142 143 143 144 144 143 143 143 144 143 143 143 143 142 142 142 141 141 140 140 140 140 140 140 140 140 140 140 139 140 139 140 140 139 139 139 138 138 138 137 137 137 137 137 136 137 137 137 136 136 136 136 136 135 135 134 135 134 134 135 134 133 133 133 134 134 133 133 133 133 133 133 134 134 134 134 132 133 133 134 134 134 134 133 132 132 132 132 133 133 133 132 131 131 0 0 0 0 0 0 0 0 0 0 0 0 0 0 0 0 0 0 0 0 
0 0 0 0 0 0 0 0 0 0 0 0 0 0 0 0 0 0 0 0 0 0 0 0 0 0 0 0 0 0 0 0 0 0 0 0 0 0 0 0 0 0 0 0 0 0 0 0 0 0 0 0 0 0 0 0 0 0 0 0 0 0 0 0 0 0 0 0 0 0 0 0 0 0 0 0 0 0 0 0 0 0 0 0 0 163 163 162 162 162 162 161 160 160 161 161 161 161 160 160 161 161 161 161 161 160 160 159 158 160 160 161 161 162 162 163 163 163 163 163 163 163 163 163 162 162 162 162 162 162 162 162 163 163 162 162 162 162 162 162 162 163 163 163 163 163 163 163 163 162 162 162 162 163 163 162 162 162 162 162 162 162 162 162 162 162 162 162 162 162 161 160 161 161 161 162 162 161 161 161 162 162 163 162 163 162 162 162 161 161 161 160 159 159 159 159 159 160 160 160 159 159 158 158 158 158 158 158 158 158 158 157 157 157 157 157 157 157 157 157 157 157 157 157 158 158 158 157 157 157 158 158 158 159 159 159 160 160 160 160 160 160 159 159 158 157 157 157 158 157 157 157 157 157 157 156 156 156 156 156 155 155 155 155 155 155 156 155 155 155 154 155 154 154 154 154 155 155 154 154 154 154 154 154 153 153 153 153 153 153 153 153 153 153 153 153 153 152 152 152 152 152 152 152 152 152 152 152 151 151 152 151 151 151 151 151 151 151 151 151 151 151 150 150 150 150 150 150 150 150 150 150 150 150 150 150 149 149 149 149 149 149 149 149 149 149 149 149 148 148 148 148 148 148 148 148 148 148 148 147 148 148 147 147 147 147 147 147 147 146 147 146 146 146 146 145 145 145 145 144 144 144 144 145 144 144 143 143 143 142 142 143 144 144 144 143 143 143 143 143 143 143 143 142 142 142 141 141 140 140 140 140 140 140 140 140 139 139 140 139 139 139 139 139 139 138 138 138 137 137 137 137 137 136 136 136 136 136 136 136 136 136 136 135 135 134 135 134 134 133 133 133 134 134 134 133 133 132 132 133 133 133 133 133 133 132 132 133 133 134 134 134 133 132 132 132 132 132 133 132 131 130 130 131 0 0 0 0 0 0 0 0 0 0 0 0 0 0 0 0 0 0 0 
0 0 0 0 0 0 0 0 0 0 0 0 0 0 0 0 0 0 0 0 0 0 0 0 0 0 0 0 0 0 0 0 0 0 0 0 0 0 0 0 0 0 0 0 0 0 0 0 0 0 0 0 0 0 0 0 0 0 0 0 0 0 0 0 0 0 0 0 0 0 0 0 0 0 0 0 0 0 0 0 0 0 0 0 0 0 163 162 163 163 162 162 161 161 161 161 161 161 160 161 161 161 161 161 161 160 159 159 160 160 161 161 161 161 162 162 162 163 163 163 163 163 163 163 162 162 162 162 162 162 163 163 163 163 162 162 162 162 162 162 162 162 163 163 163 163 163 163 163 163 162 162 162 163 163 163 162 162 162 162 162 162 162 162 162 162 162 162 162 162 161 160 161 161 161 161 162 161 161 161 162 162 162 162 162 162 161 161 161 160 160 160 159 159 159 159 159 159 160 160 160 159 158 158 158 158 158 158 158 158 157 157 157 157 157 157 157 157 157 156 157 157 157 157 157 157 157 157 157 157 158 158 158 159 159 159 159 159 160 160 161 160 159 159 158 157 157 157 157 157 157 157 157 157 156 156 155 156 156 156 156 156 156 156 155 155 155 155 155 155 155 155 154 154 154 155 155 155 155 154 154 153 154 153 153 153 153 153 153 153 153 153 153 152 153 153 152 152 152 152 152 152 152 152 152 152 151 151 152 151 151 151 151 151 151 151 151 151 151 151 151 150 150 150 150 150 150 150 150 150 150 149 149 149 149 149 149 149 149 149 149 149 149 149 149 149 149 149 149 149 148 148 148 148 148 148 148 147 147 147 147 147 147 147 147 147 147 147 146 146 146 146 146 146 146 145 145 145 145 144 144 143 144 144 144 144 144 143 143 142 142 142 144 144 144 144 143 143 143 143 143 143 142 142 142 142 141 141 140 140 140 140 139 139 139 139 139 139 139 139 138 139 138 138 139 138 137 137 137 137 137 137 137 136 136 136 136 136 136 135 135 136 135 135 135 134 134 134 133 133 133 134 134 134 134 134 134 133 132 132 133 133 132 132 133 132 132 132 133 133 133 133 133 132 131 132 132 132 132 132 131 131 130 131 130 130 0 0 0 0 0 0 0 0 0 0 0 0 0 0 0 0 0 
0 0 0 0 0 0 0 0 0 0 0 0 0 0 0 0 0 0 0 0 0 0 0 0 0 0 0 0 0 0 0 0 0 0 0 0 0 0 0 0 0 0 0 0 0 0 0 0 0 0 0 0 0 0 0 0 0 0 0 0 0 0 0 0 0 0 0 0 0 0 0 0 0 0 0 0 0 0 0 0 0 0 0 0 0 0 0 162 162 162 162 162 162 161 161 161 161 161 161 161 161 160 160 160 160 160 159 159 161 161 161 160 160 161 161 161 162 162 163 163 163 163 163 163 163 162 162 163 162 162 163 163 163 163 163 163 163 163 163 163 162 162 162 163 163 163 163 163 163 163 162 162 162 162 163 163 162 162 162 163 162 162 162 162 162 163 163 162 162 162 161 160 160 161 160 160 160 160 161 161 161 161 161 162 161 161 161 160 160 160 160 160 159 159 159 159 159 159 159 159 159 159 159 158 158 158 158 157 157 157 157 157 157 157 157 157 158 157 157 157 156 156 157 157 157 157 156 157 157 157 157 157 158 158 158 159 159 159 159 159 160 160 159 158 157 157 157 157 157 156 156 157 157 156 156 156 156 155 155 155 156 156 155 155 155 155 155 155 155 155 155 155 155 155 154 155 155 154 154 154 154 153 153 153 153 153 153 153 153 153 153 153 153 153 153 152 152 152 152 152 152 152 152 152 152 152 151 151 151 151 151 151 151 151 151 151 151 151 150 150 150 150 150 150 150 150 150 150 149 150 150 149 149 149 149 149 149 149 149 149 149 149 149 149 149 149 149 149 149 148 148 148 148 148 148 148 148 148 147 147 147 147 147 147 147 147 146 146 146 146 146 146 146 145 145 145 145 145 145 145 144 143 143 143 143 143 144 144 143 143 142 142 143 143 143 144 143 143 143 142 143 142 142 142 142 141 141 141 141 140 140 140 139 139 139 139 139 138 138 138 138 138 138 138 138 137 137 137 137 136 136 137 137 137 136 136 136 136 136 135 135 135 135 135 135 134 134 134 134 134 133 133 133 133 133 134 133 133 132 132 132 132 132 132 132 131 132 132 132 132 133 133 132 132 131 131 132 132 132 132 131 130 130 130 130 130 0 0 0 0 0 0 0 0 0 0 0 0 0 0 0 0 0 
0 0 0 0 0 0 0 0 0 0 0 0 0 0 0 0 0 0 0 0 0 0 0 0 0 0 0 0 0 0 0 0 0 0 0 0 0 0 0 0 0 0 0 0 0 0 0 0 0 0 0 0 0 0 0 0 0 0 0 0 0 0 0 0 0 0 0 0 0 0 0 0 0 0 0 0 0 0 0 0 0 0 0 0 0 0 0 163 163 163 163 162 162 162 161 161 161 161 161 160 159 159 159 159 160 160 159 159 159 160 160 160 161 161 160 161 162 162 162 162 163 163 163 163 163 163 162 162 162 163 163 163 163 163 163 163 163 163 163 162 162 162 162 162 163 163 163 163 163 163 163 162 162 162 162 162 162 163 163 163 163 162 162 162 162 162 162 162 162 162 161 161 160 160 161 161 161 161 161 161 161 161 161 161 161 160 160 160 160 159 160 159 159 159 159 159 159 160 159 159 159 158 158 158 158 158 158 158 157 157 157 157 157 157 157 157 158 157 157 157 156 156 156 157 157 156 156 157 156 157 157 157 157 157 158 158 158 158 158 158 159 159 159 158 158 157 158 157 157 157 156 156 156 156 156 155 155 155 155 155 155 155 154 154 154 154 154 154 154 155 155 154 155 155 155 155 155 155 155 154 153 153 153 153 153 153 153 153 153 153 153 153 153 153 152 152 152 152 152 152 152 152 152 152 152 152 151 151 151 151 151 151 151 151 151 151 151 151 150 150 150 150 150 150 150 150 149 149 149 149 149 149 149 149 149 149 149 149 149 149 149 149 149 149 149 149 149 149 148 148 148 148 148 148 148 148 148 148 147 147 147 147 147 147 147 146 146 146 146 146 146 145 145 145 145 145 145 145 145 145 144 143 143 143 143 143 143 143 143 143 143 142 143 143 143 143 143 143 143 142 142 142 142 142 142 141 141 141 141 141 140 140 139 139 139 139 139 138 138 138 138 138 137 137 137 137 137 137 137 136 136 136 136 136 136 136 135 135 135 135 135 135 135 135 134 134 134 134 134 134 134 134 134 133 133 133 133 132 132 132 132 132 132 132 132 131 131 131 132 132 132 132 132 133 131 131 131 131 132 132 132 131 130 129 130 130 130 0 0 0 0 0 0 0 0 0 0 0 0 0 0 0 0 
0 0 0 0 0 0 0 0 0 0 0 0 0 0 0 0 0 0 0 0 0 0 0 0 0 0 0 0 0 0 0 0 0 0 0 0 0 0 0 0 0 0 0 0 0 0 0 0 0 0 0 0 0 0 0 0 0 0 0 0 0 0 0 0 0 0 0 0 0 0 0 0 0 0 0 0 0 0 0 0 0 0 0 0 0 0 0 0 163 0 0 163 162 162 162 162 161 161 161 160 159 159 159 159 160 160 160 160 159 160 160 160 160 161 161 161 162 162 162 162 162 162 163 163 163 163 162 162 162 163 163 163 163 163 163 163 163 163 163 162 162 162 162 162 162 163 163 163 163 163 163 162 162 162 162 162 162 162 162 163 162 163 163 162 162 162 162 162 162 162 162 161 161 160 160 161 161 161 161 161 161 161 161 161 160 160 160 160 160 160 159 159 159 159 159 159 159 159 159 159 159 158 158 158 158 158 158 158 158 157 157 157 157 157 157 157 158 157 157 157 157 156 156 157 157 156 157 157 157 157 157 157 157 158 158 157 157 157 158 158 158 158 158 158 158 158 157 157 157 156 156 156 157 157 156 155 156 156 156 155 155 155 155 154 155 155 155 154 154 154 154 155 155 154 155 155 155 155 154 154 154 154 153 153 153 153 153 153 153 153 153 153 153 152 152 152 152 152 152 152 152 152 152 152 152 152 151 151 151 151 151 151 151 151 151 151 151 151 150 150 150 150 150 150 150 150 150 149 149 149 149 149 149 149 149 149 149 149 149 149 148 148 149 149 149 149 149 148 148 148 148 148 148 148 148 148 148 147 147 147 147 147 147 147 146 146 146 146 146 146 146 146 145 146 145 145 145 145 145 144 144 143 143 142 143 143 143 143 142 142 142 143 144 143 143 143 143 143 142 143 142 142 142 141 141 141 141 141 141 141 140 139 139 139 138 138 138 138 138 138 138 137 137 137 137 137 137 137 136 136 136 136 136 136 136 136 135 135 135 135 135 135 135 135 134 134 134 134 134 133 133 134 134 134 134 134 133 132 132 132 132 132 131 132 131 131 132 132 131 131 130 130 132 132 132 131 131 131 132 131 131 131 130 129 130 130 130 130 0 0 0 0 0 0 0 0 0 0 0 0 0 0 0 
0 0 0 0 0 0 0 0 0 0 0 0 0 0 0 0 0 0 0 0 0 0 0 0 0 0 0 0 0 0 0 0 0 0 0 0 0 0 0 0 0 0 0 0 0 0 0 0 0 0 0 0 0 0 0 0 0 0 0 0 0 0 0 0 0 0 0 0 0 0 0 0 0 0 0 0 0 0 0 0 0 0 0 0 0 0 0 0 0 0 0 0 0 162 162 162 162 162 161 160 159 159 160 160 160 160 160 160 160 160 160 160 160 160 161 161 161 161 162 162 162 162 163 163 163 162 162 162 162 163 163 163 163 163 163 163 163 163 163 162 162 162 162 162 162 162 163 163 163 163 163 163 162 162 162 162 162 162 163 163 163 163 162 162 162 162 162 162 162 162 162 162 161 160 160 160 160 160 160 161 161 161 161 161 160 160 160 159 159 159 159 159 159 159 159 159 159 159 159 159 159 158 158 158 157 158 158 158 158 157 157 157 157 157 157 158 157 157 157 157 157 156 156 156 156 156 157 157 157 157 157 157 157 157 157 157 158 158 158 158 157 157 157 157 157 158 158 157 157 157 156 156 156 157 156 156 155 156 156 155 155 155 155 155 155 156 155 154 154 154 154 154 154 154 154 154 154 154 154 154 154 154 153 153 153 153 152 152 152 153 152 153 152 152 152 152 152 152 152 152 152 152 152 151 151 151 151 151 151 151 151 151 151 151 151 150 150 150 150 150 150 150 150 150 150 149 149 149 149 149 149 149 149 148 148 149 149 148 149 148 148 148 149 149 149 149 148 148 148 148 148 148 148 148 148 148 147 147 147 147 147 147 147 146 146 146 146 146 146 146 146 146 145 145 146 145 145 146 145 145 144 144 143 143 142 143 143 142 142 142 142 143 144 143 143 142 143 142 142 142 142 142 142 142 141 141 141 141 141 140 140 139 139 138 138 138 138 138 138 138 138 137 137 137 137 136 136 136 136 136 136 136 136 136 135 135 135 135 135 135 135 135 135 134 134 134 134 134 134 133 133 133 133 134 134 134 133 133 133 133 132 132 131 131 131 132 132 131 130 130 130 130 132 132 131 131 131 131 131 131 131 130 130 129 130 130 129 129 0 0 0 0 0 0 0 0 0 0 0 0 0 0 0 
0 0 0 0 0 0 0 0 0 0 0 0 0 0 0 0 0 0 0 0 0 0 0 0 0 0 0 0 0 0 0 0 0 0 0 0 0 0 0 0 0 0 0 0 0 0 0 0 0 0 0 0 0 0 0 0 0 0 0 0 0 0 0 0 0 0 0 0 0 0 0 0 0 0 0 0 0 0 0 0 0 0 0 0 0 0 0 0 0 0 0 0 0 0 0 0 162 161 160 160 160 160 160 160 160 160 160 160 159 160 160 160 160 160 160 160 161 161 161 161 162 162 163 163 163 162 162 162 162 163 163 163 163 163 163 163 163 163 163 163 163 162 163 163 163 162 162 163 163 163 162 163 162 162 162 162 162 162 163 162 162 162 163 163 162 162 162 162 162 162 162 161 161 160 160 160 160 160 160 160 161 161 161 161 160 160 160 160 160 159 159 159 159 159 159 159 159 159 159 159 159 159 158 158 158 157 157 157 158 157 157 157 157 157 157 157 157 157 157 157 157 157 156 156 156 156 156 156 156 156 156 156 156 157 157 157 157 157 157 157 157 156 157 157 157 157 157 157 157 157 156 156 156 156 156 155 156 156 156 155 155 156 156 155 156 155 155 154 154 155 154 153 153 154 154 153 153 153 154 153 153 153 153 153 153 153 152 152 152 153 152 152 152 152 152 152 152 152 152 152 152 151 151 151 151 151 151 151 151 151 151 151 151 150 150 150 150 150 150 150 150 150 149 149 149 149 149 149 149 149 148 148 148 148 148 149 148 148 148 148 148 148 149 149 149 149 148 148 148 148 148 148 148 148 148 147 147 147 147 147 147 147 146 146 146 146 146 146 146 146 146 146 146 146 146 146 146 145 145 145 144 144 143 143 143 143 143 142 142 142 142 142 144 143 143 143 142 142 142 142 142 141 141 141 141 141 141 140 141 141 140 139 138 138 138 138 138 138 138 138 137 137 137 137 136 136 136 136 136 136 136 135 136 135 135 135 134 134 134 134 134 134 135 134 134 134 134 133 133 133 133 133 133 133 133 133 133 133 133 133 133 132 132 131 130 130 130 130 130 130 131 131 132 132 131 130 130 130 130 131 131 130 130 129 129 129 129 129 130 130 0 0 0 0 0 0 0 0 0 0 0 0 0 
0 0 0 0 0 0 0 0 0 0 0 0 0 0 0 0 0 0 0 0 0 0 0 0 0 0 0 0 0 0 0 0 0 0 0 0 0 0 0 0 0 0 0 0 0 0 0 0 0 0 0 0 0 0 0 0 0 0 0 0 0 0 0 0 0 0 0 0 0 0 0 0 0 0 0 0 0 0 0 0 0 0 0 0 0 0 0 0 0 0 0 0 0 0 0 0 0 162 161 160 160 160 160 160 160 160 160 160 159 159 159 159 159 159 160 160 161 161 161 162 162 162 162 163 162 162 162 162 162 163 163 163 162 162 162 163 163 163 163 163 163 162 163 163 163 162 162 162 162 162 162 162 162 162 163 163 162 162 162 162 163 163 163 162 162 162 162 162 162 162 162 162 161 161 161 160 160 160 160 161 161 161 161 161 161 161 160 161 160 159 159 159 159 159 159 159 158 159 158 158 159 159 158 158 158 158 157 157 157 157 157 157 157 157 157 157 157 157 157 157 157 157 157 157 156 156 156 156 156 157 157 157 157 157 157 157 158 157 157 157 157 156 156 156 157 157 157 157 157 157 156 156 156 156 156 156 156 156 157 156 156 156 156 155 155 155 155 154 154 155 155 154 153 153 153 153 153 153 153 153 153 153 153 153 153 153 153 153 153 153 153 152 152 152 152 152 152 152 151 152 152 151 151 151 151 151 151 151 151 151 150 150 150 150 150 150 150 150 150 150 150 150 149 149 149 149 149 148 148 148 148 148 148 148 148 148 148 148 148 148 148 148 149 149 149 148 148 148 148 148 148 148 148 148 148 147 147 147 147 147 147 147 146 146 146 146 146 146 146 146 146 146 146 146 146 145 145 145 144 144 143 143 143 143 143 143 142 142 142 142 142 142 143 144 144 143 143 142 142 142 141 141 141 141 141 140 140 140 140 141 141 140 139 138 138 138 138 138 138 137 137 137 137 137 136 136 136 136 136 136 135 135 135 135 135 135 135 134 134 134 133 133 134 134 134 134 133 133 133 133 133 133 133 133 133 133 133 133 133 132 133 133 133 132 131 130 130 130 130 130 130 130 131 131 131 131 130 130 130 130 131 130 129 129 129 130 129 130 130 130 130 129 0 0 0 0 0 0 0 0 0 0 0 
0 0 0 0 0 0 0 0 0 0 0 0 0 0 0 0 0 0 0 0 0 0 0 0 0 0 0 0 0 0 0 0 0 0 0 0 0 0 0 0 0 0 0 0 0 0 0 0 0 0 0 0 0 0 0 0 0 0 0 0 0 0 0 0 0 0 0 0 0 0 0 0 0 0 0 0 0 0 0 0 0 0 0 0 0 0 0 0 0 0 0 0 0 0 0 0 0 0 161 161 161 160 160 160 160 160 160 159 160 161 161 161 160 159 160 160 161 161 161 162 162 162 162 162 162 163 163 163 163 163 163 162 162 162 163 163 163 163 163 163 163 162 162 162 162 162 162 162 162 162 162 162 162 162 163 163 162 162 162 162 163 163 163 162 162 162 162 162 162 162 162 162 162 161 160 160 160 160 160 161 161 160 161 161 161 161 161 160 160 160 159 159 159 159 159 159 159 158 158 158 158 159 159 159 159 158 157 157 157 157 157 157 157 157 157 157 157 157 158 158 158 157 157 156 156 156 156 156 157 157 157 157 157 157 157 157 157 157 157 157 156 156 156 157 157 156 157 157 157 156 156 156 156 156 156 156 156 156 157 157 156 156 155 155 155 156 155 154 155 155 155 154 153 153 153 153 152 153 153 153 153 152 153 153 153 153 153 153 153 153 153 153 152 152 152 152 152 151 151 152 152 152 151 151 151 151 151 150 150 150 150 150 150 150 150 150 150 150 150 150 149 149 149 149 149 149 149 149 148 148 148 149 148 148 148 148 148 148 148 147 148 148 148 148 148 148 148 148 148 148 148 148 147 147 147 147 147 147 147 147 147 147 146 146 146 146 146 146 146 146 145 145 145 146 145 145 144 144 144 144 143 143 143 143 143 143 143 142 142 142 142 142 143 143 144 145 144 143 142 142 141 141 141 141 140 140 140 140 140 140 141 141 140 139 138 138 138 138 138 138 137 137 137 137 136 136 136 136 136 136 136 136 136 136 136 135 135 135 135 134 134 133 133 133 133 133 134 133 133 133 133 133 133 133 133 132 132 132 132 132 132 132 133 133 132 132 131 130 129 129 129 130 130 130 130 131 131 130 129 130 130 129 129 129 130 130 130 130 129 129 129 129 128 0 0 0 0 0 0 0 0 0 0 
0 0 0 0 0 0 0 0 0 0 0 0 0 0 0 0 0 0 0 0 0 0 0 0 0 0 0 0 0 0 0 0 0 0 0 0 0 0 0 0 0 0 0 0 0 0 0 0 0 0 0 0 0 0 0 0 0 0 0 0 0 0 0 0 0 0 0 0 0 0 0 0 0 0 0 0 0 0 0 0 0 0 0 0 0 0 0 0 0 0 0 0 0 0 0 0 0 0 162 161 160 160 160 159 160 160 159 159 160 161 161 160 159 159 160 161 161 162 162 162 162 161 161 161 161 162 163 163 163 163 163 162 162 163 163 163 163 163 163 163 163 162 163 163 162 162 162 163 163 162 162 162 162 162 162 162 162 162 163 162 162 162 162 162 162 162 162 162 162 162 162 162 161 161 160 160 160 160 160 160 160 160 161 161 161 161 161 160 160 160 160 160 159 159 159 159 159 159 158 158 158 158 158 158 158 158 157 157 157 158 158 157 157 157 157 158 158 158 158 157 157 157 157 157 157 156 156 156 156 156 156 156 157 157 157 157 157 156 157 157 156 156 156 156 156 156 156 156 157 157 157 156 156 155 156 156 156 156 157 156 156 156 155 155 155 155 155 154 155 155 155 155 154 153 153 154 153 152 152 152 152 152 153 153 153 153 153 153 152 152 152 152 152 152 152 152 152 152 152 152 152 152 151 151 151 150 150 151 151 150 150 150 150 150 150 150 150 150 150 150 149 149 149 150 150 149 150 149 148 148 148 148 148 148 148 148 148 148 148 147 147 147 148 148 148 148 148 148 148 148 147 147 147 147 147 147 147 147 147 147 147 146 146 146 146 145 145 145 145 145 145 145 145 145 145 144 144 144 144 144 144 144 143 143 143 143 143 143 142 142 142 142 143 143 143 144 144 144 143 142 141 141 141 141 140 140 140 140 140 140 141 141 140 139 138 138 137 137 137 138 138 137 137 137 137 136 136 136 136 136 136 136 136 136 136 136 137 136 135 135 134 134 133 133 133 133 133 133 133 133 133 133 133 133 132 133 133 133 132 132 132 132 132 131 132 132 132 132 131 130 129 129 129 129 130 131 131 130 129 130 130 129 129 130 130 130 129 129 129 129 129 129 128 128 128 128 127 128 127 0 0 0 0 
0 0 0 0 0 0 0 0 0 0 0 0 0 0 0 0 0 0 0 0 0 0 0 0 0 0 0 0 0 0 0 0 0 0 0 0 0 0 0 0 0 0 0 0 0 0 0 0 0 0 0 0 0 0 0 0 0 0 0 0 0 0 0 0 0 0 0 0 0 0 0 0 0 0 0 0 0 0 0 0 0 0 0 0 0 0 0 0 0 0 0 0 0 0 0 0 0 0 162 161 161 161 160 160 160 160 159 159 160 160 160 160 159 159 160 161 161 160 161 161 161 161 161 161 161 162 162 163 163 163 163 163 163 163 164 163 163 163 163 163 163 163 163 163 163 163 163 163 163 163 163 162 162 162 162 162 162 162 163 163 162 162 162 162 162 162 162 162 162 162 162 162 162 161 161 161 160 160 159 159 159 160 161 161 160 160 160 160 160 160 160 160 159 159 159 159 159 159 159 158 158 158 158 158 158 158 157 157 157 157 157 157 157 157 157 157 158 158 157 157 157 156 156 156 156 156 155 155 156 156 156 156 156 157 157 157 156 156 156 156 156 156 156 157 157 156 157 157 157 157 156 156 155 156 156 156 156 156 157 157 156 156 156 155 155 154 154 155 155 155 155 154 154 153 153 154 154 153 153 153 152 152 152 152 153 153 153 153 152 153 152 152 152 152 152 152 152 152 152 152 152 151 151 151 150 150 151 151 151 150 150 150 150 150 150 150 149 150 150 150 150 149 149 149 149 150 150 149 149 149 148 148 148 148 148 148 148 148 148 147 147 147 148 148 148 148 148 148 148 147 147 147 147 147 147 147 147 147 147 146 146 146 146 146 146 145 145 145 145 145 145 145 145 145 144 144 144 144 144 144 144 144 144 143 143 143 143 143 142 142 142 142 143 143 143 143 142 143 143 143 143 142 141 141 141 140 140 140 140 140 140 141 140 139 138 138 137 137 137 137 138 138 137 137 136 136 136 136 136 136 136 136 136 136 136 136 136 136 136 136 135 135 135 134 133 133 133 133 133 133 133 133 133 132 133 133 133 133 133 132 132 132 131 131 131 131 131 132 131 131 131 130 129 129 130 130 130 130 130 129 130 129 129 129 130 130 129 128 128 129 129 129 128 127 128 128 127 127 127 127 127 0 0 
0 0 0 0 0 0 0 0 0 0 0 0 0 0 0 0 0 0 0 0 0 0 0 0 0 0 0 0 0 0 0 0 0 0 0 0 0 0 0 0 0 0 0 0 0 0 0 0 0 0 0 0 0 0 0 0 0 0 0 0 0 0 0 0 0 0 0 0 0 0 0 0 0 0 0 0 0 0 0 0 0 0 0 0 0 0 0 0 0 0 0 0 0 0 0 0 0 0 0 0 162 161 161 161 161 160 160 160 159 159 159 159 159 159 159 160 160 160 160 160 160 161 161 161 162 162 161 162 162 162 163 163 163 163 163 163 163 163 163 163 163 163 163 163 163 163 163 163 163 163 163 162 162 162 162 162 162 162 162 162 162 162 162 163 162 162 162 162 162 162 162 162 162 162 162 162 161 160 160 159 159 159 159 160 160 160 160 159 159 160 160 160 159 159 159 159 159 159 158 159 158 158 159 158 158 158 157 157 157 157 157 157 158 157 157 158 158 157 157 157 157 157 156 156 156 156 155 155 155 155 155 156 156 156 157 157 156 156 156 156 156 156 157 157 157 157 157 157 157 157 157 156 155 156 156 156 156 156 157 156 156 156 156 156 155 155 154 154 155 155 155 154 154 153 153 154 154 154 153 153 152 152 152 152 152 152 152 152 152 152 152 152 152 152 152 152 152 152 152 151 151 151 151 151 150 150 150 150 151 151 151 150 150 150 150 150 150 149 149 150 150 149 149 150 150 150 149 149 149 148 148 148 148 148 148 148 148 148 148 148 147 147 148 148 148 148 148 147 147 147 147 147 147 147 147 147 147 147 146 146 146 146 146 146 146 146 145 145 145 145 145 145 145 144 144 144 144 144 144 144 144 144 143 143 142 142 142 142 142 142 142 142 143 143 143 142 142 142 142 142 143 144 143 142 141 140 140 140 139 140 140 142 141 140 138 137 137 137 137 137 137 138 138 137 136 136 136 136 136 136 136 137 137 137 137 137 136 135 135 135 135 135 135 135 135 134 134 133 133 133 133 133 133 132 132 132 132 133 133 132 133 132 132 131 131 131 131 131 131 131 130 130 129 129 130 130 130 130 130 130 129 129 129 129 129 129 129 128 129 129 128 128 127 127 127 127 127 127 127 127 128 127 128 
0 0 0 0 0 0 0 0 0 0 0 0 0 0 0 0 0 0 0 0 0 0 0 0 0 0 0 0 0 0 0 0 0 0 0 0 0 0 0 0 0 0 0 0 0 0 0 0 0 0 0 0 0 0 0 0 0 0 0 0 0 0 0 0 0 0 0 0 0 0 0 0 0 0 0 0 0 0 0 0 0 0 0 0 0 0 0 0 0 0 0 0 0 0 0 0 0 0 0 0 0 0 0 0 161 161 160 160 160 160 160 160 160 159 159 161 161 161 161 161 161 162 162 162 161 161 162 162 162 163 163 163 163 163 163 163 163 163 163 163 163 163 163 163 163 163 163 163 163 163 163 162 162 162 162 162 162 162 162 162 162 162 163 162 162 162 162 162 162 162 162 162 161 161 162 162 161 161 161 161 160 159 159 159 159 160 160 159 159 159 159 159 159 159 159 159 159 159 158 158 158 158 158 158 158 158 157 157 157 158 158 157 158 158 158 158 157 157 157 156 156 156 156 156 156 156 156 156 155 155 155 156 156 156 157 157 156 156 156 157 157 157 157 156 156 156 156 156 156 157 157 156 156 156 156 156 156 156 156 156 155 155 156 157 156 155 155 154 155 155 155 154 153 153 153 154 154 154 154 153 153 152 152 153 152 152 152 152 152 152 152 152 152 152 152 152 152 152 151 151 151 151 151 150 150 150 150 150 150 150 151 150 150 150 150 150 149 149 149 149 149 149 149 150 150 149 149 149 148 148 148 148 148 148 148 148 148 148 148 148 147 147 147 147 147 147 147 147 147 147 147 147 147 147 147 147 147 146 146 146 146 146 146 146 146 146 145 145 145 145 145 145 144 144 144 144 144 144 144 143 143 143 143 143 143 142 142 142 142 142 141 141 143 142 142 142 142 143 142 142 142 143 144 144 143 141 141 140 140 140 140 142 142 141 139 138 137 137 137 137 137 137 138 138 137 137 137 137 137 136 136 136 136 136 136 136 136 135 135 135 135 134 134 135 135 135 134 134 133 133 132 132 133 132 132 132 132 132 132 132 133 132 132 132 132 131 131 131 130 130 130 130 129 129 129 129 129 130 130 130 129 128 129 129 129 129 128 128 129 129 129 128 127 126 126 126 127 127 127 127 127 127 0 
0 0 0 0 0 0 0 0 0 0 0 0 0 0 0 0 0 0 0 0 0 0 0 0 0 0 0 0 0 0 0 0 0 0 0 0 0 0 0 0 0 0 0 0 0 0 0 0 0 0 0 0 0 0 0 0 0 0 0 0 0 0 0 0 0 0 0 0 0 0 0 0 0 0 0 0 0 0 0 0 0 0 0 0 0 0 0 0 0 0 0 0 0 0 0 0 0 0 0 0 0 0 0 0 162 162 161 0 0 160 160 160 160 160 160 160 160 161 161 161 161 161 161 161 161 161 162 162 162 162 163 163 163 163 163 163 163 163 163 163 163 163 163 163 163 163 163 163 163 163 163 163 162 162 162 162 162 162 162 162 162 162 162 162 162 162 162 162 163 162 162 161 162 162 162 162 162 162 161 161 161 160 159 159 158 158 159 159 159 158 158 158 158 158 158 158 159 159 159 159 158 158 158 158 158 158 157 157 157 158 158 158 157 158 158 158 158 157 157 156 156 156 156 156 156 156 156 156 155 155 155 155 155 156 156 156 155 156 157 157 156 156 156 156 156 156 156 157 156 157 157 156 156 156 156 156 156 156 155 155 155 155 155 155 155 155 154 154 154 155 155 154 154 153 153 153 154 154 154 153 153 153 152 153 152 152 152 152 151 151 152 152 152 152 152 152 151 151 151 151 151 151 151 150 150 150 150 150 150 150 150 151 150 150 150 150 149 149 149 149 149 149 149 150 150 150 149 149 149 148 149 148 148 148 148 148 149 148 148 148 147 147 147 147 147 147 147 147 147 147 147 147 147 147 147 147 146 146 146 146 146 146 146 146 146 146 146 145 145 145 145 144 144 144 144 144 144 144 143 143 143 143 143 143 143 142 142 142 141 141 141 141 142 142 142 142 142 142 142 142 141 142 143 144 144 144 143 142 141 140 141 142 142 141 140 139 138 137 137 137 137 137 137 138 138 138 137 137 137 137 137 137 136 136 135 135 135 135 135 135 134 134 134 134 134 134 133 134 133 133 133 133 133 132 132 132 132 132 131 131 132 132 131 132 132 132 132 131 131 130 130 129 129 129 129 128 128 129 129 129 129 129 129 130 129 128 128 128 128 128 128 128 126 126 126 126 126 126 126 126 127 0 0 
0 0 0 0 0 0 0 0 0 0 0 0 0 0 0 0 0 0 0 0 0 0 0 0 0 0 0 0 0 0 0 0 0 0 0 0 0 0 0 0 0 0 0 0 0 0 0 0 0 0 0 0 0 0 0 0 0 0 0 0 0 0 0 0 0 0 0 0 0 0 0 0 0 0 0 0 0 0 0 0 0 0 0 0 0 0 0 0 0 0 0 0 0 0 0 0 0 0 0 0 0 0 0 0 0 0 0 0 0 0 0 160 161 0 0 160 160 160 160 160 160 161 161 161 161 162 162 162 162 162 163 163 163 163 163 163 163 163 163 163 163 163 163 163 163 163 163 163 163 163 163 163 162 162 162 162 162 162 162 162 162 162 162 162 162 162 162 162 162 162 162 162 162 162 162 162 161 161 162 161 161 161 160 160 159 158 158 158 158 158 158 158 158 158 158 158 158 158 158 158 158 158 158 158 157 157 157 157 157 157 157 158 158 157 157 157 158 158 157 156 156 156 157 156 156 157 157 156 155 155 155 155 155 156 156 155 156 156 157 156 156 156 156 156 156 156 156 157 157 157 157 156 156 156 156 156 156 155 156 156 156 156 155 154 154 154 154 154 155 155 155 155 154 153 153 153 154 154 154 153 153 152 152 153 153 152 152 151 152 151 151 151 151 151 151 151 151 151 151 151 151 150 150 150 150 150 150 150 150 150 150 151 151 150 150 150 149 149 149 149 149 149 150 149 149 149 150 149 149 148 149 148 148 147 148 148 149 149 148 147 147 148 148 147 147 147 147 147 147 147 147 147 147 147 147 146 146 146 146 146 146 146 146 146 146 146 145 145 145 145 145 144 144 144 144 144 144 144 144 144 143 143 143 143 143 142 142 141 142 142 141 141 142 142 142 142 142 141 141 141 141 141 141 142 143 143 143 143 143 142 142 142 142 141 141 140 139 138 137 136 137 137 137 137 138 138 138 138 138 137 137 137 137 136 136 135 135 135 135 135 134 134 134 134 134 134 133 133 133 133 133 133 133 132 132 132 132 131 131 131 131 131 131 131 131 131 132 131 131 131 130 129 129 129 128 128 128 128 128 128 128 128 129 129 128 128 128 128 128 128 128 128 127 126 126 126 126 126 126 126 126 0 0 
0 0 0 0 0 0 0 0 0 0 0 0 0 0 0 0 0 0 0 0 0 0 0 0 0 0 0 0 0 0 0 0 0 0 0 0 0 0 0 0 0 0 0 0 0 0 0 0 0 0 0 0 0 0 0 0 0 0 0 0 0 0 0 0 0 0 0 0 0 0 0 0 0 0 0 0 0 0 0 0 0 0 0 0 0 0 0 0 0 0 0 0 0 0 0 0 0 0 0 0 0 0 0 0 0 0 0 0 0 0 0 0 0 0 0 0 160 161 160 160 161 160 161 162 162 162 162 162 162 162 163 163 163 163 163 163 163 163 163 163 163 163 163 163 163 163 163 163 163 163 163 163 162 162 162 162 162 162 162 162 162 162 162 162 162 162 162 162 162 162 162 162 162 161 161 161 161 161 161 161 161 161 161 161 160 159 159 159 159 159 159 158 157 157 158 158 158 158 159 158 158 158 158 158 157 157 157 157 157 157 157 157 158 157 158 158 158 158 157 157 157 157 156 156 156 156 156 155 155 155 155 155 155 155 155 155 156 156 156 156 155 156 156 156 156 156 156 156 157 157 157 157 157 157 156 156 156 155 156 156 156 155 155 155 156 155 155 154 154 154 154 155 154 154 153 153 154 154 154 154 153 153 153 153 153 152 152 152 152 151 151 151 151 151 151 151 151 151 151 150 150 150 150 150 150 150 150 150 150 150 150 150 150 150 150 149 149 149 149 150 150 149 149 149 149 149 149 150 149 149 149 149 148 148 148 148 149 148 148 148 148 148 147 147 147 147 147 147 147 147 147 147 147 147 146 146 146 146 146 146 146 146 146 146 145 145 145 145 145 145 145 144 144 144 144 144 144 144 144 144 144 143 143 143 143 143 142 142 142 141 141 141 142 142 142 142 142 142 141 141 141 141 141 141 142 143 143 143 143 143 142 142 142 142 142 141 140 138 138 136 136 137 137 137 137 137 138 138 138 137 137 137 136 136 136 135 135 135 135 134 134 134 134 134 134 134 134 133 133 133 133 133 133 133 132 132 132 131 131 131 131 131 131 131 131 131 131 131 131 131 131 130 129 129 129 129 128 128 128 127 127 127 127 127 128 128 128 128 128 128 128 127 126 126 126 126 126 126 126 125 126 126 0 
0 0 0 0 0 0 0 0 0 0 0 0 0 0 0 0 0 0 0 0 0 0 0 0 0 0 0 0 0 0 0 0 0 0 0 0 0 0 0 0 0 0 0 0 0 0 0 0 0 0 0 0 0 0 0 0 0 0 0 0 0 0 0 0 0 0 0 0 0 0 0 0 0 0 0 0 0 0 0 0 0 0 0 0 0 0 0 0 0 0 0 0 0 0 0 0 0 0 0 0 0 0 0 0 0 0 0 0 0 0 0 0 0 0 0 0 159 160 161 161 161 161 161 162 162 163 163 162 162 162 163 163 163 163 163 163 163 163 163 163 163 163 163 163 163 163 163 163 163 163 163 163 163 163 162 162 162 163 163 163 162 162 162 162 162 162 162 161 162 162 162 162 161 161 161 161 161 161 161 161 161 161 161 161 161 160 160 160 160 159 159 159 158 157 157 158 158 158 158 158 158 158 158 157 157 157 158 158 157 157 158 157 157 158 157 158 158 158 158 157 157 157 157 156 157 156 156 156 155 155 156 156 155 155 155 156 156 156 156 155 155 156 156 156 156 156 156 156 156 156 157 157 157 157 157 156 156 156 156 156 156 156 155 155 156 155 155 154 154 154 154 154 155 155 154 153 154 155 154 154 153 153 153 152 153 152 152 152 152 151 151 151 151 151 151 151 151 150 150 150 150 150 150 150 150 150 150 150 150 150 150 150 150 150 150 150 149 149 150 149 150 149 149 148 148 149 149 149 150 149 149 149 148 148 148 148 149 148 148 148 148 147 147 147 147 147 147 147 147 147 147 147 147 146 146 146 146 146 146 146 146 146 146 145 145 145 145 145 145 145 145 144 144 144 144 144 143 143 143 143 143 143 143 143 143 143 143 142 142 141 141 141 142 142 142 142 141 141 141 141 141 141 141 140 141 142 143 143 143 143 142 142 142 141 141 140 140 139 139 137 136 136 136 137 137 137 137 137 137 137 137 136 136 136 136 135 135 135 134 134 134 134 134 134 134 134 134 133 133 133 133 133 133 133 132 132 132 131 131 131 131 131 130 130 131 131 131 130 130 130 130 130 130 130 130 130 130 130 129 128 128 127 127 127 127 127 127 127 127 127 127 127 126 125 126 125 126 125 125 126 126 0 0 
0 0 0 0 0 0 0 0 0 0 0 0 0 0 0 0 0 0 0 0 0 0 0 0 0 0 0 0 0 0 0 0 0 0 0 0 0 0 0 0 0 0 0 0 0 0 0 0 0 0 0 0 0 0 0 0 0 0 0 0 0 0 0 0 0 0 0 0 0 0 0 0 0 0 0 0 0 0 0 0 0 0 0 0 0 0 0 0 0 0 0 0 0 0 0 0 0 0 0 0 0 0 0 0 0 0 0 0 0 0 0 0 0 0 0 159 160 161 161 161 162 162 162 161 162 162 163 162 162 162 162 163 163 163 163 163 163 163 163 163 163 163 163 163 163 163 163 163 163 163 163 163 163 163 163 163 162 163 163 163 163 163 162 162 162 161 161 161 161 162 161 161 161 161 161 161 161 161 161 161 161 161 161 161 161 161 160 160 160 159 159 158 158 158 157 157 157 157 157 157 158 158 158 158 157 158 158 158 157 157 158 158 157 157 158 157 158 158 158 158 158 158 157 157 157 157 157 156 156 155 156 155 155 155 155 155 156 155 156 155 155 155 155 156 155 155 156 156 156 156 156 156 157 157 157 157 156 156 157 156 156 157 156 156 156 156 155 154 154 154 154 155 155 155 154 154 154 154 155 154 153 153 153 152 152 152 152 152 152 152 151 151 151 151 150 150 150 150 150 150 150 150 150 150 150 150 150 150 150 150 150 150 150 150 150 150 149 149 149 149 149 148 149 149 148 148 148 149 149 149 148 149 148 148 148 148 149 149 148 148 147 147 147 147 147 147 147 147 147 147 147 147 146 146 146 146 146 146 146 146 146 145 145 145 145 145 145 145 144 144 144 144 144 144 144 143 143 143 143 143 143 143 143 143 142 143 143 143 142 142 141 141 143 142 142 141 141 141 141 141 141 141 140 140 141 142 142 143 143 143 142 142 141 141 141 140 140 139 138 138 137 137 137 137 137 137 137 137 137 137 137 136 136 136 136 136 135 135 134 134 134 134 134 134 134 133 133 133 133 133 133 133 133 132 132 132 132 132 131 131 131 130 130 130 130 130 131 131 130 130 130 130 130 130 130 129 129 129 129 129 129 128 127 127 127 127 127 127 127 127 127 127 126 126 126 126 125 125 126 126 126 0 0 
0 0 0 0 0 0 0 0 0 0 0 0 0 0 0 0 0 0 0 0 0 0 0 0 0 0 0 0 0 0 0 0 0 0 0 0 0 0 0 0 0 0 0 0 0 0 0 0 0 0 0 0 0 0 0 0 0 0 0 0 0 0 0 0 0 0 0 0 0 0 0 0 0 0 0 0 0 0 0 0 0 0 0 0 0 0 0 0 0 0 0 0 0 0 0 0 0 0 0 0 0 0 0 0 0 0 0 0 0 0 0 0 0 0 0 0 160 161 161 161 161 161 162 162 162 162 163 162 162 162 162 163 163 163 163 163 163 163 163 163 163 163 163 163 163 163 163 163 163 163 163 163 163 163 163 163 163 163 163 163 163 163 162 162 162 161 161 161 161 161 161 161 161 161 161 161 162 161 161 161 161 161 161 161 161 161 160 159 159 159 158 158 157 158 158 158 158 158 158 158 158 158 158 157 157 157 158 158 158 157 157 157 158 158 158 158 158 158 158 158 158 158 157 157 157 157 157 156 156 156 156 156 155 155 155 155 155 155 155 155 156 155 156 155 155 155 156 156 156 156 156 156 157 157 158 157 157 157 157 157 156 156 156 156 156 156 155 154 155 154 154 155 155 155 155 154 154 154 154 154 154 153 153 152 152 152 152 152 152 151 151 151 151 150 151 151 150 150 151 150 150 150 150 150 150 150 150 150 150 150 150 150 150 150 150 149 149 149 149 149 149 149 149 149 149 149 148 148 149 149 148 148 148 148 148 148 148 148 148 147 147 147 147 147 147 147 147 147 147 147 147 146 146 146 146 146 146 146 146 146 145 145 145 145 145 145 145 144 144 144 144 144 144 144 143 143 143 143 143 143 143 143 143 142 142 142 143 143 143 142 142 141 142 142 142 141 141 141 141 141 141 141 140 140 140 140 141 142 141 141 142 142 141 142 141 141 140 139 138 137 137 137 136 137 137 137 137 136 137 137 136 136 136 136 136 136 135 135 135 134 134 134 134 133 133 133 133 133 133 133 133 132 132 132 132 132 132 132 131 131 131 130 130 130 130 130 130 130 130 130 130 130 130 130 130 129 129 128 128 128 129 129 129 128 127 127 127 127 127 127 127 127 126 126 126 126 126 126 125 125 125 0 0 
0 0 0 0 0 0 0 0 0 0 0 0 0 0 0 0 0 0 0 0 0 0 0 0 0 0 0 0 0 0 0 0 0 0 0 0 0 0 0 0 0 0 0 0 0 0 0 0 0 0 0 0 0 0 0 0 0 0 0 0 0 0 0 0 0 0 0 0 0 0 0 0 0 0 0 0 0 0 0 0 0 0 0 0 0 0 0 0 0 0 0 0 0 0 0 0 0 0 0 0 0 0 0 0 0 0 0 0 0 0 0 0 0 0 0 0 0 0 160 160 160 161 162 162 162 162 163 162 162 161 162 162 163 162 162 163 163 163 163 163 163 163 163 163 163 163 163 163 163 163 163 163 163 163 162 162 163 163 163 163 163 163 163 162 162 161 161 161 161 161 161 161 161 161 161 161 161 161 161 161 161 161 161 161 161 160 159 159 158 158 158 158 158 158 159 158 158 158 158 158 158 157 158 158 157 157 157 157 157 157 157 157 157 157 158 158 158 158 158 158 158 158 158 157 157 158 158 157 157 157 157 156 155 155 155 155 155 155 155 155 156 156 156 155 155 155 156 156 155 155 156 156 157 157 157 157 157 157 157 157 156 156 156 155 155 156 156 155 155 155 155 155 155 155 155 155 154 154 154 154 153 153 152 152 152 152 151 151 151 151 151 151 150 150 151 151 150 150 150 150 150 150 151 150 150 150 149 150 150 150 150 150 150 150 149 149 149 149 149 149 149 149 149 149 149 149 149 149 149 148 148 148 147 147 147 148 148 147 147 147 147 147 147 147 147 147 147 147 147 147 146 146 146 146 146 146 146 146 146 145 145 145 145 145 145 145 145 144 144 144 144 144 144 144 143 143 143 143 143 143 142 142 142 142 142 142 142 142 142 142 142 141 143 142 142 141 141 141 141 141 141 141 140 140 140 140 140 140 140 140 141 142 142 142 141 141 140 139 139 138 137 137 136 136 137 137 137 137 136 136 136 136 136 136 136 136 135 135 135 134 134 134 134 134 133 133 133 133 133 132 132 132 132 132 132 132 132 132 131 131 131 131 130 130 130 130 130 130 129 129 129 130 129 129 129 129 128 128 128 128 128 128 128 129 127 127 126 126 127 127 127 127 125 125 125 125 125 125 125 125 0 0 0 
0 0 0 0 0 0 0 0 0 0 0 0 0 0 0 0 0 0 0 0 0 0 0 0 0 0 0 0 0 0 0 0 0 0 0 0 0 0 0 0 0 0 0 0 0 0 0 0 0 0 0 0 0 0 0 0 0 0 0 0 0 0 0 0 0 0 0 0 0 0 0 0 0 0 0 0 0 0 0 0 0 0 0 0 0 0 0 0 0 0 0 0 0 0 0 0 0 0 0 0 0 0 0 0 0 0 0 0 0 0 0 0 0 0 0 0 0 0 0 0 0 0 161 162 162 162 162 162 162 162 162 162 162 162 163 163 163 163 163 163 163 163 163 163 163 163 163 163 163 163 163 163 163 163 163 163 163 163 163 163 163 163 162 162 162 162 162 161 161 161 161 161 161 161 161 161 161 161 161 161 161 161 161 161 161 160 159 159 158 158 159 159 158 159 159 158 158 158 158 158 157 158 158 158 158 158 157 157 157 157 157 157 158 157 157 157 157 158 158 157 157 157 158 158 157 157 158 157 157 157 157 156 156 155 155 155 155 155 155 155 156 156 155 155 156 156 156 155 156 156 156 156 157 157 157 156 157 157 158 158 157 157 156 156 155 155 155 156 156 156 156 155 155 155 155 155 155 155 155 154 154 153 153 152 152 152 152 152 152 151 151 151 150 150 151 151 150 150 150 150 151 150 150 150 150 150 150 150 149 149 150 149 150 150 150 149 149 150 149 149 149 149 149 148 149 149 149 148 148 148 148 148 147 147 148 148 147 147 147 147 147 147 147 147 147 147 147 147 147 147 147 147 146 146 146 146 146 146 145 145 145 145 145 144 144 145 145 144 144 144 144 144 144 144 143 143 143 143 143 143 142 142 142 142 142 142 142 142 142 142 142 141 143 143 142 141 141 141 141 141 141 140 140 140 140 140 139 139 139 139 140 141 141 141 141 141 140 140 139 138 138 137 136 136 136 137 137 136 136 136 136 136 136 136 135 135 135 135 135 134 134 134 134 134 133 133 133 133 133 132 132 132 132 132 132 132 131 131 131 131 131 131 130 130 129 129 129 129 129 129 129 129 129 129 129 128 128 128 127 127 127 127 127 128 128 127 127 127 126 126 126 126 125 125 125 125 125 124 125 125 0 0 0 
0 0 0 0 0 0 0 0 0 0 0 0 0 0 0 0 0 0 0 0 0 0 0 0 0 0 0 0 0 0 0 0 0 0 0 0 0 0 0 0 0 0 0 0 0 0 0 0 0 0 0 0 0 0 0 0 0 0 0 0 0 0 0 0 0 0 0 0 0 0 0 0 0 0 0 0 0 0 0 0 0 0 0 0 0 0 0 0 0 0 0 0 0 0 0 0 0 0 0 0 0 0 0 0 0 0 0 0 0 0 0 0 0 0 0 0 0 0 0 0 0 0 161 161 162 0 0 162 162 162 162 162 162 162 162 163 163 0 0 163 163 163 163 163 163 163 163 163 163 163 163 163 163 163 163 163 163 163 163 163 163 163 163 162 162 162 162 162 161 161 161 161 161 161 161 161 161 161 161 161 161 161 161 161 161 161 160 159 159 159 159 159 158 158 159 158 158 158 157 157 158 158 158 158 158 158 158 157 157 157 157 157 157 158 157 158 157 157 158 158 158 157 157 157 157 156 156 156 157 157 157 157 156 156 155 155 155 155 155 155 156 155 155 156 155 156 155 156 156 156 156 156 156 157 156 156 157 157 157 157 157 157 157 156 155 155 155 156 156 156 155 155 154 154 154 155 154 154 155 155 154 153 153 152 152 152 152 152 152 152 151 151 151 150 151 151 150 150 150 150 151 151 151 151 151 150 150 149 149 149 149 149 150 149 149 149 149 149 149 149 149 149 149 149 149 149 148 148 148 148 148 148 147 147 148 147 147 147 147 147 147 147 147 147 147 147 147 147 147 147 146 146 146 146 146 146 146 145 145 145 145 145 144 144 144 144 144 144 144 144 144 143 143 143 143 143 143 143 143 142 142 142 142 142 142 142 142 141 141 142 141 141 143 142 142 142 141 141 141 140 140 140 140 140 140 139 139 139 139 139 139 139 139 140 140 140 140 140 139 138 137 137 137 136 136 137 136 136 136 136 135 135 135 135 135 135 135 135 135 134 135 135 134 134 133 133 133 133 133 133 133 132 132 131 131 131 131 131 131 131 131 131 130 130 129 129 129 129 129 129 129 129 129 129 129 128 128 128 127 127 127 127 127 127 127 127 128 128 127 126 126 126 125 125 125 125 125 124 0 0 0 0 0 
0 0 0 0 0 0 0 0 0 0 0 0 0 0 0 0 0 0 0 0 0 0 0 0 0 0 0 0 0 0 0 0 0 0 0 0 0 0 0 0 0 0 0 0 0 0 0 0 0 0 0 0 0 0 0 0 0 0 0 0 0 0 0 0 0 0 0 0 0 0 0 0 0 0 0 0 0 0 0 0 0 0 0 0 0 0 0 0 0 0 0 0 0 0 0 0 0 0 0 0 0 0 0 0 0 0 0 0 0 0 0 0 0 0 0 0 0 0 0 0 0 0 161 0 0 0 0 0 0 0 161 162 162 162 162 0 0 0 0 163 163 163 163 163 163 163 163 163 163 163 163 163 163 163 163 163 163 163 163 163 162 162 163 162 162 162 162 162 162 161 161 161 161 161 161 161 161 161 161 161 161 161 161 161 161 161 160 159 159 159 159 159 158 158 159 158 158 158 158 157 158 158 158 157 158 158 158 158 157 157 158 157 157 157 158 157 158 157 157 158 158 158 158 157 157 157 157 156 156 156 157 157 157 156 156 155 155 155 155 155 155 155 155 155 155 155 155 156 156 156 156 156 155 156 156 156 156 157 156 157 156 157 157 156 155 155 155 156 155 155 155 155 155 155 154 154 154 154 154 155 154 153 152 152 152 152 153 152 152 152 151 151 151 150 151 151 151 150 150 150 151 150 150 150 150 150 150 150 149 149 149 149 149 149 149 149 149 149 149 149 149 149 149 148 148 148 148 148 148 148 148 148 147 147 147 147 147 147 147 147 147 147 147 147 147 147 147 147 147 146 146 146 146 146 146 146 145 145 145 145 145 145 145 144 145 144 144 144 144 144 144 143 143 143 143 143 143 143 142 142 142 142 142 142 141 141 141 141 141 141 141 141 142 142 142 142 142 141 141 140 141 141 140 140 140 139 139 139 139 139 138 138 139 139 139 140 140 139 139 138 137 137 137 137 136 136 136 136 136 135 136 136 135 135 135 135 135 135 135 134 134 134 134 134 134 133 133 133 133 133 133 132 132 131 131 131 131 131 131 131 131 130 130 130 130 129 129 129 129 129 129 129 129 129 129 129 128 128 127 127 127 127 126 126 126 126 127 127 127 127 126 126 125 125 125 125 125 0 0 0 0 0 0 
0 0 0 0 0 0 0 0 0 0 0 0 0 0 0 0 0 0 0 0 0 0 0 0 0 0 0 0 0 0 0 0 0 0 0 0 0 0 0 0 0 0 0 0 0 0 0 0 0 0 0 0 0 0 0 0 0 0 0 0 0 0 0 0 0 0 0 0 0 0 0 0 0 0 0 0 0 0 0 0 0 0 0 0 0 0 0 0 0 0 0 0 0 0 0 0 0 0 0 0 0 0 0 0 0 0 0 0 0 0 0 0 0 0 0 0 0 0 0 0 0 0 0 0 0 0 0 0 0 0 0 0 0 0 0 0 0 0 0 163 163 163 163 163 163 163 163 163 163 163 163 163 163 163 163 163 163 163 163 162 162 162 163 162 162 162 162 162 162 162 162 161 161 161 161 161 161 161 161 161 161 160 160 161 160 160 160 159 159 159 159 159 158 158 158 158 158 158 158 157 158 158 158 158 157 158 158 158 158 158 158 158 157 157 158 157 158 158 158 158 158 157 157 157 158 158 157 157 156 156 156 156 156 156 156 156 155 155 155 155 155 155 155 155 155 155 156 156 156 155 155 155 156 156 157 157 157 156 157 157 156 156 157 156 155 155 154 155 155 155 155 155 155 155 154 154 154 154 154 154 154 153 153 152 152 152 153 152 152 152 152 151 151 150 151 151 151 150 150 150 150 150 150 150 150 150 150 150 150 150 149 149 149 149 149 149 149 149 149 149 149 149 148 148 148 148 148 148 148 148 148 148 147 147 147 147 147 147 147 147 147 147 147 147 147 147 147 147 146 146 146 146 146 146 145 145 145 145 145 145 145 145 145 145 145 145 144 144 144 144 144 143 143 143 143 143 143 143 142 142 142 142 142 142 141 141 141 141 141 141 141 141 142 142 142 142 142 142 141 141 141 141 140 140 140 139 139 139 139 139 139 139 138 138 138 138 138 138 138 138 138 138 137 137 136 136 136 136 135 135 135 135 135 135 135 135 135 135 135 134 134 134 134 133 133 133 133 133 133 133 133 132 132 131 131 131 131 131 131 131 130 130 130 130 130 130 129 129 129 129 129 129 129 129 129 128 128 127 127 127 127 127 126 126 126 126 126 126 126 126 126 126 125 125 0 0 0 0 0 0 0 0 0 
0 0 0 0 0 0 0 0 0 0 0 0 0 0 0 0 0 0 0 0 0 0 0 0 0 0 0 0 0 0 0 0 0 0 0 0 0 0 0 0 0 0 0 0 0 0 0 0 0 0 0 0 0 0 0 0 0 0 0 0 0 0 0 0 0 0 0 0 0 0 0 0 0 0 0 0 0 0 0 0 0 0 0 0 0 0 0 0 0 0 0 0 0 0 0 0 0 0 0 0 0 0 0 0 0 0 0 0 0 0 0 0 0 0 0 0 0 0 0 0 0 0 0 0 0 0 0 0 0 0 0 0 0 0 0 0 0 0 0 0 163 163 163 163 163 163 163 163 163 163 163 163 163 163 163 163 163 163 162 163 163 163 162 162 162 162 162 162 162 162 161 161 161 161 161 161 161 161 161 161 161 161 160 160 160 160 160 160 160 160 159 159 159 159 159 158 159 158 157 157 158 158 158 158 158 157 157 157 157 157 158 157 157 158 158 158 158 158 159 158 158 158 157 157 157 157 157 157 156 156 156 156 156 156 155 155 155 155 155 155 155 155 155 155 155 155 155 155 155 155 156 156 156 157 157 157 157 156 156 156 157 157 157 156 155 155 154 154 155 154 155 155 155 155 155 155 154 154 154 154 153 153 153 152 152 152 152 152 152 152 151 151 151 150 151 151 151 150 150 150 150 150 150 150 150 150 151 150 150 150 149 149 149 148 148 148 148 148 148 148 149 148 148 148 148 148 148 148 148 148 148 148 147 147 147 147 147 147 147 146 147 146 147 147 147 147 147 146 146 146 146 146 146 146 145 145 145 145 145 145 145 145 145 145 145 144 144 144 144 144 143 143 143 143 143 143 143 142 142 142 142 142 142 142 141 141 141 141 141 141 140 140 142 142 142 142 142 142 142 141 141 140 140 140 140 139 139 139 139 139 139 139 138 138 138 138 138 138 138 138 138 137 137 136 136 136 136 136 135 135 135 135 135 135 135 135 135 135 134 134 134 134 134 133 133 133 133 132 132 132 132 132 132 131 131 131 131 131 131 131 130 130 130 130 129 129 129 129 129 129 129 129 129 129 129 128 128 127 127 127 127 127 127 126 126 126 126 125 125 125 126 126 0 0 0 0 0 0 0 0 0 0 0 
0 0 0 0 0 0 0 0 0 0 0 0 0 0 0 0 0 0 0 0 0 0 0 0 0 0 0 0 0 0 0 0 0 0 0 0 0 0 0 0 0 0 0 0 0 0 0 0 0 0 0 0 0 0 0 0 0 0 0 0 0 0 0 0 0 0 0 0 0 0 0 0 0 0 0 0 0 0 0 0 0 0 0 0 0 0 0 0 0 0 0 0 0 0 0 0 0 0 0 0 0 0 0 0 0 0 0 0 0 0 0 0 0 0 0 0 0 0 0 0 0 0 0 0 0 0 0 0 0 0 0 0 0 0 0 0 0 0 0 0 163 163 163 163 163 163 162 163 163 163 162 163 163 163 163 163 163 163 163 163 163 163 162 162 162 162 162 161 162 162 162 162 162 162 162 162 161 162 161 161 161 161 161 160 160 160 160 160 160 159 158 159 159 159 159 159 158 158 158 157 157 158 158 158 158 158 158 157 158 158 158 158 158 158 158 158 159 159 158 159 159 158 158 158 157 157 157 157 156 156 156 156 156 156 155 155 156 155 155 155 155 155 155 155 155 156 155 156 156 156 156 156 156 156 157 156 156 156 156 156 157 157 157 156 156 155 154 155 155 154 154 154 155 155 154 154 154 154 154 154 154 153 153 152 152 152 152 151 151 151 152 151 151 151 151 151 151 150 150 150 150 150 150 150 150 150 150 150 150 151 150 150 149 149 149 149 149 148 148 148 148 148 148 148 148 148 148 148 148 148 148 148 147 147 147 147 147 147 146 146 146 146 147 147 147 147 147 146 146 146 146 146 146 145 145 145 145 145 145 145 145 145 145 145 145 144 144 144 143 143 143 143 143 143 143 143 143 142 142 142 142 142 142 142 141 141 141 141 141 140 140 140 142 142 141 142 141 141 141 141 141 140 140 140 139 139 139 139 139 138 139 138 138 138 138 138 138 137 137 137 137 137 138 137 137 136 136 136 135 135 135 135 135 135 134 134 134 134 134 134 134 134 134 134 133 133 133 132 132 132 132 132 132 131 131 131 130 131 130 130 130 130 130 130 129 129 129 129 129 129 129 129 129 129 128 128 128 128 127 127 127 127 126 126 126 126 126 125 125 125 125 125 0 0 0 0 0 0 0 0 0 0 0 
0 0 0 0 0 0 0 0 0 0 0 0 0 0 0 0 0 0 0 0 0 0 0 0 0 0 0 0 0 0 0 0 0 0 0 0 0 0 0 0 0 0 0 0 0 0 0 0 0 0 0 0 0 0 0 0 0 0 0 0 0 0 0 0 0 0 0 0 0 0 0 0 0 0 0 0 0 0 0 0 0 0 0 0 0 0 0 0 0 0 0 0 0 0 0 0 0 0 0 0 0 0 0 0 0 0 0 0 0 0 0 0 0 0 0 0 0 0 0 0 0 0 0 0 0 0 0 0 0 0 0 0 0 0 0 0 0 0 0 0 0 163 163 163 163 163 163 162 163 163 162 162 162 163 162 162 162 162 162 162 162 163 162 163 163 162 162 161 161 161 162 162 162 161 161 161 161 161 162 161 161 161 161 160 160 160 160 160 159 159 159 159 159 159 159 158 158 158 158 158 157 158 158 158 158 158 159 158 158 159 159 158 158 158 158 158 158 159 158 158 158 158 158 158 157 157 157 157 157 157 156 156 155 156 156 156 156 155 155 155 155 155 155 155 155 156 156 156 156 156 156 156 156 156 156 157 156 156 156 156 157 156 156 156 156 155 155 155 155 155 155 154 154 154 154 154 154 154 154 154 154 153 152 152 152 152 152 152 151 151 151 151 151 151 151 151 150 150 150 150 149 150 150 150 150 150 150 150 150 150 150 150 150 150 149 149 149 149 149 148 148 148 148 148 148 148 148 147 147 147 147 147 147 147 147 147 147 147 147 146 146 146 146 146 146 146 146 146 146 146 146 146 145 145 145 145 145 145 144 145 145 145 144 144 144 144 144 144 144 144 143 143 143 143 143 143 143 142 142 142 142 142 142 141 141 141 141 141 141 140 140 140 141 141 141 141 141 141 141 141 140 140 140 140 139 139 139 139 138 138 138 138 138 139 138 138 137 137 137 137 137 137 137 137 137 136 136 136 135 135 135 135 135 134 134 134 134 134 135 135 134 134 134 134 134 133 133 132 132 131 131 132 132 132 131 130 130 130 130 130 130 130 130 129 129 129 129 129 129 128 128 128 128 128 128 128 128 128 128 127 127 127 126 126 126 126 126 125 125 125 125 0 0 0 0 0 0 0 0 0 0 0 0 
0 0 0 0 0 0 0 0 0 0 0 0 0 0 0 0 0 0 0 0 0 0 0 0 0 0 0 0 0 0 0 0 0 0 0 0 0 0 0 0 0 0 0 0 0 0 0 0 0 0 0 0 0 0 0 0 0 0 0 0 0 0 0 0 0 0 0 0 0 0 0 0 0 0 0 0 0 0 0 0 0 0 0 0 0 0 0 0 0 0 0 0 0 0 0 0 0 0 0 0 0 0 0 0 0 0 0 0 0 0 0 0 0 0 0 0 0 0 0 0 0 0 0 0 0 0 0 0 0 0 0 0 0 0 0 0 0 0 0 0 0 163 163 163 163 163 163 163 162 162 162 162 163 163 163 162 162 162 162 162 162 162 162 162 162 162 162 162 162 161 161 161 161 161 161 161 161 161 161 161 161 161 161 161 161 160 159 159 159 159 159 159 159 159 159 158 158 158 158 157 158 158 158 158 158 158 158 158 159 158 159 159 159 159 158 158 158 158 158 158 159 158 158 158 158 157 157 157 157 157 156 156 155 155 155 155 155 155 154 155 155 155 155 155 155 155 156 156 155 156 156 156 156 156 156 157 156 156 156 156 156 155 156 156 156 156 156 155 154 154 154 154 154 154 154 154 154 154 154 154 154 153 153 152 152 152 153 152 152 151 151 151 151 151 151 151 150 151 151 150 149 150 150 150 150 150 150 150 149 149 150 150 150 150 150 150 150 150 149 149 148 148 148 148 148 148 147 147 147 147 147 147 147 147 147 147 146 146 146 146 146 146 146 146 146 146 146 146 146 146 146 145 145 145 145 145 145 144 144 144 144 144 144 144 144 144 144 144 144 143 143 143 142 142 143 143 142 142 142 142 142 142 141 141 141 141 141 141 140 140 140 140 141 141 141 141 141 141 141 141 141 140 140 139 139 139 138 138 138 138 138 138 138 138 138 137 137 136 137 137 136 136 136 136 136 136 136 136 135 135 135 135 135 134 134 134 134 134 134 134 134 134 134 134 134 133 133 133 132 132 131 131 132 132 131 130 130 130 130 130 130 130 129 129 129 129 129 129 128 128 128 128 128 128 128 128 128 127 127 127 127 126 126 126 126 126 126 125 125 125 125 0 0 0 0 0 0 0 0 0 0 0 0 
0 0 0 0 0 0 0 0 0 0 0 0 0 0 0 0 0 0 0 0 0 0 0 0 0 0 0 0 0 0 0 0 0 0 0 0 0 0 0 0 0 0 0 0 0 0 0 0 0 0 0 0 0 0 0 0 0 0 0 0 0 0 0 0 0 0 0 0 0 0 0 0 0 0 0 0 0 0 0 0 0 0 0 0 0 0 0 0 0 0 0 0 0 0 0 0 0 0 0 0 0 0 0 0 0 0 0 0 0 0 0 0 0 0 0 0 0 0 0 0 0 0 0 0 0 0 0 0 0 0 0 0 0 0 0 0 0 0 0 0 0 0 0 163 163 163 163 163 162 163 163 163 163 163 162 162 162 162 162 162 162 162 162 162 162 162 162 162 161 161 161 161 161 161 161 161 161 161 161 161 161 161 161 161 160 160 159 159 159 159 159 159 159 159 158 158 158 158 158 157 158 159 159 159 158 158 159 159 158 158 158 159 158 158 158 158 158 158 158 158 158 158 158 158 158 158 157 157 157 156 156 156 156 156 155 155 155 154 154 154 154 155 155 155 156 155 155 155 155 156 156 156 156 156 156 157 156 156 156 156 155 156 156 156 156 156 155 155 154 154 154 154 154 154 154 154 153 154 154 154 154 153 153 153 152 152 152 153 152 152 151 151 151 151 151 151 151 151 151 150 150 150 150 150 150 149 149 149 149 149 149 149 149 149 149 149 150 150 149 149 148 148 148 148 148 148 147 147 147 147 147 146 146 146 146 146 146 146 146 146 146 146 146 146 146 146 146 146 146 146 146 145 145 145 145 145 144 144 144 144 144 144 144 144 144 144 144 144 143 143 143 143 142 142 143 143 142 142 142 142 142 141 141 141 141 141 141 140 140 140 140 140 141 141 141 141 141 141 141 141 141 140 140 140 139 139 138 138 138 138 138 138 138 137 137 137 137 137 137 137 136 136 136 135 135 136 136 135 135 135 135 135 135 134 134 134 134 134 133 134 134 134 134 134 134 133 133 133 132 132 132 131 131 132 132 131 130 130 130 130 130 129 129 129 129 129 128 128 128 128 128 128 128 128 128 127 127 127 127 127 126 126 126 126 126 126 126 126 125 125 0 0 0 0 0 0 0 0 0 0 0 0 0 
0 0 0 0 0 0 0 0 0 0 0 0 0 0 0 0 0 0 0 0 0 0 0 0 0 0 0 0 0 0 0 0 0 0 0 0 0 0 0 0 0 0 0 0 0 0 0 0 0 0 0 0 0 0 0 0 0 0 0 0 0 0 0 0 0 0 0 0 0 0 0 0 0 0 0 0 0 0 0 0 0 0 0 0 0 0 0 0 0 0 0 0 0 0 0 0 0 0 0 0 0 0 0 0 0 0 0 0 0 0 0 0 0 0 0 0 0 0 0 0 0 0 0 0 0 0 0 0 0 0 0 0 0 0 0 0 0 0 0 0 0 0 0 0 163 163 163 163 163 163 163 163 163 163 162 162 162 162 162 162 162 162 162 162 162 162 162 161 161 161 161 161 161 161 161 161 161 161 160 161 161 161 161 160 160 160 160 159 159 159 159 159 159 159 158 158 158 158 158 158 157 158 158 158 158 158 158 158 158 158 158 158 158 158 158 158 159 159 159 158 157 157 157 157 158 157 157 157 157 156 156 156 156 156 155 155 155 155 154 154 154 155 154 154 155 154 155 155 155 155 155 155 156 156 156 156 156 156 156 155 155 156 156 156 156 156 155 154 154 154 154 154 154 154 154 154 153 153 153 153 154 153 153 153 153 152 153 153 153 152 152 151 151 151 151 151 151 150 150 150 150 150 150 149 149 149 149 149 149 149 149 149 149 149 149 149 149 149 149 149 149 148 148 147 147 147 147 147 147 147 147 146 146 147 146 146 146 146 146 146 146 145 146 146 146 146 146 146 145 145 145 145 145 145 145 145 144 144 144 144 144 144 144 144 144 144 143 143 143 143 143 143 142 142 142 142 142 142 142 142 142 141 141 141 141 141 140 140 140 140 140 140 141 141 141 141 141 141 141 141 141 140 140 140 139 139 138 138 138 138 138 138 137 137 137 137 136 137 137 136 136 136 136 136 135 135 135 135 135 135 134 134 134 134 134 134 134 133 133 133 133 133 133 134 134 133 133 133 132 132 132 131 131 131 131 131 131 130 130 130 130 129 129 130 129 129 128 128 128 128 128 128 128 127 127 127 127 127 127 127 126 126 126 126 126 126 126 126 125 125 0 0 0 0 0 0 0 0 0 0 0 0 0 
0 0 0 0 0 0 0 0 0 0 0 0 0 0 0 0 0 0 0 0 0 0 0 0 0 0 0 0 0 0 0 0 0 0 0 0 0 0 0 0 0 0 0 0 0 0 0 0 0 0 0 0 0 0 0 0 0 0 0 0 0 0 0 0 0 0 0 0 0 0 0 0 0 0 0 0 0 0 0 0 0 0 0 0 0 0 0 0 0 0 0 0 0 0 0 0 0 0 0 0 0 0 0 0 0 0 0 0 0 0 0 0 0 0 0 0 0 0 0 0 0 0 0 0 0 0 0 0 0 0 0 0 0 0 0 0 0 0 0 0 0 0 0 0 0 0 0 163 163 163 163 163 163 163 162 162 162 162 162 162 162 162 162 162 162 162 162 162 161 161 161 162 161 161 161 161 161 161 161 160 161 161 161 160 160 160 160 160 159 159 159 159 159 159 159 158 158 158 158 158 158 157 158 158 158 158 158 158 158 158 158 158 158 158 158 158 158 159 158 158 158 157 157 156 157 157 157 157 157 157 157 156 156 156 156 155 155 155 155 154 154 154 154 154 155 155 155 155 154 154 155 155 156 156 155 156 156 156 156 156 155 155 156 156 156 156 155 155 155 155 154 154 154 154 154 154 153 153 153 153 153 153 153 153 153 153 153 153 153 153 152 152 151 151 151 150 150 150 150 149 149 150 150 149 150 150 150 149 149 149 149 149 149 149 149 149 149 149 149 149 149 148 148 148 148 148 147 147 147 147 147 146 146 146 146 146 146 146 146 146 145 145 146 146 146 145 145 145 145 145 145 145 145 145 145 144 144 144 144 144 144 144 144 144 144 144 143 143 143 143 143 142 142 142 142 142 142 142 142 142 142 141 141 141 141 140 140 140 140 140 140 140 141 141 141 141 141 141 140 140 140 140 140 140 140 139 138 138 138 138 137 137 137 137 137 137 136 136 136 136 136 136 135 135 135 135 135 135 134 135 134 134 134 134 134 134 134 133 133 133 133 134 134 134 134 133 133 133 132 133 133 132 131 131 131 131 131 130 130 130 129 129 129 129 129 128 128 128 128 128 128 128 128 127 127 126 126 126 126 126 126 126 126 126 126 125 125 125 0 0 0 0 0 0 0 0 0 0 0 0 0 0 0 
0 0 0 0 0 0 0 0 0 0 0 0 0 0 0 0 0 0 0 0 0 0 0 0 0 0 0 0 0 0 0 0 0 0 0 0 0 0 0 0 0 0 0 0 0 0 0 0 0 0 0 0 0 0 0 0 0 0 0 0 0 0 0 0 0 0 0 0 0 0 0 0 0 0 0 0 0 0 0 0 0 0 0 0 0 0 0 0 0 0 0 0 0 0 0 0 0 0 0 0 0 0 0 0 0 0 0 0 0 0 0 0 0 0 0 0 0 0 0 0 0 0 0 0 0 0 0 0 0 0 0 0 0 0 0 0 0 0 0 0 0 0 0 0 0 0 0 0 163 163 163 163 163 163 163 162 162 162 162 162 162 162 162 162 162 162 162 162 161 161 161 162 161 161 161 161 161 161 161 160 160 160 160 160 160 160 160 160 160 160 160 160 159 159 159 158 158 158 158 158 159 158 159 159 159 158 158 158 158 158 159 159 159 158 158 158 158 159 158 158 157 157 156 157 157 156 156 156 157 156 157 156 156 156 156 155 155 155 154 154 154 154 154 155 155 155 155 154 155 155 154 155 155 155 155 156 155 156 156 156 156 156 156 157 157 156 155 155 156 155 154 154 153 153 153 153 154 153 153 153 153 153 153 153 153 153 153 153 153 153 152 152 151 151 151 150 150 150 150 149 149 150 150 150 150 150 150 150 149 150 149 149 150 149 149 149 149 149 149 149 149 148 148 149 148 148 147 147 147 147 147 147 146 146 146 146 146 146 146 146 145 145 146 146 145 145 145 145 145 145 145 145 145 145 145 144 144 144 144 144 144 144 144 144 144 143 143 143 143 143 143 142 142 142 142 142 142 142 142 142 141 141 141 141 141 140 140 140 140 140 140 140 141 141 141 141 141 140 140 140 139 140 140 140 139 138 138 137 138 138 138 137 137 137 136 136 136 136 136 136 135 135 135 134 134 134 134 134 134 135 135 135 134 134 134 134 133 133 133 133 133 133 134 134 134 133 133 133 132 133 133 132 131 130 130 130 130 130 130 130 129 129 129 129 129 128 128 128 127 127 127 127 127 127 126 126 126 125 125 125 125 126 125 125 125 0 0 0 0 0 0 0 0 0 0 0 0 0 0 0 0 0 0 
0 0 0 0 0 0 0 0 0 0 0 0 0 0 0 0 0 0 0 0 0 0 0 0 0 0 0 0 0 0 0 0 0 0 0 0 0 0 0 0 0 0 0 0 0 0 0 0 0 0 0 0 0 0 0 0 0 0 0 0 0 0 0 0 0 0 0 0 0 0 0 0 0 0 0 0 0 0 0 0 0 0 0 0 0 0 0 0 0 0 0 0 0 0 0 0 0 0 0 0 0 0 0 0 0 0 0 0 0 0 0 0 0 0 0 0 0 0 0 0 0 0 0 0 0 0 0 0 0 0 0 0 0 0 0 0 0 0 0 0 0 0 0 0 0 0 0 0 163 163 163 163 163 163 163 162 163 162 162 162 162 162 162 162 162 162 162 162 162 161 161 161 161 161 161 161 161 160 160 160 160 160 160 160 160 160 160 160 160 160 159 159 159 159 159 158 159 158 158 158 159 159 159 159 159 159 158 158 158 159 159 159 158 158 158 158 158 158 158 157 158 157 157 157 157 156 156 156 156 156 156 156 156 156 156 155 155 155 154 154 154 155 155 155 155 155 154 155 155 155 155 155 155 155 155 155 155 155 155 155 155 155 156 156 156 156 155 155 155 155 154 154 154 153 153 153 153 153 153 153 153 153 153 153 153 153 153 153 153 153 153 152 152 151 151 151 151 150 150 149 149 149 149 150 150 150 150 150 150 150 150 150 150 150 149 149 149 149 149 150 149 149 149 149 149 148 147 147 147 147 147 147 146 146 146 146 146 146 146 146 145 145 146 145 145 145 145 145 145 145 145 145 145 145 144 144 144 144 144 144 144 144 144 144 143 143 143 143 143 143 143 142 142 142 142 142 142 142 142 142 141 141 141 141 141 140 140 140 140 140 139 139 141 141 141 140 140 140 140 140 140 139 139 140 139 139 139 138 137 138 138 138 137 136 136 136 136 136 136 136 135 135 135 135 135 135 134 135 134 134 134 134 134 134 134 134 134 133 133 133 133 133 133 134 134 134 134 133 133 132 133 132 131 130 130 130 130 130 130 129 129 129 129 129 129 129 128 128 127 127 127 126 126 126 126 126 126 125 125 125 125 125 125 125 125 0 0 0 0 0 0 0 0 0 0 0 0 0 0 0 0 0 0 
0 0 0 0 0 0 0 0 0 0 0 0 0 0 0 0 0 0 0 0 0 0 0 0 0 0 0 0 0 0 0 0 0 0 0 0 0 0 0 0 0 0 0 0 0 0 0 0 0 0 0 0 0 0 0 0 0 0 0 0 0 0 0 0 0 0 0 0 0 0 0 0 0 0 0 0 0 0 0 0 0 0 0 0 0 0 0 0 0 0 0 0 0 0 0 0 0 0 0 0 0 0 0 0 0 0 0 0 0 0 0 0 0 0 0 0 0 0 0 0 0 0 0 0 0 0 0 0 0 0 0 0 0 0 0 0 0 0 0 0 0 0 0 0 0 0 0 0 0 163 163 163 163 163 163 163 163 162 162 162 162 162 162 162 161 161 162 162 162 161 161 161 161 161 161 161 160 160 160 160 160 160 160 160 160 160 160 160 160 160 159 159 158 158 158 158 159 159 159 159 158 158 158 159 159 158 158 158 158 158 158 159 158 157 158 158 158 158 157 157 157 157 157 158 157 157 157 156 156 155 155 156 156 156 156 156 155 154 154 155 155 155 155 155 155 154 154 155 155 155 156 156 155 155 155 155 155 155 155 156 156 156 155 155 156 156 156 155 155 156 155 154 153 153 153 153 153 153 153 153 153 153 153 153 153 153 152 153 152 153 152 152 152 151 151 151 151 150 150 149 149 149 149 150 150 149 149 149 149 149 149 149 149 149 149 149 149 149 149 149 150 150 149 149 148 148 147 147 147 147 147 147 146 146 146 146 146 146 146 146 146 145 146 146 145 145 145 145 145 145 145 145 144 144 144 144 144 144 144 144 144 144 144 144 143 143 143 143 143 143 143 142 142 142 142 142 142 142 142 141 141 141 141 141 141 140 140 140 140 140 140 139 141 140 140 140 140 139 140 139 139 139 139 139 139 138 139 139 137 137 138 138 137 137 136 136 136 136 136 135 135 135 135 135 135 135 134 135 135 135 134 134 134 134 134 134 134 134 133 133 133 133 133 134 133 133 133 133 132 132 132 132 132 131 130 129 129 129 129 129 129 129 129 129 129 129 128 128 127 127 127 127 126 126 126 127 126 125 125 125 124 124 124 125 0 0 0 0 0 0 0 0 0 0 0 0 0 0 0 0 0 0 0 
0 0 0 0 0 0 0 0 0 0 0 0 0 0 0 0 0 0 0 0 0 0 0 0 0 0 0 0 0 0 0 0 0 0 0 0 0 0 0 0 0 0 0 0 0 0 0 0 0 0 0 0 0 0 0 0 0 0 0 0 0 0 0 0 0 0 0 0 0 0 0 0 0 0 0 0 0 0 0 0 0 0 0 0 0 0 0 0 0 0 0 0 0 0 0 0 0 0 0 0 0 0 0 0 0 0 0 0 0 0 0 0 0 0 0 0 0 0 0 0 0 0 0 0 0 0 0 0 0 0 0 0 0 0 0 0 0 0 0 0 0 0 0 0 0 0 0 0 0 163 163 163 163 163 163 163 163 162 162 162 162 163 162 162 162 161 161 162 162 161 161 161 161 161 161 161 161 160 160 160 160 160 160 160 160 160 160 160 160 160 160 160 159 158 158 158 159 159 158 158 158 158 158 159 158 158 158 158 158 158 158 158 157 157 158 158 158 157 157 157 156 157 157 158 157 157 158 157 157 156 155 155 156 156 155 155 155 155 155 154 154 155 154 154 154 155 154 154 154 155 155 155 156 156 155 155 155 155 155 155 155 155 155 156 156 156 156 155 154 155 155 154 153 153 153 153 153 153 153 153 153 153 153 153 153 152 152 152 153 153 152 152 152 151 151 151 150 150 150 149 149 149 149 149 149 149 149 149 149 149 149 149 149 149 149 150 149 149 149 149 149 149 149 149 149 148 147 147 147 147 147 146 146 146 146 146 146 146 146 146 145 145 146 145 145 145 145 145 145 145 145 145 144 144 144 144 144 144 144 144 144 144 144 143 143 143 143 143 143 143 143 142 142 142 142 142 142 141 141 141 141 141 141 141 140 140 140 140 140 139 140 139 141 140 140 140 140 139 139 139 139 139 139 138 138 138 138 138 138 137 137 137 137 137 136 136 136 136 135 135 135 135 135 136 135 135 135 134 135 135 134 134 133 133 133 133 133 133 133 133 133 133 133 133 134 133 132 132 132 132 132 132 132 131 130 129 129 129 128 129 129 129 129 129 129 128 128 128 127 127 127 127 126 126 126 126 126 126 125 125 125 125 0 0 0 0 0 0 0 0 0 0 0 0 0 0 0 0 0 0 0 0 0 
0 0 0 0 0 0 0 0 0 0 0 0 0 0 0 0 0 0 0 0 0 0 0 0 0 0 0 0 0 0 0 0 0 0 0 0 0 0 0 0 0 0 0 0 0 0 0 0 0 0 0 0 0 0 0 0 0 0 0 0 0 0 0 0 0 0 0 0 0 0 0 0 0 0 0 0 0 0 0 0 0 0 0 0 0 0 0 0 0 0 0 0 0 0 0 0 0 0 0 0 0 0 0 0 0 0 0 0 0 0 0 0 0 0 0 0 0 0 0 0 0 0 0 0 0 0 0 0 0 0 0 0 0 0 0 0 0 0 0 0 0 0 0 0 0 0 0 0 0 0 0 0 163 163 163 163 162 162 162 163 0 161 161 161 161 161 161 161 161 161 161 161 161 161 160 161 161 160 160 160 160 160 160 160 160 160 160 160 160 160 160 160 160 159 158 158 158 159 158 158 158 158 158 158 158 158 158 159 159 159 158 157 157 157 158 158 157 157 158 157 156 157 157 157 157 157 158 157 157 157 156 155 155 155 155 155 155 155 156 155 154 154 154 155 155 155 155 155 155 154 155 155 155 156 156 155 155 155 156 156 155 156 156 156 155 155 155 155 155 154 155 154 154 153 153 153 153 153 153 153 153 153 153 153 152 152 152 152 152 152 152 152 152 151 151 150 150 150 149 149 149 149 149 149 149 149 149 149 149 149 149 149 149 149 149 150 150 149 149 148 148 148 149 149 148 148 148 147 147 146 146 146 146 146 146 146 146 146 146 145 145 145 145 145 145 145 145 145 145 145 145 145 144 144 144 144 144 144 144 144 144 143 143 143 143 143 143 143 143 143 142 142 142 142 142 141 141 141 141 141 141 141 141 141 140 140 140 140 139 139 139 139 140 140 140 140 140 140 139 139 139 139 138 138 138 138 138 137 137 137 137 137 137 136 136 136 137 136 136 136 135 135 135 135 136 135 135 135 135 135 134 134 134 133 133 133 133 133 133 133 132 132 132 132 133 133 133 132 131 131 131 132 132 132 131 130 129 128 129 129 129 129 129 129 129 129 128 128 127 127 127 127 127 126 126 125 125 126 0 0 0 0 0 0 0 0 0 0 0 0 0 0 0 0 0 0 0 0 0 0 0 0 0 
0 0 0 0 0 0 0 0 0 0 0 0 0 0 0 0 0 0 0 0 0 0 0 0 0 0 0 0 0 0 0 0 0 0 0 0 0 0 0 0 0 0 0 0 0 0 0 0 0 0 0 0 0 0 0 0 0 0 0 0 0 0 0 0 0 0 0 0 0 0 0 0 0 0 0 0 0 0 0 0 0 0 0 0 0 0 0 0 0 0 0 0 0 0 0 0 0 0 0 0 0 0 0 0 0 0 0 0 0 0 0 0 0 0 0 0 0 0 0 0 0 0 0 0 0 0 0 0 0 0 0 0 0 0 0 0 0 0 0 0 0 0 0 0 0 0 0 0 0 0 0 0 0 163 163 163 162 162 0 0 0 162 161 161 161 161 161 161 161 161 161 161 161 161 161 161 161 161 160 160 160 160 160 160 160 160 160 160 160 160 160 160 160 159 158 158 158 158 158 158 157 157 157 158 158 158 158 158 158 158 158 157 157 157 158 157 157 157 158 157 157 156 156 157 157 157 157 157 157 157 157 155 155 155 155 155 155 155 155 155 154 155 155 155 155 155 155 155 156 155 155 155 155 155 156 155 156 155 155 155 156 156 156 156 156 155 155 155 155 154 154 155 154 153 153 153 153 153 153 153 153 153 153 153 152 152 152 152 152 152 152 152 151 151 151 150 150 150 150 150 150 149 149 149 149 149 148 149 148 149 149 149 149 149 149 149 149 149 148 148 148 148 148 148 148 148 148 147 147 146 146 146 146 146 146 146 146 146 145 145 145 145 145 146 145 145 145 145 145 145 145 145 144 144 144 144 144 144 144 144 143 143 143 143 143 143 143 143 143 142 142 142 142 142 142 141 141 141 141 141 141 141 141 140 140 140 140 140 139 139 139 139 140 140 140 140 140 139 139 139 139 139 138 138 138 138 138 137 137 137 137 136 136 136 136 136 136 136 136 136 136 135 135 135 135 136 135 135 135 135 134 134 134 133 133 133 133 132 133 133 133 132 132 132 132 133 133 132 131 131 131 131 132 132 131 130 129 129 128 128 128 129 129 129 129 129 129 128 128 127 127 127 127 127 126 125 0 0 0 0 0 0 0 0 0 0 0 0 0 0 0 0 0 0 0 0 0 0 0 0 0 0 0 
0 0 0 0 0 0 0 0 0 0 0 0 0 0 0 0 0 0 0 0 0 0 0 0 0 0 0 0 0 0 0 0 0 0 0 0 0 0 0 0 0 0 0 0 0 0 0 0 0 0 0 0 0 0 0 0 0 0 0 0 0 0 0 0 0 0 0 0 0 0 0 0 0 0 0 0 0 0 0 0 0 0 0 0 0 0 0 0 0 0 0 0 0 0 0 0 0 0 0 0 0 0 0 0 0 0 0 0 0 0 0 0 0 0 0 0 0 0 0 0 0 0 0 0 0 0 0 0 0 0 0 0 0 0 0 0 0 0 0 0 0 0 0 0 0 0 0 0 0 0 0 0 0 0 0 163 163 163 0 0 0 0 0 162 161 161 161 161 161 160 161 161 161 161 161 160 160 161 160 160 160 160 160 160 160 160 160 160 160 161 161 160 160 159 158 157 157 157 158 157 157 158 158 157 157 157 157 158 158 157 157 157 157 157 157 157 157 157 157 157 157 156 157 157 157 156 157 157 157 156 156 156 155 155 155 155 155 155 154 154 154 155 155 155 155 155 155 155 155 155 155 155 155 155 155 155 156 155 155 155 155 155 155 156 156 155 155 155 155 155 154 154 154 153 153 153 153 153 153 153 153 153 153 153 153 152 152 152 152 152 152 152 151 151 151 151 150 150 150 150 150 149 149 149 149 149 149 148 149 149 149 149 149 149 149 149 149 149 149 148 148 147 147 147 147 148 147 147 147 146 146 146 146 146 146 146 146 146 145 145 145 145 146 146 146 145 145 145 145 145 145 145 144 144 144 144 144 144 144 143 143 143 143 143 143 143 143 143 142 142 142 142 142 142 141 141 141 141 141 141 141 140 140 140 140 140 140 140 139 139 139 139 140 140 140 140 139 139 139 139 139 138 138 138 138 138 138 137 137 137 137 137 136 136 135 135 135 135 135 135 135 135 135 135 135 135 135 135 135 135 135 135 134 134 134 133 132 132 132 132 132 132 132 132 132 132 132 133 132 131 131 131 131 131 131 130 128 129 129 128 128 128 128 128 128 129 129 128 128 128 128 127 127 127 127 126 0 0 0 0 0 0 0 0 0 0 0 0 0 0 0 0 0 0 0 0 0 0 0 0 0 0 0 
0 0 0 0 0 0 0 0 0 0 0 0 0 0 0 0 0 0 0 0 0 0 0 0 0 0 0 0 0 0 0 0 0 0 0 0 0 0 0 0 0 0 0 0 0 0 0 0 0 0 0 0 0 0 0 0 0 0 0 0 0 0 0 0 0 0 0 0 0 0 0 0 0 0 0 0 0 0 0 0 0 0 0 0 0 0 0 0 0 0 0 0 0 0 0 0 0 0 0 0 0 0 0 0 0 0 0 0 0 0 0 0 0 0 0 0 0 0 0 0 0 0 0 0 0 0 0 0 0 0 0 0 0 0 0 0 0 0 0 0 0 0 0 0 0 0 0 0 0 0 0 0 0 0 0 0 0 0 0 0 0 0 0 0 162 161 161 161 161 161 161 161 161 161 161 161 160 160 160 160 160 160 160 160 160 160 160 160 160 160 160 160 159 158 157 158 158 157 158 158 158 158 158 158 158 158 158 157 157 157 157 157 157 157 157 157 157 157 157 157 157 156 156 156 156 157 157 157 157 156 156 155 156 156 156 155 155 154 154 154 154 154 154 155 155 154 154 154 155 155 155 155 155 155 155 156 155 155 155 155 155 155 155 155 155 155 154 155 155 155 154 154 154 153 153 153 153 153 153 153 153 153 153 153 152 152 152 152 152 152 152 152 151 151 151 150 150 150 150 150 150 150 149 149 150 150 149 149 149 149 149 149 149 149 149 149 149 149 149 148 148 148 147 147 147 147 147 147 148 147 146 146 146 146 146 146 146 145 145 145 145 145 145 145 146 145 145 145 145 145 145 145 144 144 144 144 144 144 144 143 143 143 143 143 143 143 143 142 142 142 142 142 142 141 141 141 141 141 141 141 140 140 140 140 140 140 140 139 139 139 139 139 140 140 140 139 139 139 139 138 138 138 138 138 137 138 138 137 137 137 137 137 137 136 136 136 136 135 135 135 136 136 135 135 135 135 135 134 134 134 134 135 135 134 134 133 133 132 132 132 132 132 132 131 131 132 132 132 132 132 131 130 130 130 130 129 128 130 129 128 128 128 128 128 128 128 128 128 128 128 128 127 126 127 126 126 0 0 0 0 0 0 0 0 0 0 0 0 0 0 0 0 0 0 0 0 0 0 0 0 0 0 0 
0 0 0 0 0 0 0 0 0 0 0 0 0 0 0 0 0 0 0 0 0 0 0 0 0 0 0 0 0 0 0 0 0 0 0 0 0 0 0 0 0 0 0 0 0 0 0 0 0 0 0 0 0 0 0 0 0 0 0 0 0 0 0 0 0 0 0 0 0 0 0 0 0 0 0 0 0 0 0 0 0 0 0 0 0 0 0 0 0 0 0 0 0 0 0 0 0 0 0 0 0 0 0 0 0 0 0 0 0 0 0 0 0 0 0 0 0 0 0 0 0 0 0 0 0 0 0 0 0 0 0 0 0 0 0 0 0 0 0 0 0 0 0 0 0 0 0 0 0 0 0 0 0 0 0 0 0 0 0 0 0 0 0 0 0 0 0 0 162 161 161 161 161 161 160 160 160 160 160 160 160 160 160 160 160 160 160 160 160 160 160 159 158 159 159 159 159 158 158 158 158 159 158 157 158 157 158 158 158 158 157 156 156 156 157 157 157 157 157 157 156 156 157 157 157 156 157 156 156 156 156 155 155 156 156 155 155 154 154 155 155 154 154 154 154 154 154 155 155 156 155 155 155 155 155 155 155 155 155 155 155 155 155 155 155 155 155 154 154 154 154 154 154 153 153 153 153 153 153 153 153 153 153 153 152 152 152 152 152 152 152 152 151 151 151 151 150 150 150 150 150 150 149 149 150 150 149 149 149 149 149 149 149 149 150 149 148 149 148 148 148 147 148 147 147 147 147 147 147 147 146 146 146 146 146 146 146 145 145 145 145 145 145 145 145 145 145 145 145 145 145 145 144 144 144 144 144 144 144 143 143 143 143 143 143 143 142 142 142 142 142 142 141 141 141 141 141 141 141 141 140 140 140 140 140 140 139 139 139 139 139 139 140 140 140 139 139 139 139 139 138 138 138 138 138 138 138 138 137 137 137 137 136 136 136 136 136 135 135 135 135 135 135 135 135 134 134 134 134 134 134 134 134 135 134 134 133 133 132 132 133 133 132 132 132 132 132 132 132 132 132 131 130 130 129 129 129 130 130 129 128 128 128 127 128 128 128 128 128 128 127 127 127 126 126 126 0 0 0 0 0 0 0 0 0 0 0 0 0 0 0 0 0 0 0 0 0 0 0 0 0 0 0 
0 0 0 0 0 0 0 0 0 0 0 0 0 0 0 0 0 0 0 0 0 0 0 0 0 0 0 0 0 0 0 0 0 0 0 0 0 0 0 0 0 0 0 0 0 0 0 0 0 0 0 0 0 0 0 0 0 0 0 0 0 0 0 0 0 0 0 0 0 0 0 0 0 0 0 0 0 0 0 0 0 0 0 0 0 0 0 0 0 0 0 0 0 0 0 0 0 0 0 0 0 0 0 0 0 0 0 0 0 0 0 0 0 0 0 0 0 0 0 0 0 0 0 0 0 0 0 0 0 0 0 0 0 0 0 0 0 0 0 0 0 0 0 0 0 0 0 0 0 0 0 0 0 0 0 0 0 0 0 0 0 0 0 0 0 0 0 0 0 161 161 161 161 161 161 161 160 160 160 160 160 160 160 160 159 160 160 160 160 160 160 160 158 159 159 160 159 159 158 159 159 159 158 157 158 158 157 158 158 158 158 157 157 156 156 156 156 156 157 157 156 156 156 156 157 156 157 156 156 156 156 156 155 155 155 155 155 155 155 155 155 154 154 154 154 154 154 155 155 155 155 155 154 155 155 155 155 155 155 155 155 155 155 155 155 155 155 154 154 154 154 154 154 153 153 153 153 153 153 153 153 153 153 153 152 152 152 152 152 152 152 152 151 151 151 150 150 150 150 150 150 150 150 150 150 149 149 149 148 149 149 149 149 149 149 149 148 148 149 148 148 147 147 147 147 147 147 146 147 147 146 146 146 146 146 146 145 145 145 145 145 145 145 145 145 145 145 145 145 145 145 144 144 144 144 144 144 144 143 143 143 143 143 143 142 142 142 142 142 142 142 142 142 141 141 141 141 140 141 140 140 140 140 140 140 140 139 139 139 139 139 138 140 140 140 140 139 139 139 139 139 138 138 138 138 138 137 138 137 137 137 136 137 136 136 136 135 135 134 135 135 135 135 135 134 134 134 134 134 134 134 134 134 134 134 134 134 133 132 132 133 133 132 132 132 132 131 131 131 131 131 132 131 130 129 129 129 129 130 130 129 128 128 128 128 128 128 128 128 128 127 127 127 126 0 0 0 0 0 0 0 0 0 0 0 0 0 0 0 0 0 0 0 0 0 0 0 0 0 0 0 0 0 
0 0 0 0 0 0 0 0 0 0 0 0 0 0 0 0 0 0 0 0 0 0 0 0 0 0 0 0 0 0 0 0 0 0 0 0 0 0 0 0 0 0 0 0 0 0 0 0 0 0 0 0 0 0 0 0 0 0 0 0 0 0 0 0 0 0 0 0 0 0 0 0 0 0 0 0 0 0 0 0 0 0 0 0 0 0 0 0 0 0 0 0 0 0 0 0 0 0 0 0 0 0 0 0 0 0 0 0 0 0 0 0 0 0 0 0 0 0 0 0 0 0 0 0 0 0 0 0 0 0 0 0 0 0 0 0 0 0 0 0 0 0 0 0 0 0 0 0 0 0 0 0 0 0 0 0 0 0 0 0 0 0 0 0 0 0 0 0 0 0 0 0 0 161 161 161 161 160 160 160 160 160 160 160 160 160 160 160 160 159 159 160 158 158 159 160 160 160 159 159 159 159 158 158 158 158 158 157 157 158 158 158 157 156 156 156 156 156 156 156 156 156 155 155 156 156 156 156 156 155 155 155 156 155 155 155 155 155 154 154 154 154 154 154 154 154 154 154 154 154 154 154 154 154 154 154 154 155 155 155 155 155 155 154 154 155 155 154 154 153 154 154 153 153 153 152 152 152 153 153 153 153 152 152 152 152 152 152 152 152 152 152 151 151 151 150 150 150 150 150 150 150 150 150 150 150 149 149 148 149 149 149 149 149 149 148 148 148 148 148 147 147 147 147 147 147 147 147 147 147 146 146 146 146 146 146 145 145 145 145 145 145 145 145 145 145 145 145 145 145 144 144 144 144 144 144 143 143 143 143 143 143 143 142 142 142 142 142 142 142 142 142 141 141 141 141 140 140 140 140 140 140 140 140 140 139 139 139 139 139 138 138 140 140 139 139 139 139 139 139 139 139 138 139 138 138 137 138 138 137 137 137 137 137 136 136 135 135 134 135 135 135 134 134 134 134 134 134 134 134 134 134 134 134 134 134 134 134 133 132 133 133 132 132 132 132 131 131 131 131 131 131 131 131 130 129 128 128 128 129 129 128 128 128 128 128 128 128 128 128 127 127 127 126 126 0 0 0 0 0 0 0 0 0 0 0 0 0 0 0 0 0 0 0 0 0 0 0 0 0 0 0 0 
0 0 0 0 0 0 0 0 0 0 0 0 0 0 0 0 0 0 0 0 0 0 0 0 0 0 0 0 0 0 0 0 0 0 0 0 0 0 0 0 0 0 0 0 0 0 0 0 0 0 0 0 0 0 0 0 0 0 0 0 0 0 0 0 0 0 0 0 0 0 0 0 0 0 0 0 0 0 0 0 0 0 0 0 0 0 0 0 0 0 0 0 0 0 0 0 0 0 0 0 0 0 0 0 0 0 0 0 0 0 0 0 0 0 0 0 0 0 0 0 0 0 0 0 0 0 0 0 0 0 0 0 0 0 0 0 0 0 0 0 0 0 0 0 0 0 0 0 0 0 0 0 0 0 0 0 0 0 0 0 0 0 0 0 0 0 0 0 0 0 0 0 0 0 0 161 161 161 160 160 160 160 160 160 160 159 159 159 159 159 159 159 158 159 159 160 160 160 160 159 159 159 159 159 158 158 157 157 157 157 158 158 158 157 157 157 157 156 156 156 157 156 155 155 156 156 156 156 156 155 155 155 155 155 155 155 155 154 154 154 154 154 154 154 155 155 154 154 154 154 154 154 155 155 155 154 155 154 154 155 154 154 154 154 154 154 154 155 154 153 153 153 154 153 153 153 152 153 153 153 153 153 152 152 152 152 152 152 152 152 152 152 151 151 151 150 150 150 150 150 150 150 150 150 150 150 150 149 148 148 149 149 149 148 148 148 149 148 148 148 147 147 147 147 147 147 147 146 147 147 146 146 146 146 145 145 145 145 145 145 145 145 145 145 145 145 145 144 145 144 144 144 144 144 143 143 143 143 143 143 143 143 142 142 142 142 142 142 142 142 142 141 141 141 141 141 140 140 140 140 140 140 139 139 139 139 139 139 139 139 139 139 140 139 139 139 139 139 139 138 139 139 139 138 138 137 138 138 138 138 137 137 137 137 136 137 136 135 135 134 134 135 135 135 135 134 133 133 133 134 133 133 133 134 133 134 134 134 133 133 134 133 133 133 132 132 132 131 131 131 131 130 130 130 130 129 129 128 128 128 129 129 129 128 128 128 128 128 128 127 127 127 126 126 126 0 0 0 0 0 0 0 0 0 0 0 0 0 0 0 0 0 0 0 0 0 0 0 0 0 0 0 0 
0 0 0 0 0 0 0 0 0 0 0 0 0 0 0 0 0 0 0 0 0 0 0 0 0 0 0 0 0 0 0 0 0 0 0 0 0 0 0 0 0 0 0 0 0 0 0 0 0 0 0 0 0 0 0 0 0 0 0 0 0 0 0 0 0 0 0 0 0 0 0 0 0 0 0 0 0 0 0 0 0 0 0 0 0 0 0 0 0 0 0 0 0 0 0 0 0 0 0 0 0 0 0 0 0 0 0 0 0 0 0 0 0 0 0 0 0 0 0 0 0 0 0 0 0 0 0 0 0 0 0 0 0 0 0 0 0 0 0 0 0 0 0 0 0 0 0 0 0 0 0 0 0 0 0 0 0 0 0 0 0 0 0 0 0 0 0 0 0 0 0 0 0 0 0 0 0 0 161 161 160 160 160 159 159 159 160 160 160 159 160 160 159 159 159 159 159 159 159 160 160 159 159 159 159 159 158 158 158 158 157 158 158 157 157 157 157 157 156 156 157 157 156 155 155 155 155 155 156 156 156 155 155 155 155 155 155 155 154 154 154 154 154 154 155 155 154 154 154 154 154 154 155 154 154 154 154 154 154 154 154 154 154 153 154 154 154 154 154 154 153 153 154 153 153 153 152 152 153 153 153 153 152 152 152 152 152 152 152 152 152 152 151 151 151 150 150 150 150 150 150 150 150 150 150 150 150 149 148 148 148 148 148 148 148 148 149 148 147 147 147 147 147 147 147 146 147 147 146 147 146 146 146 146 146 145 145 145 145 145 145 145 145 145 145 145 145 144 144 144 144 144 144 144 143 143 143 143 143 143 143 143 143 143 142 142 142 142 142 142 141 141 141 141 141 140 140 140 140 140 140 140 140 139 139 139 139 139 139 139 138 138 139 140 140 139 139 139 138 138 138 138 138 138 138 138 138 138 139 138 138 138 138 138 137 137 136 136 136 135 134 134 135 135 135 135 134 134 134 133 133 133 133 133 133 133 133 133 134 133 133 134 133 133 132 132 132 132 132 131 130 131 130 130 130 130 129 129 128 128 128 129 129 129 128 128 128 128 127 127 127 126 126 126 126 0 0 0 0 0 0 0 0 0 0 0 0 0 0 0 0 0 0 0 0 0 0 0 0 0 0 0 0 
0 0 0 0 0 0 0 0 0 0 0 0 0 0 0 0 0 0 0 0 0 0 0 0 0 0 0 0 0 0 0 0 0 0 0 0 0 0 0 0 0 0 0 0 0 0 0 0 0 0 0 0 0 0 0 0 0 0 0 0 0 0 0 0 0 0 0 0 0 0 0 0 0 0 0 0 0 0 0 0 0 0 0 0 0 0 0 0 0 0 0 0 0 0 0 0 0 0 0 0 0 0 0 0 0 0 0 0 0 0 0 0 0 0 0 0 0 0 0 0 0 0 0 0 0 0 0 0 0 0 0 0 0 0 0 0 0 0 0 0 0 0 0 0 0 0 0 0 0 0 0 0 0 0 0 0 0 0 0 0 0 0 0 0 0 0 0 0 0 0 0 0 0 0 0 0 0 0 0 0 0 0 160 159 160 160 160 160 160 160 160 160 159 159 159 159 160 160 160 159 159 160 160 160 159 159 159 159 159 158 158 158 157 157 156 156 156 156 157 156 157 157 156 155 155 155 155 155 155 155 155 155 155 155 155 155 155 155 154 154 154 154 154 154 154 154 154 154 154 154 153 154 154 154 154 154 154 154 153 153 154 153 153 153 153 154 154 153 153 153 153 152 153 153 153 152 152 152 152 152 152 152 152 152 152 152 152 152 151 151 151 151 151 151 151 151 151 150 150 151 150 150 150 150 150 150 150 149 149 148 148 148 148 148 148 149 148 148 147 147 147 147 147 147 147 146 147 147 146 146 146 146 146 146 146 146 146 146 145 145 145 145 145 145 145 145 144 144 144 144 143 143 144 144 143 143 143 143 143 143 143 143 143 142 142 142 142 142 141 141 141 141 141 141 140 140 140 140 140 140 140 140 140 139 139 139 139 138 138 138 138 138 138 138 138 138 138 138 138 137 136 136 137 137 137 137 137 138 138 137 136 137 137 137 137 136 135 135 135 134 133 133 133 133 133 133 133 133 134 133 132 132 131 132 131 131 131 131 131 131 132 132 132 132 131 131 131 130 130 130 130 130 130 129 129 129 129 128 127 126 126 127 127 127 127 127 127 127 126 126 125 125 125 0 0 0 0 0 0 0 0 0 0 0 0 0 0 0 0 0 0 0 0 0 0 0 0 0 0 0 0 0 0 
0 0 0 0 0 0 0 0 0 0 0 0 0 0 0 0 0 0 0 0 0 0 0 0 0 0 0 0 0 0 0 0 0 0 0 0 0 0 0 0 0 0 0 0 0 0 0 0 0 0 0 0 0 0 0 0 0 0 0 0 0 0 0 0 0 0 0 0 0 0 0 0 0 0 0 0 0 0 0 0 0 0 0 0 0 0 0 0 0 0 0 0 0 0 0 0 0 0 0 0 0 0 0 0 0 0 0 0 0 0 0 0 0 0 0 0 0 0 0 0 0 0 0 0 0 0 0 0 0 0 0 0 0 0 0 0 0 0 0 0 0 0 0 0 0 0 0 0 0 0 0 0 0 0 0 0 0 0 0 0 0 0 0 0 0 0 0 0 0 0 0 0 0 0 0 0 0 0 0 0 0 0 0 0 159 160 160 160 160 160 160 160 159 159 159 159 160 160 160 160 159 160 160 160 160 159 159 160 160 159 159 159 158 157 156 157 157 157 157 157 156 157 156 156 155 155 155 155 155 154 154 155 154 154 154 154 155 155 155 154 154 154 154 154 154 154 154 154 154 153 153 154 154 154 154 154 154 154 154 153 153 153 153 153 153 153 153 153 153 153 152 152 153 153 152 152 152 152 152 152 152 152 152 152 152 152 152 152 151 151 151 151 151 151 151 151 151 151 151 151 151 151 151 151 150 150 149 149 148 149 148 148 148 148 148 148 148 148 148 147 147 147 147 147 147 146 146 146 146 146 146 146 146 146 146 145 145 145 145 145 144 144 144 144 144 144 144 144 144 144 143 143 143 143 143 143 143 143 143 143 143 143 142 142 142 142 142 141 141 141 141 141 141 141 140 140 140 140 140 140 140 140 139 139 139 139 138 138 138 138 138 138 138 138 138 138 138 138 138 138 137 136 136 136 137 137 137 137 137 137 136 136 137 137 137 136 136 136 135 135 134 134 133 133 133 133 133 133 134 134 133 132 132 131 132 131 131 130 131 131 131 132 132 132 131 131 131 130 130 130 130 130 129 129 129 129 129 128 128 127 126 127 128 127 127 127 127 126 126 126 126 125 125 0 0 0 0 0 0 0 0 0 0 0 0 0 0 0 0 0 0 0 0 0 0 0 0 0 0 0 0 0 0 
0 0 0 0 0 0 0 0 0 0 0 0 0 0 0 0 0 0 0 0 0 0 0 0 0 0 0 0 0 0 0 0 0 0 0 0 0 0 0 0 0 0 0 0 0 0 0 0 0 0 0 0 0 0 0 0 0 0 0 0 0 0 0 0 0 0 0 0 0 0 0 0 0 0 0 0 0 0 0 0 0 0 0 0 0 0 0 0 0 0 0 0 0 0 0 0 0 0 0 0 0 0 0 0 0 0 0 0 0 0 0 0 0 0 0 0 0 0 0 0 0 0 0 0 0 0 0 0 0 0 0 0 0 0 0 0 0 0 0 0 0 0 0 0 0 0 0 0 0 0 0 0 0 0 0 0 0 0 0 0 0 0 0 0 0 0 0 0 0 0 0 0 0 0 0 0 0 0 0 0 0 0 0 0 159 160 160 160 160 160 160 160 159 159 160 160 160 160 160 160 160 160 160 160 160 160 159 160 160 160 160 159 158 158 158 157 157 157 157 157 157 156 156 156 156 156 156 155 155 155 155 155 154 154 154 154 154 155 155 155 155 155 154 154 154 154 154 154 154 153 154 154 154 154 153 153 153 154 154 153 153 153 153 153 153 153 153 153 153 153 153 152 153 153 153 152 152 152 152 152 152 152 152 152 152 152 152 151 151 151 151 151 151 151 151 151 151 151 151 151 151 151 151 150 150 149 149 149 149 148 149 148 148 148 149 148 148 148 147 147 147 147 147 147 147 146 146 146 146 146 145 145 145 145 145 145 145 144 144 144 144 144 144 144 144 144 144 144 143 144 144 143 143 143 143 143 143 143 143 143 143 142 142 142 142 142 141 141 141 141 141 141 141 140 140 140 140 140 140 140 140 140 139 139 139 139 138 138 138 138 137 137 138 138 138 138 138 138 138 138 137 136 136 136 137 136 136 137 137 137 137 136 137 137 137 136 136 135 134 134 134 133 133 133 132 132 132 132 133 133 133 133 133 132 132 132 132 131 130 131 131 131 132 132 131 132 131 131 131 130 130 130 130 130 129 129 129 129 128 127 127 126 127 127 127 127 127 127 126 126 126 125 0 0 0 0 0 0 0 0 0 0 0 0 0 0 0 0 0 0 0 0 0 0 0 0 0 0 0 0 0 0 0 
0 0 0 0 0 0 0 0 0 0 0 0 0 0 0 0 0 0 0 0 0 0 0 0 0 0 0 0 0 0 0 0 0 0 0 0 0 0 0 0 0 0 0 0 0 0 0 0 0 0 0 0 0 0 0 0 0 0 0 0 0 0 0 0 0 0 0 0 0 0 0 0 0 0 0 0 0 0 0 0 0 0 0 0 0 0 0 0 0 0 0 0 0 0 0 0 0 0 0 0 0 0 0 0 0 0 0 0 0 0 0 0 0 0 0 0 0 0 0 0 0 0 0 0 0 0 0 0 0 0 0 0 0 0 0 0 0 0 0 0 0 0 0 0 0 0 0 0 0 0 0 0 0 0 0 0 0 0 0 0 0 0 0 0 0 0 0 0 0 0 0 0 0 0 0 0 0 0 0 0 0 0 0 0 160 160 160 160 160 160 160 160 160 160 160 160 160 160 160 160 160 160 160 160 160 160 161 160 160 160 160 160 160 159 158 158 157 157 157 157 157 157 157 157 157 157 156 156 156 156 155 155 155 154 154 154 154 154 155 155 154 154 154 154 154 154 154 154 154 154 154 154 154 154 153 153 153 153 153 153 153 153 152 153 153 153 152 153 152 153 153 152 152 153 153 152 152 152 152 152 152 152 152 152 152 152 152 151 151 151 151 151 151 151 151 151 151 151 151 151 151 150 150 150 150 149 149 149 149 149 148 148 148 148 148 148 148 147 147 147 147 147 147 147 147 147 146 146 146 145 145 145 145 145 145 144 144 144 144 144 144 144 145 144 144 144 144 144 144 144 144 143 143 143 143 143 143 143 143 142 142 142 142 142 142 141 141 141 141 141 141 141 140 140 140 140 140 140 140 140 139 139 139 139 139 138 138 138 138 137 137 137 137 138 138 138 137 138 137 137 137 137 136 136 136 136 136 136 137 137 137 137 137 136 135 135 134 134 133 133 133 133 133 133 133 133 133 133 132 132 133 133 133 133 133 132 132 132 131 131 131 131 132 132 131 132 132 131 130 131 130 130 0 0 0 0 0 129 128 127 127 126 126 127 127 127 127 127 127 0 126 126 0 0 0 0 0 0 0 0 0 0 0 0 0 0 0 0 0 0 0 0 0 0 0 0 0 0 0 0 0 0 0 
0 0 0 0 0 0 0 0 0 0 0 0 0 0 0 0 0 0 0 0 0 0 0 0 0 0 0 0 0 0 0 0 0 0 0 0 0 0 0 0 0 0 0 0 0 0 0 0 0 0 0 0 0 0 0 0 0 0 0 0 0 0 0 0 0 0 0 0 0 0 0 0 0 0 0 0 0 0 0 0 0 0 0 0 0 0 0 0 0 0 0 0 0 0 0 0 0 0 0 0 0 0 0 0 0 0 0 0 0 0 0 0 0 0 0 0 0 0 0 0 0 0 0 0 0 0 0 0 0 0 0 0 0 0 0 0 0 0 0 0 0 0 0 0 0 0 0 0 0 0 0 0 0 0 0 0 0 0 0 0 0 0 0 0 0 0 0 0 0 0 0 0 0 0 0 0 0 0 0 0 0 0 0 0 160 160 160 160 160 161 160 160 161 161 161 160 160 160 160 160 160 160 160 161 161 161 161 160 160 160 159 159 159 159 159 158 158 157 157 157 156 156 157 157 157 157 156 156 156 156 155 155 155 155 155 154 154 154 154 155 154 154 154 154 154 154 154 154 154 154 154 154 154 154 153 153 153 153 153 153 153 153 152 152 153 153 152 152 152 153 153 153 152 152 153 153 152 152 152 152 152 152 152 152 152 152 151 151 151 151 151 150 151 151 151 151 151 151 151 151 151 150 150 150 150 150 149 149 149 149 149 149 149 148 148 148 147 147 147 147 147 147 147 146 146 146 146 146 146 145 145 145 145 145 145 145 145 144 144 144 144 144 144 145 144 144 144 144 144 144 143 143 143 142 143 143 143 143 142 142 142 142 142 141 141 141 141 141 141 141 141 140 140 140 140 140 140 140 139 139 139 139 139 139 138 138 138 138 137 137 137 137 137 137 137 137 137 137 136 136 137 137 136 136 136 136 136 136 137 137 137 137 137 136 135 135 134 133 134 134 135 134 133 133 134 133 133 133 132 132 132 133 133 133 132 132 132 132 132 132 132 131 132 132 132 132 0 131 130 130 131 0 0 0 0 0 0 0 0 0 0 0 126 126 127 0 0 0 0 0 0 0 0 0 0 0 0 0 0 0 0 0 0 0 0 0 0 0 0 0 0 0 0 0 0 0 0 0 0 0 0 0 0 
0 0 0 0 0 0 0 0 0 0 0 0 0 0 0 0 0 0 0 0 0 0 0 0 0 0 0 0 0 0 0 0 0 0 0 0 0 0 0 0 0 0 0 0 0 0 0 0 0 0 0 0 0 0 0 0 0 0 0 0 0 0 0 0 0 0 0 0 0 0 0 0 0 0 0 0 0 0 0 0 0 0 0 0 0 0 0 0 0 0 0 0 0 0 0 0 0 0 0 0 0 0 0 0 0 0 0 0 0 0 0 0 0 0 0 0 0 0 0 0 0 0 0 0 0 0 0 0 0 0 0 0 0 0 0 0 0 0 0 0 0 0 0 0 0 0 0 0 0 0 0 0 0 0 0 0 0 0 0 0 0 0 0 0 0 0 0 0 0 0 0 0 0 0 0 0 0 0 0 0 0 0 0 160 161 160 160 160 160 161 161 160 160 161 161 161 161 160 160 160 160 161 161 161 161 161 161 160 160 159 159 159 159 158 158 158 158 157 157 156 156 156 156 157 156 156 156 156 156 156 156 156 155 155 155 154 154 154 154 154 154 154 154 154 154 154 154 154 154 153 153 153 153 153 153 153 153 153 153 153 153 152 153 153 153 153 153 152 152 152 153 153 152 152 153 152 152 152 152 152 152 152 152 152 151 151 151 151 151 151 151 150 151 151 151 151 151 151 151 151 150 150 150 150 150 150 150 150 150 150 149 149 149 149 148 148 147 147 147 147 147 147 146 146 146 146 146 146 146 146 145 145 145 145 145 145 145 145 145 144 144 144 144 145 144 144 144 144 144 144 143 143 142 142 143 143 143 142 142 142 142 142 141 141 141 141 141 141 141 140 140 140 140 140 139 139 139 139 139 139 139 139 139 138 138 138 138 138 138 137 137 137 137 137 136 137 137 136 136 136 136 137 136 136 136 136 137 137 137 137 136 136 137 136 136 135 134 134 135 135 135 134 133 133 134 134 134 134 133 132 132 132 132 132 131 131 131 131 131 131 131 131 131 132 0 0 0 0 0 131 131 0 0 0 0 0 0 0 0 0 0 0 0 126 0 0 0 0 0 0 0 0 0 0 0 0 0 0 0 0 0 0 0 0 0 0 0 0 0 0 0 0 0 0 0 0 0 0 0 0 0 0 0 
0 0 0 0 0 0 0 0 0 0 0 0 0 0 0 0 0 0 0 0 0 0 0 0 0 0 0 0 0 0 0 0 0 0 0 0 0 0 0 0 0 0 0 0 0 0 0 0 0 0 0 0 0 0 0 0 0 0 0 0 0 0 0 0 0 0 0 0 0 0 0 0 0 0 0 0 0 0 0 0 0 0 0 0 0 0 0 0 0 0 0 0 0 0 0 0 0 0 0 0 0 0 0 0 0 0 0 0 0 0 0 0 0 0 0 0 0 0 0 0 0 0 0 0 0 0 0 0 0 0 0 0 0 0 0 0 0 0 0 0 0 0 0 0 0 0 0 0 0 0 0 0 0 0 0 0 0 0 0 0 0 0 0 0 0 0 0 0 0 0 0 0 0 0 0 0 0 0 0 0 0 0 0 160 161 160 161 161 161 161 161 161 161 161 161 161 161 161 160 160 160 160 161 161 161 161 160 160 160 158 158 159 159 158 158 158 158 158 157 156 156 156 157 157 157 157 157 156 156 156 156 156 156 155 155 154 154 155 154 155 155 154 154 154 154 154 154 154 154 153 153 153 153 153 153 153 153 153 153 153 153 152 153 153 153 153 152 152 152 152 152 153 152 152 152 152 152 152 152 152 151 151 151 151 151 151 151 151 151 151 151 150 151 151 151 151 151 151 151 150 150 150 150 150 149 150 149 150 150 149 149 149 149 149 149 148 148 147 147 147 147 147 146 147 146 146 146 145 145 145 145 145 145 144 145 145 145 145 145 144 144 144 144 145 144 144 144 144 144 144 143 143 142 142 143 143 143 142 142 142 142 141 141 141 141 141 141 141 140 140 140 139 139 140 140 139 139 139 139 139 139 139 139 139 138 138 138 138 138 137 137 137 137 137 137 136 136 136 136 135 136 136 136 136 136 136 137 137 136 136 136 136 137 136 136 135 134 135 135 135 135 134 134 133 134 134 134 133 132 132 132 132 132 132 132 131 131 132 131 131 131 130 131 131 0 0 0 0 0 0 0 0 0 0 0 0 0 0 0 0 0 0 0 0 0 0 0 0 0 0 0 0 0 0 0 0 0 0 0 0 0 0 0 0 0 0 0 0 0 0 0 0 0 0 0 0 0 0 0 0 0 0 0 
0 0 0 0 0 0 0 0 0 0 0 0 0 0 0 0 0 0 0 0 0 0 0 0 0 0 0 0 0 0 0 0 0 0 0 0 0 0 0 0 0 0 0 0 0 0 0 0 0 0 0 0 0 0 0 0 0 0 0 0 0 0 0 0 0 0 0 0 0 0 0 0 0 0 0 0 0 0 0 0 0 0 0 0 0 0 0 0 0 0 0 0 0 0 0 0 0 0 0 0 0 0 0 0 0 0 0 0 0 0 0 0 0 0 0 0 0 0 0 0 0 0 0 0 0 0 0 0 0 0 0 0 0 0 0 0 0 0 0 0 0 0 0 0 0 0 0 0 0 0 0 0 0 0 0 0 0 0 0 0 0 0 0 0 0 0 0 0 0 0 0 0 0 0 0 0 0 0 0 0 0 0 0 0 161 161 161 162 161 161 162 162 161 161 161 161 161 161 161 161 161 161 160 161 160 160 160 159 158 158 159 159 158 157 158 157 157 158 157 157 156 157 157 157 157 157 157 157 156 156 156 156 156 155 155 155 155 155 155 155 155 154 154 154 154 154 154 154 154 153 153 153 153 153 153 153 153 153 153 153 153 153 153 153 153 152 152 152 152 152 152 153 152 152 152 152 152 152 152 152 151 151 151 151 151 151 151 151 151 151 151 151 151 151 151 151 151 151 150 150 150 150 149 150 149 149 149 149 149 149 149 148 149 149 149 148 148 147 147 147 147 147 147 146 146 146 145 145 145 145 145 145 145 145 145 144 144 145 144 144 144 144 144 144 144 144 144 144 144 143 143 142 142 142 142 143 143 142 142 142 142 141 141 141 141 141 140 140 140 140 140 139 140 140 140 140 139 139 139 139 139 139 139 138 138 138 138 138 137 137 137 137 137 137 137 136 135 135 135 136 135 135 136 136 137 136 136 136 136 136 136 136 136 136 135 134 134 135 135 135 135 135 134 134 134 134 133 133 133 132 132 133 133 133 132 131 131 132 132 130 131 131 132 0 0 0 0 0 0 0 0 0 0 0 0 0 0 0 0 0 0 0 0 0 0 0 0 0 0 0 0 0 0 0 0 0 0 0 0 0 0 0 0 0 0 0 0 0 0 0 0 0 0 0 0 0 0 0 0 0 0 0 0 
0 0 0 0 0 0 0 0 0 0 0 0 0 0 0 0 0 0 0 0 0 0 0 0 0 0 0 0 0 0 0 0 0 0 0 0 0 0 0 0 0 0 0 0 0 0 0 0 0 0 0 0 0 0 0 0 0 0 0 0 0 0 0 0 0 0 0 0 0 0 0 0 0 0 0 0 0 0 0 0 0 0 0 0 0 0 0 0 0 0 0 0 0 0 0 0 0 0 0 0 0 0 0 0 0 0 0 0 0 0 0 0 0 0 0 0 0 0 0 0 0 0 0 0 0 0 0 0 0 0 0 0 0 0 0 0 0 0 0 0 0 0 0 0 0 0 0 0 0 0 0 0 0 0 0 0 0 0 0 0 0 0 0 0 0 0 0 0 0 0 0 0 0 0 0 0 0 0 0 0 0 0 0 0 162 162 162 162 162 162 162 162 162 161 161 161 161 161 161 161 161 161 160 160 160 159 159 158 158 158 158 157 157 157 157 157 157 157 157 156 156 156 157 157 156 156 157 157 156 156 156 155 155 156 155 155 155 155 155 154 154 154 154 154 154 154 154 154 154 154 153 153 153 153 153 153 153 153 153 153 153 153 153 153 152 152 152 152 152 152 152 152 152 152 152 152 152 152 152 152 151 151 151 151 151 151 151 151 151 151 151 151 151 150 150 151 151 151 150 150 150 150 149 149 149 149 149 149 149 149 149 148 149 149 148 148 148 147 147 147 147 147 147 147 146 146 146 145 145 145 145 145 144 144 144 144 144 144 144 144 144 144 144 144 144 144 144 144 144 143 143 142 142 142 142 143 142 142 142 141 141 141 141 141 140 140 140 140 140 140 140 140 140 140 141 140 139 139 139 139 139 139 139 138 137 138 138 138 138 137 137 136 136 137 136 137 136 135 135 135 135 136 136 136 137 136 136 136 136 136 136 136 136 136 135 135 134 134 134 134 135 135 135 135 134 134 133 134 134 132 132 133 133 132 132 132 131 131 132 131 131 0 0 0 0 0 0 0 0 0 0 0 0 0 0 0 0 0 0 0 0 0 0 0 0 0 0 0 0 0 0 0 0 0 0 0 0 0 0 0 0 0 0 0 0 0 0 0 0 0 0 0 0 0 0 0 0 0 0 0 0 0 0 
0 0 0 0 0 0 0 0 0 0 0 0 0 0 0 0 0 0 0 0 0 0 0 0 0 0 0 0 0 0 0 0 0 0 0 0 0 0 0 0 0 0 0 0 0 0 0 0 0 0 0 0 0 0 0 0 0 0 0 0 0 0 0 0 0 0 0 0 0 0 0 0 0 0 0 0 0 0 0 0 0 0 0 0 0 0 0 0 0 0 0 0 0 0 0 0 0 0 0 0 0 0 0 0 0 0 0 0 0 0 0 0 0 0 0 0 0 0 0 0 0 0 0 0 0 0 0 0 0 0 0 0 0 0 0 0 0 0 0 0 0 0 0 0 0 0 0 0 0 0 0 0 0 0 0 0 0 0 0 0 0 0 0 0 0 0 0 0 0 0 0 0 0 0 0 0 0 0 0 0 0 0 0 0 0 163 163 163 162 162 162 162 162 162 161 161 161 161 161 161 161 160 160 160 160 159 158 158 158 157 157 157 157 156 156 156 156 157 157 156 156 157 157 157 156 156 156 157 156 156 156 156 155 155 155 155 155 155 155 154 155 155 154 154 154 154 154 154 154 154 154 153 153 153 153 153 153 153 153 153 153 153 152 152 152 152 152 153 152 152 152 152 152 152 152 152 152 152 152 152 151 151 151 151 151 151 151 151 151 151 150 150 150 150 150 150 151 150 150 151 150 150 149 149 149 149 149 149 149 149 148 148 149 148 148 148 147 147 147 147 147 147 146 147 146 146 146 145 145 145 145 144 144 144 144 144 144 144 144 144 145 144 145 144 144 144 144 143 143 143 143 142 142 142 142 143 142 142 142 142 141 141 141 141 141 140 140 140 140 140 140 140 139 140 140 140 139 139 139 140 140 139 139 138 138 138 139 138 138 138 137 136 137 137 137 136 136 135 135 135 135 136 135 136 136 136 136 136 136 135 136 136 136 136 136 135 134 135 134 134 135 135 136 135 135 134 133 134 134 133 133 133 132 133 132 132 132 132 132 131 0 0 0 0 0 0 0 0 0 0 0 0 0 0 0 0 0 0 0 0 0 0 0 0 0 0 0 0 0 0 0 0 0 0 0 0 0 0 0 0 0 0 0 0 0 0 0 0 0 0 0 0 0 0 0 0 0 0 0 0 0 0 0 
0 0 0 0 0 0 0 0 0 0 0 0 0 0 0 0 0 0 0 0 0 0 0 0 0 0 0 0 0 0 0 0 0 0 0 0 0 0 0 0 0 0 0 0 0 0 0 0 0 0 0 0 0 0 0 0 0 0 0 0 0 0 0 0 0 0 0 0 0 0 0 0 0 0 0 0 0 0 0 0 0 0 0 0 0 0 0 0 0 0 0 0 0 0 0 0 0 0 0 0 0 0 0 0 0 0 0 0 0 0 0 0 0 0 0 0 0 0 0 0 0 0 0 0 0 0 0 0 0 0 0 0 0 0 0 0 0 0 0 0 0 0 0 0 0 0 0 0 0 0 0 0 0 0 0 0 0 0 0 0 0 0 0 0 0 0 0 0 0 0 0 0 0 0 0 163 0 162 162 163 0 163 163 163 163 163 163 162 162 162 162 162 161 161 161 161 161 161 161 160 160 160 160 159 159 158 157 157 158 157 156 157 157 157 156 156 156 156 156 156 156 157 157 157 156 156 156 156 156 156 156 156 156 155 155 155 155 155 155 154 154 155 154 154 154 154 154 154 154 154 154 153 153 153 153 153 153 153 153 153 153 153 152 152 152 152 152 152 152 152 152 152 152 152 152 152 151 152 152 151 151 151 151 151 151 151 151 151 151 151 150 150 150 150 150 150 150 150 150 150 150 150 149 149 149 149 149 149 149 149 148 148 148 148 148 148 147 147 147 147 147 147 146 146 146 146 146 146 146 145 145 144 144 144 144 144 144 144 144 144 144 144 144 144 144 144 143 143 143 143 143 143 142 142 142 142 142 142 142 141 141 141 141 141 141 140 140 140 141 141 141 141 139 140 140 140 139 139 139 140 139 138 138 138 138 139 139 138 138 137 137 136 137 137 136 136 135 134 135 135 135 135 135 135 135 135 136 136 136 135 135 135 136 136 136 135 135 135 135 135 135 136 136 135 135 135 134 134 134 133 133 132 132 133 133 132 132 0 0 0 0 0 0 0 0 0 0 0 0 0 0 0 0 0 0 0 0 0 0 0 0 0 0 0 0 0 0 0 0 0 0 0 0 0 0 0 0 0 0 0 0 0 0 0 0 0 0 0 0 0 0 0 0 0 0 0 0 0 0 0 0 0 0 
0 0 0 0 0 0 0 0 0 0 0 0 0 0 0 0 0 0 0 0 0 0 0 0 0 0 0 0 0 0 0 0 0 0 0 0 0 0 0 0 0 0 0 0 0 0 0 0 0 0 0 0 0 0 0 0 0 0 0 0 0 0 0 0 0 0 0 0 0 0 0 0 0 0 0 0 0 0 0 0 0 0 0 0 0 0 0 0 0 0 0 0 0 0 0 0 0 0 0 0 0 0 0 0 0 0 0 0 0 0 0 0 0 0 0 0 0 0 0 0 0 0 0 0 0 0 0 0 0 0 0 0 0 0 0 0 0 0 0 0 0 0 0 0 0 0 0 0 0 0 0 0 0 0 0 0 0 0 0 0 0 0 0 0 0 0 0 0 0 0 0 0 0 0 0 163 163 163 163 164 163 163 163 163 163 163 162 162 161 162 162 162 161 161 160 160 160 160 160 160 159 159 159 159 158 157 157 157 157 157 156 157 156 156 156 156 156 156 156 156 156 156 156 156 156 156 156 156 156 156 156 156 156 155 155 155 155 155 155 155 154 154 155 154 154 154 154 154 153 153 153 153 153 153 153 153 153 153 153 153 153 153 152 152 152 152 152 152 152 152 152 152 152 152 152 152 151 151 152 151 151 151 151 151 151 151 151 151 151 151 151 150 150 150 150 150 150 150 149 149 149 149 149 149 149 149 149 149 148 148 148 148 148 148 148 147 147 147 147 146 146 146 146 146 146 146 146 146 146 145 145 144 144 144 144 144 144 144 144 144 144 144 144 144 144 144 144 143 143 143 143 143 142 142 142 142 142 142 142 141 141 141 141 141 141 141 140 140 141 141 140 140 140 140 140 140 139 139 140 140 138 139 138 137 138 138 139 138 138 137 137 136 137 137 136 135 134 134 135 135 135 135 135 135 135 135 136 136 136 135 135 135 136 136 136 135 135 135 135 135 135 135 135 135 135 135 135 134 133 133 132 132 133 133 133 0 0 0 0 0 0 0 0 0 0 0 0 0 0 0 0 0 0 0 0 0 0 0 0 0 0 0 0 0 0 0 0 0 0 0 0 0 0 0 0 0 0 0 0 0 0 0 0 0 0 0 0 0 0 0 0 0 0 0 0 0 0 0 0 0 0 0 0 
0 0 0 0 0 0 0 0 0 0 0 0 0 0 0 0 0 0 0 0 0 0 0 0 0 0 0 0 0 0 0 0 0 0 0 0 0 0 0 0 0 0 0 0 0 0 0 0 0 0 0 0 0 0 0 0 0 0 0 0 0 0 0 0 0 0 0 0 0 0 0 0 0 0 0 0 0 0 0 0 0 0 0 0 0 0 0 0 0 0 0 0 0 0 0 0 0 0 0 0 0 0 0 0 0 0 0 0 0 0 0 0 0 0 0 0 0 0 0 0 0 0 0 0 0 0 0 0 0 0 0 0 0 0 0 0 0 0 0 0 0 0 0 0 0 0 0 0 0 0 0 0 0 0 0 0 0 0 0 0 0 0 0 0 0 0 0 0 0 0 0 0 163 163 163 163 163 163 163 163 163 163 163 162 162 162 162 162 161 162 162 161 160 160 160 159 159 159 159 159 159 159 159 158 157 157 157 157 157 157 156 156 157 156 157 157 156 156 156 156 156 156 156 156 156 156 156 156 156 156 156 156 156 156 155 155 155 155 155 155 155 154 154 155 154 154 153 153 153 153 153 153 153 153 153 153 153 153 153 153 153 152 152 152 152 152 152 152 152 152 152 152 152 151 152 152 152 151 151 151 151 151 151 151 151 151 151 151 151 151 150 150 150 150 150 150 151 150 150 149 149 149 149 149 149 149 149 148 148 148 148 148 148 148 147 147 147 147 147 147 147 146 146 146 146 146 146 145 146 145 145 144 144 144 144 144 144 144 144 144 144 144 144 144 143 143 144 143 143 143 143 143 142 142 141 142 142 142 141 141 141 141 141 141 140 140 140 141 140 140 141 140 140 141 140 140 139 139 140 139 139 139 139 138 137 138 138 138 137 137 136 136 136 136 135 135 134 135 135 135 136 136 136 135 135 136 136 136 136 136 135 135 135 136 136 136 135 134 135 135 135 135 135 135 135 134 135 134 134 133 132 132 132 132 132 0 0 0 0 0 0 0 0 0 0 0 0 0 0 0 0 0 0 0 0 0 0 0 0 0 0 0 0 0 0 0 0 0 0 0 0 0 0 0 0 0 0 0 0 0 0 0 0 0 0 0 0 0 0 0 0 0 0 0 0 0 0 0 0 0 0 0 0 
0 0 0 0 0 0 0 0 0 0 0 0 0 0 0 0 0 0 0 0 0 0 0 0 0 0 0 0 0 0 0 0 0 0 0 0 0 0 0 0 0 0 0 0 0 0 0 0 0 0 0 0 0 0 0 0 0 0 0 0 0 0 0 0 0 0 0 0 0 0 0 0 0 0 0 0 0 0 0 0 0 0 0 0 0 0 0 0 0 0 0 0 0 0 0 0 0 0 0 0 0 0 0 0 0 0 0 0 0 0 0 0 0 0 0 0 0 0 0 0 0 0 0 0 0 0 0 0 0 0 0 0 0 0 0 0 0 0 0 0 0 0 0 0 0 0 0 0 0 0 0 0 0 0 0 0 0 0 0 0 0 0 0 0 0 0 0 0 0 0 0 0 0 163 162 163 163 163 163 163 162 162 162 161 161 162 162 162 161 161 161 161 160 159 159 159 159 159 158 159 158 158 158 157 157 157 157 157 157 157 157 157 157 157 157 157 157 156 156 156 156 156 156 156 156 156 156 156 156 156 156 156 156 156 155 155 155 155 155 155 155 155 155 155 154 154 154 154 154 153 153 153 153 153 153 153 153 153 153 153 153 152 152 152 152 152 152 152 152 152 152 151 151 151 152 152 152 152 151 151 151 151 151 151 151 151 151 151 150 150 150 150 151 150 150 150 151 150 150 149 149 149 149 149 149 149 149 149 149 148 149 149 148 147 147 146 146 147 147 146 147 146 146 146 146 146 145 145 145 145 145 144 145 145 144 144 144 144 144 144 144 144 144 143 143 143 143 143 143 143 143 143 142 142 142 142 142 142 141 140 140 141 141 141 140 141 141 141 141 141 141 140 140 140 141 140 139 139 140 139 139 139 139 138 137 138 138 138 137 137 136 135 135 135 134 134 135 135 136 135 136 136 136 136 136 136 136 136 136 136 136 135 135 136 136 136 135 135 135 135 134 134 134 134 134 134 134 134 133 133 132 132 131 132 131 0 0 0 0 0 0 0 0 0 0 0 0 0 0 0 0 0 0 0 0 0 0 0 0 0 0 0 0 0 0 0 0 0 0 0 0 0 0 0 0 0 0 0 0 0 0 0 0 0 0 0 0 0 0 0 0 0 0 0 0 0 0 0 0 0 0 0 0 
0 0 0 0 0 0 0 0 0 0 0 0 0 0 0 0 0 0 0 0 0 0 0 0 0 0 0 0 0 0 0 0 0 0 0 0 0 0 0 0 0 0 0 0 0 0 0 0 0 0 0 0 0 0 0 0 0 0 0 0 0 0 0 0 0 0 0 0 0 0 0 0 0 0 0 0 0 0 0 0 0 0 0 0 0 0 0 0 0 0 0 0 0 0 0 0 0 0 0 0 0 0 0 0 0 0 0 0 0 0 0 0 0 0 0 0 0 0 0 0 0 0 0 0 0 0 0 0 0 0 0 0 0 0 0 0 0 0 0 0 0 0 0 0 0 0 0 0 0 0 0 0 0 0 0 0 0 0 0 0 0 0 0 0 0 0 0 0 0 0 0 0 0 0 162 163 163 163 162 162 161 161 161 161 161 162 161 161 160 160 160 160 159 158 157 158 158 158 158 158 157 157 157 156 156 157 157 156 157 157 157 157 157 157 157 157 157 156 156 156 156 156 156 156 156 156 156 156 156 156 156 156 156 156 155 155 155 155 155 155 155 155 155 154 154 154 154 154 154 154 154 153 153 153 153 153 153 153 153 153 153 152 152 152 152 152 152 152 152 152 152 152 152 152 151 151 152 151 151 151 151 151 151 151 151 151 151 150 150 150 150 150 150 150 150 150 150 150 150 150 149 149 149 149 149 149 149 148 148 148 148 148 148 147 147 147 146 146 146 146 146 146 146 146 145 146 146 145 145 144 144 144 144 145 144 144 145 144 144 144 144 144 144 143 143 143 143 143 143 142 143 143 142 141 142 142 141 141 141 140 140 141 141 141 141 141 141 141 141 142 141 140 140 141 141 141 140 140 139 139 139 138 138 138 138 138 138 138 137 136 135 135 134 134 135 135 135 136 136 136 136 136 136 136 136 136 136 136 136 136 136 136 136 136 136 136 135 135 135 136 135 134 135 134 134 135 135 134 133 132 132 132 131 131 131 131 0 0 0 0 0 0 0 0 0 0 0 0 0 0 0 0 0 0 0 0 0 0 0 0 0 0 0 0 0 0 0 0 0 0 0 0 0 0 0 0 0 0 0 0 0 0 0 0 0 0 0 0 0 0 0 0 0 0 0 0 0 0 0 0 0 0 0 
0 0 0 0 0 0 0 0 0 0 0 0 0 0 0 0 0 0 0 0 0 0 0 0 0 0 0 0 0 0 0 0 0 0 0 0 0 0 0 0 0 0 0 0 0 0 0 0 0 0 0 0 0 0 0 0 0 0 0 0 0 0 0 0 0 0 0 0 0 0 0 0 0 0 0 0 0 0 0 0 0 0 0 0 0 0 0 0 0 0 0 0 0 0 0 0 0 0 0 0 0 0 0 0 0 0 0 0 0 0 0 0 0 0 0 0 0 0 0 0 0 0 0 0 0 0 0 0 0 0 0 0 0 0 0 0 0 0 0 0 0 0 0 0 0 0 0 0 0 0 0 0 0 0 0 0 0 0 0 0 0 0 0 0 0 0 0 0 0 0 0 0 0 0 162 161 161 162 161 161 160 160 160 160 160 160 160 160 159 159 159 158 158 157 157 157 157 157 157 156 156 156 156 156 157 157 157 157 157 157 157 157 157 157 157 157 157 156 156 156 156 156 156 156 156 156 156 156 156 156 156 156 156 155 155 155 155 155 155 155 155 155 154 154 154 154 154 154 154 154 154 153 153 153 153 153 153 153 152 152 152 152 152 152 152 152 152 152 152 152 152 152 151 151 151 151 151 152 151 151 151 151 151 151 151 151 150 150 150 150 150 150 150 150 150 150 150 150 150 150 149 149 149 149 149 149 149 148 148 148 148 148 148 147 147 146 146 146 146 146 146 146 146 146 146 145 145 145 144 145 145 144 144 144 144 144 144 144 144 144 144 144 144 144 144 143 143 143 142 142 142 142 141 141 142 142 142 142 141 140 140 140 140 140 140 141 141 141 141 141 141 140 140 140 141 141 141 140 140 139 139 138 137 138 138 138 137 137 137 136 135 135 134 135 136 136 136 136 136 135 136 136 136 136 136 136 136 136 136 136 136 136 136 136 136 136 135 135 136 135 135 135 135 135 135 135 135 134 133 132 132 131 131 131 131 131 131 0 0 0 0 0 0 0 0 0 0 0 0 0 0 0 0 0 0 0 0 0 0 0 0 0 0 0 0 0 0 0 0 0 0 0 0 0 0 0 0 0 0 0 0 0 0 0 0 0 0 0 0 0 0 0 0 0 0 0 0 0 0 0 0 0 0 
0 0 0 0 0 0 0 0 0 0 0 0 0 0 0 0 0 0 0 0 0 0 0 0 0 0 0 0 0 0 0 0 0 0 0 0 0 0 0 0 0 0 0 0 0 0 0 0 0 0 0 0 0 0 0 0 0 0 0 0 0 0 0 0 0 0 0 0 0 0 0 0 0 0 0 0 0 0 0 0 0 0 0 0 0 0 0 0 0 0 0 0 0 0 0 0 0 0 0 0 0 0 0 0 0 0 0 0 0 0 0 0 0 0 0 0 0 0 0 0 0 0 0 0 0 0 0 0 0 0 0 0 0 0 0 0 0 0 0 0 0 0 0 0 0 0 0 0 0 0 0 0 0 0 0 0 0 0 0 0 0 0 0 0 0 0 0 0 0 0 0 0 0 0 161 161 160 160 160 159 159 159 159 159 158 158 158 158 158 158 157 157 157 157 157 157 157 157 157 157 157 157 157 157 157 157 157 157 157 157 157 157 157 157 157 156 156 156 156 156 156 156 156 156 156 156 156 156 156 156 156 156 156 155 155 155 155 155 155 155 155 155 154 154 154 154 154 154 153 153 153 153 152 152 152 152 152 152 152 152 152 152 152 152 152 152 152 152 152 152 152 151 151 151 151 151 151 151 151 151 151 151 151 151 151 151 150 150 150 150 150 150 150 150 150 150 150 150 149 149 149 149 149 149 149 149 149 149 148 148 148 148 148 147 147 146 146 146 147 147 146 146 146 146 146 145 145 145 145 145 145 144 144 144 144 143 144 144 143 143 144 144 144 144 144 143 143 142 142 143 142 142 142 141 142 142 142 141 141 141 140 141 141 141 141 141 141 141 141 141 141 140 140 140 140 141 141 140 139 139 139 138 137 137 137 137 138 137 136 136 136 135 135 135 136 136 136 135 135 135 135 136 136 136 136 136 136 136 136 136 136 136 136 136 136 136 135 135 136 135 135 135 135 135 135 134 134 133 133 132 132 131 131 131 131 131 131 0 0 0 0 0 0 0 0 0 0 0 0 0 0 0 0 0 0 0 0 0 0 0 0 0 0 0 0 0 0 0 0 0 0 0 0 0 0 0 0 0 0 0 0 0 0 0 0 0 0 0 0 0 0 0 0 0 0 0 0 0 0 0 0 0 0 
0 0 0 0 0 0 0 0 0 0 0 0 0 0 0 0 0 0 0 0 0 0 0 0 0 0 0 0 0 0 0 0 0 0 0 0 0 0 0 0 0 0 0 0 0 0 0 0 0 0 0 0 0 0 0 0 0 0 0 0 0 0 0 0 0 0 0 0 0 0 0 0 0 0 0 0 0 0 0 0 0 0 0 0 0 0 0 0 0 0 0 0 0 0 0 0 0 0 0 0 0 0 0 0 0 0 0 0 0 0 0 0 0 0 0 0 0 0 0 0 0 0 0 0 0 0 0 0 0 0 0 0 0 0 0 0 0 0 0 0 0 0 0 0 0 0 164 164 164 164 164 164 165 164 0 0 0 0 0 0 0 0 0 0 0 0 0 0 0 0 0 0 0 163 161 160 160 159 158 159 158 158 158 158 158 158 158 158 158 157 157 157 157 157 157 157 157 157 157 157 157 157 157 157 157 157 157 157 157 157 157 157 157 157 157 156 156 156 156 156 156 156 156 156 156 156 156 156 156 156 156 156 156 155 155 155 155 155 155 155 154 155 154 154 154 154 154 153 153 153 153 153 153 152 152 152 152 152 152 152 152 152 152 152 152 152 152 152 152 151 151 151 151 151 151 151 151 151 151 150 151 151 151 151 151 151 150 150 150 150 150 150 150 150 150 150 150 150 149 149 149 149 149 149 149 149 149 149 148 148 148 148 147 147 146 146 146 146 146 146 146 146 145 145 145 145 145 145 145 145 144 144 144 144 143 143 143 143 143 144 143 143 144 144 144 143 143 142 142 143 142 142 142 141 142 142 142 141 141 140 140 140 141 141 141 141 141 141 141 141 141 141 140 140 140 140 141 140 139 139 138 138 138 137 136 137 137 136 136 136 136 135 135 135 135 136 135 135 136 136 136 136 136 136 136 136 135 135 136 136 136 136 136 136 136 135 135 135 136 135 135 135 135 134 134 134 133 132 132 132 132 131 131 131 131 131 131 131 0 0 0 0 0 0 0 0 0 0 0 0 0 0 0 0 0 0 0 0 0 0 0 0 0 0 0 0 0 0 0 0 0 0 0 0 0 0 0 0 0 0 0 0 0 0 0 0 0 0 0 0 0 0 0 0 0 0 0 0 0 0 0 0 0 
0 0 0 0 0 0 0 0 0 0 0 0 0 0 0 0 0 0 0 0 0 0 0 0 0 0 0 0 0 0 0 0 0 0 0 0 0 0 0 0 0 0 0 0 0 0 0 0 0 0 0 0 0 0 0 0 0 0 0 0 0 0 0 0 0 0 0 0 0 0 0 0 0 0 0 0 0 0 0 0 0 0 0 0 0 0 0 0 0 0 0 0 0 0 0 0 0 0 0 0 0 0 0 0 0 0 0 0 0 0 0 0 0 0 0 0 0 0 0 0 0 0 0 0 0 0 0 0 0 0 0 0 0 0 0 0 0 0 0 0 0 0 0 0 0 164 165 164 164 164 164 163 164 164 164 165 165 0 0 0 164 163 0 0 0 0 0 0 0 0 0 0 165 164 162 161 160 159 158 158 158 158 158 158 158 158 158 158 158 158 158 158 158 158 158 158 158 158 158 158 158 157 157 157 157 157 157 157 157 157 157 157 157 157 156 156 156 156 156 156 156 156 156 156 156 156 156 156 156 156 156 155 155 155 155 155 155 155 155 154 154 154 154 154 154 154 154 154 153 153 153 153 153 153 152 152 152 152 152 152 152 152 152 152 152 152 152 152 151 151 152 151 151 151 151 151 151 151 151 150 151 151 151 151 150 151 151 150 150 150 150 150 150 150 150 150 150 150 150 149 149 149 149 149 149 149 149 149 149 148 148 148 147 147 146 147 146 146 146 146 145 145 145 145 145 145 145 145 145 145 144 145 145 144 144 143 143 143 144 143 143 143 144 144 144 143 143 143 143 143 143 142 141 142 142 142 142 141 141 141 140 141 141 141 141 141 141 140 140 140 141 141 141 140 141 141 140 140 140 139 138 138 138 138 137 136 137 136 136 135 136 135 135 135 135 135 135 135 135 135 135 136 136 136 136 135 135 135 136 136 136 136 136 136 136 136 135 135 135 135 134 134 134 134 134 134 133 133 132 132 132 131 132 131 131 131 131 131 131 0 0 0 0 0 0 0 0 0 0 0 0 0 0 0 0 0 0 0 0 0 0 0 0 0 0 0 0 0 0 0 0 0 0 0 0 0 0 0 0 0 0 0 0 0 0 0 0 0 0 0 0 0 0 0 0 0 0 0 0 0 0 0 0 
0 0 0 0 0 0 0 0 0 0 0 0 0 0 0 0 0 0 0 0 0 0 0 0 0 0 0 0 0 0 0 0 0 0 0 0 0 0 0 0 0 0 0 0 0 0 0 0 0 0 0 0 0 0 0 0 0 0 0 0 0 0 0 0 0 0 0 0 0 0 0 0 0 0 0 0 0 0 0 0 0 0 0 0 0 0 0 0 0 0 0 0 0 0 0 0 0 0 0 0 0 0 0 0 0 0 0 0 0 0 0 0 0 0 0 0 0 0 0 0 0 0 0 0 0 0 0 0 0 0 0 0 0 0 0 0 0 0 0 0 0 0 0 0 0 164 165 164 163 164 164 163 163 163 164 164 164 164 165 165 164 164 164 164 0 0 0 0 0 0 165 165 164 164 163 161 160 159 158 158 158 158 158 159 158 158 158 158 158 158 158 158 158 158 158 158 158 158 158 158 158 158 157 157 157 157 157 157 157 157 157 157 157 157 156 156 156 156 156 156 156 156 156 156 156 156 156 156 156 156 156 156 155 155 155 155 155 155 155 155 154 154 154 154 154 154 154 154 153 153 153 153 153 153 153 152 152 152 152 152 152 152 152 152 152 152 152 151 151 151 151 151 151 151 151 151 151 150 150 150 150 150 150 151 150 150 150 151 150 150 150 150 150 150 150 150 150 150 150 149 149 149 149 149 149 149 149 149 149 148 148 148 147 147 147 147 147 146 146 146 146 145 145 145 145 145 145 145 145 145 145 145 144 144 143 143 143 143 143 143 143 143 144 143 143 143 143 143 143 143 143 142 142 142 142 142 142 141 141 140 140 140 141 141 141 140 140 140 140 140 140 140 141 141 140 140 140 140 140 139 138 138 137 137 137 136 136 136 136 135 135 135 135 136 136 136 136 136 135 135 135 135 135 135 135 135 135 135 135 135 135 136 136 136 136 136 135 135 135 134 134 134 134 134 134 134 133 132 132 132 132 132 132 131 131 131 131 130 131 131 0 0 0 0 0 0 0 0 0 0 0 0 0 0 0 0 0 0 0 0 0 0 0 0 0 0 0 0 0 0 0 0 0 0 0 0 0 0 0 0 0 0 0 0 0 0 0 0 0 0 0 0 0 0 0 0 0 0 0 0 0 0 0 
0 0 0 0 0 0 0 0 0 0 0 0 0 0 0 0 0 0 0 0 0 0 0 0 0 0 0 0 0 0 0 0 0 0 0 0 0 0 0 0 0 0 0 0 0 0 0 0 0 0 0 0 0 0 0 0 0 0 0 0 0 0 0 0 0 0 0 0 0 0 0 0 0 0 0 0 0 0 0 0 0 0 0 0 0 0 0 0 0 0 0 0 0 0 0 0 0 0 0 0 0 0 0 0 0 0 0 0 0 0 0 0 0 0 0 0 0 0 0 0 0 0 0 0 0 0 0 0 0 0 0 0 0 0 0 0 0 0 0 0 0 0 0 0 165 164 164 163 163 163 164 163 163 164 162 163 164 164 164 164 163 163 163 164 164 164 164 163 163 164 165 165 165 164 162 161 160 159 158 158 158 158 159 159 159 159 159 159 159 158 158 158 158 158 158 158 158 158 158 158 158 158 157 157 157 157 157 157 157 157 157 157 157 156 156 156 156 156 156 156 156 156 156 156 156 156 156 156 156 156 156 156 155 155 155 155 155 155 154 155 155 154 154 154 154 154 154 154 153 153 153 153 154 153 153 152 152 152 152 152 152 152 152 152 152 152 152 152 151 151 151 151 151 151 151 151 151 150 150 150 150 150 150 150 150 150 150 150 151 150 150 150 150 150 150 150 150 150 149 149 149 149 148 149 148 148 149 148 149 149 148 148 148 147 147 147 147 146 146 147 146 146 145 145 145 145 145 145 145 145 145 144 144 144 143 144 144 144 143 143 143 143 143 143 143 143 144 143 143 143 142 142 142 142 142 142 141 141 141 140 140 140 141 141 141 140 140 140 140 140 140 141 141 141 140 139 139 140 140 139 138 138 138 138 137 136 136 136 136 135 136 135 135 136 136 136 136 136 136 136 136 136 136 136 135 135 135 135 135 135 134 135 135 135 136 136 135 135 135 134 134 134 134 134 134 134 133 133 132 132 132 131 132 131 131 131 130 130 130 130 131 130 0 0 0 0 0 0 0 0 0 0 0 0 0 0 0 0 0 0 0 0 0 0 0 0 0 0 0 0 0 0 0 0 0 0 0 0 0 0 0 0 0 0 0 0 0 0 0 0 0 0 0 0 0 0 0 0 0 0 0 0 0 
0 0 0 0 0 0 0 0 0 0 0 0 0 0 0 0 0 0 0 0 0 0 0 0 0 0 0 0 0 0 0 0 0 0 0 0 0 0 0 0 0 0 0 0 0 0 0 0 0 0 0 0 0 0 0 0 0 0 0 0 0 0 0 0 0 0 0 0 0 0 0 0 0 0 0 0 0 0 0 0 0 0 0 0 0 0 0 0 0 0 0 0 0 0 0 0 0 0 0 0 0 0 0 0 0 0 0 0 0 0 0 0 0 0 0 0 0 0 0 0 0 0 0 0 0 0 0 0 0 0 0 0 0 0 0 0 0 0 0 0 0 0 0 0 164 164 163 164 163 164 164 163 163 163 163 163 163 164 163 163 162 162 162 163 164 164 164 163 163 164 165 164 164 163 162 161 160 159 158 158 158 158 159 159 159 159 159 159 159 158 158 158 158 158 158 158 158 158 158 158 158 157 157 157 157 157 157 157 157 157 157 156 156 156 156 156 156 156 156 156 156 156 156 156 156 156 156 156 156 156 156 156 155 155 155 155 155 154 154 154 154 154 154 154 154 154 154 154 154 153 153 153 153 154 153 153 152 152 152 152 152 152 152 152 152 152 152 152 151 151 151 151 151 151 151 151 151 150 150 150 150 150 150 150 150 151 150 150 150 150 150 150 150 150 150 150 150 150 149 149 149 149 148 148 148 148 148 148 148 148 148 148 147 147 147 147 147 147 146 146 147 146 146 146 145 145 145 145 145 146 145 145 144 144 144 144 144 143 143 143 143 142 143 143 143 143 143 143 143 142 142 143 143 143 142 142 141 141 141 140 140 140 140 140 140 140 140 140 140 140 140 140 140 140 140 139 139 139 139 139 139 138 138 138 137 137 136 136 135 136 136 136 136 136 135 135 135 135 135 135 135 135 135 135 135 135 135 134 134 134 134 134 134 135 136 136 135 135 135 134 134 134 133 134 133 133 133 133 132 132 132 131 132 132 131 130 130 131 130 130 130 130 0 0 0 0 0 0 0 0 0 0 0 0 0 0 0 0 0 0 0 0 0 0 0 0 0 0 0 0 0 0 0 0 0 0 0 0 0 0 0 0 0 0 0 0 0 0 0 0 0 0 0 0 0 0 0 0 0 0 0 0 0 
0 0 0 0 0 0 0 0 0 0 0 0 0 0 0 0 0 0 0 0 0 0 0 0 0 0 0 0 0 0 0 0 0 0 0 0 0 0 0 0 0 0 0 0 0 0 0 0 0 0 0 0 0 0 0 0 0 0 0 0 0 0 0 0 0 0 0 0 0 0 0 0 0 0 0 0 0 0 0 0 0 0 0 0 0 0 0 0 0 0 0 0 0 0 0 0 0 0 0 0 0 0 0 0 0 0 0 0 0 0 0 0 0 0 0 0 0 0 0 0 0 0 0 0 0 0 0 0 0 0 0 0 0 0 0 0 0 0 0 0 0 0 0 0 164 164 163 164 163 164 164 164 163 163 163 163 163 163 162 162 162 161 162 163 164 164 164 163 163 164 164 163 163 162 161 160 159 159 158 158 158 158 159 159 159 159 159 159 159 159 158 158 158 158 158 158 158 158 158 158 157 157 157 157 157 157 157 157 157 157 156 156 156 156 156 156 156 156 156 156 156 156 156 156 156 156 156 156 156 156 156 156 155 155 155 155 155 154 154 154 154 154 154 154 154 154 154 154 154 154 153 153 153 153 153 153 152 152 152 151 152 152 152 151 152 152 152 151 151 151 151 151 151 151 151 151 151 150 150 150 150 150 150 150 150 150 150 150 150 150 150 150 150 150 150 150 150 149 149 149 149 149 149 148 148 148 148 148 148 148 148 147 147 147 147 147 146 146 146 146 146 146 146 146 146 145 146 146 146 146 146 145 145 144 144 144 144 144 143 143 143 142 143 143 143 143 143 143 142 142 143 143 142 142 142 142 141 142 141 141 141 140 140 140 140 140 140 140 140 139 139 140 140 139 139 139 139 139 139 138 138 138 137 137 137 137 136 136 135 135 135 136 136 136 135 135 135 135 135 135 135 134 135 135 135 135 135 135 135 134 134 134 134 135 135 136 135 135 135 135 134 133 133 133 133 133 133 133 132 132 131 131 131 132 131 130 130 130 130 130 130 130 0 0 0 0 0 0 0 0 0 0 0 0 0 0 0 0 0 0 0 0 0 0 0 0 0 0 0 0 0 0 0 0 0 0 0 0 0 0 0 0 0 0 0 0 0 0 0 0 0 0 0 0 0 0 0 0 0 0 0 0 0 
0 0 0 0 0 0 0 0 0 0 0 0 0 0 0 0 0 0 0 0 0 0 0 0 0 0 0 0 0 0 0 0 0 0 0 0 0 0 0 0 0 0 0 0 0 0 0 0 0 0 0 0 0 0 0 0 0 0 0 0 0 0 0 0 0 0 0 0 0 0 0 0 0 0 0 0 0 0 0 0 0 0 0 0 0 0 0 0 0 0 0 0 0 0 0 0 0 0 0 0 0 0 0 0 0 0 0 0 0 0 0 0 0 0 0 0 0 0 0 0 0 0 0 0 0 0 0 0 0 0 0 0 0 0 0 0 0 0 0 0 0 0 0 0 0 164 164 163 163 164 164 163 163 163 163 163 163 163 162 162 161 162 162 163 163 164 163 162 162 163 162 163 163 162 161 160 160 159 158 158 158 158 159 159 159 159 159 159 159 159 158 158 158 158 158 158 158 158 158 157 157 157 157 157 157 157 157 157 157 157 157 157 157 157 157 157 157 156 156 156 156 156 156 156 156 156 156 156 156 156 156 156 155 155 155 155 155 155 154 154 154 154 154 154 154 154 154 154 153 153 153 153 153 153 153 153 153 152 152 151 151 152 151 151 151 151 152 151 151 151 151 151 151 151 151 151 150 150 150 150 150 150 150 150 150 150 150 150 150 150 150 150 150 150 150 150 150 149 149 149 149 149 149 148 148 148 148 148 148 148 148 148 148 147 147 147 147 146 146 146 146 146 146 146 146 146 146 146 146 145 145 145 145 145 144 144 144 144 143 143 143 143 143 143 143 143 143 143 143 142 143 142 142 142 142 142 141 141 141 141 140 140 140 140 140 140 140 140 140 140 140 140 140 139 139 139 138 138 138 138 138 138 137 137 137 137 136 136 135 135 135 135 136 136 135 135 135 135 135 134 134 135 134 134 134 134 135 135 135 135 135 135 135 135 135 135 135 135 135 135 134 133 133 133 133 133 133 133 133 132 131 131 131 131 131 131 130 130 130 130 0 0 0 0 0 0 0 0 0 0 0 0 0 0 0 0 0 0 0 0 0 0 0 0 0 0 0 0 0 0 0 0 0 0 0 0 0 0 0 0 0 0 0 0 0 0 0 0 0 0 0 0 0 0 0 0 0 0 0 0 0 0 0 
0 0 0 0 0 0 0 0 0 0 0 0 0 0 0 0 0 0 0 0 0 0 0 0 0 0 0 0 0 0 0 0 0 0 0 0 0 0 0 0 0 0 0 0 0 0 0 0 0 0 0 0 0 0 0 0 0 0 0 0 0 0 0 0 0 0 0 0 0 0 0 0 0 0 0 0 0 0 0 0 0 0 0 0 0 0 0 0 0 0 0 0 0 0 0 0 0 0 0 0 0 0 0 0 0 0 0 0 0 0 0 0 0 0 0 0 0 0 0 0 0 0 0 0 0 0 0 0 0 0 0 0 0 0 0 0 0 0 0 0 0 0 0 0 163 163 163 163 163 164 164 163 163 163 163 162 162 163 162 161 162 162 162 162 163 163 163 162 161 161 161 163 162 161 160 160 159 159 158 158 158 159 159 159 159 159 159 159 158 158 158 158 158 158 158 158 158 158 158 157 157 157 157 157 157 157 157 157 157 157 157 157 157 157 157 156 157 156 156 156 156 156 156 156 156 156 156 156 156 156 156 155 155 155 155 155 155 155 154 154 154 154 154 154 154 154 154 154 153 153 153 153 153 153 153 153 153 152 152 152 151 151 151 151 151 151 151 151 151 151 151 151 151 151 151 150 150 150 150 150 150 150 150 150 150 150 150 149 149 149 150 149 150 149 149 150 149 149 149 149 149 149 149 148 148 148 148 148 148 148 148 148 147 147 147 147 146 146 146 146 146 146 146 146 146 146 146 146 146 145 145 145 145 145 144 144 144 144 143 143 143 143 142 143 143 143 143 143 143 142 142 142 143 142 142 142 142 141 141 141 141 140 140 140 140 140 140 140 140 139 139 139 140 139 139 138 138 138 138 138 138 137 137 137 137 137 136 136 136 135 135 135 135 135 135 135 135 135 135 134 134 134 134 134 134 134 134 134 134 134 134 134 134 134 135 135 134 134 134 134 134 133 133 133 133 133 133 133 133 132 132 131 131 131 131 131 130 130 131 0 0 0 0 0 0 0 0 0 0 0 0 0 0 0 0 0 0 0 0 0 0 0 0 0 0 0 0 0 0 0 0 0 0 0 0 0 0 0 0 0 0 0 0 0 0 0 0 0 0 0 0 0 0 0 0 0 0 0 0 0 0 0 0 
0 0 0 0 0 0 0 0 0 0 0 0 0 0 0 0 0 0 0 0 0 0 0 0 0 0 0 0 0 0 0 0 0 0 0 0 0 0 0 0 0 0 0 0 0 0 0 0 0 0 0 0 0 0 0 0 0 0 0 0 0 0 0 0 0 0 0 0 0 0 0 0 0 0 0 0 0 0 0 0 0 0 0 0 0 0 0 0 0 0 0 0 0 0 0 0 0 0 0 0 0 0 0 0 0 0 0 0 0 0 0 0 0 0 0 0 0 0 0 0 0 0 0 0 0 0 0 0 0 0 0 0 0 0 0 0 0 0 0 0 0 0 0 0 0 0 163 163 163 163 162 163 164 164 163 162 161 162 161 161 162 161 161 162 162 162 163 162 161 161 160 162 162 161 160 159 158 158 158 158 159 159 159 159 159 159 159 159 158 158 158 158 158 158 158 158 158 158 158 157 157 157 157 157 157 157 157 157 157 157 157 157 157 156 156 156 156 156 156 156 156 156 156 156 156 156 156 156 156 156 155 155 155 155 155 155 155 155 154 154 154 154 154 154 154 154 154 154 153 153 153 153 153 153 152 153 153 153 152 152 151 151 151 151 151 151 151 151 151 151 151 151 151 151 150 150 150 150 150 150 150 150 150 150 150 149 150 149 149 149 149 149 149 149 149 149 149 149 149 149 149 148 148 148 148 148 148 148 147 148 148 147 147 146 147 146 146 146 146 146 146 146 145 145 145 146 145 146 146 145 145 145 145 145 145 144 144 143 143 143 143 143 143 143 143 143 142 142 142 142 142 142 143 143 142 142 142 142 142 141 140 140 140 140 140 140 140 139 139 139 139 139 140 139 139 139 138 138 138 137 137 137 137 137 137 136 136 136 135 135 135 135 135 135 135 135 135 135 134 134 134 134 134 134 134 134 134 134 133 134 134 133 133 134 134 134 133 134 134 134 134 134 133 133 133 133 133 133 133 132 132 132 132 132 132 132 131 131 131 0 0 0 0 0 0 0 0 0 0 0 0 0 0 0 0 0 0 0 0 0 0 0 0 0 0 0 0 0 0 0 0 0 0 0 0 0 0 0 0 0 0 0 0 0 0 0 0 0 0 0 0 0 0 0 0 0 0 0 0 0 0 0 0 
0 0 0 0 0 0 0 0 0 0 0 0 0 0 0 0 0 0 0 0 0 0 0 0 0 0 0 0 0 0 0 0 0 0 0 0 0 0 0 0 0 0 0 0 0 0 0 0 0 0 0 0 0 0 0 0 0 0 0 0 0 0 0 0 0 0 0 0 0 0 0 0 0 0 0 0 0 0 0 0 0 0 0 0 0 0 0 0 0 0 0 0 0 0 0 0 0 0 0 0 0 0 0 0 0 0 0 0 0 0 0 0 0 0 0 0 0 0 0 0 0 0 0 0 0 0 0 0 0 0 0 0 0 0 0 0 0 0 0 0 0 0 0 0 0 0 0 164 164 164 162 162 162 162 161 161 161 161 161 161 160 160 160 161 161 161 162 163 162 163 162 160 160 159 159 158 158 159 158 158 159 159 159 159 159 159 159 159 159 158 158 158 158 158 158 158 158 158 158 157 157 157 157 157 157 157 157 157 157 157 157 157 157 156 156 156 156 156 156 156 156 156 156 156 156 156 156 155 155 155 155 155 155 155 155 155 155 154 154 154 154 154 154 154 154 154 154 154 153 153 153 153 153 153 153 153 152 152 152 152 151 151 151 151 151 151 151 151 151 151 151 151 151 151 150 150 150 150 150 150 150 150 150 150 149 150 150 150 149 149 149 149 149 149 149 149 149 149 149 149 149 149 148 149 148 148 147 147 147 147 147 147 147 146 146 146 146 145 146 146 145 146 146 145 146 146 145 145 145 145 145 145 145 144 145 144 144 144 144 143 143 143 143 143 144 143 143 143 143 143 143 142 142 142 142 142 142 141 141 141 140 140 140 140 140 139 139 139 139 139 139 139 139 139 139 139 138 138 137 138 137 137 137 137 137 136 136 136 136 135 135 135 136 135 135 135 135 135 134 134 134 134 134 134 134 133 133 133 133 133 133 133 133 133 134 134 133 133 134 134 134 134 134 133 133 133 133 133 133 133 133 133 132 132 132 132 132 132 131 0 0 0 0 0 0 0 0 0 0 0 0 0 0 0 0 0 0 0 0 0 0 0 0 0 0 0 0 0 0 0 0 0 0 0 0 0 0 0 0 0 0 0 0 0 0 0 0 0 0 0 0 0 0 0 0 0 0 0 0 0 0 0 0 
0 0 0 0 0 0 0 0 0 0 0 0 0 0 0 0 0 0 0 0 0 0 0 0 0 0 0 0 0 0 0 0 0 0 0 0 0 0 0 0 0 0 0 0 0 0 0 0 0 0 0 0 0 0 0 0 0 0 0 0 0 0 0 0 0 0 0 0 0 0 0 0 0 0 0 0 0 0 0 0 0 0 0 0 0 0 0 0 0 0 0 0 0 0 0 0 0 0 0 0 0 0 0 0 0 0 0 0 0 0 0 0 0 0 0 0 0 0 0 0 0 0 0 0 0 0 0 0 0 0 0 0 0 0 0 0 0 0 0 0 0 0 0 0 0 0 0 0 163 162 162 162 162 161 162 162 163 162 162 162 161 161 160 160 160 161 161 162 163 163 161 161 160 160 160 159 159 159 159 158 159 159 159 159 159 159 159 159 159 159 158 158 158 158 158 158 158 158 158 158 157 157 157 157 157 157 157 157 157 157 157 157 157 157 156 156 156 156 156 156 156 156 156 156 156 156 156 155 155 155 155 155 155 155 155 155 155 154 154 154 154 154 154 154 154 154 153 153 153 153 153 153 153 152 152 152 152 152 152 152 152 151 151 151 151 151 151 151 151 151 151 151 151 151 150 150 150 150 150 150 150 150 150 149 149 149 149 149 149 149 149 149 149 149 148 148 148 148 148 149 149 149 149 149 148 148 147 147 147 146 146 146 146 146 146 146 145 146 146 146 145 145 146 146 145 145 145 145 145 145 145 145 144 144 144 144 144 144 143 143 143 143 143 143 143 143 143 143 143 143 143 142 142 142 141 141 141 141 140 140 140 140 140 140 139 139 139 139 139 139 139 139 139 139 138 138 138 138 138 137 137 137 137 137 137 136 136 136 135 135 135 135 135 135 135 135 135 135 134 134 134 134 133 133 133 133 133 133 133 133 133 133 132 132 133 134 133 134 134 134 134 134 133 133 133 133 133 133 133 133 133 133 132 132 132 132 132 0 0 0 0 0 0 0 0 0 0 0 0 0 0 0 0 0 0 0 0 0 0 0 0 0 0 0 0 0 0 0 0 0 0 0 0 0 0 0 0 0 0 0 0 0 0 0 0 0 0 0 0 0 0 0 0 0 0 0 0 0 0 0 0 0 0 
0 0 0 0 0 0 0 0 0 0 0 0 0 0 0 0 0 0 0 0 0 0 0 0 0 0 0 0 0 0 0 0 0 0 0 0 0 0 0 0 0 0 0 0 0 0 0 0 0 0 0 0 0 0 0 0 0 0 0 0 0 0 0 0 0 0 0 0 0 0 0 0 0 0 0 0 0 0 0 0 0 0 0 0 0 0 0 0 0 0 0 0 0 0 0 0 0 0 0 0 0 0 0 0 0 0 0 0 0 0 0 0 0 0 0 0 0 0 0 0 0 0 0 0 0 0 0 0 0 0 0 0 0 0 0 0 0 0 0 0 0 0 0 0 0 0 0 0 0 0 0 0 163 162 162 163 164 163 164 164 162 162 162 160 160 161 161 161 162 161 161 161 160 160 159 159 159 159 159 158 159 159 159 159 159 159 159 159 159 159 159 158 158 158 158 158 158 158 157 157 157 157 157 157 157 157 157 157 157 157 157 157 157 157 156 156 156 156 156 156 156 156 156 156 156 156 156 155 155 155 155 155 155 155 155 155 155 154 154 154 154 154 154 154 154 154 153 153 153 153 153 153 153 152 152 152 152 152 152 152 152 151 151 151 151 151 151 151 151 151 151 151 151 150 150 150 150 150 150 150 150 150 149 149 149 149 149 149 149 149 149 149 150 149 149 148 149 148 148 148 148 148 149 148 148 147 147 147 146 146 146 146 146 147 147 146 145 145 145 146 145 145 146 146 145 145 145 145 145 144 145 145 144 144 143 144 144 143 143 143 143 143 144 143 143 143 143 143 143 142 142 142 141 142 141 141 141 141 141 140 140 140 140 139 139 139 139 139 139 139 139 139 139 139 138 138 138 138 138 137 137 136 136 136 136 136 136 136 135 135 135 135 135 135 135 135 135 134 134 134 134 134 133 133 133 133 133 133 133 133 134 134 133 133 132 133 133 133 134 134 134 133 133 133 133 133 133 133 133 133 133 132 132 132 132 132 132 132 132 0 0 0 0 0 0 0 0 0 0 0 0 0 0 0 0 0 0 0 0 0 0 0 0 0 0 0 0 0 0 0 0 0 0 0 0 0 0 0 0 0 0 0 0 0 0 0 0 0 0 0 0 0 0 0 0 0 0 0 0 0 0 0 0 
0 0 0 0 0 0 0 0 0 0 0 0 0 0 0 0 0 0 0 0 0 0 0 0 0 0 0 0 0 0 0 0 0 0 0 0 0 0 0 0 0 0 0 0 0 0 0 0 0 0 0 0 0 0 0 0 0 0 0 0 0 0 0 0 0 0 0 0 0 0 0 0 0 0 0 0 0 0 0 0 0 0 0 0 0 0 0 0 0 0 0 0 0 0 0 0 0 0 0 0 0 0 0 0 0 0 0 0 0 0 0 0 0 0 0 0 0 0 0 0 0 0 0 0 0 0 0 0 0 0 0 0 0 0 0 0 0 0 0 0 0 0 0 0 0 0 0 0 0 0 0 0 164 164 164 164 165 165 165 165 163 164 164 164 159 159 159 160 161 160 160 159 159 159 158 159 159 159 159 159 159 159 159 159 159 159 159 159 159 159 158 158 158 158 158 158 158 158 157 157 157 157 157 157 157 157 157 157 157 157 157 157 157 156 156 156 156 156 156 156 156 156 156 156 155 155 156 155 155 155 155 155 155 155 155 155 155 154 154 154 154 154 154 154 153 153 153 153 153 153 153 153 153 152 152 152 152 152 152 151 152 151 151 151 151 151 151 151 151 151 151 151 150 150 150 150 150 150 150 150 150 149 149 149 149 149 149 149 149 149 149 149 149 149 149 148 148 148 148 148 148 148 149 148 148 147 147 147 147 147 147 146 146 146 146 146 146 145 145 145 145 145 145 145 145 145 145 144 144 144 145 144 144 144 144 143 144 143 143 143 143 144 144 144 143 142 143 142 142 142 142 142 141 141 141 141 141 141 141 140 140 140 140 140 139 139 139 139 139 139 138 138 139 139 138 138 138 138 137 137 137 137 136 136 136 136 136 136 135 135 135 135 135 135 135 135 135 134 134 134 134 133 133 133 133 133 133 134 134 134 134 135 134 133 133 133 133 133 134 134 134 133 133 133 133 133 133 133 133 133 132 132 132 132 132 132 132 131 132 0 0 0 0 0 0 0 0 0 0 0 0 0 0 0 0 0 0 0 0 0 0 0 0 0 0 0 0 0 0 0 0 0 0 0 0 0 0 0 0 0 0 0 0 0 0 0 0 0 0 0 0 0 0 0 0 0 0 0 0 0 0 0 0 
0 0 0 0 0 0 0 0 0 0 0 0 0 0 0 0 0 0 0 0 0 0 0 0 0 0 0 0 0 0 0 0 0 0 0 0 0 0 0 0 0 0 0 0 0 0 0 0 0 0 0 0 0 0 0 0 0 0 0 0 0 0 0 0 0 0 0 0 0 0 0 0 0 0 0 0 0 0 0 0 0 0 0 0 0 0 0 0 0 0 0 0 0 0 0 0 0 0 0 0 0 0 0 0 0 0 0 0 0 0 0 0 0 0 0 0 0 0 0 0 0 0 0 0 0 0 0 0 0 0 0 0 0 0 0 0 0 0 0 0 0 0 0 0 0 0 0 0 0 0 0 0 0 0 165 166 166 166 166 165 164 165 165 164 163 162 159 159 159 158 158 158 158 158 158 158 159 159 159 159 159 159 159 159 159 159 159 159 159 159 158 158 158 158 158 158 158 158 158 157 157 157 157 157 157 157 157 157 157 157 157 157 157 156 156 156 156 156 156 156 156 156 156 155 155 155 155 155 155 155 155 155 155 155 155 155 155 154 154 154 154 154 154 154 153 153 153 153 153 153 153 153 153 152 152 152 152 152 152 151 151 151 151 151 151 151 151 151 151 150 150 151 150 150 150 150 150 150 150 150 150 149 149 149 149 149 149 149 149 149 150 149 149 148 148 148 148 148 148 148 148 148 148 148 148 148 148 148 147 147 147 147 146 146 146 146 145 145 145 145 145 145 145 145 145 145 145 144 144 144 145 144 144 144 144 143 143 143 143 143 143 144 143 143 143 142 142 142 142 142 141 141 141 141 141 141 141 141 141 141 140 140 141 140 139 139 139 139 139 139 139 139 139 138 138 137 137 137 137 137 137 137 137 136 136 136 136 135 135 135 135 135 135 135 135 135 134 134 134 134 133 133 133 134 134 134 134 134 134 134 134 135 135 134 134 134 133 132 133 133 133 133 133 133 133 133 133 133 133 133 132 132 132 132 132 132 131 132 0 0 0 0 0 0 0 0 0 0 0 0 0 0 0 0 0 0 0 0 0 0 0 0 0 0 0 0 0 0 0 0 0 0 0 0 0 0 0 0 0 0 0 0 0 0 0 0 0 0 0 0 0 0 0 0 0 0 0 0 0 0 0 0 0 
0 0 0 0 0 0 0 0 0 0 0 0 0 0 0 0 0 0 0 0 0 0 0 0 0 0 0 0 0 0 0 0 0 0 0 0 0 0 0 0 0 0 0 0 0 0 0 0 0 0 0 0 0 0 0 0 0 0 0 0 0 0 0 0 0 0 0 0 0 0 0 0 0 0 0 0 0 0 0 0 0 0 0 0 0 0 0 0 0 0 0 0 0 0 0 0 0 0 0 0 0 0 0 0 0 0 0 0 0 0 0 0 0 0 0 0 0 0 0 0 0 0 0 0 0 0 0 0 0 0 0 0 0 0 0 0 0 0 0 0 0 0 0 0 0 0 0 0 0 0 0 0 0 0 0 166 166 166 166 165 165 165 164 164 163 162 161 160 160 159 160 159 158 159 159 158 159 159 159 159 159 159 159 159 159 159 159 159 159 159 159 158 158 158 158 158 158 158 158 158 157 157 157 157 157 157 157 157 157 157 157 157 157 156 156 156 156 156 156 156 156 156 155 155 155 155 155 155 155 155 155 155 155 155 155 155 155 154 154 154 154 154 153 153 153 153 153 153 153 153 153 153 153 152 152 152 152 152 152 152 151 151 151 151 151 151 151 150 151 151 151 150 150 150 150 150 150 150 150 150 149 149 149 149 149 149 149 149 149 149 149 149 149 148 148 148 148 148 148 148 148 148 148 148 147 147 148 147 147 147 147 147 146 146 146 145 145 145 145 145 145 144 145 145 145 144 144 144 143 144 144 144 144 144 144 144 144 143 142 142 143 143 143 143 142 142 142 142 142 142 142 141 141 142 142 141 142 142 142 141 140 140 140 140 140 140 139 139 139 139 139 139 139 138 137 137 137 137 136 136 136 136 136 137 136 136 135 135 135 135 135 135 135 135 135 134 134 134 134 134 134 134 134 133 134 134 135 135 134 134 134 134 135 135 134 134 133 132 133 133 133 134 133 133 133 133 133 132 132 132 132 132 132 132 131 131 132 0 0 0 0 0 0 0 0 0 0 0 0 0 0 0 0 0 0 0 0 0 0 0 0 0 0 0 0 0 0 0 0 0 0 0 0 0 0 0 0 0 0 0 0 0 0 0 0 0 0 0 0 0 0 0 0 0 0 0 0 0 0 0 0 0 0 
0 0 0 0 0 0 0 0 0 0 0 0 0 0 0 0 0 0 0 0 0 0 0 0 0 0 0 0 0 0 0 0 0 0 0 0 0 0 0 0 0 0 0 0 0 0 0 0 0 0 0 0 0 0 0 0 0 0 0 0 0 0 0 0 0 0 0 0 0 0 0 0 0 0 0 0 0 0 0 0 0 0 0 0 0 0 0 0 0 0 0 0 0 0 0 0 0 0 0 0 0 0 0 0 0 0 0 0 0 0 0 0 0 0 0 0 0 0 0 0 0 0 0 0 0 0 0 0 0 0 0 0 0 0 0 0 0 0 0 0 0 0 0 0 0 0 0 0 0 0 0 0 0 0 165 165 164 164 164 164 165 164 164 163 162 162 161 161 162 163 162 160 159 159 159 159 158 159 159 159 159 159 159 159 159 159 159 159 159 159 158 158 158 158 158 158 158 158 158 157 157 157 157 157 157 157 157 157 156 156 156 157 157 156 156 156 156 156 156 156 156 155 155 155 155 156 155 155 155 155 155 155 155 155 155 155 155 155 155 154 154 154 153 153 153 153 153 153 153 153 153 153 153 153 152 152 152 152 152 152 151 151 151 151 150 151 151 151 151 151 151 150 150 150 150 150 150 150 150 149 149 149 149 149 149 149 149 149 149 149 149 148 149 148 148 148 148 148 148 148 148 148 148 148 147 147 147 147 146 147 147 146 146 146 145 145 145 146 145 145 144 144 144 145 144 144 144 143 144 144 144 144 144 144 144 144 144 143 142 142 143 143 143 142 142 142 142 142 142 142 141 141 141 141 142 142 142 142 142 141 141 141 140 140 139 139 139 139 139 139 139 139 139 138 137 137 137 137 137 136 136 136 136 136 136 136 135 135 135 135 135 135 135 134 134 135 135 135 134 135 134 135 135 133 134 134 134 135 135 134 134 134 135 135 135 134 133 132 133 133 133 134 134 133 133 133 132 132 132 132 132 132 132 132 131 132 132 0 0 0 0 0 0 0 0 0 0 0 0 0 0 0 0 0 0 0 0 0 0 0 0 0 0 0 0 0 0 0 0 0 0 0 0 0 0 0 0 0 0 0 0 0 0 0 0 0 0 0 0 0 0 0 0 0 0 0 0 0 0 0 0 0 0 
0 0 0 0 0 0 0 0 0 0 0 0 0 0 0 0 0 0 0 0 0 0 0 0 0 0 0 0 0 0 0 0 0 0 0 0 0 0 0 0 0 0 0 0 0 0 0 0 0 0 0 0 0 0 0 0 0 0 0 0 0 0 0 0 0 0 0 0 0 0 0 0 0 0 0 0 0 0 0 0 0 0 0 0 0 0 0 0 0 0 0 0 0 0 0 0 0 0 0 0 0 0 0 0 0 0 0 0 0 0 0 0 0 0 0 0 0 0 0 0 0 0 0 0 0 0 0 0 0 0 0 0 0 0 0 0 0 0 0 0 0 0 0 0 0 0 0 0 0 0 0 0 0 165 164 164 163 164 163 164 164 163 163 163 163 163 163 164 164 162 161 160 160 159 159 158 158 159 159 159 159 159 159 159 159 159 159 159 159 158 158 158 158 158 158 158 158 157 157 157 157 157 157 157 157 157 156 156 156 156 156 156 156 156 156 156 156 156 156 155 155 156 155 155 155 155 155 155 155 155 155 155 155 155 155 155 155 154 155 155 154 154 153 153 153 153 153 153 153 153 153 153 152 152 152 152 152 152 152 152 152 151 151 151 151 151 151 151 151 150 150 150 150 150 150 150 150 150 150 150 150 149 149 149 149 149 149 149 149 148 148 148 148 148 148 148 148 148 148 148 148 148 148 148 148 147 147 146 146 146 146 146 146 145 145 145 145 146 145 145 144 144 144 144 144 144 144 143 143 144 143 143 143 143 143 143 143 143 142 142 142 142 142 142 142 142 142 142 142 141 141 142 141 141 142 142 142 141 141 141 141 141 141 140 140 139 139 139 139 139 139 139 139 138 138 138 137 137 137 137 136 136 136 136 136 135 135 135 135 135 135 135 135 134 134 134 134 135 135 135 136 136 136 134 133 134 134 135 135 135 135 135 135 135 135 134 133 132 132 133 133 134 134 134 133 133 132 132 132 132 132 132 132 131 131 131 131 131 0 0 0 0 0 0 0 0 0 0 0 0 0 0 0 0 0 0 0 0 0 0 0 0 0 0 0 0 0 0 0 0 0 0 0 0 0 0 0 0 0 0 0 0 0 0 0 0 0 0 0 0 0 0 0 0 0 0 0 0 0 0 0 0 0 
0 0 0 0 0 0 0 0 0 0 0 0 0 0 0 0 0 0 0 0 0 0 0 0 0 0 0 0 0 0 0 0 0 0 0 0 0 0 0 0 0 0 0 0 0 0 0 0 0 0 0 0 0 0 0 0 0 0 0 0 0 0 0 0 0 0 0 0 0 0 0 0 0 0 0 0 0 0 0 0 0 0 0 0 0 0 0 0 0 0 0 0 0 0 0 0 0 0 0 0 0 0 0 0 0 0 0 0 0 0 0 0 0 0 0 0 0 0 0 0 0 0 0 0 0 0 0 0 0 0 0 0 0 0 0 0 0 0 0 0 0 0 0 0 0 0 0 0 0 0 0 0 0 165 164 164 164 163 163 163 164 164 165 165 165 165 164 165 164 163 161 160 160 159 158 158 158 159 159 159 159 159 159 159 159 159 159 159 159 158 158 158 158 158 158 158 158 157 157 157 157 157 157 157 157 157 157 156 156 156 156 156 156 156 156 156 156 156 155 155 155 155 155 155 155 155 155 155 155 154 155 155 155 155 155 155 155 154 154 154 154 154 153 153 153 153 153 153 153 153 153 153 152 152 152 152 152 152 152 152 152 151 151 151 151 151 151 151 151 151 151 150 150 150 150 150 150 150 150 150 150 149 149 149 149 149 149 149 148 148 148 148 148 148 148 148 148 148 148 148 148 147 147 148 148 147 147 146 146 147 146 145 145 145 145 145 146 146 145 145 145 144 145 145 144 144 144 143 143 143 143 143 143 143 143 143 143 143 142 142 142 142 142 142 142 142 142 142 142 141 142 141 141 141 142 142 142 141 141 141 141 141 141 140 139 139 138 138 138 139 139 139 139 138 138 138 138 137 137 137 136 136 136 136 135 135 135 135 135 135 135 135 134 134 135 134 134 134 134 135 135 135 136 135 134 133 134 135 135 135 134 135 135 135 135 134 133 133 132 133 133 134 134 133 133 133 132 132 132 131 131 132 131 131 131 131 131 0 0 0 0 0 0 0 0 0 0 0 0 0 0 0 0 0 0 0 0 0 0 0 0 0 0 0 0 0 0 0 0 0 0 0 0 0 0 0 0 0 0 0 0 0 0 0 0 0 0 0 0 0 0 0 0 0 0 0 0 0 0 0 0 0 0 
0 0 0 0 0 0 0 0 0 0 0 0 0 0 0 0 0 0 0 0 0 0 0 0 0 0 0 0 0 0 0 0 0 0 0 0 0 0 0 0 0 0 0 0 0 0 0 0 0 0 0 0 0 0 0 0 0 0 0 0 0 0 0 0 0 0 0 0 0 0 0 0 0 0 0 0 0 0 0 0 0 0 0 0 0 0 0 0 0 0 0 0 0 0 0 0 0 0 0 0 0 0 0 0 0 0 0 0 0 0 0 0 0 0 0 0 0 0 0 0 0 0 0 0 0 0 0 0 0 0 0 0 0 0 0 0 0 0 0 0 0 0 0 0 0 0 0 0 0 0 0 166 165 165 166 166 165 164 163 162 163 164 165 164 164 164 165 165 164 162 162 162 161 160 158 158 158 159 159 159 159 159 159 159 159 159 159 158 158 158 158 158 158 158 158 158 157 157 157 157 157 157 157 157 157 157 157 157 156 156 156 156 156 156 156 156 156 156 156 156 155 155 155 155 155 155 155 154 155 155 154 155 155 155 155 155 154 154 154 154 154 154 153 153 153 153 153 153 153 153 153 153 152 152 152 152 152 152 152 152 152 151 151 151 151 151 151 151 151 151 151 150 150 150 150 150 150 150 150 150 149 149 149 149 149 149 149 149 148 148 148 148 148 148 148 148 148 148 148 148 147 147 147 147 147 147 147 146 147 147 146 146 146 146 146 147 146 146 145 145 145 144 144 145 144 144 144 143 143 143 143 143 143 143 143 143 142 142 142 142 141 141 142 142 142 142 142 142 142 141 141 141 142 142 141 141 141 141 141 141 140 141 141 140 140 139 138 139 138 139 139 139 138 137 137 137 137 137 137 137 136 136 135 135 135 135 135 135 135 135 134 135 134 134 135 135 135 135 134 134 134 134 135 135 135 134 134 134 134 134 134 134 134 135 135 135 134 133 133 133 133 133 133 133 133 133 132 132 132 132 131 131 131 131 131 131 132 0 0 0 0 0 0 0 0 0 0 0 0 0 0 0 0 0 0 0 0 0 0 0 0 0 0 0 0 0 0 0 0 0 0 0 0 0 0 0 0 0 0 0 0 0 0 0 0 0 0 0 0 0 0 0 0 0 0 0 0 0 0 0 0 0 0 
0 0 0 0 0 0 0 0 0 0 0 0 0 0 0 0 0 0 0 0 0 0 0 0 0 0 0 0 0 0 0 0 0 0 0 0 0 0 0 0 0 0 0 0 0 0 0 0 0 0 0 0 0 0 0 0 0 0 0 0 0 0 0 0 0 0 0 0 0 0 0 0 0 0 0 0 0 0 0 0 0 0 0 0 0 0 0 0 0 0 0 0 0 0 0 0 0 0 0 0 0 0 0 0 0 0 0 0 0 0 0 0 0 0 0 0 0 0 0 0 0 0 0 0 0 0 0 0 0 0 0 0 0 0 0 0 0 0 0 0 0 0 0 0 0 0 0 0 0 0 0 165 166 166 166 165 164 165 164 162 163 164 164 163 163 162 163 164 164 163 163 163 162 160 159 158 158 158 159 159 159 159 159 159 159 159 159 159 158 158 158 158 158 158 158 158 157 157 157 157 157 157 157 157 157 157 157 157 156 156 156 156 156 156 156 156 156 156 156 156 155 155 155 155 155 155 154 155 155 155 155 155 155 155 154 154 154 154 154 154 154 154 154 153 153 153 153 153 153 153 153 153 152 152 152 152 152 152 152 152 152 151 151 151 151 151 151 151 151 151 151 150 150 150 150 150 150 150 150 149 149 149 149 149 149 149 149 149 148 148 148 148 149 148 148 148 148 148 148 147 147 147 147 147 147 147 147 146 146 147 147 147 146 146 146 146 146 145 145 145 145 145 144 145 145 144 144 143 142 143 143 143 142 142 142 142 142 142 142 142 141 142 142 142 142 142 142 142 142 142 142 142 142 141 141 141 141 141 140 140 140 141 141 140 140 139 139 139 139 139 139 138 137 137 137 136 137 136 136 137 136 136 135 135 135 135 135 135 135 135 134 134 135 135 135 135 136 136 135 134 134 135 135 135 135 135 134 134 134 134 134 134 134 134 134 135 134 134 134 134 134 133 133 133 132 132 133 132 132 131 131 132 131 131 131 131 0 0 0 0 0 0 0 0 0 0 0 0 0 0 0 0 0 0 0 0 0 0 0 0 0 0 0 0 0 0 0 0 0 0 0 0 0 0 0 0 0 0 0 0 0 0 0 0 0 0 0 0 0 0 0 0 0 0 0 0 0 0 0 0 0 0 0 
0 0 0 0 0 0 0 0 0 0 0 0 0 0 0 0 0 0 0 0 0 0 0 0 0 0 0 0 0 0 0 0 0 0 0 0 0 0 0 0 0 0 0 0 0 0 0 0 0 0 0 0 0 0 0 0 0 0 0 0 0 0 0 0 0 0 0 0 0 0 0 0 0 0 0 0 0 0 0 0 0 0 0 0 0 0 0 0 0 0 0 0 0 0 0 0 0 0 0 0 0 0 0 0 0 0 0 0 0 0 0 0 0 0 0 0 0 0 0 0 0 0 0 0 0 0 0 0 0 0 0 0 0 0 0 0 0 0 0 0 0 0 0 0 0 0 0 0 0 0 0 166 166 166 165 164 163 164 164 163 162 163 162 162 162 162 163 165 165 164 164 163 162 160 159 158 158 158 159 159 159 159 159 159 159 159 159 158 158 158 158 158 158 158 158 158 157 157 157 157 157 157 157 157 157 157 157 157 156 156 156 156 156 156 156 156 156 156 156 156 156 156 156 155 155 155 155 155 155 155 155 155 154 154 154 154 154 154 154 154 154 154 154 153 153 153 153 153 153 153 153 153 152 152 152 152 152 152 152 152 152 151 151 151 151 151 151 151 151 151 150 150 150 150 150 150 150 150 150 149 149 149 149 149 149 149 148 148 148 148 148 148 149 148 148 148 148 148 148 148 147 147 147 147 148 147 147 146 146 146 146 146 146 146 146 145 145 145 145 145 145 145 145 145 144 143 143 143 142 143 143 142 142 142 142 142 142 142 142 142 142 141 141 141 142 142 142 142 142 142 142 142 142 141 141 140 140 140 140 140 140 140 140 140 140 140 139 139 139 139 139 138 137 137 136 136 136 136 136 137 136 136 135 135 135 135 135 135 135 135 134 134 135 135 135 135 135 135 135 134 134 134 135 135 135 135 135 135 135 134 134 134 134 134 135 134 134 135 135 134 134 134 134 133 132 132 133 132 132 132 131 132 131 131 131 131 0 0 0 0 0 0 0 0 0 0 0 0 0 0 0 0 0 0 0 0 0 0 0 0 0 0 0 0 0 0 0 0 0 0 0 0 0 0 0 0 0 0 0 0 0 0 0 0 0 0 0 0 0 0 0 0 0 0 0 0 0 0 0 0 0 0 0 
0 0 0 0 0 0 0 0 0 0 0 0 0 0 0 0 0 0 0 0 0 0 0 0 0 0 0 0 0 0 0 0 0 0 0 0 0 0 0 0 0 0 0 0 0 0 0 0 0 0 0 0 0 0 0 0 0 0 0 0 0 0 0 0 0 0 0 0 0 0 0 0 0 0 0 0 0 0 0 0 0 0 0 0 0 0 0 0 0 0 0 0 0 0 0 0 0 0 0 0 0 0 0 0 0 0 0 0 0 0 0 0 0 0 0 0 0 0 0 0 0 0 0 0 0 0 0 0 0 0 0 0 0 0 0 0 0 0 0 0 0 0 0 0 0 0 0 0 0 0 0 0 166 165 164 164 164 163 163 162 163 162 162 162 162 162 163 163 164 165 164 162 161 160 160 159 158 158 159 159 159 159 159 159 159 159 159 159 158 158 158 158 158 158 158 158 157 157 157 157 157 157 157 157 157 157 157 157 157 156 156 156 156 156 156 156 156 156 156 156 156 156 156 156 156 155 155 155 155 155 155 155 155 155 154 154 154 154 154 154 154 154 154 153 153 153 153 153 153 153 153 153 152 152 152 152 152 152 152 152 151 151 151 151 151 151 151 151 151 151 150 150 150 150 150 150 150 150 150 149 149 149 149 149 149 148 148 148 148 148 148 148 149 148 148 148 148 148 148 148 147 147 147 147 147 147 147 146 146 146 146 146 146 146 146 145 145 145 145 145 145 145 145 144 144 143 143 143 143 142 142 142 142 142 142 142 142 142 142 141 141 141 141 141 142 142 141 142 142 141 142 141 141 141 140 140 140 140 140 141 141 140 140 141 140 139 139 139 139 139 139 138 138 137 136 136 136 136 135 136 135 135 135 135 135 135 135 134 135 134 135 135 135 135 135 135 136 135 136 135 135 134 134 135 135 135 135 135 135 134 134 134 134 134 135 134 134 134 134 134 134 133 133 133 133 132 132 132 132 131 131 131 131 131 131 131 0 0 0 0 0 0 0 0 0 0 0 0 0 0 0 0 0 0 0 0 0 0 0 0 0 0 0 0 0 0 0 0 0 0 0 0 0 0 0 0 0 0 0 0 0 0 0 0 0 0 0 0 0 0 0 0 0 0 0 0 0 0 0 0 0 0 0 
0 0 0 0 0 0 0 0 0 0 0 0 0 0 0 0 0 0 0 0 0 0 0 0 0 0 0 0 0 0 0 0 0 0 0 0 0 0 0 0 0 0 0 0 0 0 0 0 0 0 0 0 0 0 0 0 0 0 0 0 0 0 0 0 0 0 0 0 0 0 0 0 0 0 0 0 0 0 0 0 0 0 0 0 0 0 0 0 0 0 0 0 0 0 0 0 0 0 0 0 0 0 0 0 0 0 0 0 0 0 0 0 0 0 0 0 0 0 0 0 0 0 0 0 0 0 0 0 0 0 0 0 0 0 0 0 0 0 0 0 0 0 0 0 0 0 0 0 0 0 0 0 166 165 165 166 165 164 163 163 164 163 161 161 161 161 162 161 163 163 163 161 161 160 160 159 159 158 159 159 159 159 159 159 159 159 159 159 159 158 158 158 158 158 158 158 158 158 157 157 157 157 157 157 157 157 157 157 156 156 156 156 156 156 156 156 156 156 156 156 156 156 156 156 156 156 155 155 155 155 155 155 155 154 154 154 154 154 154 154 154 154 154 153 153 153 153 153 153 153 153 152 152 152 152 152 152 152 152 151 151 151 150 150 151 151 151 151 151 151 150 150 150 150 150 150 150 150 149 149 149 149 149 149 149 149 148 148 148 148 148 148 149 149 148 148 148 148 148 148 148 147 147 147 147 147 146 146 146 146 146 146 146 146 146 145 145 145 145 144 145 145 145 144 144 143 143 143 143 142 142 142 142 142 142 142 142 142 142 141 141 141 141 141 141 141 141 141 141 141 141 141 140 140 140 140 140 141 141 140 140 140 140 140 140 139 139 138 138 139 139 138 137 137 136 136 136 135 135 135 135 135 135 135 135 135 134 134 134 134 135 134 135 135 135 135 135 136 136 135 135 134 134 134 134 134 134 134 134 134 134 134 135 135 134 134 134 133 133 133 132 132 132 132 132 132 132 132 132 132 131 130 130 131 131 0 0 0 0 0 0 0 0 0 0 0 0 0 0 0 0 0 0 0 0 0 0 0 0 0 0 0 0 0 0 0 0 0 0 0 0 0 0 0 0 0 0 0 0 0 0 0 0 0 0 0 0 0 0 0 0 0 0 0 0 0 0 0 0 0 0 0 0 
0 0 0 0 0 0 0 0 0 0 0 0 0 0 0 0 0 0 0 0 0 0 0 0 0 0 0 0 0 0 0 0 0 0 0 0 0 0 0 0 0 0 0 0 0 0 0 0 0 0 0 0 0 0 0 0 0 0 0 0 0 0 0 0 0 0 0 0 0 0 0 0 0 0 0 0 0 0 0 0 0 0 0 0 0 0 0 0 0 0 0 0 0 0 0 0 0 0 0 0 0 0 0 0 0 0 0 0 0 0 0 0 0 0 0 0 0 0 0 0 0 0 0 0 0 0 0 0 0 0 0 0 0 0 0 0 0 0 0 0 0 0 0 0 0 0 0 0 0 0 0 0 0 166 166 166 165 164 163 162 162 162 163 162 161 161 161 161 161 162 163 161 160 159 159 159 158 159 159 159 159 159 159 159 159 159 159 159 159 158 158 158 158 158 158 158 158 158 157 157 157 157 157 157 157 157 157 157 156 156 156 156 156 156 156 156 156 156 156 156 156 156 156 156 156 155 155 155 155 155 155 155 155 154 154 154 154 154 154 154 153 153 153 153 152 152 152 152 153 153 152 152 152 152 152 152 152 152 152 151 151 151 150 150 150 151 151 151 151 150 150 150 150 150 150 150 150 150 149 149 149 149 149 149 149 149 148 148 148 148 148 148 148 148 148 148 148 148 148 148 147 147 147 146 147 147 147 146 146 146 146 146 146 146 145 145 145 145 145 145 144 145 144 144 144 143 143 143 143 143 142 142 142 142 142 142 142 142 141 141 141 141 141 141 141 141 141 141 141 140 140 140 140 140 140 140 140 141 141 141 140 140 139 140 139 139 138 138 137 138 138 137 137 136 136 136 136 135 135 135 135 135 135 135 135 135 134 134 134 134 134 134 134 134 134 135 135 135 136 136 136 135 135 134 134 134 134 134 134 134 134 135 135 135 134 134 133 133 133 133 132 132 131 131 131 131 132 132 131 131 130 130 130 130 131 0 0 0 0 0 0 0 0 0 0 0 0 0 0 0 0 0 0 0 0 0 0 0 0 0 0 0 0 0 0 0 0 0 0 0 0 0 0 0 0 0 0 0 0 0 0 0 0 0 0 0 0 0 0 0 0 0 0 0 0 0 0 0 0 0 0 0 0 
0 0 0 0 0 0 0 0 0 0 0 0 0 0 0 0 0 0 0 0 0 0 0 0 0 0 0 0 0 0 0 0 0 0 0 0 0 0 0 0 0 0 0 0 0 0 0 0 0 0 0 0 0 0 0 0 0 0 0 0 0 0 0 0 0 0 0 0 0 0 0 0 0 0 0 0 0 0 0 0 0 0 0 0 0 0 0 0 0 0 0 0 0 0 0 0 0 0 0 0 0 0 0 0 0 0 0 0 0 0 0 0 0 0 0 0 0 0 0 0 0 0 0 0 0 0 0 0 0 0 0 0 0 0 0 0 0 0 0 0 0 0 0 0 0 0 0 0 0 0 0 0 166 165 166 166 165 163 163 164 164 164 163 163 162 161 160 160 161 162 163 162 160 160 159 159 159 159 159 159 159 159 159 159 159 159 159 159 159 158 158 158 158 158 158 158 157 157 157 157 157 157 157 157 157 157 157 157 156 156 156 156 156 156 156 156 156 156 156 156 156 156 156 155 155 156 155 155 155 155 155 155 155 154 154 154 154 154 154 154 153 153 153 152 152 152 152 152 152 152 152 152 152 152 152 152 152 152 152 152 152 151 150 150 150 150 151 151 151 150 150 150 150 150 150 150 150 149 149 149 149 149 149 149 149 149 148 148 148 148 148 148 148 148 148 148 148 148 147 148 148 147 147 147 146 147 147 147 146 146 146 146 146 146 145 145 145 145 145 145 144 144 144 144 144 143 143 143 143 142 142 142 142 142 142 142 142 142 141 141 141 141 141 141 141 140 140 140 140 140 140 140 140 140 140 140 140 141 141 140 140 139 139 138 138 138 137 138 137 137 137 136 136 136 136 136 136 135 135 135 135 135 135 135 134 134 135 135 135 135 134 134 133 133 134 134 134 135 135 135 135 135 135 135 134 134 134 134 134 135 134 135 135 134 134 133 133 133 133 134 133 132 132 131 130 131 131 131 130 130 130 130 130 131 131 0 0 0 0 0 0 0 0 0 0 0 0 0 0 0 0 0 0 0 0 0 0 0 0 0 0 0 0 0 0 0 0 0 0 0 0 0 0 0 0 0 0 0 0 0 0 0 0 0 0 0 0 0 0 0 0 0 0 0 0 0 0 0 0 0 0 0 0 
0 0 0 0 0 0 0 0 0 0 0 0 0 0 0 0 0 0 0 0 0 0 0 0 0 0 0 0 0 0 0 0 0 0 0 0 0 0 0 0 0 0 0 0 0 0 0 0 0 0 0 0 0 0 0 0 0 0 0 0 0 0 0 0 0 0 0 0 0 0 0 0 0 0 0 0 0 0 0 0 0 0 0 0 0 0 0 0 0 0 0 0 0 0 0 0 0 0 0 0 0 0 0 0 0 0 0 0 0 0 0 0 0 0 0 0 0 0 0 0 0 0 0 0 0 0 0 0 0 0 0 0 0 0 0 0 0 0 0 0 0 0 0 0 0 0 0 0 0 0 0 0 166 165 165 164 163 164 165 166 166 165 164 163 162 161 161 160 160 160 160 161 160 160 159 159 159 159 159 159 159 159 159 159 159 159 159 159 159 158 158 158 158 158 158 158 157 157 157 157 157 157 157 157 157 157 157 156 156 156 156 156 156 156 156 156 156 156 156 156 156 155 155 155 155 155 155 155 155 155 155 155 154 154 154 154 154 154 154 154 153 153 153 153 153 153 153 152 152 152 152 152 152 152 152 152 152 151 151 151 151 151 150 150 150 150 151 151 150 150 150 150 150 150 150 150 150 149 149 149 149 149 149 149 149 148 148 148 148 148 148 148 148 148 148 148 147 147 147 147 147 147 147 147 146 146 147 146 146 146 146 146 146 146 145 145 145 145 145 144 144 144 144 144 144 144 143 143 143 142 142 142 142 142 142 142 142 142 141 141 141 141 141 141 141 141 141 140 140 140 140 140 140 140 140 140 140 140 140 140 139 139 138 138 138 138 137 137 137 136 136 136 136 136 136 136 135 135 135 135 135 135 135 135 135 134 135 135 135 135 135 135 134 133 133 133 134 134 134 134 135 135 135 135 134 134 134 134 134 135 135 135 135 135 134 133 134 133 133 133 133 133 132 131 130 130 131 131 130 130 131 131 131 131 131 131 130 129 0 0 0 0 0 0 0 0 0 0 0 0 0 0 0 0 0 0 0 0 0 0 0 0 0 0 0 0 0 0 0 0 0 0 0 0 0 0 0 0 0 0 0 0 0 0 0 0 0 0 0 0 0 0 0 0 0 0 0 0 0 0 0 0 0 
0 0 0 0 0 0 0 0 0 0 0 0 0 0 0 0 0 0 0 0 0 0 0 0 0 0 0 0 0 0 0 0 0 0 0 0 0 0 0 0 0 0 0 0 0 0 0 0 0 0 0 0 0 0 0 0 0 0 0 0 0 0 0 0 0 0 0 0 0 0 0 0 0 0 0 0 0 0 0 0 0 0 0 0 0 0 0 0 0 0 0 0 0 0 0 0 0 0 0 0 0 0 0 0 0 0 0 0 0 0 0 0 0 0 0 0 0 0 0 0 0 0 0 0 0 0 0 0 0 0 0 0 0 0 0 0 0 0 0 0 0 0 0 0 0 0 0 0 0 0 0 0 167 166 165 165 164 165 165 165 164 164 164 163 162 162 161 161 161 160 159 159 159 159 159 159 159 159 159 159 159 159 159 159 159 159 159 159 159 158 158 158 158 158 158 158 158 157 157 157 157 157 157 157 157 157 157 156 156 156 156 156 156 156 156 156 156 156 156 155 155 155 155 155 155 155 155 155 155 155 155 155 154 154 154 154 154 154 154 154 153 153 153 153 153 153 152 152 152 152 152 152 152 152 152 152 151 151 151 151 151 151 150 150 150 150 150 150 150 150 150 150 150 150 150 150 149 149 149 149 149 149 149 149 148 148 148 148 148 148 148 148 148 148 148 147 148 148 147 147 148 147 147 147 147 146 146 146 146 146 146 146 146 146 145 145 145 145 145 145 144 144 144 144 144 144 143 143 143 142 142 142 142 142 142 142 142 142 141 141 141 141 141 141 141 141 141 140 140 140 140 140 140 140 140 140 140 140 140 139 139 138 138 138 137 137 137 137 137 137 136 136 136 136 136 136 135 136 135 135 135 134 135 135 135 135 135 135 135 135 135 135 134 134 134 134 134 134 134 135 135 135 135 135 135 134 134 134 134 134 135 134 134 134 134 134 134 134 133 134 133 133 131 131 131 130 130 130 130 130 130 131 131 130 130 130 130 129 129 0 0 0 0 0 0 0 0 0 0 0 0 0 0 0 0 0 0 0 0 0 0 0 0 0 0 0 0 0 0 0 0 0 0 0 0 0 0 0 0 0 0 0 0 0 0 0 0 0 0 0 0 0 0 0 0 0 0 0 0 0 0 0 0 
0 0 0 0 0 0 0 0 0 0 0 0 0 0 0 0 0 0 0 0 0 0 0 0 0 0 0 0 0 0 0 0 0 0 0 0 0 0 0 0 0 0 0 0 0 0 0 0 0 0 0 0 0 0 0 0 0 0 0 0 0 0 0 0 0 0 0 0 0 0 0 0 0 0 0 0 0 0 0 0 0 0 0 0 0 0 0 0 0 0 0 0 0 0 0 0 0 0 0 0 0 0 0 0 0 0 0 0 0 0 0 0 0 0 0 0 0 0 0 0 0 0 0 0 0 0 0 0 0 0 0 0 0 0 0 0 0 0 0 0 0 0 0 0 0 0 0 0 0 0 0 0 0 166 166 165 165 165 166 165 164 164 163 162 162 161 161 161 161 160 160 160 159 159 159 159 159 159 159 159 159 159 159 159 159 159 159 159 159 159 158 158 158 158 158 158 157 157 157 157 157 157 157 157 157 157 157 156 156 156 156 156 156 156 156 156 156 156 156 155 155 155 155 155 155 155 155 155 155 155 155 154 154 154 154 154 154 154 154 153 153 153 153 153 153 153 152 152 152 152 152 152 152 152 152 152 151 151 151 151 151 151 150 150 150 150 150 150 150 150 150 150 150 150 150 150 149 149 149 149 149 149 149 149 148 148 148 148 148 148 148 148 148 148 148 148 148 148 148 147 147 147 147 147 147 146 146 146 146 146 146 146 146 146 145 145 145 145 145 145 144 144 144 143 144 144 143 143 142 142 142 142 142 141 141 141 142 142 141 141 141 141 141 141 141 140 140 140 140 140 140 140 140 140 139 140 139 139 139 139 138 138 137 137 137 137 137 137 137 137 137 136 136 136 136 136 136 135 136 136 135 135 134 134 134 134 134 135 135 135 135 135 134 134 134 135 135 134 134 134 134 135 135 135 135 134 134 134 134 135 134 134 133 133 134 133 133 134 134 134 134 133 132 131 131 130 131 131 130 129 129 129 129 129 130 129 129 129 129 128 128 0 0 0 0 0 0 0 0 0 0 0 0 0 0 0 0 0 0 0 0 0 0 0 0 0 0 0 0 0 0 0 0 0 0 0 0 0 0 0 0 0 0 0 0 0 0 0 0 0 0 0 0 0 0 0 0 0 0 0 0 0 0 
0 0 0 0 0 0 0 0 0 0 0 0 0 0 0 0 0 0 0 0 0 0 0 0 0 0 0 0 0 0 0 0 0 0 0 0 0 0 0 0 0 0 0 0 0 0 0 0 0 0 0 0 0 0 0 0 0 0 0 0 0 0 0 0 0 0 0 0 0 0 0 0 0 0 0 0 0 0 0 0 0 0 0 0 0 0 0 0 0 0 0 0 0 0 0 0 0 0 0 0 0 0 0 0 0 0 0 0 0 0 0 0 0 0 0 0 0 0 0 0 0 0 0 0 0 0 0 0 0 0 0 0 0 0 0 0 0 0 0 0 0 0 0 0 0 0 0 0 0 0 0 0 0 0 166 166 166 166 167 166 165 164 163 163 162 162 162 162 162 161 160 159 159 159 159 159 159 159 159 159 159 159 159 159 159 159 159 159 159 159 158 158 158 158 158 158 158 157 157 157 157 157 157 157 157 156 156 157 156 156 156 156 156 156 156 156 156 155 155 155 155 155 155 155 155 155 155 155 155 155 155 154 154 154 154 154 154 154 154 154 153 153 153 153 153 153 153 153 152 152 152 152 152 152 152 152 152 152 152 151 151 150 150 150 150 150 150 150 150 150 150 150 150 150 150 149 149 149 149 149 149 149 149 149 148 148 148 148 148 148 148 147 148 148 148 148 147 147 147 147 147 147 147 147 146 146 146 146 146 146 146 146 146 145 145 145 145 145 145 145 145 144 144 143 144 144 143 143 143 142 142 142 142 142 141 141 141 141 141 141 141 141 141 141 140 140 140 140 140 140 140 140 140 140 139 139 139 139 139 138 138 138 137 137 137 137 137 137 137 137 137 136 136 136 136 136 136 135 135 135 135 135 135 135 135 134 134 135 135 135 135 135 135 134 134 135 135 135 134 134 134 134 134 134 134 135 134 134 135 135 135 134 134 133 133 133 133 133 134 133 132 132 132 131 131 131 131 131 130 130 129 128 128 129 129 129 129 128 128 128 128 128 0 0 0 0 0 0 0 0 0 0 0 0 0 0 0 0 0 0 0 0 0 0 0 0 0 0 0 0 0 0 0 0 0 0 0 0 0 0 0 0 0 0 0 0 0 0 0 0 0 0 0 0 0 0 0 0 0 0 0 0 0 
0 0 0 0 0 0 0 0 0 0 0 0 0 0 0 0 0 0 0 0 0 0 0 0 0 0 0 0 0 0 0 0 0 0 0 0 0 0 0 0 0 0 0 0 0 0 0 0 0 0 0 0 0 0 0 0 0 0 0 0 0 0 0 0 0 0 0 0 0 0 0 0 0 0 0 0 0 0 0 0 0 0 0 0 0 0 0 0 0 0 0 0 0 0 0 0 0 0 0 0 0 0 0 0 0 0 0 0 0 0 0 0 0 0 0 0 0 0 0 0 0 0 0 0 0 0 0 0 0 0 0 0 0 0 0 0 0 0 0 0 0 0 0 0 0 0 0 0 0 0 0 0 0 0 0 167 167 167 166 166 165 164 164 163 163 163 163 163 162 161 160 160 159 159 159 159 159 159 159 159 159 159 159 159 159 159 159 159 159 159 158 158 158 158 158 158 157 157 157 157 157 157 157 157 157 156 156 156 156 156 156 156 156 156 156 156 156 155 155 155 155 155 155 155 155 155 155 155 155 154 154 154 154 154 154 154 154 154 154 154 153 153 153 153 153 153 153 152 152 152 151 151 151 152 152 152 152 152 151 151 151 151 150 150 150 150 150 150 150 150 150 150 150 150 150 149 149 149 149 149 149 149 149 148 148 148 148 148 148 148 148 147 148 148 148 147 147 147 147 147 147 147 147 147 146 146 145 146 146 146 146 146 145 145 145 145 145 145 145 145 144 144 144 143 144 143 143 143 142 142 142 142 142 142 142 141 141 141 141 141 141 140 140 140 140 140 141 140 140 140 140 140 140 140 139 139 139 139 138 138 138 138 138 137 137 137 137 137 137 137 137 136 136 136 136 136 135 135 135 135 135 135 135 135 135 135 134 134 134 134 134 135 134 134 134 135 135 135 135 135 134 134 134 134 135 135 135 135 135 136 135 134 134 133 133 132 133 134 133 132 131 132 132 132 131 131 132 132 131 131 130 129 128 128 128 128 129 128 128 128 128 128 128 0 0 0 0 0 0 0 0 0 0 0 0 0 0 0 0 0 0 0 0 0 0 0 0 0 0 0 0 0 0 0 0 0 0 0 0 0 0 0 0 0 0 0 0 0 0 0 0 0 0 0 0 0 0 0 0 0 0 0 0 
0 0 0 0 0 0 0 0 0 0 0 0 0 0 0 0 0 0 0 0 0 0 0 0 0 0 0 0 0 0 0 0 0 0 0 0 0 0 0 0 0 0 0 0 0 0 0 0 0 0 0 0 0 0 0 0 0 0 0 0 0 0 0 0 0 0 0 0 0 0 0 0 0 0 0 0 0 0 0 0 0 0 0 0 0 0 0 0 0 0 0 0 0 0 0 0 0 0 0 0 0 0 0 0 0 0 0 0 0 0 0 0 0 0 0 0 0 0 0 0 0 0 0 0 0 0 0 0 0 0 0 0 0 0 0 0 0 0 0 0 0 0 0 0 0 0 0 0 0 0 0 0 0 0 0 0 0 167 166 165 164 164 163 163 163 162 162 161 161 161 161 160 159 159 159 159 159 159 159 159 159 159 159 159 159 159 159 159 159 158 158 158 158 158 158 158 158 157 157 157 157 157 157 157 157 156 156 156 156 156 156 156 156 156 156 155 155 155 155 155 155 155 155 155 155 155 155 155 155 154 154 154 154 154 154 154 154 154 154 153 153 153 153 153 153 153 153 153 152 152 152 151 151 151 151 151 152 151 151 151 151 150 150 150 150 150 150 150 150 150 150 150 150 150 149 149 149 149 149 149 149 149 149 148 148 148 148 148 148 148 147 147 148 147 147 147 147 147 147 147 147 147 147 147 146 146 145 145 146 146 146 146 145 145 145 145 144 144 144 144 144 144 144 143 143 143 143 143 142 142 142 142 142 142 141 141 141 141 141 141 141 140 141 141 141 141 141 140 140 140 140 140 140 140 140 139 138 138 138 138 138 138 138 137 137 137 137 137 137 137 137 136 136 136 136 136 136 135 135 135 135 135 135 135 135 135 134 134 133 134 134 134 134 134 134 135 134 135 134 134 135 134 135 134 134 135 135 135 134 134 134 133 133 133 133 132 133 133 133 132 131 131 132 131 131 130 131 131 131 130 130 130 130 129 129 127 128 128 128 127 128 128 128 128 128 0 0 0 0 0 0 0 0 0 0 0 0 0 0 0 0 0 0 0 0 0 0 0 0 0 0 0 0 0 0 0 0 0 0 0 0 0 0 0 0 0 0 0 0 0 0 0 0 0 0 0 0 0 0 0 0 0 0 
0 0 0 0 0 0 0 0 0 0 0 0 0 0 0 0 0 0 0 0 0 0 0 0 0 0 0 0 0 0 0 0 0 0 0 0 0 0 0 0 0 0 0 0 0 0 0 0 0 0 0 0 0 0 0 0 0 0 0 0 0 0 0 0 0 0 0 0 0 0 0 0 0 0 0 0 0 0 0 0 0 0 0 0 0 0 0 0 0 0 0 0 0 0 0 0 0 0 0 0 0 0 0 0 0 0 0 0 0 0 0 0 0 0 0 0 0 0 0 0 0 0 0 0 0 0 0 0 0 0 0 0 0 0 0 0 0 0 0 0 0 0 0 0 0 0 0 0 0 0 0 0 0 0 0 0 0 0 0 0 165 165 165 164 164 163 162 161 160 160 161 160 159 159 159 159 159 159 159 159 159 159 159 159 159 159 159 159 158 158 158 158 158 158 158 158 158 157 157 157 157 157 157 157 156 156 156 156 156 156 156 156 156 156 155 155 155 155 155 155 155 155 155 155 155 155 155 155 155 154 154 154 154 154 154 154 154 154 154 153 153 153 153 153 153 153 153 152 152 152 152 151 151 151 151 151 151 151 151 151 151 151 151 150 150 150 150 150 150 150 150 150 150 149 149 149 149 149 149 149 149 149 148 148 148 148 148 148 148 148 147 147 147 147 147 147 147 147 147 146 146 146 147 147 146 146 146 145 145 146 145 145 145 145 145 145 144 144 144 144 144 144 143 143 143 143 143 143 142 142 142 142 141 141 141 141 141 141 140 141 141 141 141 141 141 141 140 140 140 140 140 140 139 139 139 139 138 138 138 138 138 138 137 137 137 137 137 137 137 137 137 136 136 136 136 136 136 135 135 135 135 135 135 135 135 135 134 134 134 133 133 133 134 134 134 134 134 134 134 134 134 134 135 134 133 134 134 135 134 134 134 133 133 133 132 132 133 132 132 131 131 131 131 131 130 130 131 131 130 129 130 130 129 129 129 128 128 128 127 127 128 127 127 127 127 128 128 0 0 0 0 0 0 0 0 0 0 0 0 0 0 0 0 0 0 0 0 0 0 0 0 0 0 0 0 0 0 0 0 0 0 0 0 0 0 0 0 0 0 0 0 0 0 0 0 0 0 0 0 0 0 0 0 
0 0 0 0 0 0 0 0 0 0 0 0 0 0 0 0 0 0 0 0 0 0 0 0 0 0 0 0 0 0 0 0 0 0 0 0 0 0 0 0 0 0 0 0 0 0 0 0 0 0 0 0 0 0 0 0 0 0 0 0 0 0 0 0 0 0 0 0 0 0 0 0 0 0 0 0 0 0 0 0 0 0 0 0 0 0 0 0 0 0 0 0 0 0 0 0 0 0 0 0 0 0 0 0 0 0 0 0 0 0 0 0 0 0 0 0 0 0 0 0 0 0 0 0 0 0 0 0 0 0 0 0 0 0 0 0 0 0 0 0 0 0 0 0 0 0 0 0 0 0 0 0 0 0 0 0 0 0 0 0 0 0 165 165 164 163 162 161 161 160 159 160 159 159 159 159 159 159 159 159 159 159 159 159 159 159 159 159 158 158 158 158 158 158 158 158 157 157 157 157 157 157 157 156 156 156 156 156 156 156 156 156 156 156 155 155 155 155 155 155 155 155 155 155 155 155 155 155 155 154 154 154 154 154 154 154 154 154 154 153 153 153 153 153 153 153 153 152 152 152 152 151 151 151 151 151 151 151 151 151 151 151 151 150 150 150 150 150 150 150 150 150 150 149 149 149 149 149 149 149 149 149 148 148 148 148 148 148 148 148 147 147 148 148 148 147 147 147 148 147 147 147 147 147 146 146 146 145 145 145 145 145 145 145 145 145 144 144 144 144 144 144 143 143 143 143 143 143 142 142 141 141 141 141 141 141 141 140 140 140 140 140 141 140 140 140 140 140 140 139 139 139 139 138 138 138 138 138 138 138 138 138 138 137 137 137 137 137 137 137 136 136 136 136 136 135 135 135 135 135 136 135 135 135 135 135 135 135 134 134 134 133 133 133 133 133 133 133 133 134 134 134 134 133 133 133 134 135 135 135 135 134 133 133 133 132 132 132 131 131 131 130 130 130 131 131 131 131 130 129 129 129 128 128 128 128 127 128 127 127 127 127 127 127 127 127 127 127 0 0 0 0 0 0 0 0 0 0 0 0 0 0 0 0 0 0 0 0 0 0 0 0 0 0 0 0 0 0 0 0 0 0 0 0 0 0 0 0 0 0 0 0 0 0 0 0 0 0 0 0 0 0 0 
0 0 0 0 0 0 0 0 0 0 0 0 0 0 0 0 0 0 0 0 0 0 0 0 0 0 0 0 0 0 0 0 0 0 0 0 0 0 0 0 0 0 0 0 0 0 0 0 0 0 0 0 0 0 0 0 0 0 0 0 0 0 0 0 0 0 0 0 0 0 0 0 0 0 0 0 0 0 0 0 0 0 0 0 0 0 0 0 0 0 0 0 0 0 0 0 0 0 0 0 0 0 0 0 0 0 0 0 0 0 0 0 0 0 0 0 0 0 0 0 0 0 0 0 0 0 0 0 0 0 0 0 0 0 0 0 0 0 0 0 0 0 0 0 0 0 0 0 0 0 0 0 0 0 0 0 0 0 0 0 0 0 165 165 164 164 163 162 161 160 159 159 159 159 159 159 159 159 159 159 159 159 159 159 159 159 159 158 158 158 158 158 158 158 158 158 158 158 158 157 157 157 157 157 156 157 157 157 157 156 156 156 156 156 156 155 155 155 155 155 156 156 155 155 155 155 155 155 155 155 155 155 155 155 155 154 154 154 154 154 154 153 153 153 153 153 153 153 152 152 152 152 151 151 151 151 151 152 152 151 151 151 151 151 151 150 150 150 150 150 150 150 150 150 150 150 149 149 149 149 149 149 149 149 148 148 148 148 148 148 148 147 148 148 148 148 148 148 148 148 148 148 147 147 146 146 146 146 146 146 145 146 146 145 145 145 145 144 144 144 144 144 144 144 143 143 143 143 143 142 142 142 141 141 141 141 141 141 141 141 141 140 140 140 140 140 140 140 140 140 140 139 139 139 139 138 138 138 138 138 138 138 138 138 137 137 137 137 137 137 137 137 136 136 136 136 136 136 136 136 136 136 136 136 136 135 135 135 135 135 135 135 134 134 134 133 133 133 133 134 134 133 133 134 133 133 134 134 135 134 134 133 133 133 133 132 132 132 132 132 132 131 131 130 130 131 131 131 130 129 129 128 128 128 128 128 128 127 127 127 127 127 126 126 125 125 125 126 0 0 0 0 0 0 0 0 0 0 0 0 0 0 0 0 0 0 0 0 0 0 0 0 0 0 0 0 0 0 0 0 0 0 0 0 0 0 0 0 0 0 0 0 0 0 0 0 0 0 0 0 0 0 0 
0 0 0 0 0 0 0 0 0 0 0 0 0 0 0 0 0 0 0 0 0 0 0 0 0 0 0 0 0 0 0 0 0 0 0 0 0 0 0 0 0 0 0 0 0 0 0 0 0 0 0 0 0 0 0 0 0 0 0 0 0 0 0 0 0 0 0 0 0 0 0 0 0 0 0 0 0 0 0 0 0 0 0 0 0 0 0 0 0 0 0 0 0 0 0 0 0 0 0 0 0 0 0 0 0 0 0 0 0 0 0 0 0 0 0 0 0 0 0 0 0 0 0 0 0 0 0 0 0 0 0 0 0 0 0 0 0 0 0 0 0 0 0 0 0 0 0 0 0 0 0 0 0 0 0 0 0 0 0 0 0 0 0 164 164 163 162 162 161 160 160 159 159 158 159 159 159 159 159 159 159 159 159 159 159 159 159 158 158 158 158 158 158 158 158 158 158 158 157 157 157 157 157 156 156 156 156 156 156 157 156 156 157 157 156 156 156 155 155 155 155 156 155 155 155 155 155 155 155 155 155 155 155 155 155 154 154 154 154 154 154 153 153 153 153 153 153 152 152 153 152 152 152 151 151 151 151 151 151 152 151 151 151 151 150 150 150 150 150 150 150 150 150 150 150 150 149 149 149 149 149 149 149 149 148 148 148 148 148 148 147 147 148 148 147 148 148 148 148 148 147 147 147 147 146 146 146 146 146 145 146 146 146 145 145 145 145 144 144 144 144 144 144 144 143 143 143 143 143 143 142 141 141 141 141 141 141 142 141 141 141 140 140 140 140 140 140 140 140 139 139 139 139 139 139 139 139 139 138 138 138 138 138 138 137 137 137 137 137 137 137 136 136 136 136 136 136 136 135 135 135 135 135 135 136 136 135 135 136 135 135 135 134 134 135 134 135 134 133 133 133 133 133 133 133 133 134 134 134 134 133 133 133 133 133 133 132 132 133 133 133 132 131 131 131 130 130 130 130 129 129 129 129 129 129 128 128 128 127 127 127 127 125 126 125 125 125 125 125 0 0 0 0 0 0 0 0 0 0 0 0 0 0 0 0 0 0 0 0 0 0 0 0 0 0 0 0 0 0 0 0 0 0 0 0 0 0 0 0 0 0 0 0 0 0 0 0 0 0 0 0 0 0 
0 0 0 0 0 0 0 0 0 0 0 0 0 0 0 0 0 0 0 0 0 0 0 0 0 0 0 0 0 0 0 0 0 0 0 0 0 0 0 0 0 0 0 0 0 0 0 0 0 0 0 0 0 0 0 0 0 0 0 0 0 0 0 0 0 0 0 0 0 0 0 0 0 0 0 0 0 0 0 0 0 0 0 0 0 0 0 0 0 0 0 0 0 0 0 0 0 0 0 0 0 0 0 0 0 0 0 0 0 0 0 0 0 0 0 0 0 0 0 0 0 0 0 0 0 0 0 0 0 0 0 0 0 0 0 0 0 0 0 0 0 0 0 0 0 0 0 0 0 0 0 0 0 0 0 0 0 0 0 0 0 0 0 0 164 163 163 162 161 160 160 160 159 159 159 159 159 159 159 159 159 159 159 159 159 159 158 158 158 158 158 158 158 158 158 158 158 157 157 157 157 157 156 156 156 156 156 156 156 157 156 156 156 157 157 157 156 156 155 155 156 156 155 155 155 155 155 155 155 155 155 154 154 154 154 154 154 154 154 154 154 153 153 153 153 153 153 153 153 153 152 152 152 152 151 151 151 151 151 151 151 151 151 151 150 150 150 150 150 150 150 150 150 150 150 149 149 149 149 149 149 149 149 148 148 148 148 148 148 148 147 147 148 147 147 147 147 147 147 147 147 147 147 147 146 146 146 146 146 146 145 146 145 145 145 145 145 144 144 144 144 144 144 144 144 143 143 143 143 142 142 141 141 141 141 142 142 142 141 141 140 140 140 140 140 140 140 140 140 139 139 139 139 139 139 139 139 139 138 138 138 138 138 138 137 137 137 137 137 137 137 136 136 136 136 136 136 136 136 135 136 136 135 135 135 136 136 136 136 136 136 135 135 135 134 134 135 134 134 133 134 133 133 133 133 133 134 134 135 134 133 133 133 133 134 133 132 132 133 133 132 132 131 131 131 131 130 130 130 130 130 130 129 129 129 128 128 127 127 126 127 127 125 125 125 125 125 125 125 0 0 0 0 0 0 0 0 0 0 0 0 0 0 0 0 0 0 0 0 0 0 0 0 0 0 0 0 0 0 0 0 0 0 0 0 0 0 0 0 0 0 0 0 0 0 0 0 0 0 0 0 0 0 
0 0 0 0 0 0 0 0 0 0 0 0 0 0 0 0 0 0 0 0 0 0 0 0 0 0 0 0 0 0 0 0 0 0 0 0 0 0 0 0 0 0 0 0 0 0 0 0 0 0 0 0 0 0 0 0 0 0 0 0 0 0 0 0 0 0 0 0 0 0 0 0 0 0 0 0 0 0 0 0 0 0 0 0 0 0 0 0 0 0 0 0 0 0 0 0 0 0 0 0 0 0 0 0 0 0 0 0 0 0 0 0 0 0 0 0 0 0 0 0 0 0 0 0 0 0 0 0 0 0 0 0 0 0 0 0 0 0 0 0 0 0 0 0 0 0 0 0 0 0 0 0 0 0 0 0 0 0 0 0 0 0 0 0 163 163 162 162 161 160 159 159 159 159 159 159 159 159 159 159 159 159 159 159 159 158 158 158 158 158 158 158 158 158 158 158 157 157 157 157 157 157 156 156 156 156 156 156 156 156 156 156 156 156 156 156 156 156 156 155 156 156 155 155 155 155 155 155 155 155 155 155 154 154 154 154 154 154 154 154 154 153 153 153 152 153 153 153 153 152 152 152 152 152 151 151 151 151 151 151 151 151 151 151 150 150 150 150 150 150 150 150 150 150 150 150 149 149 149 149 149 149 149 148 148 148 148 148 148 148 147 147 148 148 148 147 147 147 147 147 147 147 147 147 146 146 146 146 146 146 145 145 145 145 145 145 145 144 144 144 144 144 144 144 144 143 143 143 142 142 141 141 141 141 141 142 142 141 141 141 140 140 140 140 140 140 140 140 140 139 139 139 139 139 139 139 139 138 138 138 138 138 138 138 137 137 137 137 137 137 136 136 136 136 136 136 136 135 135 135 135 135 135 135 136 136 136 136 136 136 136 136 135 136 135 135 134 134 134 134 133 134 133 133 133 134 134 134 134 134 134 134 133 134 133 133 132 132 133 132 132 131 131 131 130 130 130 130 130 130 131 130 130 129 128 128 128 127 127 126 126 127 125 125 125 125 125 125 0 0 0 0 0 0 0 0 0 0 0 0 0 0 0 0 0 0 0 0 0 0 0 0 0 0 0 0 0 0 0 0 0 0 0 0 0 0 0 0 0 0 0 0 0 0 0 0 0 0 0 0 0 0 0 
0 0 0 0 0 0 0 0 0 0 0 0 0 0 0 0 0 0 0 0 0 0 0 0 0 0 0 0 0 0 0 0 0 0 0 0 0 0 0 0 0 0 0 0 0 0 0 0 0 0 0 0 0 0 0 0 0 0 0 0 0 0 0 0 0 0 0 0 0 0 0 0 0 0 0 0 0 0 0 0 0 0 0 0 0 0 0 0 0 0 0 0 0 0 0 0 0 0 0 0 0 0 0 0 0 0 0 0 0 0 0 0 0 0 0 0 0 0 0 0 0 0 0 0 0 0 0 0 0 0 0 0 0 0 0 0 0 0 0 0 0 0 0 0 0 0 0 0 0 0 0 0 0 0 0 0 0 0 0 0 0 0 0 0 0 0 162 161 161 160 159 159 158 159 159 159 159 159 159 159 159 159 159 159 159 158 158 158 158 158 158 158 158 158 157 157 157 157 157 157 157 157 156 156 156 156 156 156 156 156 156 156 155 155 156 156 156 156 156 156 156 156 156 156 155 155 155 155 155 155 155 155 155 154 154 154 154 154 154 154 154 153 153 152 152 153 152 153 153 153 153 153 152 152 152 152 151 151 151 151 151 151 151 151 150 150 150 150 150 150 150 150 150 150 150 149 149 149 149 149 149 149 149 148 148 148 148 148 148 148 148 147 148 148 148 148 148 147 147 147 147 147 147 147 146 146 146 146 146 146 146 145 145 145 145 145 145 144 144 144 144 144 144 143 143 143 143 143 143 142 142 141 141 141 141 142 142 141 141 141 141 140 140 140 140 139 139 140 139 139 139 139 139 139 139 139 139 138 138 138 138 138 138 137 137 137 137 137 137 136 136 136 136 136 136 136 136 136 135 135 135 135 135 135 135 136 136 135 136 136 136 135 135 136 136 135 135 135 134 134 134 133 134 134 134 134 135 134 134 134 134 134 134 134 133 133 133 133 133 133 132 131 131 131 131 131 130 130 130 130 130 130 130 130 129 128 127 127 127 127 126 126 125 125 125 125 125 0 0 0 0 0 0 0 0 0 0 0 0 0 0 0 0 0 0 0 0 0 0 0 0 0 0 0 0 0 0 0 0 0 0 0 0 0 0 0 0 0 0 0 0 0 0 0 0 0 0 0 0 0 0 0 0 
0 0 0 0 0 0 0 0 0 0 0 0 0 0 0 0 0 0 0 0 0 0 0 0 0 0 0 0 0 0 0 0 0 0 0 0 0 0 0 0 0 0 0 0 0 0 0 0 0 0 0 0 0 0 0 0 0 0 0 0 0 0 0 0 0 0 0 0 0 0 0 0 0 0 0 0 0 0 0 0 0 0 0 0 0 0 0 0 0 0 0 0 0 0 0 0 0 0 0 0 0 0 0 0 0 0 0 0 0 0 0 0 0 0 0 0 0 0 0 0 0 0 0 0 0 0 0 0 0 0 0 0 0 0 0 0 0 0 0 0 0 0 0 0 0 0 0 0 0 0 0 0 0 0 0 0 0 0 0 0 0 0 0 0 0 161 160 160 160 159 159 158 158 158 159 159 159 159 159 159 159 159 159 159 158 158 158 158 158 158 158 158 158 158 157 157 157 157 157 157 157 157 156 156 156 156 156 156 156 156 156 156 155 155 155 156 156 156 156 155 155 155 155 155 155 155 155 155 155 155 155 155 155 154 154 154 154 154 154 153 154 153 153 152 152 152 152 152 152 152 152 152 152 152 152 152 151 151 151 151 151 150 150 151 150 150 150 150 150 150 150 150 150 150 150 149 149 149 149 149 149 149 149 148 148 148 148 148 148 147 148 148 148 148 148 148 148 147 147 147 147 147 147 147 146 146 146 146 146 146 146 146 145 144 144 144 145 145 144 144 144 144 144 143 143 143 143 143 143 143 142 141 141 141 141 141 142 141 141 141 141 140 140 140 140 140 139 139 139 139 139 139 139 139 139 139 138 138 138 138 138 137 137 137 137 137 137 137 137 136 136 136 136 136 136 135 136 136 135 135 135 135 135 135 136 136 136 135 136 136 136 136 136 135 136 136 136 136 135 134 135 134 134 135 135 135 135 134 133 134 134 134 134 134 133 133 133 133 133 132 132 131 131 131 132 131 130 130 130 130 130 130 129 129 128 128 127 127 127 127 127 126 125 125 125 125 125 0 0 0 0 0 0 0 0 0 0 0 0 0 0 0 0 0 0 0 0 0 0 0 0 0 0 0 0 0 0 0 0 0 0 0 0 0 0 0 0 0 0 0 0 0 0 0 0 0 0 0 0 0 0 0 0 
0 0 0 0 0 0 0 0 0 0 0 0 0 0 0 0 0 0 0 0 0 0 0 0 0 0 0 0 0 0 0 0 0 0 0 0 0 0 0 0 0 0 0 0 0 0 0 0 0 0 0 0 0 0 0 0 0 0 0 0 0 0 0 0 0 0 0 0 0 0 0 0 0 0 0 0 0 0 0 0 0 0 0 0 0 0 0 0 0 0 0 0 0 0 0 0 0 0 0 0 0 0 0 0 0 0 0 0 0 0 0 0 0 0 0 0 0 0 0 0 0 0 0 0 0 0 0 0 0 0 0 0 0 0 0 0 0 0 0 0 0 0 0 0 0 0 0 0 0 0 0 0 0 0 0 0 0 0 0 0 0 0 0 0 0 0 0 160 159 159 159 160 159 159 159 159 159 159 159 159 159 159 159 159 158 158 158 158 158 158 158 158 158 158 158 157 157 157 157 157 157 157 156 156 156 156 156 156 156 156 156 156 155 155 155 155 156 156 156 155 155 155 156 155 155 155 155 155 154 154 154 154 154 154 154 154 154 154 154 153 153 153 153 153 152 152 152 152 152 152 152 152 152 152 151 151 151 151 151 151 151 151 150 150 150 150 150 150 150 150 150 150 150 150 149 149 149 149 149 149 149 149 148 148 148 148 148 148 147 147 147 147 148 148 148 148 148 147 147 147 147 147 147 146 146 146 146 146 146 145 145 145 145 145 144 144 144 144 144 144 144 144 144 143 143 143 143 143 143 142 142 141 141 141 141 141 141 141 141 141 141 140 140 140 140 140 139 139 139 139 139 139 139 139 139 138 138 138 138 138 138 137 137 137 137 137 137 137 136 136 136 136 136 136 136 136 135 136 136 135 135 135 136 136 136 137 136 135 135 135 135 135 136 136 136 136 135 135 135 135 135 135 135 135 134 134 135 134 133 134 133 133 133 133 133 133 133 133 133 132 131 131 131 131 132 131 130 130 130 130 130 129 129 128 128 128 127 127 127 127 127 127 125 125 125 125 125 0 0 0 0 0 0 0 0 0 0 0 0 0 0 0 0 0 0 0 0 0 0 0 0 0 0 0 0 0 0 0 0 0 0 0 0 0 0 0 0 0 0 0 0 0 0 0 0 0 0 0 0 0 0 0 0 
0 0 0 0 0 0 0 0 0 0 0 0 0 0 0 0 0 0 0 0 0 0 0 0 0 0 0 0 0 0 0 0 0 0 0 0 0 0 0 0 0 0 0 0 0 0 0 0 0 0 0 0 0 0 0 0 0 0 0 0 0 0 0 0 0 0 0 0 0 0 0 0 0 0 0 0 0 0 0 0 0 0 0 0 0 0 0 0 0 0 0 0 0 0 0 0 0 0 0 0 0 0 0 0 0 0 0 0 0 0 0 0 0 0 0 0 0 0 0 0 0 0 0 0 0 0 0 0 0 0 0 0 0 0 0 0 0 0 0 0 0 0 0 0 0 0 0 0 0 0 0 0 0 0 0 0 0 0 0 0 0 0 0 0 0 0 0 161 160 159 159 159 159 159 159 159 159 159 159 159 159 159 159 158 158 158 158 158 158 158 158 158 158 158 158 157 157 157 157 157 157 157 156 156 156 156 156 156 156 156 156 156 155 155 155 155 155 155 155 155 155 155 155 155 155 155 155 155 154 154 154 154 154 154 154 154 154 154 154 154 153 153 153 153 152 152 152 152 153 153 152 152 151 151 151 152 152 151 151 151 151 151 150 150 150 150 150 150 150 150 150 150 150 150 149 149 149 149 149 149 149 149 148 148 148 148 148 148 147 147 147 147 147 147 147 147 147 147 147 147 147 147 147 147 146 146 146 145 145 145 145 145 145 145 144 144 144 144 144 144 144 144 144 143 143 143 143 143 142 142 142 141 141 141 141 141 141 141 141 141 140 140 140 140 140 140 139 139 139 139 139 139 139 139 138 138 138 138 138 138 138 137 137 137 137 137 137 137 137 136 136 136 136 136 136 136 135 136 136 136 136 135 135 136 136 136 136 135 135 135 134 135 135 135 136 136 135 135 135 135 135 135 135 135 134 134 134 134 133 134 133 133 133 133 133 133 133 133 132 132 131 131 131 131 131 131 131 131 131 130 130 129 129 128 128 128 128 127 127 127 127 127 125 124 125 125 125 0 0 0 0 0 0 0 0 0 0 0 0 0 0 0 0 0 0 0 0 0 0 0 0 0 0 0 0 0 0 0 0 0 0 0 0 0 0 0 0 0 0 0 0 0 0 0 0 0 0 0 0 0 0 0 0 
0 0 0 0 0 0 0 0 0 0 0 0 0 0 0 0 0 0 0 0 0 0 0 0 0 0 0 0 0 0 0 0 0 0 0 0 0 0 0 0 0 0 0 0 0 0 0 0 0 0 0 0 0 0 0 0 0 0 0 0 0 0 0 0 0 0 0 0 0 0 0 0 0 0 0 0 0 0 0 0 0 0 0 0 0 0 0 0 0 0 0 0 0 0 0 0 0 0 0 0 0 0 0 0 0 0 0 0 0 0 0 0 0 0 0 0 0 0 0 0 0 0 0 0 0 0 0 0 0 0 0 0 0 0 0 0 0 0 0 0 0 0 0 0 0 0 0 0 0 0 0 0 0 0 0 0 0 0 0 0 0 0 0 0 0 0 0 0 0 159 159 158 159 159 159 159 159 159 159 159 159 158 158 158 158 158 158 158 158 158 158 158 158 158 158 158 157 157 157 157 157 157 156 156 156 156 156 156 156 156 156 156 156 156 155 155 155 155 155 154 154 155 155 155 155 155 155 154 154 154 154 154 154 154 154 154 153 154 154 154 153 153 152 152 152 152 152 152 152 152 152 152 152 152 152 152 152 151 151 151 151 151 150 150 150 150 150 150 150 150 150 150 150 149 149 149 149 149 149 149 149 148 148 148 148 148 148 148 148 147 147 147 148 148 147 147 147 147 147 147 147 147 147 147 146 146 146 146 145 145 145 145 145 145 144 144 144 144 144 144 144 144 143 143 143 142 142 142 142 141 141 141 141 141 141 141 141 141 141 141 140 140 140 140 140 140 139 139 139 139 139 139 139 139 138 138 138 138 138 138 137 137 137 137 137 136 136 137 137 136 136 136 136 136 136 136 136 136 136 136 135 135 135 135 135 136 135 134 135 135 135 134 134 135 136 136 135 134 134 135 135 135 134 134 134 134 133 133 133 133 133 132 132 133 132 132 133 133 133 132 132 131 132 132 132 132 131 131 132 131 130 129 129 128 128 127 127 127 127 128 127 127 125 125 124 125 0 0 0 0 0 0 0 0 0 0 0 0 0 0 0 0 0 0 0 0 0 0 0 0 0 0 0 0 0 0 0 0 0 0 0 0 0 0 0 0 0 0 0 0 0 0 0 0 0 0 0 0 0 0 0 0 0 
0 0 0 0 0 0 0 0 0 0 0 0 0 0 0 0 0 0 0 0 0 0 0 0 0 0 0 0 0 0 0 0 0 0 0 0 0 0 0 0 0 0 0 0 0 0 0 0 0 0 0 0 0 0 0 0 0 0 0 0 0 0 0 0 0 0 0 0 0 0 0 0 0 0 0 0 0 0 0 0 0 0 0 0 0 0 0 0 0 0 0 0 0 0 0 0 0 0 0 0 0 0 0 0 0 0 0 0 0 0 0 0 0 0 0 0 0 0 0 0 0 0 0 0 0 0 0 0 0 0 0 0 0 0 0 0 0 0 0 0 0 0 0 0 0 0 0 0 0 0 0 0 0 0 0 0 0 0 0 0 0 0 0 0 0 0 0 0 0 159 159 159 159 159 159 159 159 159 159 159 159 159 158 158 158 158 158 158 158 158 158 158 158 158 158 158 157 157 157 157 157 157 156 156 156 156 156 156 156 156 156 156 156 156 155 155 155 155 155 154 155 155 155 155 155 155 155 154 154 154 154 154 153 153 154 153 153 153 153 153 154 153 152 152 152 152 152 152 152 152 152 152 151 151 151 152 152 152 151 151 150 150 150 150 150 150 150 150 150 150 149 149 149 149 149 149 149 149 149 149 149 148 148 148 148 148 148 148 148 147 147 147 147 147 147 147 147 147 147 147 147 147 146 146 146 146 146 146 145 146 145 145 144 145 144 144 144 144 144 144 144 143 143 143 143 143 143 143 142 142 142 141 141 141 141 141 141 141 141 141 141 140 140 140 140 139 139 139 139 139 139 139 139 139 138 138 138 138 138 137 137 137 137 137 137 137 136 136 136 137 136 136 136 136 136 136 136 135 135 135 135 135 135 135 135 135 135 135 135 135 135 135 135 135 136 136 135 135 134 134 135 135 134 134 134 134 133 133 133 133 132 132 132 132 132 132 133 132 132 133 132 132 132 132 132 132 132 132 131 131 130 129 128 128 128 128 127 127 127 127 127 127 125 125 124 124 0 0 0 0 0 0 0 0 0 0 0 0 0 0 0 0 0 0 0 0 0 0 0 0 0 0 0 0 0 0 0 0 0 0 0 0 0 0 0 0 0 0 0 0 0 0 0 0 0 0 0 0 0 0 0 0 0 
0 0 0 0 0 0 0 0 0 0 0 0 0 0 0 0 0 0 0 0 0 0 0 0 0 0 0 0 0 0 0 0 0 0 0 0 0 0 0 0 0 0 0 0 0 0 0 0 0 0 0 0 0 0 0 0 0 0 0 0 0 0 0 0 0 0 0 0 0 0 0 0 0 0 0 0 0 0 0 0 0 0 0 0 0 0 0 0 0 0 0 0 0 0 0 0 0 0 0 0 0 0 0 0 0 0 0 0 0 0 0 0 0 0 0 0 0 0 0 0 0 0 0 0 0 0 0 0 0 0 0 0 0 0 0 0 0 0 0 0 0 0 0 0 0 0 0 0 0 0 0 0 0 0 0 0 0 0 0 0 0 0 0 0 0 0 0 0 0 159 159 159 159 159 159 159 159 159 159 159 159 159 158 158 158 158 158 158 158 158 158 158 158 158 158 158 157 157 157 157 157 157 157 156 156 156 156 156 156 156 156 156 156 156 155 155 155 155 155 155 155 155 155 155 155 155 155 155 155 154 154 153 154 153 153 153 153 153 153 153 153 153 152 152 152 152 152 152 152 152 152 151 151 151 151 152 152 152 152 151 151 150 150 150 150 150 150 150 150 149 149 149 149 149 149 149 149 149 149 149 148 148 148 148 148 148 148 148 148 147 147 147 147 147 147 147 147 147 147 147 146 146 146 146 146 145 145 145 145 145 145 145 144 144 144 144 144 144 144 144 143 143 143 143 143 143 143 143 142 142 142 141 141 141 141 141 141 141 141 141 141 140 140 140 140 139 139 139 139 139 139 139 139 139 138 138 138 138 138 137 137 137 137 137 137 137 136 136 136 136 136 136 136 136 136 136 136 136 135 135 135 135 135 135 135 134 134 135 135 135 135 134 135 135 135 134 135 135 134 134 134 134 133 134 134 134 133 133 133 133 132 133 133 133 132 132 132 132 132 133 132 132 131 132 132 131 131 131 131 130 130 129 129 129 128 128 127 127 127 126 126 126 124 124 124 0 0 0 0 0 0 0 0 0 0 0 0 0 0 0 0 0 0 0 0 0 0 0 0 0 0 0 0 0 0 0 0 0 0 0 0 0 0 0 0 0 0 0 0 0 0 0 0 0 0 0 0 0 0 0 0 0 0 
0 0 0 0 0 0 0 0 0 0 0 0 0 0 0 0 0 0 0 0 0 0 0 0 0 0 0 0 0 0 0 0 0 0 0 0 0 0 0 0 0 0 0 0 0 0 0 0 0 0 0 0 0 0 0 0 0 0 0 0 0 0 0 0 0 0 0 0 0 0 0 0 0 0 0 0 0 0 0 0 0 0 0 0 0 0 0 0 0 0 0 0 0 0 0 0 0 0 0 0 0 0 0 0 0 0 0 0 0 0 0 0 0 0 0 0 0 0 0 0 0 0 0 0 0 0 0 0 0 0 0 0 0 0 0 0 0 0 0 0 0 0 0 0 0 0 0 0 0 0 0 0 0 0 0 0 0 0 0 0 0 0 0 0 0 0 0 159 159 159 158 158 159 158 158 158 158 159 159 159 158 158 158 158 158 158 158 158 158 158 158 157 158 158 158 158 157 157 157 157 157 157 157 156 156 156 156 156 156 156 156 156 156 156 156 155 155 155 155 155 154 154 154 154 154 155 155 155 155 155 154 154 154 154 154 153 153 153 153 153 153 153 152 152 152 152 152 152 151 151 151 151 151 151 151 152 152 152 151 151 150 150 150 150 150 149 149 149 150 150 150 149 149 149 149 149 149 149 149 149 149 148 148 148 148 148 148 148 148 147 147 147 147 147 147 147 147 147 146 146 146 146 146 146 146 146 145 145 145 145 145 145 144 144 144 144 144 144 144 144 144 143 143 143 143 143 143 143 143 142 142 141 141 141 141 141 141 141 141 141 141 140 140 140 139 139 139 139 139 139 139 139 139 139 139 138 138 138 138 137 137 137 137 137 137 137 136 136 136 136 136 136 136 136 136 136 136 136 136 135 135 135 135 135 135 134 134 134 134 134 134 134 135 135 134 133 134 134 134 134 133 133 133 133 133 133 133 133 133 133 132 132 133 133 133 132 132 132 132 133 132 132 131 131 131 131 131 131 130 130 130 130 129 129 128 127 127 127 126 127 127 127 125 125 125 0 0 0 0 0 0 0 0 0 0 0 0 0 0 0 0 0 0 0 0 0 0 0 0 0 0 0 0 0 0 0 0 0 0 0 0 0 0 0 0 0 0 0 0 0 0 0 0 0 0 0 0 0 0 0 0 0 0 
0 0 0 0 0 0 0 0 0 0 0 0 0 0 0 0 0 0 0 0 0 0 0 0 0 0 0 0 0 0 0 0 0 0 0 0 0 0 0 0 0 0 0 0 0 0 0 0 0 0 0 0 0 0 0 0 0 0 0 0 0 0 0 0 0 0 0 0 0 0 0 0 0 0 0 0 0 0 0 0 0 0 0 0 0 0 0 0 0 0 0 0 0 0 0 0 0 0 0 0 0 0 0 0 0 0 0 0 0 0 0 0 0 0 0 0 0 0 0 0 0 0 0 0 0 0 0 0 0 0 0 0 0 0 0 0 0 0 0 0 0 0 0 0 0 0 0 0 0 0 0 0 0 0 0 0 0 0 0 0 0 0 0 0 0 0 0 0 160 159 159 159 159 158 158 158 158 158 158 158 158 158 158 158 158 158 158 158 158 158 158 158 158 158 157 157 157 157 157 157 157 157 157 156 156 156 156 156 156 156 156 156 156 156 155 155 155 155 155 155 154 154 154 154 154 155 155 155 155 154 154 154 154 154 154 154 153 152 152 153 153 153 152 152 152 152 152 152 151 151 151 151 151 151 151 151 151 151 150 151 151 151 151 150 150 150 149 149 149 149 149 149 149 149 149 149 149 149 149 149 149 148 148 148 148 148 148 148 148 147 147 147 147 147 147 147 147 146 146 146 146 146 146 146 146 146 145 145 145 145 145 145 144 144 144 144 144 144 144 144 143 143 143 143 143 143 143 143 142 142 142 141 141 141 141 141 141 141 141 140 140 140 140 140 139 139 139 139 139 139 139 139 139 139 139 138 138 138 138 137 138 137 137 137 137 137 136 136 136 136 136 136 136 136 136 136 136 135 135 135 135 135 134 134 134 134 134 134 134 134 134 134 134 134 134 133 133 133 133 133 133 133 134 134 134 133 133 133 133 133 133 132 132 132 133 133 132 132 132 133 132 132 131 131 131 130 130 130 130 129 129 129 129 129 128 127 126 126 127 127 127 0 0 125 0 0 0 0 0 0 0 0 0 0 0 0 0 0 0 0 0 0 0 0 0 0 0 0 0 0 0 0 0 0 0 0 0 0 0 0 0 0 0 0 0 0 0 0 0 0 0 0 0 0 0 0 0 0 0 0 0 0 0 
0 0 0 0 0 0 0 0 0 0 0 0 0 0 0 0 0 0 0 0 0 0 0 0 0 0 0 0 0 0 0 0 0 0 0 0 0 0 0 0 0 0 0 0 0 0 0 0 0 0 0 0 0 0 0 0 0 0 0 0 0 0 0 0 0 0 0 0 0 0 0 0 0 0 0 0 0 0 0 0 0 0 0 0 0 0 0 0 0 0 0 0 0 0 0 0 0 0 0 0 0 0 0 0 0 0 0 0 0 0 0 0 0 0 0 0 0 0 0 0 0 0 0 0 0 0 0 0 0 0 0 0 0 0 0 0 0 0 0 0 0 0 0 0 0 0 0 0 0 0 0 0 0 0 0 0 0 0 0 0 0 0 0 0 0 0 0 0 0 160 160 159 159 158 159 158 158 158 158 158 158 158 158 158 158 158 158 158 158 158 158 158 158 158 157 157 157 157 157 157 157 157 157 156 156 156 156 156 156 156 156 156 156 156 155 155 155 155 155 155 155 154 154 154 154 154 154 154 154 154 154 154 154 154 154 153 153 153 152 152 152 153 152 152 152 152 152 151 151 151 151 151 151 151 151 151 151 151 151 151 151 151 151 150 150 150 149 149 149 149 149 149 149 149 149 149 149 149 149 149 149 148 148 148 148 148 148 148 147 147 147 147 147 147 147 147 147 146 146 146 146 146 146 146 146 145 145 145 145 145 145 145 144 144 144 144 144 144 144 143 143 143 143 143 143 142 142 143 143 142 142 141 141 141 141 141 141 141 140 140 140 140 140 140 140 140 139 139 139 139 139 139 139 139 139 138 138 138 138 138 138 138 137 137 137 137 137 136 136 136 136 136 136 136 136 136 136 135 135 134 134 134 134 134 134 134 134 134 133 133 133 134 134 133 133 133 132 133 133 134 134 133 133 134 134 134 133 133 133 133 133 133 132 132 132 133 132 132 132 133 132 131 131 132 131 131 130 130 130 129 129 128 129 129 128 127 127 127 127 127 0 0 0 0 0 0 0 0 0 0 0 0 0 0 0 0 0 0 0 0 0 0 0 0 0 0 0 0 0 0 0 0 0 0 0 0 0 0 0 0 0 0 0 0 0 0 0 0 0 0 0 0 0 0 0 0 0 0 0 0 0 0 0 
0 0 0 0 0 0 0 0 0 0 0 0 0 0 0 0 0 0 0 0 0 0 0 0 0 0 0 0 0 0 0 0 0 0 0 0 0 0 0 0 0 0 0 0 0 0 0 0 0 0 0 0 0 0 0 0 0 0 0 0 0 0 0 0 0 0 0 0 0 0 0 0 0 0 0 0 0 0 0 0 0 0 0 0 0 0 0 0 0 0 0 0 0 0 0 0 0 0 0 0 0 0 0 0 0 0 0 0 0 0 0 0 0 0 0 0 0 0 0 0 0 0 0 0 0 0 0 0 0 0 0 0 0 0 0 0 0 0 0 0 0 0 0 0 0 0 0 0 0 0 0 0 0 0 0 0 0 0 0 0 0 0 0 0 0 0 0 0 0 0 0 160 159 159 158 158 158 158 158 158 158 158 158 158 158 158 158 158 158 157 157 157 158 158 157 157 157 157 157 157 157 157 157 156 156 156 156 156 156 156 156 156 155 155 155 155 155 155 155 155 155 155 154 154 154 154 154 154 154 154 154 154 154 154 153 153 153 153 152 152 152 152 152 152 152 152 152 151 151 151 151 151 151 151 151 151 151 151 151 151 152 151 151 151 150 150 150 150 150 150 149 149 149 149 149 149 149 149 148 149 148 148 148 148 148 148 148 148 147 147 147 147 147 147 147 147 147 146 146 146 146 146 146 146 146 145 145 145 145 145 145 144 144 144 144 144 144 144 143 143 143 143 143 143 142 142 142 143 143 142 142 142 141 141 141 141 141 141 140 140 140 140 140 140 140 139 139 139 139 139 139 139 139 138 138 138 138 138 138 138 138 138 137 137 137 136 136 136 136 136 136 136 136 136 136 136 135 135 134 134 134 134 134 134 134 134 134 134 133 133 133 133 134 133 132 133 133 133 134 134 134 134 133 134 134 134 133 134 133 133 133 133 133 132 132 132 132 133 132 133 132 132 132 132 131 131 131 130 130 130 130 129 128 128 128 127 128 128 128 0 0 0 0 0 0 0 0 0 0 0 0 0 0 0 0 0 0 0 0 0 0 0 0 0 0 0 0 0 0 0 0 0 0 0 0 0 0 0 0 0 0 0 0 0 0 0 0 0 0 0 0 0 0 0 0 0 0 0 0 0 0 0 0 
0 0 0 0 0 0 0 0 0 0 0 0 0 0 0 0 0 0 0 0 0 0 0 0 0 0 0 0 0 0 0 0 0 0 0 0 0 0 0 0 0 0 0 0 0 0 0 0 0 0 0 0 0 0 0 0 0 0 0 0 0 0 0 0 0 0 0 0 0 0 0 0 0 0 0 0 0 0 0 0 0 0 0 0 0 0 0 0 0 0 0 0 0 0 0 0 0 0 0 0 0 0 0 0 0 0 0 0 0 0 0 0 0 0 0 0 0 0 0 0 0 0 0 0 0 0 0 0 0 0 0 0 0 0 0 0 0 0 0 0 0 0 0 0 0 0 0 0 0 0 0 0 0 0 0 0 0 0 0 0 0 0 0 0 0 0 0 0 0 0 0 160 160 159 159 158 158 158 158 158 158 158 158 158 158 158 158 158 158 157 157 157 158 158 157 157 157 157 157 157 157 157 156 156 156 156 156 156 156 156 156 156 155 155 155 155 155 155 155 155 155 155 154 154 154 154 154 154 154 154 154 154 153 153 153 153 153 153 153 153 153 153 152 152 152 151 151 151 151 151 151 151 151 151 151 151 151 151 151 151 151 151 151 151 150 150 150 150 150 149 149 149 148 148 149 149 149 149 148 148 148 148 148 148 148 148 148 148 147 147 147 147 147 147 147 147 146 146 146 146 146 146 146 146 146 145 145 145 145 145 145 145 144 144 144 144 144 144 143 143 143 143 143 143 143 142 143 143 143 143 142 141 141 141 141 141 141 141 140 140 140 140 140 140 140 139 139 139 139 139 139 139 138 138 138 138 138 138 139 138 138 137 137 136 136 136 136 136 136 136 136 136 136 136 136 135 135 134 134 134 134 135 134 134 134 134 134 134 134 133 133 133 133 133 133 134 134 133 133 134 134 134 134 134 134 134 133 134 133 133 133 134 132 132 132 132 0 0 132 133 132 131 131 131 131 131 130 129 129 129 129 129 128 128 127 128 128 129 0 0 0 0 0 0 0 0 0 0 0 0 0 0 0 0 0 0 0 0 0 0 0 0 0 0 0 0 0 0 0 0 0 0 0 0 0 0 0 0 0 0 0 0 0 0 0 0 0 0 0 0 0 0 0 0 0 0 0 0 0 0 0 0 0 
0 0 0 0 0 0 0 0 0 0 0 0 0 0 0 0 0 0 0 0 0 0 0 0 0 0 0 0 0 0 0 0 0 0 0 0 0 0 0 0 0 0 0 0 0 0 0 0 0 0 0 0 0 0 0 0 0 0 0 0 0 0 0 0 0 0 0 0 0 0 0 0 0 0 0 0 0 0 0 0 0 0 0 0 0 0 0 0 0 0 0 0 0 0 0 0 0 0 0 0 0 0 0 0 0 0 0 0 0 0 0 0 0 0 0 0 0 0 0 0 0 0 0 0 0 0 0 0 0 0 0 0 0 0 0 0 0 0 0 0 0 0 0 0 0 0 0 0 0 0 0 0 0 0 0 0 0 0 0 0 0 0 0 0 0 0 0 0 0 0 0 160 160 159 159 159 159 158 158 158 158 158 158 158 158 158 158 158 158 158 157 157 158 157 157 157 157 157 157 157 157 157 156 156 156 156 156 156 156 156 155 155 155 155 155 155 155 155 155 155 155 154 154 155 155 154 154 154 154 154 153 153 153 153 153 153 153 153 153 153 153 153 152 152 151 151 151 151 151 151 151 151 151 151 151 151 151 152 151 152 151 151 150 150 150 150 150 150 149 150 149 149 149 148 148 148 148 148 148 148 148 148 148 148 148 148 148 148 147 147 147 147 147 147 147 147 146 146 146 146 146 146 146 146 146 145 145 145 145 145 145 145 144 144 144 144 144 144 143 143 143 143 143 143 143 143 143 143 143 143 143 142 141 141 141 141 141 141 140 140 140 140 140 140 140 139 139 139 139 139 139 139 138 138 138 138 138 139 138 138 138 137 137 137 136 136 136 136 136 136 136 136 136 136 136 135 135 135 135 135 135 135 134 134 134 134 134 134 134 134 133 133 132 133 134 134 134 133 133 133 133 134 134 134 134 134 133 133 133 133 133 133 133 0 132 0 0 0 132 131 132 132 131 130 130 130 129 129 129 128 128 128 128 128 128 128 128 0 0 0 0 0 0 0 0 0 0 0 0 0 0 0 0 0 0 0 0 0 0 0 0 0 0 0 0 0 0 0 0 0 0 0 0 0 0 0 0 0 0 0 0 0 0 0 0 0 0 0 0 0 0 0 0 0 0 0 0 0 0 0 0 0 0 
0 0 0 0 0 0 0 0 0 0 0 0 0 0 0 0 0 0 0 0 0 0 0 0 0 0 0 0 0 0 0 0 0 0 0 0 0 0 0 0 0 0 0 0 0 0 0 0 0 0 0 0 0 0 0 0 0 0 0 0 0 0 0 0 0 0 0 0 0 0 0 0 0 0 0 0 0 0 0 0 0 0 0 0 0 0 0 0 0 0 0 0 0 0 0 0 0 0 0 0 0 0 0 0 0 0 0 0 0 0 0 0 0 0 0 0 0 0 0 0 0 0 0 0 0 0 0 0 0 0 0 0 0 0 0 0 0 0 0 0 0 0 0 0 0 0 0 0 0 0 0 0 0 0 0 0 0 0 0 0 0 0 0 0 0 0 0 0 0 0 0 160 159 158 159 158 159 158 158 158 158 158 158 158 158 158 158 158 158 158 157 157 158 157 157 157 157 157 157 157 157 157 156 156 156 156 156 156 156 156 156 155 155 155 155 155 155 155 155 155 154 154 154 155 155 154 154 154 154 154 154 153 153 153 153 153 153 153 153 153 153 153 152 152 152 151 151 151 151 151 151 151 151 151 151 151 151 151 152 152 151 150 150 150 150 151 151 150 149 150 150 149 149 148 148 148 148 148 148 148 148 148 148 148 148 148 148 147 147 147 147 147 147 147 147 146 146 146 146 146 146 146 146 146 146 145 145 145 145 145 145 145 144 144 144 144 144 144 143 143 143 142 143 143 143 143 143 143 143 142 142 142 141 141 141 141 140 140 140 141 140 140 140 139 139 139 139 139 139 139 139 138 138 138 138 138 138 138 138 137 137 137 137 137 136 136 136 136 136 136 136 136 136 135 135 135 135 135 135 135 135 135 135 134 135 134 134 134 134 133 134 133 133 133 133 133 133 133 133 133 133 134 134 134 134 134 133 133 133 133 133 133 0 0 0 0 0 132 131 131 131 131 131 130 130 130 130 129 129 129 128 128 128 128 128 128 128 0 0 0 0 0 0 0 0 0 0 0 0 0 0 0 0 0 0 0 0 0 0 0 0 0 0 0 0 0 0 0 0 0 0 0 0 0 0 0 0 0 0 0 0 0 0 0 0 0 0 0 0 0 0 0 0 0 0 0 0 0 0 0 0 0 0 
0 0 0 0 0 0 0 0 0 0 0 0 0 0 0 0 0 0 0 0 0 0 0 0 0 0 0 0 0 0 0 0 0 0 0 0 0 0 0 0 0 0 0 0 0 0 0 0 0 0 0 0 0 0 0 0 0 0 0 0 0 0 0 0 0 0 0 0 0 0 0 0 0 0 0 0 0 0 0 0 0 0 0 0 0 0 0 0 0 0 0 0 0 0 0 0 0 0 0 0 0 0 0 0 0 0 0 0 0 0 0 0 0 0 0 0 0 0 0 0 0 0 0 0 0 0 0 0 0 0 0 0 0 0 0 0 0 0 0 0 0 0 0 0 0 0 0 0 0 0 0 0 0 0 0 0 0 0 0 0 0 0 0 0 0 0 0 0 0 0 0 159 159 158 158 158 158 158 158 158 158 158 158 157 157 158 158 158 158 157 157 157 158 158 158 157 157 157 157 157 157 157 157 156 156 156 156 156 156 156 156 156 155 155 155 155 155 155 155 154 154 155 155 155 155 154 154 154 154 154 154 153 153 153 153 153 153 153 153 153 153 153 152 152 152 152 151 151 151 151 151 151 151 151 150 150 150 150 151 151 151 150 151 150 150 151 151 150 149 150 149 149 148 148 148 148 148 148 148 148 148 148 148 148 148 147 147 147 147 147 147 147 147 147 147 147 147 146 146 146 146 146 146 146 146 145 145 145 145 145 145 144 144 144 144 144 144 144 144 143 143 142 142 142 143 143 143 143 142 142 142 142 141 141 141 141 140 140 140 140 140 140 140 139 139 139 139 139 139 139 139 139 138 138 138 138 138 138 138 137 137 137 137 137 136 137 136 136 136 136 136 135 135 135 135 135 135 135 135 136 135 135 136 135 135 135 134 135 134 134 134 133 133 133 133 133 133 133 133 133 134 134 134 134 134 133 133 133 133 133 133 0 0 0 0 0 0 0 131 131 131 130 130 130 130 129 130 129 129 128 128 129 128 128 128 128 128 0 0 0 0 0 0 0 0 0 0 0 0 0 0 0 0 0 0 0 0 0 0 0 0 0 0 0 0 0 0 0 0 0 0 0 0 0 0 0 0 0 0 0 0 0 0 0 0 0 0 0 0 0 0 0 0 0 0 0 0 0 0 0 0 0 0 
0 0 0 0 0 0 0 0 0 0 0 0 0 0 0 0 0 0 0 0 0 0 0 0 0 0 0 0 0 0 0 0 0 0 0 0 0 0 0 0 0 0 0 0 0 0 0 0 0 0 0 0 0 0 0 0 0 0 0 0 0 0 0 0 0 0 0 0 0 0 0 0 0 0 0 0 0 0 0 0 0 0 0 0 0 0 0 0 0 0 0 0 0 0 0 0 0 0 0 0 0 0 0 0 0 0 0 0 0 0 0 0 0 0 0 0 0 0 0 0 0 0 0 0 0 0 0 0 0 0 0 0 0 0 0 0 0 0 0 0 0 0 0 0 0 0 0 0 0 0 0 0 0 0 0 0 0 0 0 0 0 0 0 0 0 0 0 0 0 0 0 159 159 159 159 159 158 158 158 158 158 158 158 157 157 157 157 157 158 157 157 157 158 158 158 157 157 157 157 157 157 157 157 156 156 156 156 156 156 156 156 156 155 155 155 155 155 155 155 154 154 155 155 154 154 154 154 154 154 154 153 153 153 153 153 153 153 153 153 153 153 153 152 152 152 152 152 151 151 151 151 151 150 150 151 151 151 151 151 152 151 150 150 150 150 151 150 149 150 150 149 149 149 148 148 148 148 148 148 147 147 148 148 148 147 147 147 147 147 147 147 146 147 147 147 147 146 146 146 146 146 146 146 146 146 145 145 145 145 145 144 144 144 144 144 144 144 144 143 143 143 143 142 142 142 142 143 143 142 142 142 142 142 141 141 141 140 140 140 140 140 140 139 139 139 139 139 139 139 139 139 138 138 138 138 138 138 138 138 137 137 136 137 137 137 137 137 137 136 135 135 135 135 135 0 0 0 135 135 135 135 136 136 136 136 135 135 135 134 134 134 134 133 133 133 133 133 133 133 133 133 133 134 134 134 0 0 132 0 132 0 0 0 0 0 0 0 0 0 131 131 131 130 130 129 129 129 129 129 129 129 129 128 128 128 128 128 0 0 0 0 0 0 0 0 0 0 0 0 0 0 0 0 0 0 0 0 0 0 0 0 0 0 0 0 0 0 0 0 0 0 0 0 0 0 0 0 0 0 0 0 0 0 0 0 0 0 0 0 0 0 0 0 0 0 0 0 0 0 0 0 0 0 
0 0 0 0 0 0 0 0 0 0 0 0 0 0 0 0 0 0 0 0 0 0 0 0 0 0 0 0 0 0 0 0 0 0 0 0 0 0 0 0 0 0 0 0 0 0 0 0 0 0 0 0 0 0 0 0 0 0 0 0 0 0 0 0 0 0 0 0 0 0 0 0 0 0 0 0 0 0 0 0 0 0 0 0 0 0 0 0 0 0 0 0 0 0 0 0 0 0 0 0 0 0 0 0 0 0 0 0 0 0 0 0 0 0 0 0 0 0 0 0 0 0 0 0 0 0 0 0 0 0 0 0 0 0 0 0 0 0 0 0 0 0 0 0 0 0 0 0 0 0 0 0 0 0 0 0 0 0 0 0 0 0 0 0 0 0 0 0 0 0 0 160 160 159 159 159 159 159 158 158 159 159 158 158 158 157 157 157 157 157 157 157 158 158 157 157 157 157 157 157 157 157 157 157 156 156 156 156 156 156 156 155 155 155 155 155 155 155 154 154 155 155 154 154 154 154 154 154 154 154 154 153 153 153 153 153 153 153 153 153 153 153 152 152 152 152 151 151 151 151 151 150 150 150 150 151 151 152 152 152 151 150 150 150 150 150 150 149 149 150 150 149 149 148 148 148 148 148 148 147 147 147 147 147 147 147 147 147 147 147 146 146 147 147 146 146 146 146 146 146 146 146 146 146 145 145 145 145 145 145 144 144 144 144 144 144 144 144 144 144 143 143 142 142 142 142 142 142 142 142 142 142 141 141 141 141 140 140 140 140 139 139 139 139 139 139 139 139 139 139 139 138 138 138 138 138 138 138 138 137 137 136 136 136 137 137 137 136 136 135 135 135 135 135 0 0 0 0 0 135 135 135 135 135 135 136 135 135 134 134 134 133 133 133 132 133 133 133 132 132 133 133 133 134 0 0 0 0 0 0 0 0 0 0 0 0 0 0 0 0 0 131 130 131 130 130 130 130 130 129 0 0 0 128 128 0 0 0 0 0 0 0 0 0 0 0 0 0 0 0 0 0 0 0 0 0 0 0 0 0 0 0 0 0 0 0 0 0 0 0 0 0 0 0 0 0 0 0 0 0 0 0 0 0 0 0 0 0 0 0 0 0 0 0 0 0 0 0 0 0 0 0 0 
0 0 0 0 0 0 0 0 0 0 0 0 0 0 0 0 0 0 0 0 0 0 0 0 0 0 0 0 0 0 0 0 0 0 0 0 0 0 0 0 0 0 0 0 0 0 0 0 0 0 0 0 0 0 0 0 0 0 0 0 0 0 0 0 0 0 0 0 0 0 0 0 0 0 0 0 0 0 0 0 0 0 0 0 0 0 0 0 0 0 0 0 0 0 0 0 0 0 0 0 0 0 0 0 0 0 0 0 0 0 0 0 0 0 0 0 0 0 0 0 0 0 0 0 0 0 0 0 0 0 0 0 0 0 0 0 0 0 0 0 0 0 0 0 0 0 0 0 0 0 0 0 0 0 0 0 0 0 0 0 0 0 0 0 0 0 0 0 0 0 0 0 0 160 160 0 0 159 159 159 0 0 0 0 158 158 157 157 157 157 157 157 158 157 157 157 157 157 157 156 157 156 157 156 156 156 156 156 156 156 156 155 155 155 155 155 155 155 155 155 154 154 154 154 154 154 154 154 154 154 154 154 154 153 153 153 153 153 153 153 153 153 152 152 152 152 151 151 151 151 151 150 150 150 150 150 151 151 152 152 152 151 151 151 150 151 150 149 150 150 150 150 149 149 148 148 148 148 147 147 147 147 147 147 147 147 147 147 147 147 147 146 147 146 146 146 146 146 146 146 146 146 146 145 145 145 145 145 145 144 144 144 144 144 144 144 144 143 144 144 143 143 142 142 141 142 142 142 142 142 142 141 141 142 142 141 140 140 140 140 139 139 139 139 139 139 139 139 139 139 139 138 138 138 138 138 138 138 137 137 137 136 0 0 0 136 136 136 135 135 135 135 135 136 0 0 0 0 0 0 0 0 134 135 135 135 135 135 134 134 134 134 133 133 133 132 133 133 133 0 132 133 133 0 0 0 0 0 0 0 0 0 0 0 0 0 0 0 0 0 0 0 130 130 130 130 0 0 0 0 0 0 0 0 0 0 0 0 0 0 0 0 0 0 0 0 0 0 0 0 0 0 0 0 0 0 0 0 0 0 0 0 0 0 0 0 0 0 0 0 0 0 0 0 0 0 0 0 0 0 0 0 0 0 0 0 0 0 0 0 0 0 0 0 0 0 0 0 0 0 0 0 0 
0 0 0 0 0 0 0 0 0 0 0 0 0 0 0 0 0 0 0 0 0 0 0 0 0 0 0 0 0 0 0 0 0 0 0 0 0 0 0 0 0 0 0 0 0 0 0 0 0 0 0 0 0 0 0 0 0 0 0 0 0 0 0 0 0 0 0 0 0 0 0 0 0 0 0 0 0 0 0 0 0 0 0 0 0 0 0 0 0 0 0 0 0 0 0 0 0 0 0 0 0 0 0 0 0 0 0 0 0 0 0 0 0 0 0 0 0 0 0 0 0 0 0 0 0 0 0 0 0 0 0 0 0 0 0 0 0 0 0 0 0 0 0 0 0 0 0 0 0 0 0 0 0 0 0 0 0 0 0 0 0 0 0 0 0 0 0 0 0 0 0 0 0 0 0 0 0 0 0 0 0 0 0 0 0 158 158 158 157 157 157 157 157 157 157 157 157 157 156 156 156 156 156 156 156 156 156 156 156 156 156 155 155 155 155 155 155 155 154 154 154 154 154 154 154 154 154 154 154 154 154 154 153 153 153 153 153 153 153 153 153 153 152 152 152 151 151 151 151 151 150 150 151 151 151 151 151 151 152 153 152 152 152 152 151 151 150 150 151 151 151 150 150 149 149 149 148 148 147 147 147 147 147 147 147 147 147 147 147 147 147 146 147 146 146 146 146 146 146 146 146 145 145 145 145 145 145 145 144 144 144 144 144 144 144 143 143 143 143 143 144 143 143 142 141 141 142 142 142 142 142 141 141 141 141 141 140 140 139 139 139 139 139 139 139 139 139 139 139 139 138 138 138 138 138 138 138 138 138 137 137 136 0 0 0 0 135 135 135 135 135 136 136 137 0 0 0 0 0 0 0 0 0 134 134 135 135 135 135 135 134 133 133 133 133 132 0 132 133 0 0 0 0 0 0 0 0 0 0 0 0 0 0 0 0 0 0 0 0 0 0 0 0 0 0 0 0 0 0 0 0 0 0 0 0 0 0 0 0 0 0 0 0 0 0 0 0 0 0 0 0 0 0 0 0 0 0 0 0 0 0 0 0 0 0 0 0 0 0 0 0 0 0 0 0 0 0 0 0 0 0 0 0 0 0 0 0 0 0 0 0 0 0 0 0 0 0 0 0 0 0 0 0 
0 0 0 0 0 0 0 0 0 0 0 0 0 0 0 0 0 0 0 0 0 0 0 0 0 0 0 0 0 0 0 0 0 0 0 0 0 0 0 0 0 0 0 0 0 0 0 0 0 0 0 0 0 0 0 0 0 0 0 0 0 0 0 0 0 0 0 0 0 0 0 0 0 0 0 0 0 0 0 0 0 0 0 0 0 0 0 0 0 0 0 0 0 0 0 0 0 0 0 0 0 0 0 0 0 0 0 0 0 0 0 0 0 0 0 0 0 0 0 0 0 0 0 0 0 0 0 0 0 0 0 0 0 0 0 0 0 0 0 0 0 0 0 0 0 0 0 0 0 0 0 0 0 0 0 0 0 0 0 0 0 0 0 0 0 0 0 0 0 0 0 0 0 0 0 0 0 0 0 0 0 0 0 0 0 0 0 158 158 158 157 157 157 157 157 158 157 157 157 156 156 156 156 156 156 156 156 156 156 156 156 155 155 155 155 154 154 154 154 154 154 154 154 154 154 154 154 154 154 154 153 153 153 153 153 153 153 153 153 153 153 152 152 151 151 151 151 151 151 151 151 150 150 151 151 151 152 151 151 152 152 152 151 151 152 152 151 151 151 150 150 150 149 149 148 148 148 148 147 147 147 147 147 147 147 147 147 147 147 146 146 146 147 146 146 146 146 146 146 146 145 145 145 145 145 145 145 144 144 144 144 144 144 144 144 143 143 143 143 143 143 143 143 142 141 141 141 142 142 142 142 141 142 141 141 141 140 140 140 139 139 139 139 139 139 139 139 139 139 139 138 138 138 138 138 138 138 138 138 137 137 0 0 0 0 0 0 0 0 136 136 0 0 0 0 0 0 0 0 0 0 0 0 0 134 134 134 0 0 134 134 134 134 0 0 0 0 0 0 0 0 0 0 0 0 0 0 0 0 0 0 0 0 0 0 0 0 0 0 0 0 0 0 0 0 0 0 0 0 0 0 0 0 0 0 0 0 0 0 0 0 0 0 0 0 0 0 0 0 0 0 0 0 0 0 0 0 0 0 0 0 0 0 0 0 0 0 0 0 0 0 0 0 0 0 0 0 0 0 0 0 0 0 0 0 0 0 0 0 0 0 0 0 0 0 0 0 0 0 0 0 0 0 
0 0 0 0 0 0 0 0 0 0 0 0 0 0 0 0 0 0 0 0 0 0 0 0 0 0 0 0 0 0 0 0 0 0 0 0 0 0 0 0 0 0 0 0 0 0 0 0 0 0 0 0 0 0 0 0 0 0 0 0 0 0 0 0 0 0 0 0 0 0 0 0 0 0 0 0 0 0 0 0 0 0 0 0 0 0 0 0 0 0 0 0 0 0 0 0 0 0 0 0 0 0 0 0 0 0 0 0 0 0 0 0 0 0 0 0 0 0 0 0 0 0 0 0 0 0 0 0 0 0 0 0 0 0 0 0 0 0 0 0 0 0 0 0 0 0 0 0 0 0 0 0 0 0 0 0 0 0 0 0 0 0 0 0 0 0 0 0 0 0 0 0 0 0 0 0 0 0 0 0 0 0 0 0 0 0 0 0 0 0 158 157 157 157 157 157 157 158 157 156 156 156 156 156 156 156 156 156 156 155 155 155 155 154 154 154 154 154 154 154 154 154 154 154 154 154 154 154 154 154 154 153 153 153 153 153 153 153 153 152 152 152 151 151 151 151 151 150 150 150 150 150 151 151 151 150 150 151 152 152 152 151 150 150 151 151 152 151 150 149 149 149 149 148 148 148 148 147 147 147 147 147 147 147 147 147 147 147 147 146 146 146 147 146 146 146 146 146 145 145 145 145 145 145 145 144 145 144 144 144 144 144 144 144 144 143 143 143 143 143 143 143 143 142 142 141 141 141 141 142 142 141 141 141 141 141 140 140 139 139 139 139 139 139 139 139 139 139 139 138 138 138 138 138 138 138 137 0 137 137 0 0 0 0 0 0 0 0 0 0 0 0 0 0 0 0 0 0 0 0 0 0 0 0 0 0 0 0 0 0 0 0 0 0 0 0 0 0 0 0 0 0 0 0 0 0 0 0 0 0 0 0 0 0 0 0 0 0 0 0 0 0 0 0 0 0 0 0 0 0 0 0 0 0 0 0 0 0 0 0 0 0 0 0 0 0 0 0 0 0 0 0 0 0 0 0 0 0 0 0 0 0 0 0 0 0 0 0 0 0 0 0 0 0 0 0 0 0 0 0 0 0 0 0 0 0 0 0 0 0 0 0 0 0 0 0 0 0 0 0 0 0 0 
0 0 0 0 0 0 0 0 0 0 0 0 0 0 0 0 0 0 0 0 0 0 0 0 0 0 0 0 0 0 0 0 0 0 0 0 0 0 0 0 0 0 0 0 0 0 0 0 0 0 0 0 0 0 0 0 0 0 0 0 0 0 0 0 0 0 0 0 0 0 0 0 0 0 0 0 0 0 0 0 0 0 0 0 0 0 0 0 0 0 0 0 0 0 0 0 0 0 0 0 0 0 0 0 0 0 0 0 0 0 0 0 0 0 0 0 0 0 0 0 0 0 0 0 0 0 0 0 0 0 0 0 0 0 0 0 0 0 0 0 0 0 0 0 0 0 0 0 0 0 0 0 0 0 0 0 0 0 0 0 0 0 0 0 0 0 0 0 0 0 0 0 0 0 0 0 0 0 0 0 0 0 0 0 0 0 0 0 0 0 158 158 158 157 157 157 157 157 157 156 156 155 155 155 155 155 155 155 155 155 155 155 155 155 155 155 155 154 154 154 154 154 154 154 154 154 154 154 154 154 154 153 153 153 153 153 153 153 152 152 152 152 151 151 151 150 150 150 150 150 151 150 150 151 152 151 151 151 151 152 152 151 150 150 150 150 151 151 151 150 149 149 149 148 148 148 148 148 148 147 147 147 147 147 147 147 147 147 147 146 146 146 146 147 146 146 146 145 145 145 145 145 145 145 145 144 145 144 144 144 144 144 144 143 143 143 143 143 143 143 143 143 143 143 142 141 141 141 141 141 142 142 141 141 141 141 141 140 140 139 139 139 139 139 139 139 139 139 139 138 138 138 138 138 138 138 137 0 0 0 0 0 0 0 0 0 0 0 0 0 0 0 0 0 0 0 0 0 0 0 0 0 0 0 0 0 0 0 0 0 0 0 0 0 0 0 0 0 0 0 0 0 0 0 0 0 0 0 0 0 0 0 0 0 0 0 0 0 0 0 0 0 0 0 0 0 0 0 0 0 0 0 0 0 0 0 0 0 0 0 0 0 0 0 0 0 0 0 0 0 0 0 0 0 0 0 0 0 0 0 0 0 0 0 0 0 0 0 0 0 0 0 0 0 0 0 0 0 0 0 0 0 0 0 0 0 0 0 0 0 0 0 0 0 0 0 0 0 0 0 0 0 0 
0 0 0 0 0 0 0 0 0 0 0 0 0 0 0 0 0 0 0 0 0 0 0 0 0 0 0 0 0 0 0 0 0 0 0 0 0 0 0 0 0 0 0 0 0 0 0 0 0 0 0 0 0 0 0 0 0 0 0 0 0 0 0 0 0 0 0 0 0 0 0 0 0 0 0 0 0 0 0 0 0 0 0 0 0 0 0 0 0 0 0 0 0 0 0 0 0 0 0 0 0 0 0 0 0 0 0 0 0 0 0 0 0 0 0 0 0 0 0 0 0 0 0 0 0 0 0 0 0 0 0 0 0 0 0 0 0 0 0 0 0 0 0 0 0 0 0 0 0 0 0 0 0 0 0 0 0 0 0 0 0 0 0 0 0 0 0 0 0 0 0 0 0 0 0 0 0 0 0 0 0 0 0 0 0 0 0 0 0 0 0 0 0 157 157 158 157 157 157 157 156 156 156 156 155 155 155 155 155 155 155 155 155 155 155 155 155 155 155 154 154 154 154 154 154 154 154 154 154 153 153 153 153 153 153 153 153 152 152 152 152 152 151 151 151 151 151 151 151 151 150 151 150 151 152 152 152 152 152 152 152 152 151 150 150 150 150 151 151 150 149 149 149 149 148 148 148 148 148 147 147 147 147 147 147 147 147 147 146 146 146 146 146 146 146 146 146 146 145 145 145 145 145 145 144 144 145 145 144 144 144 144 144 144 143 0 143 143 0 143 143 143 143 143 142 141 141 141 141 141 141 141 142 141 140 140 140 139 139 139 139 139 139 139 139 139 139 139 139 138 138 138 138 138 138 138 0 0 0 0 0 0 0 0 0 0 0 0 0 0 0 0 0 0 0 0 0 0 0 0 0 0 0 0 0 0 0 0 0 0 0 0 0 0 0 0 0 0 0 0 0 0 0 0 0 0 0 0 0 0 0 0 0 0 0 0 0 0 0 0 0 0 0 0 0 0 0 0 0 0 0 0 0 0 0 0 0 0 0 0 0 0 0 0 0 0 0 0 0 0 0 0 0 0 0 0 0 0 0 0 0 0 0 0 0 0 0 0 0 0 0 0 0 0 0 0 0 0 0 0 0 0 0 0 0 0 0 0 0 0 0 0 0 0 0 0 0 0 0 0 0 0 0 
0 0 0 0 0 0 0 0 0 0 0 0 0 0 0 0 0 0 0 0 0 0 0 0 0 0 0 0 0 0 0 0 0 0 0 0 0 0 0 0 0 0 0 0 0 0 0 0 0 0 0 0 0 0 0 0 0 0 0 0 0 0 0 0 0 0 0 0 0 0 0 0 0 0 0 0 0 0 0 0 0 0 0 0 0 0 0 0 0 0 0 0 0 0 0 0 0 0 0 0 0 0 0 0 0 0 0 0 0 0 0 0 0 0 0 0 0 0 0 0 0 0 0 0 0 0 0 0 0 0 0 0 0 0 0 0 0 0 0 0 0 0 0 0 0 0 0 0 0 0 0 0 0 0 0 0 0 0 0 0 0 0 0 0 0 0 0 0 0 0 0 0 0 0 0 0 0 0 0 0 0 0 0 0 0 0 0 0 0 0 0 0 0 0 0 0 0 158 158 157 157 157 156 156 156 155 155 155 155 155 154 154 155 155 155 155 155 155 154 154 154 154 154 154 154 154 154 154 154 153 153 153 153 153 153 153 153 152 152 152 152 152 152 152 152 152 152 152 152 151 151 152 151 151 152 153 153 153 152 152 151 151 151 151 150 149 150 150 150 150 149 149 149 149 148 148 148 147 147 147 147 147 147 146 146 146 146 146 146 146 146 146 146 146 146 146 146 146 146 146 146 146 145 145 145 144 145 145 145 144 144 144 145 144 144 0 0 0 0 0 0 0 143 143 142 142 141 141 141 141 141 141 141 141 140 140 140 140 140 139 139 139 139 139 139 139 139 139 138 138 138 138 138 138 138 0 0 0 0 0 0 0 0 0 0 0 0 0 0 0 0 0 0 0 0 0 0 0 0 0 0 0 0 0 0 0 0 0 0 0 0 0 0 0 0 0 0 0 0 0 0 0 0 0 0 0 0 0 0 0 0 0 0 0 0 0 0 0 0 0 0 0 0 0 0 0 0 0 0 0 0 0 0 0 0 0 0 0 0 0 0 0 0 0 0 0 0 0 0 0 0 0 0 0 0 0 0 0 0 0 0 0 0 0 0 0 0 0 0 0 0 0 0 0 0 0 0 0 0 0 0 0 0 0 0 0 0 0 0 0 0 0 0 0 0 0 0 0 0 0 0 0 0 
0 0 0 0 0 0 0 0 0 0 0 0 0 0 0 0 0 0 0 0 0 0 0 0 0 0 0 0 0 0 0 0 0 0 0 0 0 0 0 0 0 0 0 0 0 0 0 0 0 0 0 0 0 0 0 0 0 0 0 0 0 0 0 0 0 0 0 0 0 0 0 0 0 0 0 0 0 0 0 0 0 0 0 0 0 0 0 0 0 0 0 0 0 0 0 0 0 0 0 0 0 0 0 0 0 0 0 0 0 0 0 0 0 0 0 0 0 0 0 0 0 0 0 0 0 0 0 0 0 0 0 0 0 0 0 0 0 0 0 0 0 0 0 0 0 0 0 0 0 0 0 0 0 0 0 0 0 0 0 0 0 0 0 0 0 0 0 0 0 0 0 0 0 0 0 0 0 0 0 0 0 0 0 0 0 0 0 0 0 0 0 0 0 0 0 0 0 0 159 158 158 157 157 156 156 154 154 155 156 155 154 154 154 155 155 155 154 154 154 154 154 154 154 154 154 154 154 154 154 154 153 153 153 153 153 153 152 152 152 152 153 153 153 153 154 153 153 154 153 152 152 152 152 152 152 153 152 152 152 152 151 150 150 150 150 150 150 150 150 149 149 148 148 148 148 147 147 147 147 147 147 146 146 146 146 146 146 146 146 146 146 146 146 146 146 146 146 146 146 146 146 145 145 145 145 145 144 144 145 145 144 144 144 145 144 0 0 0 0 0 0 0 0 0 143 142 141 141 141 141 142 141 141 141 140 140 140 140 140 140 139 139 139 139 139 139 139 139 139 0 138 138 138 138 0 0 0 0 0 0 0 0 0 0 0 0 0 0 0 0 0 0 0 0 0 0 0 0 0 0 0 0 0 0 0 0 0 0 0 0 0 0 0 0 0 0 0 0 0 0 0 0 0 0 0 0 0 0 0 0 0 0 0 0 0 0 0 0 0 0 0 0 0 0 0 0 0 0 0 0 0 0 0 0 0 0 0 0 0 0 0 0 0 0 0 0 0 0 0 0 0 0 0 0 0 0 0 0 0 0 0 0 0 0 0 0 0 0 0 0 0 0 0 0 0 0 0 0 0 0 0 0 0 0 0 0 0 0 0 0 0 0 0 0 0 0 0 0 0 0 0 0 0 
0 0 0 0 0 0 0 0 0 0 0 0 0 0 0 0 0 0 0 0 0 0 0 0 0 0 0 0 0 0 0 0 0 0 0 0 0 0 0 0 0 0 0 0 0 0 0 0 0 0 0 0 0 0 0 0 0 0 0 0 0 0 0 0 0 0 0 0 0 0 0 0 0 0 0 0 0 0 0 0 0 0 0 0 0 0 0 0 0 0 0 0 0 0 0 0 0 0 0 0 0 0 0 0 0 0 0 0 0 0 0 0 0 0 0 0 0 0 0 0 0 0 0 0 0 0 0 0 0 0 0 0 0 0 0 0 0 0 0 0 0 0 0 0 0 0 0 0 0 0 0 0 0 0 0 0 0 0 0 0 0 0 0 0 0 0 0 0 0 0 0 0 0 0 0 0 0 0 0 0 0 0 0 0 0 0 0 0 0 0 0 0 0 0 0 0 0 0 0 159 158 158 157 156 156 155 154 155 156 155 154 154 155 155 155 155 154 154 154 154 154 154 154 154 154 154 154 154 154 154 153 153 153 153 153 152 152 152 152 152 153 153 153 153 154 154 154 155 153 153 153 153 153 152 152 152 151 151 152 152 152 151 151 150 150 150 149 149 149 149 149 148 148 148 148 148 148 147 147 148 147 147 146 146 146 146 146 146 146 145 146 146 145 146 146 146 146 146 146 146 145 145 145 145 145 145 145 145 144 144 144 144 144 144 0 0 0 0 0 0 0 0 0 0 143 142 141 141 141 141 141 0 0 0 0 0 0 140 139 140 139 138 139 139 139 139 139 138 138 0 0 0 0 0 0 0 0 0 0 0 0 0 0 0 0 0 0 0 0 0 0 0 0 0 0 0 0 0 0 0 0 0 0 0 0 0 0 0 0 0 0 0 0 0 0 0 0 0 0 0 0 0 0 0 0 0 0 0 0 0 0 0 0 0 0 0 0 0 0 0 0 0 0 0 0 0 0 0 0 0 0 0 0 0 0 0 0 0 0 0 0 0 0 0 0 0 0 0 0 0 0 0 0 0 0 0 0 0 0 0 0 0 0 0 0 0 0 0 0 0 0 0 0 0 0 0 0 0 0 0 0 0 0 0 0 0 0 0 0 0 0 0 0 0 0 0 0 0 0 0 0 0 0 
0 0 0 0 0 0 0 0 0 0 0 0 0 0 0 0 0 0 0 0 0 0 0 0 0 0 0 0 0 0 0 0 0 0 0 0 0 0 0 0 0 0 0 0 0 0 0 0 0 0 0 0 0 0 0 0 0 0 0 0 0 0 0 0 0 0 0 0 0 0 0 0 0 0 0 0 0 0 0 0 0 0 0 0 0 0 0 0 0 0 0 0 0 0 0 0 0 0 0 0 0 0 0 0 0 0 0 0 0 0 0 0 0 0 0 0 0 0 0 0 0 0 0 0 0 0 0 0 0 0 0 0 0 0 0 0 0 0 0 0 0 0 0 0 0 0 0 0 0 0 0 0 0 0 0 0 0 0 0 0 0 0 0 0 0 0 0 0 0 0 0 0 0 0 0 0 0 0 0 0 0 0 0 0 0 0 0 0 0 0 0 0 0 0 0 0 0 0 0 0 0 158 157 157 157 157 156 156 156 155 154 155 156 156 155 154 154 155 154 154 154 154 154 154 154 154 154 154 154 154 153 153 153 153 153 152 152 153 153 152 152 153 152 152 153 153 154 155 154 154 154 154 153 153 152 151 151 151 151 151 151 151 151 151 150 150 149 149 149 149 149 149 149 148 148 148 149 148 148 148 148 147 147 146 146 146 146 145 145 145 145 145 145 145 145 145 146 146 146 146 146 145 144 145 145 144 144 144 0 0 0 144 145 144 145 0 0 0 0 0 0 0 0 0 143 142 0 0 0 0 0 0 0 0 0 0 0 0 0 0 0 0 138 139 139 139 139 138 0 0 0 0 0 0 0 0 0 0 0 0 0 0 0 0 0 0 0 0 0 0 0 0 0 0 0 0 0 0 0 0 0 0 0 0 0 0 0 0 0 0 0 0 0 0 0 0 0 0 0 0 0 0 0 0 0 0 0 0 0 0 0 0 0 0 0 0 0 0 0 0 0 0 0 0 0 0 0 0 0 0 0 0 0 0 0 0 0 0 0 0 0 0 0 0 0 0 0 0 0 0 0 0 0 0 0 0 0 0 0 0 0 0 0 0 0 0 0 0 0 0 0 0 0 0 0 0 0 0 0 0 0 0 0 0 0 0 0 0 0 0 0 0 0 0 0 0 0 0 0 0 0 0 0 
0 0 0 0 0 0 0 0 0 0 0 0 0 0 0 0 0 0 0 0 0 0 0 0 0 0 0 0 0 0 0 0 0 0 0 0 0 0 0 0 0 0 0 0 0 0 0 0 0 0 0 0 0 0 0 0 0 0 0 0 0 0 0 0 0 0 0 0 0 0 0 0 0 0 0 0 0 0 0 0 0 0 0 0 0 0 0 0 0 0 0 0 0 0 0 0 0 0 0 0 0 0 0 0 0 0 0 0 0 0 0 0 0 0 0 0 0 0 0 0 0 0 0 0 0 0 0 0 0 0 0 0 0 0 0 0 0 0 0 0 0 0 0 0 0 0 0 0 0 0 0 0 0 0 0 0 0 0 0 0 0 0 0 0 0 0 0 0 0 0 0 0 0 0 0 0 0 0 0 0 0 0 0 0 0 0 0 0 0 0 0 0 0 0 0 0 0 0 0 0 0 0 157 158 158 157 157 156 156 156 156 156 155 155 154 154 154 154 154 154 154 154 154 154 154 154 154 154 154 154 153 153 153 153 152 152 152 153 153 153 153 154 152 152 153 154 154 155 155 155 155 155 154 153 153 152 151 151 151 151 151 151 151 150 150 150 150 150 150 150 149 149 150 149 148 148 149 149 149 148 148 147 146 146 146 146 146 146 145 145 145 145 145 145 145 145 145 146 146 146 145 145 144 145 145 145 144 144 0 0 0 0 0 145 145 0 0 0 0 0 0 0 0 0 0 0 0 0 0 0 0 0 0 0 0 0 0 0 0 0 0 0 0 0 0 139 138 0 0 0 0 0 0 0 0 0 0 0 0 0 0 0 0 0 0 0 0 0 0 0 0 0 0 0 0 0 0 0 0 0 0 0 0 0 0 0 0 0 0 0 0 0 0 0 0 0 0 0 0 0 0 0 0 0 0 0 0 0 0 0 0 0 0 0 0 0 0 0 0 0 0 0 0 0 0 0 0 0 0 0 0 0 0 0 0 0 0 0 0 0 0 0 0 0 0 0 0 0 0 0 0 0 0 0 0 0 0 0 0 0 0 0 0 0 0 0 0 0 0 0 0 0 0 0 0 0 0 0 0 0 0 0 0 0 0 0 0 0 0 0 0 0 0 0 0 0 0 0 0 0 0 0 0 
0 0 0 0 0 0 0 0 0 0 0 0 0 0 0 0 0 0 0 0 0 0 0 0 0 0 0 0 0 0 0 0 0 0 0 0 0 0 0 0 0 0 0 0 0 0 0 0 0 0 0 0 0 0 0 0 0 0 0 0 0 0 0 0 0 0 0 0 0 0 0 0 0 0 0 0 0 0 0 0 0 0 0 0 0 0 0 0 0 0 0 0 0 0 0 0 0 0 0 0 0 0 0 0 0 0 0 0 0 0 0 0 0 0 0 0 0 0 0 0 0 0 0 0 0 0 0 0 0 0 0 0 0 0 0 0 0 0 0 0 0 0 0 0 0 0 0 0 0 0 0 0 0 0 0 0 0 0 0 0 0 0 0 0 0 0 0 0 0 0 0 0 0 0 0 0 0 0 0 0 0 0 0 0 0 0 0 0 0 0 0 0 0 0 0 0 0 0 0 0 0 0 158 159 159 159 158 157 156 156 156 155 155 155 154 154 154 154 154 154 154 154 154 154 154 154 154 154 154 154 153 153 153 152 152 152 152 152 152 153 153 154 153 152 153 153 154 154 154 153 154 153 153 152 152 152 152 152 151 151 151 151 150 150 150 150 150 150 150 150 150 150 150 150 149 149 150 150 149 148 148 147 147 147 146 146 146 146 146 145 145 145 145 145 145 145 146 146 145 145 146 145 144 145 145 145 145 0 0 0 0 0 0 0 0 0 0 0 0 0 0 0 0 0 0 0 0 0 0 0 0 0 0 0 0 0 0 0 0 0 0 0 0 0 0 0 0 0 0 0 0 0 0 0 0 0 0 0 0 0 0 0 0 0 0 0 0 0 0 0 0 0 0 0 0 0 0 0 0 0 0 0 0 0 0 0 0 0 0 0 0 0 0 0 0 0 0 0 0 0 0 0 0 0 0 0 0 0 0 0 0 0 0 0 0 0 0 0 0 0 0 0 0 0 0 0 0 0 0 0 0 0 0 0 0 0 0 0 0 0 0 0 0 0 0 0 0 0 0 0 0 0 0 0 0 0 0 0 0 0 0 0 0 0 0 0 0 0 0 0 0 0 0 0 0 0 0 0 0 0 0 0 0 0 0 0 0 0 0 0 0 0 0 0 0 0 0 0 0 0 0 0 0 
0 0 0 0 0 0 0 0 0 0 0 0 0 0 0 0 0 0 0 0 0 0 0 0 0 0 0 0 0 0 0 0 0 0 0 0 0 0 0 0 0 0 0 0 0 0 0 0 0 0 0 0 0 0 0 0 0 0 0 0 0 0 0 0 0 0 0 0 0 0 0 0 0 0 0 0 0 0 0 0 0 0 0 0 0 0 0 0 0 0 0 0 0 0 0 0 0 0 0 0 0 0 0 0 0 0 0 0 0 0 0 0 0 0 0 0 0 0 0 0 0 0 0 0 0 0 0 0 0 0 0 0 0 0 0 0 0 0 0 0 0 0 0 0 0 0 0 0 0 0 0 0 0 0 0 0 0 0 0 0 0 0 0 0 0 0 0 0 0 0 0 0 0 0 0 0 0 0 0 0 0 0 0 0 0 0 0 0 0 0 0 0 0 0 0 0 0 0 0 0 0 0 0 0 159 159 159 158 157 156 155 155 155 155 154 154 154 154 154 154 154 154 154 154 154 154 154 154 154 153 153 153 153 153 153 153 153 153 153 153 153 154 154 153 153 154 155 155 154 153 152 152 152 152 152 152 152 152 151 151 151 150 150 150 150 150 150 150 150 149 150 150 151 151 151 150 151 151 150 150 149 148 148 147 147 147 146 146 146 146 145 145 145 145 145 145 146 145 145 145 145 145 144 145 145 0 0 0 0 0 0 0 0 0 0 0 0 0 0 0 0 0 0 0 0 0 0 0 0 0 0 0 0 0 0 0 0 0 0 0 0 0 0 0 0 0 0 0 0 0 0 0 0 0 0 0 0 0 0 0 0 0 0 0 0 0 0 0 0 0 0 0 0 0 0 0 0 0 0 0 0 0 0 0 0 0 0 0 0 0 0 0 0 0 0 0 0 0 0 0 0 0 0 0 0 0 0 0 0 0 0 0 0 0 0 0 0 0 0 0 0 0 0 0 0 0 0 0 0 0 0 0 0 0 0 0 0 0 0 0 0 0 0 0 0 0 0 0 0 0 0 0 0 0 0 0 0 0 0 0 0 0 0 0 0 0 0 0 0 0 0 0 0 0 0 0 0 0 0 0 0 0 0 0 0 0 0 0 0 0 0 0 0 0 0 0 0 0 0 0 0 0 0 
0 0 0 0 0 0 0 0 0 0 0 0 0 0 0 0 0 0 0 0 0 0 0 0 0 0 0 0 0 0 0 0 0 0 0 0 0 0 0 0 0 0 0 0 0 0 0 0 0 0 0 0 0 0 0 0 0 0 0 0 0 0 0 0 0 0 0 0 0 0 0 0 0 0 0 0 0 0 0 0 0 0 0 0 0 0 0 0 0 0 0 0 0 0 0 0 0 0 0 0 0 0 0 0 0 0 0 0 0 0 0 0 0 0 0 0 0 0 0 0 0 0 0 0 0 0 0 0 0 0 0 0 0 0 0 0 0 0 0 0 0 0 0 0 0 0 0 0 0 0 0 0 0 0 0 0 0 0 0 0 0 0 0 0 0 0 0 0 0 0 0 0 0 0 0 0 0 0 0 0 0 0 0 0 0 0 0 0 0 0 0 0 0 0 0 0 0 0 0 0 0 0 0 0 0 160 159 158 157 156 155 155 155 155 155 154 154 154 154 154 154 154 154 154 154 154 154 154 153 153 153 153 153 153 153 153 153 154 154 154 154 154 154 155 155 155 155 154 154 153 152 152 151 151 151 151 151 151 151 151 150 151 150 150 150 150 150 150 151 151 150 150 151 152 152 152 152 152 150 149 148 148 148 147 147 147 147 146 146 145 145 144 145 145 145 145 145 145 145 145 145 145 145 145 0 0 0 0 0 0 0 0 0 0 0 0 0 0 0 0 0 0 0 0 0 0 0 0 0 0 0 0 0 0 0 0 0 0 0 0 0 0 0 0 0 0 0 0 0 0 0 0 0 0 0 0 0 0 0 0 0 0 0 0 0 0 0 0 0 0 0 0 0 0 0 0 0 0 0 0 0 0 0 0 0 0 0 0 0 0 0 0 0 0 0 0 0 0 0 0 0 0 0 0 0 0 0 0 0 0 0 0 0 0 0 0 0 0 0 0 0 0 0 0 0 0 0 0 0 0 0 0 0 0 0 0 0 0 0 0 0 0 0 0 0 0 0 0 0 0 0 0 0 0 0 0 0 0 0 0 0 0 0 0 0 0 0 0 0 0 0 0 0 0 0 0 0 0 0 0 0 0 0 0 0 0 0 0 0 0 0 0 0 0 0 0 0 0 0 0 0 0 0 
0 0 0 0 0 0 0 0 0 0 0 0 0 0 0 0 0 0 0 0 0 0 0 0 0 0 0 0 0 0 0 0 0 0 0 0 0 0 0 0 0 0 0 0 0 0 0 0 0 0 0 0 0 0 0 0 0 0 0 0 0 0 0 0 0 0 0 0 0 0 0 0 0 0 0 0 0 0 0 0 0 0 0 0 0 0 0 0 0 0 0 0 0 0 0 0 0 0 0 0 0 0 0 0 0 0 0 0 0 0 0 0 0 0 0 0 0 0 0 0 0 0 0 0 0 0 0 0 0 0 0 0 0 0 0 0 0 0 0 0 0 0 0 0 0 0 0 0 0 0 0 0 0 0 0 0 0 0 0 0 0 0 0 0 0 0 0 0 0 0 0 0 0 0 0 0 0 0 0 0 0 0 0 0 0 0 0 0 0 0 0 0 0 0 0 0 0 0 0 0 0 0 0 0 0 159 158 157 155 155 155 155 155 154 154 154 154 154 154 154 154 154 154 154 154 154 153 153 153 153 153 153 152 152 153 153 153 153 154 154 154 155 153 153 154 155 155 155 154 154 153 153 152 152 152 151 151 151 151 151 151 151 150 150 151 151 150 150 151 152 151 150 151 153 0 0 0 0 150 149 148 147 147 146 146 147 147 146 146 146 145 144 144 145 145 145 145 145 145 145 145 145 0 0 0 0 0 0 0 0 0 0 0 0 0 0 0 0 0 0 0 0 0 0 0 0 0 0 0 0 0 0 0 0 0 0 0 0 0 0 0 0 0 0 0 0 0 0 0 0 0 0 0 0 0 0 0 0 0 0 0 0 0 0 0 0 0 0 0 0 0 0 0 0 0 0 0 0 0 0 0 0 0 0 0 0 0 0 0 0 0 0 0 0 0 0 0 0 0 0 0 0 0 0 0 0 0 0 0 0 0 0 0 0 0 0 0 0 0 0 0 0 0 0 0 0 0 0 0 0 0 0 0 0 0 0 0 0 0 0 0 0 0 0 0 0 0 0 0 0 0 0 0 0 0 0 0 0 0 0 0 0 0 0 0 0 0 0 0 0 0 0 0 0 0 0 0 0 0 0 0 0 0 0 0 0 0 0 0 0 0 0 0 0 0 0 0 0 0 0 0 0 0 
0 0 0 0 0 0 0 0 0 0 0 0 0 0 0 0 0 0 0 0 0 0 0 0 0 0 0 0 0 0 0 0 0 0 0 0 0 0 0 0 0 0 0 0 0 0 0 0 0 0 0 0 0 0 0 0 0 0 0 0 0 0 0 0 0 0 0 0 0 0 0 0 0 0 0 0 0 0 0 0 0 0 0 0 0 0 0 0 0 0 0 0 0 0 0 0 0 0 0 0 0 0 0 0 0 0 0 0 0 0 0 0 0 0 0 0 0 0 0 0 0 0 0 0 0 0 0 0 0 0 0 0 0 0 0 0 0 0 0 0 0 0 0 0 0 0 0 0 0 0 0 0 0 0 0 0 0 0 0 0 0 0 0 0 0 0 0 0 0 0 0 0 0 0 0 0 0 0 0 0 0 0 0 0 0 0 0 0 0 0 0 0 0 0 0 0 0 0 0 0 0 0 0 0 0 157 156 156 155 154 154 154 154 154 154 154 154 154 154 154 154 154 154 154 153 153 153 153 153 153 153 153 152 152 152 152 152 154 154 155 155 154 152 152 153 154 154 155 155 155 155 154 154 153 153 153 152 152 152 151 151 151 151 150 150 151 152 151 151 152 153 152 153 0 0 0 0 0 0 0 0 0 147 146 146 146 147 147 146 146 145 145 144 144 145 145 145 145 145 145 145 145 0 0 0 0 0 0 0 0 0 0 0 0 0 0 0 0 0 0 0 0 0 0 0 0 0 0 0 0 0 0 0 0 0 0 0 0 0 0 0 0 0 0 0 0 0 0 0 0 0 0 0 0 0 0 0 0 0 0 0 0 0 0 0 0 0 0 0 0 0 0 0 0 0 0 0 0 0 0 0 0 0 0 0 0 0 0 0 0 0 0 0 0 0 0 0 0 0 0 0 0 0 0 0 0 0 0 0 0 0 0 0 0 0 0 0 0 0 0 0 0 0 0 0 0 0 0 0 0 0 0 0 0 0 0 0 0 0 0 0 0 0 0 0 0 0 0 0 0 0 0 0 0 0 0 0 0 0 0 0 0 0 0 0 0 0 0 0 0 0 0 0 0 0 0 0 0 0 0 0 0 0 0 0 0 0 0 0 0 0 0 0 0 0 0 0 0 0 0 0 0 0 
0 0 0 0 0 0 0 0 0 0 0 0 0 0 0 0 0 0 0 0 0 0 0 0 0 0 0 0 0 0 0 0 0 0 0 0 0 0 0 0 0 0 0 0 0 0 0 0 0 0 0 0 0 0 0 0 0 0 0 0 0 0 0 0 0 0 0 0 0 0 0 0 0 0 0 0 0 0 0 0 0 0 0 0 0 0 0 0 0 0 0 0 0 0 0 0 0 0 0 0 0 0 0 0 0 0 0 0 0 0 0 0 0 0 0 0 0 0 0 0 0 0 0 0 0 0 0 0 0 0 0 0 0 0 0 0 0 0 0 0 0 0 0 0 0 0 0 0 0 0 0 0 0 0 0 0 0 0 0 0 0 0 0 0 0 0 0 0 0 0 0 0 0 0 0 0 0 0 0 0 0 0 0 0 0 0 0 0 0 0 0 0 0 0 0 0 0 0 0 0 0 0 0 0 0 0 155 155 155 155 154 154 154 154 154 154 154 154 154 154 154 153 153 153 153 153 153 153 153 153 153 153 153 153 153 153 152 152 153 153 153 153 152 152 152 152 152 153 153 153 153 153 153 153 153 153 154 154 152 151 151 151 151 151 151 152 152 152 153 153 0 0 0 0 0 0 0 0 0 0 0 0 147 146 146 146 146 146 146 146 145 145 144 144 144 144 145 145 145 145 145 144 0 0 0 0 0 0 0 0 0 0 0 0 0 0 0 0 0 0 0 0 0 0 0 0 0 0 0 0 0 0 0 0 0 0 0 0 0 0 0 0 0 0 0 0 0 0 0 0 0 0 0 0 0 0 0 0 0 0 0 0 0 0 0 0 0 0 0 0 0 0 0 0 0 0 0 0 0 0 0 0 0 0 0 0 0 0 0 0 0 0 0 0 0 0 0 0 0 0 0 0 0 0 0 0 0 0 0 0 0 0 0 0 0 0 0 0 0 0 0 0 0 0 0 0 0 0 0 0 0 0 0 0 0 0 0 0 0 0 0 0 0 0 0 0 0 0 0 0 0 0 0 0 0 0 0 0 0 0 0 0 0 0 0 0 0 0 0 0 0 0 0 0 0 0 0 0 0 0 0 0 0 0 0 0 0 0 0 0 0 0 0 0 0 0 0 0 0 0 0 0 0 
0 0 0 0 0 0 0 0 0 0 0 0 0 0 0 0 0 0 0 0 0 0 0 0 0 0 0 0 0 0 0 0 0 0 0 0 0 0 0 0 0 0 0 0 0 0 0 0 0 0 0 0 0 0 0 0 0 0 0 0 0 0 0 0 0 0 0 0 0 0 0 0 0 0 0 0 0 0 0 0 0 0 0 0 0 0 0 0 0 0 0 0 0 0 0 0 0 0 0 0 0 0 0 0 0 0 0 0 0 0 0 0 0 0 0 0 0 0 0 0 0 0 0 0 0 0 0 0 0 0 0 0 0 0 0 0 0 0 0 0 0 0 0 0 0 0 0 0 0 0 0 0 0 0 0 0 0 0 0 0 0 0 0 0 0 0 0 0 0 0 0 0 0 0 0 0 0 0 0 0 0 0 0 0 0 0 0 0 0 0 0 0 0 0 0 0 0 0 0 0 0 0 0 0 0 0 155 155 155 155 154 154 154 154 154 154 154 154 154 153 153 153 153 153 153 153 153 153 153 153 154 154 154 153 153 153 153 152 152 152 152 152 152 151 151 152 151 151 151 151 151 151 151 151 151 152 152 153 152 151 152 152 152 152 152 152 152 153 154 0 0 0 0 0 0 0 0 0 0 0 0 0 146 146 146 146 145 145 146 146 145 144 144 143 144 144 144 144 144 144 144 0 0 0 0 0 0 0 0 0 0 0 0 0 0 0 0 0 0 0 0 0 0 0 0 0 0 0 0 0 0 0 0 0 0 0 0 0 0 0 0 0 0 0 0 0 0 0 0 0 0 0 0 0 0 0 0 0 0 0 0 0 0 0 0 0 0 0 0 0 0 0 0 0 0 0 0 0 0 0 0 0 0 0 0 0 0 0 0 0 0 0 0 0 0 0 0 0 0 0 0 0 0 0 0 0 0 0 0 0 0 0 0 0 0 0 0 0 0 0 0 0 0 0 0 0 0 0 0 0 0 0 0 0 0 0 0 0 0 0 0 0 0 0 0 0 0 0 0 0 0 0 0 0 0 0 0 0 0 0 0 0 0 0 0 0 0 0 0 0 0 0 0 0 0 0 0 0 0 0 0 0 0 0 0 0 0 0 0 0 0 0 0 0 0 0 0 0 0 0 0 0 0 
0 0 0 0 0 0 0 0 0 0 0 0 0 0 0 0 0 0 0 0 0 0 0 0 0 0 0 0 0 0 0 0 0 0 0 0 0 0 0 0 0 0 0 0 0 0 0 0 0 0 0 0 0 0 0 0 0 0 0 0 0 0 0 0 0 0 0 0 0 0 0 0 0 0 0 0 0 0 0 0 0 0 0 0 0 0 0 0 0 0 0 0 0 0 0 0 0 0 0 0 0 0 0 0 0 0 0 0 0 0 0 0 0 0 0 0 0 0 0 0 0 0 0 0 0 0 0 0 0 0 0 0 0 0 0 0 0 0 0 0 0 0 0 0 0 0 0 0 0 0 0 0 0 0 0 0 0 0 0 0 0 0 0 0 0 0 0 0 0 0 0 0 0 0 0 0 0 0 0 0 0 0 0 0 0 0 0 0 0 0 0 0 0 0 0 0 0 0 0 0 0 0 0 0 0 0 0 154 154 154 154 154 154 154 154 154 154 154 154 154 153 153 153 153 153 153 153 152 153 154 155 155 154 153 153 153 153 153 152 152 152 152 151 151 151 151 151 151 151 151 151 151 151 151 151 152 152 152 152 152 152 152 153 152 152 152 153 154 0 0 0 0 0 0 0 0 0 0 0 0 0 0 0 146 146 146 146 146 145 145 144 144 144 144 143 143 143 143 144 143 0 0 0 0 0 0 0 0 0 0 0 0 0 0 0 0 0 0 0 0 0 0 0 0 0 0 0 0 0 0 0 0 0 0 0 0 0 0 0 0 0 0 0 0 0 0 0 0 0 0 0 0 0 0 0 0 0 0 0 0 0 0 0 0 0 0 0 0 0 0 0 0 0 0 0 0 0 0 0 0 0 0 0 0 0 0 0 0 0 0 0 0 0 0 0 0 0 0 0 0 0 0 0 0 0 0 0 0 0 0 0 0 0 0 0 0 0 0 0 0 0 0 0 0 0 0 0 0 0 0 0 0 0 0 0 0 0 0 0 0 0 0 0 0 0 0 0 0 0 0 0 0 0 0 0 0 0 0 0 0 0 0 0 0 0 0 0 0 0 0 0 0 0 0 0 0 0 0 0 0 0 0 0 0 0 0 0 0 0 0 0 0 0 0 0 0 0 0 0 0 0 0 0 
0 0 0 0 0 0 0 0 0 0 0 0 0 0 0 0 0 0 0 0 0 0 0 0 0 0 0 0 0 0 0 0 0 0 0 0 0 0 0 0 0 0 0 0 0 0 0 0 0 0 0 0 0 0 0 0 0 0 0 0 0 0 0 0 0 0 0 0 0 0 0 0 0 0 0 0 0 0 0 0 0 0 0 0 0 0 0 0 0 0 0 0 0 0 0 0 0 0 0 0 0 0 0 0 0 0 0 0 0 0 0 0 0 0 0 0 0 0 0 0 0 0 0 0 0 0 0 0 0 0 0 0 0 0 0 0 0 0 0 0 0 0 0 0 0 0 0 0 0 0 0 0 0 0 0 0 0 0 0 0 0 0 0 0 0 0 0 0 0 0 0 0 0 0 0 0 0 0 0 0 0 0 0 0 0 0 0 0 0 0 0 0 0 0 0 0 0 0 0 0 0 0 0 0 0 0 0 154 154 154 154 154 154 153 153 153 153 153 154 154 154 154 153 154 153 153 152 153 152 153 153 153 154 154 154 154 153 153 153 152 152 153 152 152 152 151 152 152 152 151 151 152 152 152 152 152 152 153 152 153 153 153 153 153 154 154 0 0 0 0 0 0 0 0 0 0 0 0 0 0 0 0 0 0 146 146 146 146 145 145 145 145 145 145 144 143 143 143 143 143 0 0 0 0 0 0 0 0 0 0 0 0 0 0 0 0 0 0 0 0 0 0 0 0 0 0 0 0 0 0 0 0 0 0 0 0 0 0 0 0 0 0 0 0 0 0 0 0 0 0 0 0 0 0 0 0 0 0 0 0 0 0 0 0 0 0 0 0 0 0 0 0 0 0 0 0 0 0 0 0 0 0 0 0 0 0 0 0 0 0 0 0 0 0 0 0 0 0 0 0 0 0 0 0 0 0 0 0 0 0 0 0 0 0 0 0 0 0 0 0 0 0 0 0 0 0 0 0 0 0 0 0 0 0 0 0 0 0 0 0 0 0 0 0 0 0 0 0 0 0 0 0 0 0 0 0 0 0 0 0 0 0 0 0 0 0 0 0 0 0 0 0 0 0 0 0 0 0 0 0 0 0 0 0 0 0 0 0 0 0 0 0 0 0 0 0 0 0 0 0 0 0 0 
0 0 0 0 0 0 0 0 0 0 0 0 0 0 0 0 0 0 0 0 0 0 0 0 0 0 0 0 0 0 0 0 0 0 0 0 0 0 0 0 0 0 0 0 0 0 0 0 0 0 0 0 0 0 0 0 0 0 0 0 0 0 0 0 0 0 0 0 0 0 0 0 0 0 0 0 0 0 0 0 0 0 0 0 0 0 0 0 0 0 0 0 0 0 0 0 0 0 0 0 0 0 0 0 0 0 0 0 0 0 0 0 0 0 0 0 0 0 0 0 0 0 0 0 0 0 0 0 0 0 0 0 0 0 0 0 0 0 0 0 0 0 0 0 0 0 0 0 0 0 0 0 0 0 0 0 0 0 0 0 0 0 0 0 0 0 0 0 0 0 0 0 0 0 0 0 0 0 0 0 0 0 0 0 0 0 0 0 0 0 0 0 0 0 0 0 0 0 0 0 0 0 0 0 0 0 0 0 154 154 154 155 154 154 154 155 154 154 154 155 155 154 154 155 154 153 153 153 153 153 153 153 154 154 155 154 154 154 153 153 153 152 152 152 153 152 152 152 152 152 152 152 153 153 153 154 153 154 153 154 155 154 155 155 154 0 0 0 0 0 0 0 0 0 0 0 0 0 0 0 0 0 0 0 0 146 146 146 146 145 145 145 145 145 145 144 143 143 143 143 0 0 0 0 0 0 0 0 0 0 0 0 0 0 0 0 0 0 0 0 0 0 0 0 0 0 0 0 0 0 0 0 0 0 0 0 0 0 0 0 0 0 0 0 0 0 0 0 0 0 0 0 0 0 0 0 0 0 0 0 0 0 0 0 0 0 0 0 0 0 0 0 0 0 0 0 0 0 0 0 0 0 0 0 0 0 0 0 0 0 0 0 0 0 0 0 0 0 0 0 0 0 0 0 0 0 0 0 0 0 0 0 0 0 0 0 0 0 0 0 0 0 0 0 0 0 0 0 0 0 0 0 0 0 0 0 0 0 0 0 0 0 0 0 0 0 0 0 0 0 0 0 0 0 0 0 0 0 0 0 0 0 0 0 0 0 0 0 0 0 0 0 0 0 0 0 0 0 0 0 0 0 0 0 0 0 0 0 0 0 0 0 0 0 0 0 0 0 0 0 0 0 0 
0 0 0 0 0 0 0 0 0 0 0 0 0 0 0 0 0 0 0 0 0 0 0 0 0 0 0 0 0 0 0 0 0 0 0 0 0 0 0 0 0 0 0 0 0 0 0 0 0 0 0 0 0 0 0 0 0 0 0 0 0 0 0 0 0 0 0 0 0 0 0 0 0 0 0 0 0 0 0 0 0 0 0 0 0 0 0 0 0 0 0 0 0 0 0 0 0 0 0 0 0 0 0 0 0 0 0 0 0 0 0 0 0 0 0 0 0 0 0 0 0 0 0 0 0 0 0 0 0 0 0 0 0 0 0 0 0 0 0 0 0 0 0 0 0 0 0 0 0 0 0 0 0 0 0 0 0 0 0 0 0 0 0 0 0 0 0 0 0 0 0 0 0 0 0 0 0 0 0 0 0 0 0 0 0 0 0 0 0 0 0 0 0 0 0 0 0 0 0 0 0 0 0 0 0 0 0 0 0 155 155 155 155 155 156 155 155 155 155 156 156 155 155 155 156 155 155 155 154 154 154 153 154 155 155 155 154 153 153 154 153 153 152 151 152 152 152 152 153 153 153 153 154 154 154 155 155 155 155 155 155 155 0 0 0 0 0 0 0 0 0 0 0 0 0 0 0 0 0 0 0 0 0 0 0 0 145 145 145 145 145 145 145 144 144 143 143 142 143 0 0 0 0 0 0 0 0 0 0 0 0 0 0 0 0 0 0 0 0 0 0 0 0 0 0 0 0 0 0 0 0 0 0 0 0 0 0 0 0 0 0 0 0 0 0 0 0 0 0 0 0 0 0 0 0 0 0 0 0 0 0 0 0 0 0 0 0 0 0 0 0 0 0 0 0 0 0 0 0 0 0 0 0 0 0 0 0 0 0 0 0 0 0 0 0 0 0 0 0 0 0 0 0 0 0 0 0 0 0 0 0 0 0 0 0 0 0 0 0 0 0 0 0 0 0 0 0 0 0 0 0 0 0 0 0 0 0 0 0 0 0 0 0 0 0 0 0 0 0 0 0 0 0 0 0 0 0 0 0 0 0 0 0 0 0 0 0 0 0 0 0 0 0 0 0 0 0 0 0 0 0 0 0 0 0 0 0 0 0 0 0 0 0 0 0 0 0 0 0 0 0 0 0 
0 0 0 0 0 0 0 0 0 0 0 0 0 0 0 0 0 0 0 0 0 0 0 0 0 0 0 0 0 0 0 0 0 0 0 0 0 0 0 0 0 0 0 0 0 0 0 0 0 0 0 0 0 0 0 0 0 0 0 0 0 0 0 0 0 0 0 0 0 0 0 0 0 0 0 0 0 0 0 0 0 0 0 0 0 0 0 0 0 0 0 0 0 0 0 0 0 0 0 0 0 0 0 0 0 0 0 0 0 0 0 0 0 0 0 0 0 0 0 0 0 0 0 0 0 0 0 0 0 0 0 0 0 0 0 0 0 0 0 0 0 0 0 0 0 0 0 0 0 0 0 0 0 0 0 0 0 0 0 0 0 0 0 0 0 0 0 0 0 0 0 0 0 0 0 0 0 0 0 0 0 0 0 0 0 0 0 0 0 0 0 0 0 0 0 0 0 0 0 0 0 0 0 0 0 0 0 0 0 156 156 156 156 156 156 156 156 156 156 156 156 156 156 156 156 156 156 156 156 155 155 155 155 155 155 155 155 154 153 154 154 154 153 152 151 151 152 153 154 154 154 155 155 155 155 0 0 156 0 0 0 0 0 0 0 0 0 0 0 0 0 0 0 0 0 0 0 0 0 0 0 0 0 0 0 0 0 145 144 145 145 144 145 144 144 143 143 143 0 0 0 0 0 0 0 0 0 0 0 0 0 0 0 0 0 0 0 0 0 0 0 0 0 0 0 0 0 0 0 0 0 0 0 0 0 0 0 0 0 0 0 0 0 0 0 0 0 0 0 0 0 0 0 0 0 0 0 0 0 0 0 0 0 0 0 0 0 0 0 0 0 0 0 0 0 0 0 0 0 0 0 0 0 0 0 0 0 0 0 0 0 0 0 0 0 0 0 0 0 0 0 0 0 0 0 0 0 0 0 0 0 0 0 0 0 0 0 0 0 0 0 0 0 0 0 0 0 0 0 0 0 0 0 0 0 0 0 0 0 0 0 0 0 0 0 0 0 0 0 0 0 0 0 0 0 0 0 0 0 0 0 0 0 0 0 0 0 0 0 0 0 0 0 0 0 0 0 0 0 0 0 0 0 0 0 0 0 0 0 0 0 0 0 0 0 0 0 0 0 0 0 0 0 
0 0 0 0 0 0 0 0 0 0 0 0 0 0 0 0 0 0 0 0 0 0 0 0 0 0 0 0 0 0 0 0 0 0 0 0 0 0 0 0 0 0 0 0 0 0 0 0 0 0 0 0 0 0 0 0 0 0 0 0 0 0 0 0 0 0 0 0 0 0 0 0 0 0 0 0 0 0 0 0 0 0 0 0 0 0 0 0 0 0 0 0 0 0 0 0 0 0 0 0 0 0 0 0 0 0 0 0 0 0 0 0 0 0 0 0 0 0 0 0 0 0 0 0 0 0 0 0 0 0 0 0 0 0 0 0 0 0 0 0 0 0 0 0 0 0 0 0 0 0 0 0 0 0 0 0 0 0 0 0 0 0 0 0 0 0 0 0 0 0 0 0 0 0 0 0 0 0 0 0 0 0 0 0 0 0 0 0 0 0 0 0 0 0 0 0 0 0 0 0 0 0 0 0 0 0 0 0 0 0 157 156 157 157 157 157 157 156 156 156 156 156 156 156 156 156 156 156 156 156 155 155 155 155 155 155 155 155 153 154 154 155 153 152 151 151 151 152 152 153 154 155 156 156 0 0 0 0 0 0 0 0 0 0 0 0 0 0 0 0 0 0 0 0 0 0 0 0 0 0 0 0 0 0 0 0 0 0 144 145 145 144 145 145 144 144 143 143 142 0 0 0 0 0 0 0 0 0 0 0 0 0 0 0 0 0 0 0 0 0 0 0 0 0 0 0 0 0 0 0 0 0 0 0 0 0 0 0 0 0 0 0 0 0 0 0 0 0 0 0 0 0 0 0 0 0 0 0 0 0 0 0 0 0 0 0 0 0 0 0 0 0 0 0 0 0 0 0 0 0 0 0 0 0 0 0 0 0 0 0 0 0 0 0 0 0 0 0 0 0 0 0 0 0 0 0 0 0 0 0 0 0 0 0 0 0 0 0 0 0 0 0 0 0 0 0 0 0 0 0 0 0 0 0 0 0 0 0 0 0 0 0 0 0 0 0 0 0 0 0 0 0 0 0 0 0 0 0 0 0 0 0 0 0 0 0 0 0 0 0 0 0 0 0 0 0 0 0 0 0 0 0 0 0 0 0 0 0 0 0 0 0 0 0 0 0 0 0 0 0 0 0 0 
0 0 0 0 0 0 0 0 0 0 0 0 0 0 0 0 0 0 0 0 0 0 0 0 0 0 0 0 0 0 0 0 0 0 0 0 0 0 0 0 0 0 0 0 0 0 0 0 0 0 0 0 0 0 0 0 0 0 0 0 0 0 0 0 0 0 0 0 0 0 0 0 0 0 0 0 0 0 0 0 0 0 0 0 0 0 0 0 0 0 0 0 0 0 0 0 0 0 0 0 0 0 0 0 0 0 0 0 0 0 0 0 0 0 0 0 0 0 0 0 0 0 0 0 0 0 0 0 0 0 0 0 0 0 0 0 0 0 0 0 0 0 0 0 0 0 0 0 0 0 0 0 0 0 0 0 0 0 0 0 0 0 0 0 0 0 0 0 0 0 0 0 0 0 0 0 0 0 0 0 0 0 0 0 0 0 0 0 0 0 0 0 0 0 0 0 0 0 0 0 0 0 0 0 0 0 0 0 0 0 158 157 158 158 158 157 157 156 156 156 156 156 157 156 156 156 156 156 155 155 155 155 155 155 155 155 155 155 154 153 154 155 154 153 152 152 152 153 153 153 153 155 0 0 0 0 0 0 0 0 0 0 0 0 0 0 0 0 0 0 0 0 0 0 0 0 0 0 0 0 0 0 0 0 0 0 0 0 145 145 144 144 145 145 144 144 143 143 143 142 0 0 0 0 0 0 0 0 0 0 0 0 0 0 0 0 0 0 0 0 0 0 0 0 0 0 0 0 0 0 0 0 0 0 0 0 0 0 0 0 0 0 0 0 0 0 0 0 0 0 0 0 0 0 0 0 0 0 0 0 0 0 0 0 0 0 0 0 0 0 0 0 0 0 0 0 0 0 0 0 0 0 0 0 0 0 0 0 0 0 0 0 0 0 0 0 0 0 0 0 0 0 0 0 0 0 0 0 0 0 0 0 0 0 0 0 0 0 0 0 0 0 0 0 0 0 0 0 0 0 0 0 0 0 0 0 0 0 0 0 0 0 0 0 0 0 0 0 0 0 0 0 0 0 0 0 0 0 0 0 0 0 0 0 0 0 0 0 0 0 0 0 0 0 0 0 0 0 0 0 0 0 0 0 0 0 0 0 0 0 0 0 0 0 0 0 0 0 0 0 0 0 0 
0 0 0 0 0 0 0 0 0 0 0 0 0 0 0 0 0 0 0 0 0 0 0 0 0 0 0 0 0 0 0 0 0 0 0 0 0 0 0 0 0 0 0 0 0 0 0 0 0 0 0 0 0 0 0 0 0 0 0 0 0 0 0 0 0 0 0 0 0 0 0 0 0 0 0 0 0 0 0 0 0 0 0 0 0 0 0 0 0 0 0 0 0 0 0 0 0 0 0 0 0 0 0 0 0 0 0 0 0 0 0 0 0 0 0 0 0 0 0 0 0 0 0 0 0 0 0 0 0 0 0 0 0 0 0 0 0 0 0 0 0 0 0 0 0 0 0 0 0 0 0 0 0 0 0 0 0 0 0 0 0 0 0 0 0 0 0 0 0 0 0 0 0 0 0 0 0 0 0 0 0 0 0 0 0 0 0 0 0 0 0 0 0 0 0 0 0 0 0 0 0 0 0 0 0 0 0 0 0 0 158 159 159 158 158 157 157 156 156 156 156 156 156 156 156 156 156 156 155 155 155 155 155 155 155 155 156 155 154 154 154 154 154 154 154 154 153 153 154 154 155 0 0 0 0 0 0 0 0 0 0 0 0 0 0 0 0 0 0 0 0 0 0 0 0 0 0 0 0 0 0 0 0 0 0 0 0 0 144 144 144 144 144 145 144 144 144 144 143 142 0 0 0 0 0 0 0 0 0 0 0 0 0 0 0 0 0 0 0 0 0 0 0 0 0 0 0 0 0 0 0 0 0 0 0 0 0 0 0 0 0 0 0 0 0 0 0 0 0 0 0 0 0 0 0 0 0 0 0 0 0 0 0 0 0 0 0 0 0 0 0 0 0 0 0 0 0 0 0 0 0 0 0 0 0 0 0 0 0 0 0 0 0 0 0 0 0 0 0 0 0 0 0 0 0 0 0 0 0 0 0 0 0 0 0 0 0 0 0 0 0 0 0 0 0 0 0 0 0 0 0 0 0 0 0 0 0 0 0 0 0 0 0 0 0 0 0 0 0 0 0 0 0 0 0 0 0 0 0 0 0 0 0 0 0 0 0 0 0 0 0 0 0 0 0 0 0 0 0 0 0 0 0 0 0 0 0 0 0 0 0 0 0 0 0 0 0 0 0 0 0 0 0 
0 0 0 0 0 0 0 0 0 0 0 0 0 0 0 0 0 0 0 0 0 0 0 0 0 0 0 0 0 0 0 0 0 0 0 0 0 0 0 0 0 0 0 0 0 0 0 0 0 0 0 0 0 0 0 0 0 0 0 0 0 0 0 0 0 0 0 0 0 0 0 0 0 0 0 0 0 0 0 0 0 0 0 0 0 0 0 0 0 0 0 0 0 0 0 0 0 0 0 0 0 0 0 0 0 0 0 0 0 0 0 0 0 0 0 0 0 0 0 0 0 0 0 0 0 0 0 0 0 0 0 0 0 0 0 0 0 0 0 0 0 0 0 0 0 0 0 0 0 0 0 0 0 0 0 0 0 0 0 0 0 0 0 0 0 0 0 0 0 0 0 0 0 0 0 0 0 0 0 0 0 0 0 0 0 0 0 0 0 0 0 0 0 0 0 0 0 0 0 0 0 0 0 0 0 0 0 0 0 0 160 160 158 157 157 157 157 156 156 156 156 156 156 156 156 156 156 155 155 155 155 155 155 155 156 156 156 156 155 155 154 155 156 156 156 156 155 155 155 155 0 0 0 0 0 0 0 0 0 0 0 0 0 0 0 0 0 0 0 0 0 0 0 0 0 0 0 0 0 0 0 0 0 0 0 0 0 0 144 144 143 144 144 144 144 144 0 0 0 0 0 0 0 0 0 0 0 0 0 0 0 0 0 0 0 0 0 0 0 0 0 0 0 0 0 0 0 0 0 0 0 0 0 0 0 0 0 0 0 0 0 0 0 0 0 0 0 0 0 0 0 0 0 0 0 0 0 0 0 0 0 0 0 0 0 0 0 0 0 0 0 0 0 0 0 0 0 0 0 0 0 0 0 0 0 0 0 0 0 0 0 0 0 0 0 0 0 0 0 0 0 0 0 0 0 0 0 0 0 0 0 0 0 0 0 0 0 0 0 0 0 0 0 0 0 0 0 0 0 0 0 0 0 0 0 0 0 0 0 0 0 0 0 0 0 0 0 0 0 0 0 0 0 0 0 0 0 0 0 0 0 0 0 0 0 0 0 0 0 0 0 0 0 0 0 0 0 0 0 0 0 0 0 0 0 0 0 0 0 0 0 0 0 0 0 0 0 0 0 0 0 0 0 
0 0 0 0 0 0 0 0 0 0 0 0 0 0 0 0 0 0 0 0 0 0 0 0 0 0 0 0 0 0 0 0 0 0 0 0 0 0 0 0 0 0 0 0 0 0 0 0 0 0 0 0 0 0 0 0 0 0 0 0 0 0 0 0 0 0 0 0 0 0 0 0 0 0 0 0 0 0 0 0 0 0 0 0 0 0 0 0 0 0 0 0 0 0 0 0 0 0 0 0 0 0 0 0 0 0 0 0 0 0 0 0 0 0 0 0 0 0 0 0 0 0 0 0 0 0 0 0 0 0 0 0 0 0 0 0 0 0 0 0 0 0 0 0 0 0 0 0 0 0 0 0 0 0 0 0 0 0 0 0 0 0 0 0 0 0 0 0 0 0 0 0 0 0 0 0 0 0 0 0 0 0 0 0 0 0 0 0 0 0 0 0 0 0 0 0 0 0 0 0 0 0 0 0 0 0 0 0 0 0 160 159 158 157 156 156 156 156 156 156 156 156 156 156 156 156 155 156 156 156 156 156 156 156 157 157 157 157 156 156 155 156 157 0 0 0 0 0 0 0 0 0 0 0 0 0 0 0 0 0 0 0 0 0 0 0 0 0 0 0 0 0 0 0 0 0 0 0 0 0 0 0 0 0 0 0 0 0 0 0 143 144 144 144 0 0 0 0 0 0 0 0 0 0 0 0 0 0 0 0 0 0 0 0 0 0 0 0 0 0 0 0 0 0 0 0 0 0 0 0 0 0 0 0 0 0 0 0 0 0 0 0 0 0 0 0 0 0 0 0 0 0 0 0 0 0 0 0 0 0 0 0 0 0 0 0 0 0 0 0 0 0 0 0 0 0 0 0 0 0 0 0 0 0 0 0 0 0 0 0 0 0 0 0 0 0 0 0 0 0 0 0 0 0 0 0 0 0 0 0 0 0 0 0 0 0 0 0 0 0 0 0 0 0 0 0 0 0 0 0 0 0 0 0 0 0 0 0 0 0 0 0 0 0 0 0 0 0 0 0 0 0 0 0 0 0 0 0 0 0 0 0 0 0 0 0 0 0 0 0 0 0 0 0 0 0 0 0 0 0 0 0 0 0 0 0 0 0 0 0 0 0 0 0 0 0 0 0 0 0 0 0 0 
0 0 0 0 0 0 0 0 0 0 0 0 0 0 0 0 0 0 0 0 0 0 0 0 0 0 0 0 0 0 0 0 0 0 0 0 0 0 0 0 0 0 0 0 0 0 0 0 0 0 0 0 0 0 0 0 0 0 0 0 0 0 0 0 0 0 0 0 0 0 0 0 0 0 0 0 0 0 0 0 0 0 0 0 0 0 0 0 0 0 0 0 0 0 0 0 0 0 0 0 0 0 0 0 0 0 0 0 0 0 0 0 0 0 0 0 0 0 0 0 0 0 0 0 0 0 0 0 0 0 0 0 0 0 0 0 0 0 0 0 0 0 0 0 0 0 0 0 0 0 0 0 0 0 0 0 0 0 0 0 0 0 0 0 0 0 0 0 0 0 0 0 0 0 0 0 0 0 0 0 0 0 0 0 0 0 0 0 0 0 0 0 0 0 0 0 0 0 0 0 0 0 0 0 0 0 0 0 0 161 160 160 159 157 156 156 156 156 157 156 156 156 157 156 156 156 156 156 156 156 156 156 156 157 158 158 158 158 157 156 157 157 0 0 0 0 0 0 0 0 0 0 0 0 0 0 0 0 0 0 0 0 0 0 0 0 0 0 0 0 0 0 0 0 0 0 0 0 0 0 0 0 0 0 0 0 0 0 0 0 0 0 0 0 0 0 0 0 0 0 0 0 0 0 0 0 0 0 0 0 0 0 0 0 0 0 0 0 0 0 0 0 0 0 0 0 0 0 0 0 0 0 0 0 0 0 0 0 0 0 0 0 0 0 0 0 0 0 0 0 0 0 0 0 0 0 0 0 0 0 0 0 0 0 0 0 0 0 0 0 0 0 0 0 0 0 0 0 0 0 0 0 0 0 0 0 0 0 0 0 0 0 0 0 0 0 0 0 0 0 0 0 0 0 0 0 0 0 0 0 0 0 0 0 0 0 0 0 0 0 0 0 0 0 0 0 0 0 0 0 0 0 0 0 0 0 0 0 0 0 0 0 0 0 0 0 0 0 0 0 0 0 0 0 0 0 0 0 0 0 0 0 0 0 0 0 0 0 0 0 0 0 0 0 0 0 0 0 0 0 0 0 0 0 0 0 0 0 0 0 0 0 0 0 0 0 0 0 0 0 0 0 0 
0 0 0 0 0 0 0 0 0 0 0 0 0 0 0 0 0 0 0 0 0 0 0 0 0 0 0 0 0 0 0 0 0 0 0 0 0 0 0 0 0 0 0 0 0 0 0 0 0 0 0 0 0 0 0 0 0 0 0 0 0 0 0 0 0 0 0 0 0 0 0 0 0 0 0 0 0 0 0 0 0 0 0 0 0 0 0 0 0 0 0 0 0 0 0 0 0 0 0 0 0 0 0 0 0 0 0 0 0 0 0 0 0 0 0 0 0 0 0 0 0 0 0 0 0 0 0 0 0 0 0 0 0 0 0 0 0 0 0 0 0 0 0 0 0 0 0 0 0 0 0 0 0 0 0 0 0 0 0 0 0 0 0 0 0 0 0 0 0 0 0 0 0 0 0 0 0 0 0 0 0 0 0 0 0 0 0 0 0 0 0 0 0 0 0 0 0 0 0 0 0 0 0 0 0 0 0 0 0 161 160 159 158 157 156 156 155 156 156 156 156 155 155 155 156 156 155 156 156 156 157 157 157 156 157 158 0 0 0 0 0 0 0 0 0 0 0 0 0 0 0 0 0 0 0 0 0 0 0 0 0 0 0 0 0 0 0 0 0 0 0 0 0 0 0 0 0 0 0 0 0 0 0 0 0 0 0 0 0 0 0 0 0 0 0 0 0 0 0 0 0 0 0 0 0 0 0 0 0 0 0 0 0 0 0 0 0 0 0 0 0 0 0 0 0 0 0 0 0 0 0 0 0 0 0 0 0 0 0 0 0 0 0 0 0 0 0 0 0 0 0 0 0 0 0 0 0 0 0 0 0 0 0 0 0 0 0 0 0 0 0 0 0 0 0 0 0 0 0 0 0 0 0 0 0 0 0 0 0 0 0 0 0 0 0 0 0 0 0 0 0 0 0 0 0 0 0 0 0 0 0 0 0 0 0 0 0 0 0 0 0 0 0 0 0 0 0 0 0 0 0 0 0 0 0 0 0 0 0 0 0 0 0 0 0 0 0 0 0 0 0 0 0 0 0 0 0 0 0 0 0 0 0 0 0 0 0 0 0 0 0 0 0 0 0 0 0 0 0 0 0 0 0 0 0 0 0 0 0 0 0 0 0 0 0 0 0 0 0 0 0 0 0 
0 0 0 0 0 0 0 0 0 0 0 0 0 0 0 0 0 0 0 0 0 0 0 0 0 0 0 0 0 0 0 0 0 0 0 0 0 0 0 0 0 0 0 0 0 0 0 0 0 0 0 0 0 0 0 0 0 0 0 0 0 0 0 0 0 0 0 0 0 0 0 0 0 0 0 0 0 0 0 0 0 0 0 0 0 0 0 0 0 0 0 0 0 0 0 0 0 0 0 0 0 0 0 0 0 0 0 0 0 0 0 0 0 0 0 0 0 0 0 0 0 0 0 0 0 0 0 0 0 0 0 0 0 0 0 0 0 0 0 0 0 0 0 0 0 0 0 0 0 0 0 0 0 0 0 0 0 0 0 0 0 0 0 0 0 0 0 0 0 0 0 0 0 0 0 0 0 0 0 0 0 0 0 0 0 0 0 0 0 0 0 0 0 0 0 0 0 0 0 0 0 0 0 0 0 0 0 0 0 160 159 158 157 156 156 155 156 156 156 156 156 156 155 156 156 156 156 156 156 157 157 157 158 157 157 158 0 0 0 0 0 0 0 0 0 0 0 0 0 0 0 0 0 0 0 0 0 0 0 0 0 0 0 0 0 0 0 0 0 0 0 0 0 0 0 0 0 0 0 0 0 0 0 0 0 0 0 0 0 0 0 0 0 0 0 0 0 0 0 0 0 0 0 0 0 0 0 0 0 0 0 0 0 0 0 0 0 0 0 0 0 0 0 0 0 0 0 0 0 0 0 0 0 0 0 0 0 0 0 0 0 0 0 0 0 0 0 0 0 0 0 0 0 0 0 0 0 0 0 0 0 0 0 0 0 0 0 0 0 0 0 0 0 0 0 0 0 0 0 0 0 0 0 0 0 0 0 0 0 0 0 0 0 0 0 0 0 0 0 0 0 0 0 0 0 0 0 0 0 0 0 0 0 0 0 0 0 0 0 0 0 0 0 0 0 0 0 0 0 0 0 0 0 0 0 0 0 0 0 0 0 0 0 0 0 0 0 0 0 0 0 0 0 0 0 0 0 0 0 0 0 0 0 0 0 0 0 0 0 0 0 0 0 0 0 0 0 0 0 0 0 0 0 0 0 0 0 0 0 0 0 0 0 0 0 0 0 0 0 0 0 0 0 
0 0 0 0 0 0 0 0 0 0 0 0 0 0 0 0 0 0 0 0 0 0 0 0 0 0 0 0 0 0 0 0 0 0 0 0 0 0 0 0 0 0 0 0 0 0 0 0 0 0 0 0 0 0 0 0 0 0 0 0 0 0 0 0 0 0 0 0 0 0 0 0 0 0 0 0 0 0 0 0 0 0 0 0 0 0 0 0 0 0 0 0 0 0 0 0 0 0 0 0 0 0 0 0 0 0 0 0 0 0 0 0 0 0 0 0 0 0 0 0 0 0 0 0 0 0 0 0 0 0 0 0 0 0 0 0 0 0 0 0 0 0 0 0 0 0 0 0 0 0 0 0 0 0 0 0 0 0 0 0 0 0 0 0 0 0 0 0 0 0 0 0 0 0 0 0 0 0 0 0 0 0 0 0 0 0 0 0 0 0 0 0 0 0 0 0 0 0 0 0 0 0 0 0 0 0 0 0 0 0 157 157 156 156 155 156 156 156 156 156 156 155 155 156 156 156 156 156 156 157 157 158 158 157 158 0 0 0 0 0 0 0 0 0 0 0 0 0 0 0 0 0 0 0 0 0 0 0 0 0 0 0 0 0 0 0 0 0 0 0 0 0 0 0 0 0 0 0 0 0 0 0 0 0 0 0 0 0 0 0 0 0 0 0 0 0 0 0 0 0 0 0 0 0 0 0 0 0 0 0 0 0 0 0 0 0 0 0 0 0 0 0 0 0 0 0 0 0 0 0 0 0 0 0 0 0 0 0 0 0 0 0 0 0 0 0 0 0 0 0 0 0 0 0 0 0 0 0 0 0 0 0 0 0 0 0 0 0 0 0 0 0 0 0 0 0 0 0 0 0 0 0 0 0 0 0 0 0 0 0 0 0 0 0 0 0 0 0 0 0 0 0 0 0 0 0 0 0 0 0 0 0 0 0 0 0 0 0 0 0 0 0 0 0 0 0 0 0 0 0 0 0 0 0 0 0 0 0 0 0 0 0 0 0 0 0 0 0 0 0 0 0 0 0 0 0 0 0 0 0 0 0 0 0 0 0 0 0 0 0 0 0 0 0 0 0 0 0 0 0 0 0 0 0 0 0 0 0 0 0 0 0 0 0 0 0 0 0 0 0 0 0 0 
0 0 0 0 0 0 0 0 0 0 0 0 0 0 0 0 0 0 0 0 0 0 0 0 0 0 0 0 0 0 0 0 0 0 0 0 0 0 0 0 0 0 0 0 0 0 0 0 0 0 0 0 0 0 0 0 0 0 0 0 0 0 0 0 0 0 0 0 0 0 0 0 0 0 0 0 0 0 0 0 0 0 0 0 0 0 0 0 0 0 0 0 0 0 0 0 0 0 0 0 0 0 0 0 0 0 0 0 0 0 0 0 0 0 0 0 0 0 0 0 0 0 0 0 0 0 0 0 0 0 0 0 0 0 0 0 0 0 0 0 0 0 0 0 0 0 0 0 0 0 0 0 0 0 0 0 0 0 0 0 0 0 0 0 0 0 0 0 0 0 0 0 0 0 0 0 0 0 0 0 0 0 0 0 0 0 0 0 0 0 0 0 0 0 0 0 0 0 0 0 0 0 0 0 0 0 0 0 0 0 0 0 156 155 156 156 156 156 156 156 155 155 156 156 156 156 156 156 157 157 158 158 159 0 0 0 0 0 0 0 0 0 0 0 0 0 0 0 0 0 0 0 0 0 0 0 0 0 0 0 0 0 0 0 0 0 0 0 0 0 0 0 0 0 0 0 0 0 0 0 0 0 0 0 0 0 0 0 0 0 0 0 0 0 0 0 0 0 0 0 0 0 0 0 0 0 0 0 0 0 0 0 0 0 0 0 0 0 0 0 0 0 0 0 0 0 0 0 0 0 0 0 0 0 0 0 0 0 0 0 0 0 0 0 0 0 0 0 0 0 0 0 0 0 0 0 0 0 0 0 0 0 0 0 0 0 0 0 0 0 0 0 0 0 0 0 0 0 0 0 0 0 0 0 0 0 0 0 0 0 0 0 0 0 0 0 0 0 0 0 0 0 0 0 0 0 0 0 0 0 0 0 0 0 0 0 0 0 0 0 0 0 0 0 0 0 0 0 0 0 0 0 0 0 0 0 0 0 0 0 0 0 0 0 0 0 0 0 0 0 0 0 0 0 0 0 0 0 0 0 0 0 0 0 0 0 0 0 0 0 0 0 0 0 0 0 0 0 0 0 0 0 0 0 0 0 0 0 0 0 0 0 0 0 0 0 0 0 0 0 0 0 0 
0 0 0 0 0 0 0 0 0 0 0 0 0 0 0 0 0 0 0 0 0 0 0 0 0 0 0 0 0 0 0 0 0 0 0 0 0 0 0 0 0 0 0 0 0 0 0 0 0 0 0 0 0 0 0 0 0 0 0 0 0 0 0 0 0 0 0 0 0 0 0 0 0 0 0 0 0 0 0 0 0 0 0 0 0 0 0 0 0 0 0 0 0 0 0 0 0 0 0 0 0 0 0 0 0 0 0 0 0 0 0 0 0 0 0 0 0 0 0 0 0 0 0 0 0 0 0 0 0 0 0 0 0 0 0 0 0 0 0 0 0 0 0 0 0 0 0 0 0 0 0 0 0 0 0 0 0 0 0 0 0 0 0 0 0 0 0 0 0 0 0 0 0 0 0 0 0 0 0 0 0 0 0 0 0 0 0 0 0 0 0 0 0 0 0 0 0 0 0 0 0 0 0 0 0 0 0 0 0 0 0 0 0 155 156 156 156 156 155 155 156 156 156 155 156 156 156 156 156 157 157 157 158 0 0 0 0 0 0 0 0 0 0 0 0 0 0 0 0 0 0 0 0 0 0 0 0 0 0 0 0 0 0 0 0 0 0 0 0 0 0 0 0 0 0 0 0 0 0 0 0 0 0 0 0 0 0 0 0 0 0 0 0 0 0 0 0 0 0 0 0 0 0 0 0 0 0 0 0 0 0 0 0 0 0 0 0 0 0 0 0 0 0 0 0 0 0 0 0 0 0 0 0 0 0 0 0 0 0 0 0 0 0 0 0 0 0 0 0 0 0 0 0 0 0 0 0 0 0 0 0 0 0 0 0 0 0 0 0 0 0 0 0 0 0 0 0 0 0 0 0 0 0 0 0 0 0 0 0 0 0 0 0 0 0 0 0 0 0 0 0 0 0 0 0 0 0 0 0 0 0 0 0 0 0 0 0 0 0 0 0 0 0 0 0 0 0 0 0 0 0 0 0 0 0 0 0 0 0 0 0 0 0 0 0 0 0 0 0 0 0 0 0 0 0 0 0 0 0 0 0 0 0 0 0 0 0 0 0 0 0 0 0 0 0 0 0 0 0 0 0 0 0 0 0 0 0 0 0 0 0 0 0 0 0 0 0 0 0 0 0 0 0 
0 0 0 0 0 0 0 0 0 0 0 0 0 0 0 0 0 0 0 0 0 0 0 0 0 0 0 0 0 0 0 0 0 0 0 0 0 0 0 0 0 0 0 0 0 0 0 0 0 0 0 0 0 0 0 0 0 0 0 0 0 0 0 0 0 0 0 0 0 0 0 0 0 0 0 0 0 0 0 0 0 0 0 0 0 0 0 0 0 0 0 0 0 0 0 0 0 0 0 0 0 0 0 0 0 0 0 0 0 0 0 0 0 0 0 0 0 0 0 0 0 0 0 0 0 0 0 0 0 0 0 0 0 0 0 0 0 0 0 0 0 0 0 0 0 0 0 0 0 0 0 0 0 0 0 0 0 0 0 0 0 0 0 0 0 0 0 0 0 0 0 0 0 0 0 0 0 0 0 0 0 0 0 0 0 0 0 0 0 0 0 0 0 0 0 0 0 0 0 0 0 0 0 0 0 0 0 0 0 0 0 0 0 155 156 156 156 156 155 155 155 155 156 156 156 156 156 156 157 158 157 158 158 0 0 0 0 0 0 0 0 0 0 0 0 0 0 0 0 0 0 0 0 0 0 0 0 0 0 0 0 0 0 0 0 0 0 0 0 0 0 0 0 0 0 0 0 0 0 0 0 0 0 0 0 0 0 0 0 0 0 0 0 0 0 0 0 0 0 0 0 0 0 0 0 0 0 0 0 0 0 0 0 0 0 0 0 0 0 0 0 0 0 0 0 0 0 0 0 0 0 0 0 0 0 0 0 0 0 0 0 0 0 0 0 0 0 0 0 0 0 0 0 0 0 0 0 0 0 0 0 0 0 0 0 0 0 0 0 0 0 0 0 0 0 0 0 0 0 0 0 0 0 0 0 0 0 0 0 0 0 0 0 0 0 0 0 0 0 0 0 0 0 0 0 0 0 0 0 0 0 0 0 0 0 0 0 0 0 0 0 0 0 0 0 0 0 0 0 0 0 0 0 0 0 0 0 0 0 0 0 0 0 0 0 0 0 0 0 0 0 0 0 0 0 0 0 0 0 0 0 0 0 0 0 0 0 0 0 0 0 0 0 0 0 0 0 0 0 0 0 0 0 0 0 0 0 0 0 0 0 0 0 0 0 0 0 0 0 0 0 0 0 
0 0 0 0 0 0 0 0 0 0 0 0 0 0 0 0 0 0 0 0 0 0 0 0 0 0 0 0 0 0 0 0 0 0 0 0 0 0 0 0 0 0 0 0 0 0 0 0 0 0 0 0 0 0 0 0 0 0 0 0 0 0 0 0 0 0 0 0 0 0 0 0 0 0 0 0 0 0 0 0 0 0 0 0 0 0 0 0 0 0 0 0 0 0 0 0 0 0 0 0 0 0 0 0 0 0 0 0 0 0 0 0 0 0 0 0 0 0 0 0 0 0 0 0 0 0 0 0 0 0 0 0 0 0 0 0 0 0 0 0 0 0 0 0 0 0 0 0 0 0 0 0 0 0 0 0 0 0 0 0 0 0 0 0 0 0 0 0 0 0 0 0 0 0 0 0 0 0 0 0 0 0 0 0 0 0 0 0 0 0 0 0 0 0 0 0 0 0 0 0 0 0 0 0 0 0 0 0 0 0 0 0 0 0 157 156 156 156 155 155 155 156 156 156 156 156 157 157 157 158 159 158 158 0 0 0 0 0 0 0 0 0 0 0 0 0 0 0 0 0 0 0 0 0 0 0 0 0 0 0 0 0 0 0 0 0 0 0 0 0 0 0 0 0 0 0 0 0 0 0 0 0 0 0 0 0 0 0 0 0 0 0 0 0 0 0 0 0 0 0 0 0 0 0 0 0 0 0 0 0 0 0 0 0 0 0 0 0 0 0 0 0 0 0 0 0 0 0 0 0 0 0 0 0 0 0 0 0 0 0 0 0 0 0 0 0 0 0 0 0 0 0 0 0 0 0 0 0 0 0 0 0 0 0 0 0 0 0 0 0 0 0 0 0 0 0 0 0 0 0 0 0 0 0 0 0 0 0 0 0 0 0 0 0 0 0 0 0 0 0 0 0 0 0 0 0 0 0 0 0 0 0 0 0 0 0 0 0 0 0 0 0 0 0 0 0 0 0 0 0 0 0 0 0 0 0 0 0 0 0 0 0 0 0 0 0 0 0 0 0 0 0 0 0 0 0 0 0 0 0 0 0 0 0 0 0 0 0 0 0 0 0 0 0 0 0 0 0 0 0 0 0 0 0 0 0 0 0 0 0 0 0 0 0 0 0 0 0 0 0 0 0 0 
0 0 0 0 0 0 0 0 0 0 0 0 0 0 0 0 0 0 0 0 0 0 0 0 0 0 0 0 0 0 0 0 0 0 0 0 0 0 0 0 0 0 0 0 0 0 0 0 0 0 0 0 0 0 0 0 0 0 0 0 0 0 0 0 0 0 0 0 0 0 0 0 0 0 0 0 0 0 0 0 0 0 0 0 0 0 0 0 0 0 0 0 0 0 0 0 0 0 0 0 0 0 0 0 0 0 0 0 0 0 0 0 0 0 0 0 0 0 0 0 0 0 0 0 0 0 0 0 0 0 0 0 0 0 0 0 0 0 0 0 0 0 0 0 0 0 0 0 0 0 0 0 0 0 0 0 0 0 0 0 0 0 0 0 0 0 0 0 0 0 0 0 0 0 0 0 0 0 0 0 0 0 0 0 0 0 0 0 0 0 0 0 0 0 0 0 0 0 0 0 0 0 0 0 0 0 0 0 0 0 0 0 0 0 158 157 157 156 156 155 155 155 156 156 157 157 157 158 158 158 158 158 158 0 0 0 0 0 0 0 0 0 0 0 0 0 0 0 0 0 0 0 0 0 0 0 0 0 0 0 0 0 0 0 0 0 0 0 0 0 0 0 0 0 0 0 0 0 0 0 0 0 0 0 0 0 0 0 0 0 0 0 0 0 0 0 0 0 0 0 0 0 0 0 0 0 0 0 0 0 0 0 0 0 0 0 0 0 0 0 0 0 0 0 0 0 0 0 0 0 0 0 0 0 0 0 0 0 0 0 0 0 0 0 0 0 0 0 0 0 0 0 0 0 0 0 0 0 0 0 0 0 0 0 0 0 0 0 0 0 0 0 0 0 0 0 0 0 0 0 0 0 0 0 0 0 0 0 0 0 0 0 0 0 0 0 0 0 0 0 0 0 0 0 0 0 0 0 0 0 0 0 0 0 0 0 0 0 0 0 0 0 0 0 0 0 0 0 0 0 0 0 0 0 0 0 0 0 0 0 0 0 0 0 0 0 0 0 0 0 0 0 0 0 0 0 0 0 0 0 0 0 0 0 0 0 0 0 0 0 0 0 0 0 0 0 0 0 0 0 0 0 0 0 0 0 0 0 0 0 0 0 0 0 0 0 0 0 0 0 0 0 0 
0 0 0 0 0 0 0 0 0 0 0 0 0 0 0 0 0 0 0 0 0 0 0 0 0 0 0 0 0 0 0 0 0 0 0 0 0 0 0 0 0 0 0 0 0 0 0 0 0 0 0 0 0 0 0 0 0 0 0 0 0 0 0 0 0 0 0 0 0 0 0 0 0 0 0 0 0 0 0 0 0 0 0 0 0 0 0 0 0 0 0 0 0 0 0 0 0 0 0 0 0 0 0 0 0 0 0 0 0 0 0 0 0 0 0 0 0 0 0 0 0 0 0 0 0 0 0 0 0 0 0 0 0 0 0 0 0 0 0 0 0 0 0 0 0 0 0 0 0 0 0 0 0 0 0 0 0 0 0 0 0 0 0 0 0 0 0 0 0 0 0 0 0 0 0 0 0 0 0 0 0 0 0 0 0 0 0 0 0 0 0 0 0 0 0 0 0 0 0 0 0 0 0 0 0 0 0 0 0 0 0 0 0 0 158 157 157 157 156 156 156 155 155 155 156 157 158 158 158 157 158 158 0 0 0 0 0 0 0 0 0 0 0 0 0 0 0 0 0 0 0 0 0 0 0 0 0 0 0 0 0 0 0 0 0 0 0 0 0 0 0 0 0 0 0 0 0 0 0 0 0 0 0 0 0 0 0 0 0 0 0 0 0 0 0 0 0 0 0 0 0 0 0 0 0 0 0 0 0 0 0 0 0 0 0 0 0 0 0 0 0 0 0 0 0 0 0 0 0 0 0 0 0 0 0 0 0 0 0 0 0 0 0 0 0 0 0 0 0 0 0 0 0 0 0 0 0 0 0 0 0 0 0 0 0 0 0 0 0 0 0 0 0 0 0 0 0 0 0 0 0 0 0 0 0 0 0 0 0 0 0 0 0 0 0 0 0 0 0 0 0 0 0 0 0 0 0 0 0 0 0 0 0 0 0 0 0 0 0 0 0 0 0 0 0 0 0 0 0 0 0 0 0 0 0 0 0 0 0 0 0 0 0 0 0 0 0 0 0 0 0 0 0 0 0 0 0 0 0 0 0 0 0 0 0 0 0 0 0 0 0 0 0 0 0 0 0 0 0 0 0 0 0 0 0 0 0 0 0 0 0 0 0 0 0 0 0 0 0 0 0 0 0 
0 0 0 0 0 0 0 0 0 0 0 0 0 0 0 0 0 0 0 0 0 0 0 0 0 0 0 0 0 0 0 0 0 0 0 0 0 0 0 0 0 0 0 0 0 0 0 0 0 0 0 0 0 0 0 0 0 0 0 0 0 0 0 0 0 0 0 0 0 0 0 0 0 0 0 0 0 0 0 0 0 0 0 0 0 0 0 0 0 0 0 0 0 0 0 0 0 0 0 0 0 0 0 0 0 0 0 0 0 0 0 0 0 0 0 0 0 0 0 0 0 0 0 0 0 0 0 0 0 0 0 0 0 0 0 0 0 0 0 0 0 0 0 0 0 0 0 0 0 0 0 0 0 0 0 0 0 0 0 0 0 0 0 0 0 0 0 0 0 0 0 0 0 0 0 0 0 0 0 0 0 0 0 0 0 0 0 0 0 0 0 0 0 0 0 0 0 0 0 0 0 0 0 0 0 0 0 0 0 0 0 0 0 0 0 157 157 157 157 157 156 156 156 155 155 156 157 157 157 156 157 158 0 0 0 0 0 0 0 0 0 0 0 0 0 0 0 0 0 0 0 0 0 0 0 0 0 0 0 0 0 0 0 0 0 0 0 0 0 0 0 0 0 0 0 0 0 0 0 0 0 0 0 0 0 0 0 0 0 0 0 0 0 0 0 0 0 0 0 0 0 0 0 0 0 0 0 0 0 0 0 0 0 0 0 0 0 0 0 0 0 0 0 0 0 0 0 0 0 0 0 0 0 0 0 0 0 0 0 0 0 0 0 0 0 0 0 0 0 0 0 0 0 0 0 0 0 0 0 0 0 0 0 0 0 0 0 0 0 0 0 0 0 0 0 0 0 0 0 0 0 0 0 0 0 0 0 0 0 0 0 0 0 0 0 0 0 0 0 0 0 0 0 0 0 0 0 0 0 0 0 0 0 0 0 0 0 0 0 0 0 0 0 0 0 0 0 0 0 0 0 0 0 0 0 0 0 0 0 0 0 0 0 0 0 0 0 0 0 0 0 0 0 0 0 0 0 0 0 0 0 0 0 0 0 0 0 0 0 0 0 0 0 0 0 0 0 0 0 0 0 0 0 0 0 0 0 0 0 0 0 0 0 0 0 0 0 0 0 0 0 0 0 
0 0 0 0 0 0 0 0 0 0 0 0 0 0 0 0 0 0 0 0 0 0 0 0 0 0 0 0 0 0 0 0 0 0 0 0 0 0 0 0 0 0 0 0 0 0 0 0 0 0 0 0 0 0 0 0 0 0 0 0 0 0 0 0 0 0 0 0 0 0 0 0 0 0 0 0 0 0 0 0 0 0 0 0 0 0 0 0 0 0 0 0 0 0 0 0 0 0 0 0 0 0 0 0 0 0 0 0 0 0 0 0 0 0 0 0 0 0 0 0 0 0 0 0 0 0 0 0 0 0 0 0 0 0 0 0 0 0 0 0 0 0 0 0 0 0 0 0 0 0 0 0 0 0 0 0 0 0 0 0 0 0 0 0 0 0 0 0 0 0 0 0 0 0 0 0 0 0 0 0 0 0 0 0 0 0 0 0 0 0 0 0 0 0 0 0 0 0 0 0 0 0 0 0 0 0 0 0 0 0 0 0 0 0 0 157 157 157 157 157 157 157 157 157 156 156 156 156 156 156 158 159 0 0 0 0 0 0 0 0 0 0 0 0 0 0 0 0 0 0 0 0 0 0 0 0 0 0 0 0 0 0 0 0 0 0 0 0 0 0 0 0 0 0 0 0 0 0 0 0 0 0 0 0 0 0 0 0 0 0 0 0 0 0 0 0 0 0 0 0 0 0 0 0 0 0 0 0 0 0 0 0 0 0 0 0 0 0 0 0 0 0 0 0 0 0 0 0 0 0 0 0 0 0 0 0 0 0 0 0 0 0 0 0 0 0 0 0 0 0 0 0 0 0 0 0 0 0 0 0 0 0 0 0 0 0 0 0 0 0 0 0 0 0 0 0 0 0 0 0 0 0 0 0 0 0 0 0 0 0 0 0 0 0 0 0 0 0 0 0 0 0 0 0 0 0 0 0 0 0 0 0 0 0 0 0 0 0 0 0 0 0 0 0 0 0 0 0 0 0 0 0 0 0 0 0 0 0 0 0 0 0 0 0 0 0 0 0 0 0 0 0 0 0 0 0 0 0 0 0 0 0 0 0 0 0 0 0 0 0 0 0 0 0 0 0 0 0 0 0 0 0 0 0 0 0 0 0 0 0 0 0 0 0 0 0 0 0 0 0 0 0 0 
0 0 0 0 0 0 0 0 0 0 0 0 0 0 0 0 0 0 0 0 0 0 0 0 0 0 0 0 0 0 0 0 0 0 0 0 0 0 0 0 0 0 0 0 0 0 0 0 0 0 0 0 0 0 0 0 0 0 0 0 0 0 0 0 0 0 0 0 0 0 0 0 0 0 0 0 0 0 0 0 0 0 0 0 0 0 0 0 0 0 0 0 0 0 0 0 0 0 0 0 0 0 0 0 0 0 0 0 0 0 0 0 0 0 0 0 0 0 0 0 0 0 0 0 0 0 0 0 0 0 0 0 0 0 0 0 0 0 0 0 0 0 0 0 0 0 0 0 0 0 0 0 0 0 0 0 0 0 0 0 0 0 0 0 0 0 0 0 0 0 0 0 0 0 0 0 0 0 0 0 0 0 0 0 0 0 0 0 0 0 0 0 0 0 0 0 0 0 0 0 0 0 0 0 0 0 0 0 0 0 0 0 0 0 0 158 157 157 157 157 157 157 157 158 158 157 156 156 157 157 158 158 0 0 0 0 0 0 0 0 0 0 0 0 0 0 0 0 0 0 0 0 0 0 0 0 0 0 0 0 0 0 0 0 0 0 0 0 0 0 0 0 0 0 0 0 0 0 0 0 0 0 0 0 0 0 0 0 0 0 0 0 0 0 0 0 0 0 0 0 0 0 0 0 0 0 0 0 0 0 0 0 0 0 0 0 0 0 0 0 0 0 0 0 0 0 0 0 0 0 0 0 0 0 0 0 0 0 0 0 0 0 0 0 0 0 0 0 0 0 0 0 0 0 0 0 0 0 0 0 0 0 0 0 0 0 0 0 0 0 0 0 0 0 0 0 0 0 0 0 0 0 0 0 0 0 0 0 0 0 0 0 0 0 0 0 0 0 0 0 0 0 0 0 0 0 0 0 0 0 0 0 0 0 0 0 0 0 0 0 0 0 0 0 0 0 0 0 0 0 0 0 0 0 0 0 0 0 0 0 0 0 0 0 0 0 0 0 0 0 0 0 0 0 0 0 0 0 0 0 0 0 0 0 0 0 0 0 0 0 0 0 0 0 0 0 0 0 0 0 0 0 0 0 0 0 0 0 0 0 0 0 0 0 0 0 0 0 0 0 0 0 0 
0 0 0 0 0 0 0 0 0 0 0 0 0 0 0 0 0 0 0 0 0 0 0 0 0 0 0 0 0 0 0 0 0 0 0 0 0 0 0 0 0 0 0 0 0 0 0 0 0 0 0 0 0 0 0 0 0 0 0 0 0 0 0 0 0 0 0 0 0 0 0 0 0 0 0 0 0 0 0 0 0 0 0 0 0 0 0 0 0 0 0 0 0 0 0 0 0 0 0 0 0 0 0 0 0 0 0 0 0 0 0 0 0 0 0 0 0 0 0 0 0 0 0 0 0 0 0 0 0 0 0 0 0 0 0 0 0 0 0 0 0 0 0 0 0 0 0 0 0 0 0 0 0 0 0 0 0 0 0 0 0 0 0 0 0 0 0 0 0 0 0 0 0 0 0 0 0 0 0 0 0 0 0 0 0 0 0 0 0 0 0 0 0 0 0 0 0 0 0 0 0 0 0 0 0 0 0 0 0 0 0 0 0 0 0 0 158 157 156 157 157 157 157 158 158 157 156 156 157 158 158 158 158 0 0 0 0 0 0 0 0 0 0 0 0 0 0 0 0 0 0 0 0 0 0 0 0 0 0 0 0 0 0 0 0 0 0 0 0 0 0 0 0 0 0 0 0 0 0 0 0 0 0 0 0 0 0 0 0 0 0 0 0 0 0 0 0 0 0 0 0 0 0 0 0 0 0 0 0 0 0 0 0 0 0 0 0 0 0 0 0 0 0 0 0 0 0 0 0 0 0 0 0 0 0 0 0 0 0 0 0 0 0 0 0 0 0 0 0 0 0 0 0 0 0 0 0 0 0 0 0 0 0 0 0 0 0 0 0 0 0 0 0 0 0 0 0 0 0 0 0 0 0 0 0 0 0 0 0 0 0 0 0 0 0 0 0 0 0 0 0 0 0 0 0 0 0 0 0 0 0 0 0 0 0 0 0 0 0 0 0 0 0 0 0 0 0 0 0 0 0 0 0 0 0 0 0 0 0 0 0 0 0 0 0 0 0 0 0 0 0 0 0 0 0 0 0 0 0 0 0 0 0 0 0 0 0 0 0 0 0 0 0 0 0 0 0 0 0 0 0 0 0 0 0 0 0 0 0 0 0 0 0 0 0 0 0 0 0 0 0 0 0 
0 0 0 0 0 0 0 0 0 0 0 0 0 0 0 0 0 0 0 0 0 0 0 0 0 0 0 0 0 0 0 0 0 0 0 0 0 0 0 0 0 0 0 0 0 0 0 0 0 0 0 0 0 0 0 0 0 0 0 0 0 0 0 0 0 0 0 0 0 0 0 0 0 0 0 0 0 0 0 0 0 0 0 0 0 0 0 0 0 0 0 0 0 0 0 0 0 0 0 0 0 0 0 0 0 0 0 0 0 0 0 0 0 0 0 0 0 0 0 0 0 0 0 0 0 0 0 0 0 0 0 0 0 0 0 0 0 0 0 0 0 0 0 0 0 0 0 0 0 0 0 0 0 0 0 0 0 0 0 0 0 0 0 0 0 0 0 0 0 0 0 0 0 0 0 0 0 0 0 0 0 0 0 0 0 0 0 0 0 0 0 0 0 0 0 0 0 0 0 0 0 0 0 0 0 0 0 0 0 0 0 0 0 0 0 0 0 157 157 156 157 157 157 157 158 158 157 156 157 157 156 157 158 0 0 0 0 0 0 0 0 0 0 0 0 0 0 0 0 0 0 0 0 0 0 0 0 0 0 0 0 0 0 0 0 0 0 0 0 0 0 0 0 0 0 0 0 0 0 0 0 0 0 0 0 0 0 0 0 0 0 0 0 0 0 0 0 0 0 0 0 0 0 0 0 0 0 0 0 0 0 0 0 0 0 0 0 0 0 0 0 0 0 0 0 0 0 0 0 0 0 0 0 0 0 0 0 0 0 0 0 0 0 0 0 0 0 0 0 0 0 0 0 0 0 0 0 0 0 0 0 0 0 0 0 0 0 0 0 0 0 0 0 0 0 0 0 0 0 0 0 0 0 0 0 0 0 0 0 0 0 0 0 0 0 0 0 0 0 0 0 0 0 0 0 0 0 0 0 0 0 0 0 0 0 0 0 0 0 0 0 0 0 0 0 0 0 0 0 0 0 0 0 0 0 0 0 0 0 0 0 0 0 0 0 0 0 0 0 0 0 0 0 0 0 0 0 0 0 0 0 0 0 0 0 0 0 0 0 0 0 0 0 0 0 0 0 0 0 0 0 0 0 0 0 0 0 0 0 0 0 0 0 0 0 0 0 0 0 0 0 0 0 
0 0 0 0 0 0 0 0 0 0 0 0 0 0 0 0 0 0 0 0 0 0 0 0 0 0 0 0 0 0 0 0 0 0 0 0 0 0 0 0 0 0 0 0 0 0 0 0 0 0 0 0 0 0 0 0 0 0 0 0 0 0 0 0 0 0 0 0 0 0 0 0 0 0 0 0 0 0 0 0 0 0 0 0 0 0 0 0 0 0 0 0 0 0 0 0 0 0 0 0 0 0 0 0 0 0 0 0 0 0 0 0 0 0 0 0 0 0 0 0 0 0 0 0 0 0 0 0 0 0 0 0 0 0 0 0 0 0 0 0 0 0 0 0 0 0 0 0 0 0 0 0 0 0 0 0 0 0 0 0 0 0 0 0 0 0 0 0 0 0 0 0 0 0 0 0 0 0 0 0 0 0 0 0 0 0 0 0 0 0 0 0 0 0 0 0 0 0 0 0 0 0 0 0 0 0 0 0 0 0 0 0 0 0 0 0 0 158 157 156 157 157 158 158 159 158 157 156 157 157 157 157 157 159 0 0 0 0 0 0 0 0 0 0 0 0 0 0 0 0 0 0 0 0 0 0 0 0 0 0 0 0 0 0 0 0 0 0 0 0 0 0 0 0 0 0 0 0 0 0 0 0 0 0 0 0 0 0 0 0 0 0 0 0 0 0 0 0 0 0 0 0 0 0 0 0 0 0 0 0 0 0 0 0 0 0 0 0 0 0 0 0 0 0 0 0 0 0 0 0 0 0 0 0 0 0 0 0 0 0 0 0 0 0 0 0 0 0 0 0 0 0 0 0 0 0 0 0 0 0 0 0 0 0 0 0 0 0 0 0 0 0 0 0 0 0 0 0 0 0 0 0 0 0 0 0 0 0 0 0 0 0 0 0 0 0 0 0 0 0 0 0 0 0 0 0 0 0 0 0 0 0 0 0 0 0 0 0 0 0 0 0 0 0 0 0 0 0 0 0 0 0 0 0 0 0 0 0 0 0 0 0 0 0 0 0 0 0 0 0 0 0 0 0 0 0 0 0 0 0 0 0 0 0 0 0 0 0 0 0 0 0 0 0 0 0 0 0 0 0 0 0 0 0 0 0 0 0 0 0 0 0 0 0 0 0 0 0 0 0 0 0 0 
0 0 0 0 0 0 0 0 0 0 0 0 0 0 0 0 0 0 0 0 0 0 0 0 0 0 0 0 0 0 0 0 0 0 0 0 0 0 0 0 0 0 0 0 0 0 0 0 0 0 0 0 0 0 0 0 0 0 0 0 0 0 0 0 0 0 0 0 0 0 0 0 0 0 0 0 0 0 0 0 0 0 0 0 0 0 0 0 0 0 0 0 0 0 0 0 0 0 0 0 0 0 0 0 0 0 0 0 0 0 0 0 0 0 0 0 0 0 0 0 0 0 0 0 0 0 0 0 0 0 0 0 0 0 0 0 0 0 0 0 0 0 0 0 0 0 0 0 0 0 0 0 0 0 0 0 0 0 0 0 0 0 0 0 0 0 0 0 0 0 0 0 0 0 0 0 0 0 0 0 0 0 0 0 0 0 0 0 0 0 0 0 0 0 0 0 0 0 0 0 0 0 0 0 0 0 0 0 0 0 0 0 0 0 0 0 0 158 157 157 156 157 157 158 158 158 158 157 157 158 158 158 158 159 0 0 0 0 0 0 0 0 0 0 0 0 0 0 0 0 0 0 0 0 0 0 0 0 0 0 0 0 0 0 0 0 0 0 0 0 0 0 0 0 0 0 0 0 0 0 0 0 0 0 0 0 0 0 0 0 0 0 0 0 0 0 0 0 0 0 0 0 0 0 0 0 0 0 0 0 0 0 0 0 0 0 0 0 0 0 0 0 0 0 0 0 0 0 0 0 0 0 0 0 0 0 0 0 0 0 0 0 0 0 0 0 0 0 0 0 0 0 0 0 0 0 0 0 0 0 0 0 0 0 0 0 0 0 0 0 0 0 0 0 0 0 0 0 0 0 0 0 0 0 0 0 0 0 0 0 0 0 0 0 0 0 0 0 0 0 0 0 0 0 0 0 0 0 0 0 0 0 0 0 0 0 0 0 0 0 0 0 0 0 0 0 0 0 0 0 0 0 0 0 0 0 0 0 0 0 0 0 0 0 0 0 0 0 0 0 0 0 0 0 0 0 0 0 0 0 0 0 0 0 0 0 0 0 0 0 0 0 0 0 0 0 0 0 0 0 0 0 0 0 0 0 0 0 0 0 0 0 0 0 0 0 0 0 0 0 0 0 0 
0 0 0 0 0 0 0 0 0 0 0 0 0 0 0 0 0 0 0 0 0 0 0 0 0 0 0 0 0 0 0 0 0 0 0 0 0 0 0 0 0 0 0 0 0 0 0 0 0 0 0 0 0 0 0 0 0 0 0 0 0 0 0 0 0 0 0 0 0 0 0 0 0 0 0 0 0 0 0 0 0 0 0 0 0 0 0 0 0 0 0 0 0 0 0 0 0 0 0 0 0 0 0 0 0 0 0 0 0 0 0 0 0 0 0 0 0 0 0 0 0 0 0 0 0 0 0 0 0 0 0 0 0 0 0 0 0 0 0 0 0 0 0 0 0 0 0 0 0 0 0 0 0 0 0 0 0 0 0 0 0 0 0 0 0 0 0 0 0 0 0 0 0 0 0 0 0 0 0 0 0 0 0 0 0 0 0 0 0 0 0 0 0 0 0 0 0 0 0 0 0 0 0 0 0 0 0 0 0 0 0 0 0 0 0 0 0 158 157 157 156 156 156 157 157 157 158 158 157 157 157 158 159 0 0 0 0 0 0 0 0 0 0 0 0 0 0 0 0 0 0 0 0 0 0 0 0 0 0 0 0 0 0 0 0 0 0 0 0 0 0 0 0 0 0 0 0 0 0 0 0 0 0 0 0 0 0 0 0 0 0 0 0 0 0 0 0 0 0 0 0 0 0 0 0 0 0 0 0 0 0 0 0 0 0 0 0 0 0 0 0 0 0 0 0 0 0 0 0 0 0 0 0 0 0 0 0 0 0 0 0 0 0 0 0 0 0 0 0 0 0 0 0 0 0 0 0 0 0 0 0 0 0 0 0 0 0 0 0 0 0 0 0 0 0 0 0 0 0 0 0 0 0 0 0 0 0 0 0 0 0 0 0 0 0 0 0 0 0 0 0 0 0 0 0 0 0 0 0 0 0 0 0 0 0 0 0 0 0 0 0 0 0 0 0 0 0 0 0 0 0 0 0 0 0 0 0 0 0 0 0 0 0 0 0 0 0 0 0 0 0 0 0 0 0 0 0 0 0 0 0 0 0 0 0 0 0 0 0 0 0 0 0 0 0 0 0 0 0 0 0 0 0 0 0 0 0 0 0 0 0 0 0 0 0 0 0 0 0 0 0 0 0 
0 0 0 0 0 0 0 0 0 0 0 0 0 0 0 0 0 0 0 0 0 0 0 0 0 0 0 0 0 0 0 0 0 0 0 0 0 0 0 0 0 0 0 0 0 0 0 0 0 0 0 0 0 0 0 0 0 0 0 0 0 0 0 0 0 0 0 0 0 0 0 0 0 0 0 0 0 0 0 0 0 0 0 0 0 0 0 0 0 0 0 0 0 0 0 0 0 0 0 0 0 0 0 0 0 0 0 0 0 0 0 0 0 0 0 0 0 0 0 0 0 0 0 0 0 0 0 0 0 0 0 0 0 0 0 0 0 0 0 0 0 0 0 0 0 0 0 0 0 0 0 0 0 0 0 0 0 0 0 0 0 0 0 0 0 0 0 0 0 0 0 0 0 0 0 0 0 0 0 0 0 0 0 0 0 0 0 0 0 0 0 0 0 0 0 0 0 0 0 0 0 0 0 0 0 0 0 0 0 0 0 0 0 0 0 0 159 158 157 157 157 156 157 157 157 157 158 159 158 157 158 158 158 0 0 0 0 0 0 0 0 0 0 0 0 0 0 0 0 0 0 0 0 0 0 0 0 0 0 0 0 0 0 0 0 0 0 0 0 0 0 0 0 0 0 0 0 0 0 0 0 0 0 0 0 0 0 0 0 0 0 0 0 0 0 0 0 0 0 0 0 0 0 0 0 0 0 0 0 0 0 0 0 0 0 0 0 0 0 0 0 0 0 0 0 0 0 0 0 0 0 0 0 0 0 0 0 0 0 0 0 0 0 0 0 0 0 0 0 0 0 0 0 0 0 0 0 0 0 0 0 0 0 0 0 0 0 0 0 0 0 0 0 0 0 0 0 0 0 0 0 0 0 0 0 0 0 0 0 0 0 0 0 0 0 0 0 0 0 0 0 0 0 0 0 0 0 0 0 0 0 0 0 0 0 0 0 0 0 0 0 0 0 0 0 0 0 0 0 0 0 0 0 0 0 0 0 0 0 0 0 0 0 0 0 0 0 0 0 0 0 0 0 0 0 0 0 0 0 0 0 0 0 0 0 0 0 0 0 0 0 0 0 0 0 0 0 0 0 0 0 0 0 0 0 0 0 0 0 0 0 0 0 0 0 0 0 0 0 0 0 0 0 
0 0 0 0 0 0 0 0 0 0 0 0 0 0 0 0 0 0 0 0 0 0 0 0 0 0 0 0 0 0 0 0 0 0 0 0 0 0 0 0 0 0 0 0 0 0 0 0 0 0 0 0 0 0 0 0 0 0 0 0 0 0 0 0 0 0 0 0 0 0 0 0 0 0 0 0 0 0 0 0 0 0 0 0 0 0 0 0 0 0 0 0 0 0 0 0 0 0 0 0 0 0 0 0 0 0 0 0 0 0 0 0 0 0 0 0 0 0 0 0 0 0 0 0 0 0 0 0 0 0 0 0 0 0 0 0 0 0 0 0 0 0 0 0 0 0 0 0 0 0 0 0 0 0 0 0 0 0 0 0 0 0 0 0 0 0 0 0 0 0 0 0 0 0 0 0 0 0 0 0 0 0 0 0 0 0 0 0 0 0 0 0 0 0 0 0 0 0 0 0 0 0 0 0 0 0 0 0 0 0 0 0 0 0 0 159 159 159 158 157 157 157 158 158 158 157 157 158 159 158 158 158 158 158 0 0 0 0 0 0 0 0 0 0 0 0 0 0 0 0 0 0 0 0 0 0 0 0 0 0 0 0 0 0 0 0 0 0 0 0 0 0 0 0 0 0 0 0 0 0 0 0 0 0 0 0 0 0 0 0 0 0 0 0 0 0 0 0 0 0 0 0 0 0 0 0 0 0 0 0 0 0 0 0 0 0 0 0 0 0 0 0 0 0 0 0 0 0 0 0 0 0 0 0 0 0 0 0 0 0 0 0 0 0 0 0 0 0 0 0 0 0 0 0 0 0 0 0 0 0 0 0 0 0 0 0 0 0 0 0 0 0 0 0 0 0 0 0 0 0 0 0 0 0 0 0 0 0 0 0 0 0 0 0 0 0 0 0 0 0 0 0 0 0 0 0 0 0 0 0 0 0 0 0 0 0 0 0 0 0 0 0 0 0 0 0 0 0 0 0 0 0 0 0 0 0 0 0 0 0 0 0 0 0 0 0 0 0 0 0 0 0 0 0 0 0 0 0 0 0 0 0 0 0 0 0 0 0 0 0 0 0 0 0 0 0 0 0 0 0 0 0 0 0 0 0 0 0 0 0 0 0 0 0 0 0 0 0 0 0 0 0 0 
0 0 0 0 0 0 0 0 0 0 0 0 0 0 0 0 0 0 0 0 0 0 0 0 0 0 0 0 0 0 0 0 0 0 0 0 0 0 0 0 0 0 0 0 0 0 0 0 0 0 0 0 0 0 0 0 0 0 0 0 0 0 0 0 0 0 0 0 0 0 0 0 0 0 0 0 0 0 0 0 0 0 0 0 0 0 0 0 0 0 0 0 0 0 0 0 0 0 0 0 0 0 0 0 0 0 0 0 0 0 0 0 0 0 0 0 0 0 0 0 0 0 0 0 0 0 0 0 0 0 0 0 0 0 0 0 0 0 0 0 0 0 0 0 0 0 0 0 0 0 0 0 0 0 0 0 0 0 0 0 0 0 0 0 0 0 0 0 0 0 0 0 0 0 0 0 0 0 0 0 0 0 0 0 0 0 0 0 0 0 0 0 0 0 0 0 0 0 0 0 0 0 0 0 0 0 0 0 0 0 0 0 0 159 159 159 159 159 159 158 158 158 158 158 159 158 157 158 159 158 158 158 158 158 159 0 0 0 0 0 0 0 0 0 0 0 0 0 0 0 0 0 0 0 0 0 0 0 0 0 0 0 0 0 0 0 0 0 0 0 0 0 0 0 0 0 0 0 0 0 0 0 0 0 0 0 0 0 0 0 0 0 0 0 0 0 0 0 0 0 0 0 0 0 0 0 0 0 0 0 0 0 0 0 0 0 0 0 0 0 0 0 0 0 0 0 0 0 0 0 0 0 0 0 0 0 0 0 0 0 0 0 0 0 0 0 0 0 0 0 0 0 0 0 0 0 0 0 0 0 0 0 0 0 0 0 0 0 0 0 0 0 0 0 0 0 0 0 0 0 0 0 0 0 0 0 0 0 0 0 0 0 0 0 0 0 0 0 0 0 0 0 0 0 0 0 0 0 0 0 0 0 0 0 0 0 0 0 0 0 0 0 0 0 0 0 0 0 0 0 0 0 0 0 0 0 0 0 0 0 0 0 0 0 0 0 0 0 0 0 0 0 0 0 0 0 0 0 0 0 0 0 0 0 0 0 0 0 0 0 0 0 0 0 0 0 0 0 0 0 0 0 0 0 0 0 0 0 0 0 0 0 0 0 0 0 0 0 0 0 0 0 0 
0 0 0 0 0 0 0 0 0 0 0 0 0 0 0 0 0 0 0 0 0 0 0 0 0 0 0 0 0 0 0 0 0 0 0 0 0 0 0 0 0 0 0 0 0 0 0 0 0 0 0 0 0 0 0 0 0 0 0 0 0 0 0 0 0 0 0 0 0 0 0 0 0 0 0 0 0 0 0 0 0 0 0 0 0 0 0 0 0 0 0 0 0 0 0 0 0 0 0 0 0 0 0 0 0 0 0 0 0 0 0 0 0 0 0 0 0 0 0 0 0 0 0 0 0 0 0 0 0 0 0 0 0 0 0 0 0 0 0 0 0 0 0 0 0 0 0 0 0 0 0 0 0 0 0 0 0 0 0 0 0 0 0 0 0 0 0 0 0 0 0 0 0 0 0 0 0 0 0 0 0 0 0 0 0 0 0 0 0 0 0 0 0 0 0 0 0 0 0 0 0 0 0 0 0 0 0 0 0 0 0 160 159 159 159 160 160 159 159 159 159 159 158 159 159 159 158 158 158 158 158 158 158 159 0 0 0 0 0 0 0 0 0 0 0 0 0 0 0 0 0 0 0 0 0 0 0 0 0 0 0 0 0 0 0 0 0 0 0 0 0 0 0 0 0 0 0 0 0 0 0 0 0 0 0 0 0 0 0 0 0 0 0 0 0 0 0 0 0 0 0 0 0 0 0 0 0 0 0 0 0 0 0 0 0 0 0 0 0 0 0 0 0 0 0 0 0 0 0 0 0 0 0 0 0 0 0 0 0 0 0 0 0 0 0 0 0 0 0 0 0 0 0 0 0 0 0 0 0 0 0 0 0 0 0 0 0 0 0 0 0 0 0 0 0 0 0 0 0 0 0 0 0 0 0 0 0 0 0 0 0 0 0 0 0 0 0 0 0 0 0 0 0 0 0 0 0 0 0 0 0 0 0 0 0 0 0 0 0 0 0 0 0 0 0 0 0 0 0 0 0 0 0 0 0 0 0 0 0 0 0 0 0 0 0 0 0 0 0 0 0 0 0 0 0 0 0 0 0 0 0 0 0 0 0 0 0 0 0 0 0 0 0 0 0 0 0 0 0 0 0 0 0 0 0 0 0 0 0 0 0 0 0 0 0 0 0 0 0 0 0 0 0 
0 0 0 0 0 0 0 0 0 0 0 0 0 0 0 0 0 0 0 0 0 0 0 0 0 0 0 0 0 0 0 0 0 0 0 0 0 0 0 0 0 0 0 0 0 0 0 0 0 0 0 0 0 0 0 0 0 0 0 0 0 0 0 0 0 0 0 0 0 0 0 0 0 0 0 0 0 0 0 0 0 0 0 0 0 0 0 0 0 0 0 0 0 0 0 0 0 0 0 0 0 0 0 0 0 0 0 0 0 0 0 0 0 0 0 0 0 0 0 0 0 0 0 0 0 0 0 0 0 0 0 0 0 0 0 0 0 0 0 0 0 0 0 0 0 0 0 0 0 0 0 0 0 0 0 0 0 0 0 0 0 0 0 0 0 0 0 0 0 0 0 0 0 0 0 0 0 0 0 0 0 0 0 0 0 0 0 0 0 0 0 0 0 0 0 0 0 0 0 0 0 0 0 0 0 0 0 0 0 0 0 0 159 159 159 159 159 158 158 158 159 159 159 159 159 159 158 158 158 158 158 158 157 0 0 0 0 0 0 0 0 0 0 0 0 0 0 0 0 0 0 0 0 0 0 0 0 0 0 0 0 0 0 0 0 0 0 0 0 0 0 0 0 0 0 0 0 0 0 0 0 0 0 0 0 0 0 0 0 0 0 0 0 0 0 0 0 0 0 0 0 0 0 0 0 0 0 0 0 0 0 0 0 0 0 0 0 0 0 0 0 0 0 0 0 0 0 0 0 0 0 0 0 0 0 0 0 0 0 0 0 0 0 0 0 0 0 0 0 0 0 0 0 0 0 0 0 0 0 0 0 0 0 0 0 0 0 0 0 0 0 0 0 0 0 0 0 0 0 0 0 0 0 0 0 0 0 0 0 0 0 0 0 0 0 0 0 0 0 0 0 0 0 0 0 0 0 0 0 0 0 0 0 0 0 0 0 0 0 0 0 0 0 0 0 0 0 0 0 0 0 0 0 0 0 0 0 0 0 0 0 0 0 0 0 0 0 0 0 0 0 0 0 0 0 0 0 0 0 0 0 0 0 0 0 0 0 0 0 0 0 0 0 0 0 0 0 0 0 0 0 0 0 0 0 0 0 0 0 0 0 0 0 0 0 0 0 0 0 0 0 0 0 
0 0 0 0 0 0 0 0 0 0 0 0 0 0 0 0 0 0 0 0 0 0 0 0 0 0 0 0 0 0 0 0 0 0 0 0 0 0 0 0 0 0 0 0 0 0 0 0 0 0 0 0 0 0 0 0 0 0 0 0 0 0 0 0 0 0 0 0 0 0 0 0 0 0 0 0 0 0 0 0 0 0 0 0 0 0 0 0 0 0 0 0 0 0 0 0 0 0 0 0 0 0 0 0 0 0 0 0 0 0 0 0 0 0 0 0 0 0 0 0 0 0 0 0 0 0 0 0 0 0 0 0 0 0 0 0 0 0 0 0 0 0 0 0 0 0 0 0 0 0 0 0 0 0 0 0 0 0 0 0 0 0 0 0 0 0 0 0 0 0 0 0 0 0 0 0 0 0 0 0 0 0 0 0 0 0 0 0 0 0 0 0 0 0 0 0 0 0 0 0 0 0 0 0 0 0 0 0 0 0 0 0 159 159 159 158 158 159 159 159 158 159 158 158 158 159 158 158 158 158 158 158 0 0 0 0 0 0 0 0 0 0 0 0 0 0 0 0 0 0 0 0 0 0 0 0 0 0 0 0 0 0 0 0 0 0 0 0 0 0 0 0 0 0 0 0 0 0 0 0 0 0 0 0 0 0 0 0 0 0 0 0 0 0 0 0 0 0 0 0 0 0 0 0 0 0 0 0 0 0 0 0 0 0 0 0 0 0 0 0 0 0 0 0 0 0 0 0 0 0 0 0 0 0 0 0 0 0 0 0 0 0 0 0 0 0 0 0 0 0 0 0 0 0 0 0 0 0 0 0 0 0 0 0 0 0 0 0 0 0 0 0 0 0 0 0 0 0 0 0 0 0 0 0 0 0 0 0 0 0 0 0 0 0 0 0 0 0 0 0 0 0 0 0 0 0 0 0 0 0 0 0 0 0 0 0 0 0 0 0 0 0 0 0 0 0 0 0 0 0 0 0 0 0 0 0 0 0 0 0 0 0 0 0 0 0 0 0 0 0 0 0 0 0 0 0 0 0 0 0 0 0 0 0 0 0 0 0 0 0 0 0 0 0 0 0 0 0 0 0 0 0 0 0 0 0 0 0 0 0 0 0 0 0 0 0 0 0 0 0 0 0 0 
0 0 0 0 0 0 0 0 0 0 0 0 0 0 0 0 0 0 0 0 0 0 0 0 0 0 0 0 0 0 0 0 0 0 0 0 0 0 0 0 0 0 0 0 0 0 0 0 0 0 0 0 0 0 0 0 0 0 0 0 0 0 0 0 0 0 0 0 0 0 0 0 0 0 0 0 0 0 0 0 0 0 0 0 0 0 0 0 0 0 0 0 0 0 0 0 0 0 0 0 0 0 0 0 0 0 0 0 0 0 0 0 0 0 0 0 0 0 0 0 0 0 0 0 0 0 0 0 0 0 0 0 0 0 0 0 0 0 0 0 0 0 0 0 0 0 0 0 0 0 0 0 0 0 0 0 0 0 0 0 0 0 0 0 0 0 0 0 0 0 0 0 0 0 0 0 0 0 0 0 0 0 0 0 0 0 0 0 0 0 0 0 0 0 0 0 0 0 0 0 0 0 0 0 0 0 0 0 0 0 0 0 0 159 159 159 159 159 159 159 158 158 158 157 157 157 158 158 158 158 158 0 0 0 0 0 0 0 0 0 0 0 0 0 0 0 0 0 0 0 0 0 0 0 0 0 0 0 0 0 0 0 0 0 0 0 0 0 0 0 0 0 0 0 0 0 0 0 0 0 0 0 0 0 0 0 0 0 0 0 0 0 0 0 0 0 0 0 0 0 0 0 0 0 0 0 0 0 0 0 0 0 0 0 0 0 0 0 0 0 0 0 0 0 0 0 0 0 0 0 0 0 0 0 0 0 0 0 0 0 0 0 0 0 0 0 0 0 0 0 0 0 0 0 0 0 0 0 0 0 0 0 0 0 0 0 0 0 0 0 0 0 0 0 0 0 0 0 0 0 0 0 0 0 0 0 0 0 0 0 0 0 0 0 0 0 0 0 0 0 0 0 0 0 0 0 0 0 0 0 0 0 0 0 0 0 0 0 0 0 0 0 0 0 0 0 0 0 0 0 0 0 0 0 0 0 0 0 0 0 0 0 0 0 0 0 0 0 0 0 0 0 0 0 0 0 0 0 0 0 0 0 0 0 0 0 0 0 0 0 0 0 0 0 0 0 0 0 0 0 0 0 0 0 0 0 0 0 0 0 0 0 0 0 0 0 0 0 0 0 0 0 0 
0 0 0 0 0 0 0 0 0 0 0 0 0 0 0 0 0 0 0 0 0 0 0 0 0 0 0 0 0 0 0 0 0 0 0 0 0 0 0 0 0 0 0 0 0 0 0 0 0 0 0 0 0 0 0 0 0 0 0 0 0 0 0 0 0 0 0 0 0 0 0 0 0 0 0 0 0 0 0 0 0 0 0 0 0 0 0 0 0 0 0 0 0 0 0 0 0 0 0 0 0 0 0 0 0 0 0 0 0 0 0 0 0 0 0 0 0 0 0 0 0 0 0 0 0 0 0 0 0 0 0 0 0 0 0 0 0 0 0 0 0 0 0 0 0 0 0 0 0 0 0 0 0 0 0 0 0 0 0 0 0 0 0 0 0 0 0 0 0 0 0 0 0 0 0 0 0 0 0 0 0 0 0 0 0 0 0 0 0 0 0 0 0 0 0 0 0 0 0 0 0 0 0 0 0 0 0 0 0 0 0 0 0 160 160 159 159 159 159 158 158 158 158 158 158 158 158 158 158 159 0 0 0 0 0 0 0 0 0 0 0 0 0 0 0 0 0 0 0 0 0 0 0 0 0 0 0 0 0 0 0 0 0 0 0 0 0 0 0 0 0 0 0 0 0 0 0 0 0 0 0 0 0 0 0 0 0 0 0 0 0 0 0 0 0 0 0 0 0 0 0 0 0 0 0 0 0 0 0 0 0 0 0 0 0 0 0 0 0 0 0 0 0 0 0 0 0 0 0 0 0 0 0 0 0 0 0 0 0 0 0 0 0 0 0 0 0 0 0 0 0 0 0 0 0 0 0 0 0 0 0 0 0 0 0 0 0 0 0 0 0 0 0 0 0 0 0 0 0 0 0 0 0 0 0 0 0 0 0 0 0 0 0 0 0 0 0 0 0 0 0 0 0 0 0 0 0 0 0 0 0 0 0 0 0 0 0 0 0 0 0 0 0 0 0 0 0 0 0 0 0 0 0 0 0 0 0 0 0 0 0 0 0 0 0 0 0 0 0 0 0 0 0 0 0 0 0 0 0 0 0 0 0 0 0 0 0 0 0 0 0 0 0 0 0 0 0 0 0 0 0 0 0 0 0 0 0 0 0 0 0 0 0 0 0 0 0 0 0 0 0 0 0 
0 0 0 0 0 0 0 0 0 0 0 0 0 0 0 0 0 0 0 0 0 0 0 0 0 0 0 0 0 0 0 0 0 0 0 0 0 0 0 0 0 0 0 0 0 0 0 0 0 0 0 0 0 0 0 0 0 0 0 0 0 0 0 0 0 0 0 0 0 0 0 0 0 0 0 0 0 0 0 0 0 0 0 0 0 0 0 0 0 0 0 0 0 0 0 0 0 0 0 0 0 0 0 0 0 0 0 0 0 0 0 0 0 0 0 0 0 0 0 0 0 0 0 0 0 0 0 0 0 0 0 0 0 0 0 0 0 0 0 0 0 0 0 0 0 0 0 0 0 0 0 0 0 0 0 0 0 0 0 0 0 0 0 0 0 0 0 0 0 0 0 0 0 0 0 0 0 0 0 0 0 0 0 0 0 0 0 0 0 0 0 0 0 0 0 0 0 0 0 0 0 0 0 0 0 0 0 0 0 0 0 0 0 0 159 158 159 159 158 0 0 158 158 158 158 158 158 158 0 0 0 0 0 0 0 0 0 0 0 0 0 0 0 0 0 0 0 0 0 0 0 0 0 0 0 0 0 0 0 0 0 0 0 0 0 0 0 0 0 0 0 0 0 0 0 0 0 0 0 0 0 0 0 0 0 0 0 0 0 0 0 0 0 0 0 0 0 0 0 0 0 0 0 0 0 0 0 0 0 0 0 0 0 0 0 0 0 0 0 0 0 0 0 0 0 0 0 0 0 0 0 0 0 0 0 0 0 0 0 0 0 0 0 0 0 0 0 0 0 0 0 0 0 0 0 0 0 0 0 0 0 0 0 0 0 0 0 0 0 0 0 0 0 0 0 0 0 0 0 0 0 0 0 0 0 0 0 0 0 0 0 0 0 0 0 0 0 0 0 0 0 0 0 0 0 0 0 0 0 0 0 0 0 0 0 0 0 0 0 0 0 0 0 0 0 0 0 0 0 0 0 0 0 0 0 0 0 0 0 0 0 0 0 0 0 0 0 0 0 0 0 0 0 0 0 0 0 0 0 0 0 0 0 0 0 0 0 0 0 0 0 0 0 0 0 0 0 0 0 0 0 0 0 0 0 0 0 0 0 0 0 0 0 0 0 0 0 0 0 0 0 0 0 
0 0 0 0 0 0 0 0 0 0 0 0 0 0 0 0 0 0 0 0 0 0 0 0 0 0 0 0 0 0 0 0 0 0 0 0 0 0 0 0 0 0 0 0 0 0 0 0 0 0 0 0 0 0 0 0 0 0 0 0 0 0 0 0 0 0 0 0 0 0 0 0 0 0 0 0 0 0 0 0 0 0 0 0 0 0 0 0 0 0 0 0 0 0 0 0 0 0 0 0 0 0 0 0 0 0 0 0 0 0 0 0 0 0 0 0 0 0 0 0 0 0 0 0 0 0 0 0 0 0 0 0 0 0 0 0 0 0 0 0 0 0 0 0 0 0 0 0 0 0 0 0 0 0 0 0 0 0 0 0 0 0 0 0 0 0 0 0 0 0 0 0 0 0 0 0 0 0 0 0 0 0 0 0 0 0 0 0 0 0 0 0 0 0 0 0 0 0 0 0 0 0 0 0 0 0 0 0 0 0 0 0 0 0 0 158 158 158 0 0 0 0 158 158 158 158 0 0 0 0 0 0 0 0 0 0 0 0 0 0 0 0 0 0 0 0 0 0 0 0 0 0 0 0 0 0 0 0 0 0 0 0 0 0 0 0 0 0 0 0 0 0 0 0 0 0 0 0 0 0 0 0 0 0 0 0 0 0 0 0 0 0 0 0 0 0 0 0 0 0 0 0 0 0 0 0 0 0 0 0 0 0 0 0 0 0 0 0 0 0 0 0 0 0 0 0 0 0 0 0 0 0 0 0 0 0 0 0 0 0 0 0 0 0 0 0 0 0 0 0 0 0 0 0 0 0 0 0 0 0 0 0 0 0 0 0 0 0 0 0 0 0 0 0 0 0 0 0 0 0 0 0 0 0 0 0 0 0 0 0 0 0 0 0 0 0 0 0 0 0 0 0 0 0 0 0 0 0 0 0 0 0 0 0 0 0 0 0 0 0 0 0 0 0 0 0 0 0 0 0 0 0 0 0 0 0 0 0 0 0 0 0 0 0 0 0 0 0 0 0 0 0 0 0 0 0 0 0 0 0 0 0 0 0 0 0 0 0 0 0 0 0 0 0 0 0 0 0 0 0 0 0 0 0 0 0 0 0 0 0 0 0 0 0 0 0 0 0 0 0 0 0 0 
